   9.99999978E-03   1.10321208E-09
   1.99999996E-02   2.20642038E-09
   2.99999993E-02   3.30971872E-09
   3.99999991E-02   4.41309567E-09
   4.99999970E-02   5.51647661E-09
   5.99999987E-02   6.62007693E-09
   7.00000003E-02   7.72388908E-09
   7.99999982E-02   8.82780782E-09
   8.99999961E-02   9.93198945E-09
   9.99999940E-02  -1.50930912E-08
  0.109999999       3.80465224E-08
  0.119999997      -2.55945096E-08
  0.129999995       6.63905952E-09
  0.140000001       6.51288179E-09
  0.149999991      -4.12918055E-09
  0.159999996      -3.95435826E-08
  0.170000002       4.62816852E-09
  0.179999992       1.84183815E-08
  0.189999998       9.46715950E-09
  0.199999988       3.41927420E-09
  0.209999993      -5.63902702E-08
  0.219999999      -9.04460773E-09
  0.229999989       6.65121513E-09
  0.239999995       8.00876254E-09
  0.250000000      -4.18842427E-09
  0.259999990       2.11571525E-08
  0.269999981      -1.50068207E-08
  0.280000001       1.18668346E-08
  0.289999992      -6.15724405E-09
  0.299999982      -1.73553012E-08
  0.310000002       2.35486493E-08
  0.319999993      -1.71413674E-08
  0.329999983       2.22395471E-08
  0.340000004       2.71436562E-09
  0.349999994       2.30205810E-09
  0.359999985      -3.20791855E-08
  0.370000005       1.04586571E-08
  0.379999995       7.76824916E-09
  0.389999986      -1.89652916E-09
  0.399999976      -3.91144432E-08
  0.409999996       2.76997003E-08
  0.419999987       5.65281821E-09
  0.429999977       6.08344397E-09
  0.439999998       1.03850439E-08
  0.449999988      -1.27094779E-08
  0.459999979       1.40263481E-08
  0.469999999      -1.44124819E-08
  0.479999989      -4.35575949E-08
  0.489999980       9.40082412E-09
  0.500000000      -2.70818923E-09
  0.509999990      -2.11210498E-08
  0.519999981      -4.44389592E-09
  0.529999971      -9.23536714E-09
  0.539999962       2.73160747E-08
  0.550000012       4.16912904E-09
  0.560000002      -2.48924259E-09
  0.569999993       4.31042491E-09
  0.579999983      -3.35983685E-09
  0.589999974      -3.25454792E-08
  0.599999964       1.63755089E-08
  0.610000014      -5.70053658E-08
  0.620000005      -7.18504989E-09
  0.629999995       5.20160093E-09
  0.639999986      -3.94716189E-08
  0.649999976      -2.56216239E-08
  0.659999967      -2.03188719E-08
  0.669999957      -2.51531702E-08
  0.680000007      -1.57440017E-09
  0.689999998       5.77264014E-09
  0.699999988      -1.49154005E-08
  0.709999979      -9.15577480E-09
  0.719999969       5.78922510E-09
  0.729999959       1.31061961E-08
  0.740000010       1.00152890E-08
  0.750000000       5.52496271E-09
  0.759999990      -2.28137651E-08
  0.769999981      -3.09942649E-09
  0.779999971      -1.38490739E-08
  0.789999962      -7.41260653E-09
  0.799999952       2.58413433E-08
  0.810000002      -6.21207796E-09
  0.819999993       7.24972438E-09
  0.829999983      -2.59784940E-08
  0.839999974       1.75400103E-08
  0.849999964       3.38218253E-09
  0.859999955      -1.50672772E-08
  0.870000005      -4.50555291E-08
  0.879999995       5.24496002E-10
  0.889999986      -5.16132914E-09
  0.899999976      -3.90437265E-08
  0.909999967      -8.18419732E-09
  0.919999957       1.71618133E-08
  0.930000007      -3.16418785E-08
  0.939999998       7.98704392E-09
  0.949999988       2.40222917E-08
  0.959999979      -1.48384522E-08
  0.969999969       1.28459803E-08
  0.979999959      -3.36143202E-09
  0.989999950       1.60646252E-09
   1.00000000       7.21434390E-07
   1.00999999       3.24063694E-06
   1.01999998       3.23456698E-06
   1.02999997       3.40427164E-06
   1.03999996       3.49430366E-06
   1.04999995       3.49781294E-06
   1.05999994       3.61271782E-06
   1.06999993       3.49386482E-06
   1.07999992       3.70950647E-06
   1.09000003       3.69622740E-06
   1.10000002       3.74503065E-06
   1.11000001       3.81410041E-06
   1.12000000       3.87605951E-06
   1.13000000       3.88152603E-06
   1.13999999       3.92765696E-06
   1.14999998       4.03082777E-06
   1.15999997       4.04310867E-06
   1.16999996       4.15429122E-06
   1.17999995       4.19958224E-06
   1.18999994       4.15446038E-06
   1.19999993       4.20010974E-06
   1.20999992       4.43834142E-06
   1.22000003       4.37086646E-06
   1.23000002       4.39584255E-06
   1.24000001       4.47670072E-06
   1.25000000       4.58339309E-06
   1.25999999       4.61782156E-06
   1.26999998       4.75492789E-06
   1.27999997       4.75599018E-06
   1.28999996       4.88685055E-06
   1.29999995       4.84791281E-06
   1.30999994       4.93027164E-06
   1.31999993       5.00358055E-06
   1.32999992       5.09106303E-06
   1.33999991       5.23456174E-06
   1.35000002       5.17336048E-06
   1.36000001       5.28785495E-06
   1.37000000       5.37601181E-06
   1.38000000       5.49203014E-06
   1.38999999       5.51925041E-06
   1.39999998       5.56691202E-06
   1.40999997       5.69906024E-06
   1.41999996       5.74406886E-06
   1.42999995       5.89105503E-06
   1.43999994       5.93801133E-06
   1.44999993       5.86657916E-06
   1.45999992       6.05477135E-06
   1.46999991       6.20409855E-06
   1.48000002       6.22399193E-06
   1.49000001       6.38210804E-06
   1.50000000       6.45248474E-06
   1.50999999       6.56418933E-06
   1.51999998       6.66775259E-06
   1.52999997       6.80646963E-06
   1.53999996       6.86477961E-06
   1.54999995       7.04098738E-06
   1.55999994       7.06332776E-06
   1.56999993       7.10545874E-06
   1.57999992       7.40570476E-06
   1.58999991       7.37057189E-06
   1.59999990       7.58140277E-06
   1.61000001       7.63632943E-06
   1.62000000       7.81238305E-06
   1.63000000       7.92291212E-06
   1.63999999       8.07539254E-06
   1.64999998       8.23255141E-06
   1.65999997       8.40942812E-06
   1.66999996       8.54934569E-06
   1.67999995       8.63210698E-06
   1.68999994       8.71103111E-06
   1.69999993       9.02639022E-06
   1.70999992       9.26105258E-06
   1.71999991       9.35362368E-06
   1.73000002       9.59175668E-06
   1.74000001       9.81421636E-06
   1.75000000       1.00315438E-05
   1.75999999       1.03797220E-05
   1.76999998       1.05569043E-05
   1.77999997       1.08680806E-05
   1.78999996       1.10981910E-05
   1.79999995       1.14367776E-05
   1.80999994       1.17437830E-05
   1.81999993       1.21137991E-05
   1.82999992       1.24437274E-05
   1.83999991       1.29323453E-05
   1.84999990       1.33268941E-05
   1.86000001       1.37990783E-05
   1.87000000       1.43887528E-05
   1.88000000       1.50144861E-05
   1.88999999       1.56296646E-05
   1.89999998       1.64547637E-05
   1.90999997       1.68502684E-05
   1.91999996       1.84259243E-05
   1.92999995       1.97145837E-05
   1.93999994       2.12629311E-05
   1.94999993       1.97064383E-05
   1.95999992       2.59703320E-05
   1.96999991       2.98237392E-05
   1.97999990       3.61037964E-05
   1.99000001       5.04789459E-05
   2.00000000       2.26485907E-04
   2.00999999       2.73018400E-03
   2.01999998       2.98296940E-03
   2.02999997       3.09694163E-03
   2.03999996       3.16943764E-03
   2.04999995       3.22403782E-03
   2.05999994       3.26855876E-03
   2.06999993       3.30815976E-03
   2.07999992       3.34360357E-03
   2.08999991       3.37662618E-03
   2.09999990       3.40788043E-03
   2.10999990       3.43775749E-03
   2.11999989       3.46671510E-03
   2.12999988       3.49469343E-03
   2.13999987       3.52221262E-03
   2.14999986       3.54913482E-03
   2.15999985       3.57560022E-03
   2.16999984       3.60172242E-03
   2.18000007       3.62741528E-03
   2.19000006       3.65323410E-03
   2.20000005       3.67851974E-03
   2.21000004       3.70381190E-03
   2.22000003       3.72882816E-03
   2.23000002       3.75368656E-03
   2.24000001       3.77836847E-03
   2.25000000       3.79728689E-03
   2.25999999       3.82743357E-03
   2.26999998       3.85189080E-03
   2.27999997       3.87613988E-03
   2.28999996       3.88810062E-03
   2.29999995       3.92460730E-03
   2.30999994       3.94872390E-03
   2.31999993       3.97263886E-03
   2.32999992       3.99657199E-03
   2.33999991       4.02039895E-03
   2.34999990       4.04427480E-03
   2.35999990       4.06804448E-03
   2.36999989       4.09184862E-03
   2.37999988       4.11548512E-03
   2.38999987       4.13912022E-03
   2.39999986       4.16280935E-03
   2.40999985       4.18634992E-03
   2.41999984       4.20984859E-03
   2.42999983       4.23333049E-03
   2.44000006       4.25681518E-03
   2.45000005       4.28019138E-03
   2.46000004       4.30352055E-03
   2.47000003       4.32683574E-03
   2.48000002       4.35023708E-03
   2.49000001       4.37354017E-03
   2.50000000       4.39683720E-03
   2.50999999       4.42004669E-03
   2.51999998       4.43381257E-03
   2.52999997       4.46643308E-03
   2.53999996       4.48965048E-03
   2.54999995       4.51279245E-03
   2.55999994       4.53311624E-03
   2.56999993       4.54974268E-03
   2.57999992       4.58198832E-03
   2.58999991       4.60509490E-03
   2.59999990       4.61723842E-03
   2.60999990       4.64751013E-03
   2.61999989       4.67415247E-03
   2.62999988       4.69706953E-03
   2.63999987       4.71996982E-03
   2.64999986       4.74295765E-03
   2.65999985       4.75784205E-03
   2.66999984       4.78248531E-03
   2.67999983       4.80879797E-03
   2.69000006       4.83442051E-03
   2.70000005       4.85723745E-03
   2.71000004       4.87484690E-03
   2.72000003       4.90284804E-03
   2.73000002       4.92558349E-03
   2.74000001       4.94830171E-03
   2.75000000       4.97106602E-03
   2.75999999       4.99380380E-03
   2.76999998       5.01655461E-03
   2.77999997       5.03924722E-03
   2.78999996       5.06169582E-03
   2.79999995       5.08467108E-03
   2.80999994       5.10730874E-03
   2.81999993       5.12987562E-03
   2.82999992       5.15247835E-03
   2.83999991       5.17513324E-03
   2.84999990       5.19768428E-03
   2.85999990       5.22025954E-03
   2.86999989       5.24283433E-03
   2.87999988       5.25351195E-03
   2.88999987       5.28796623E-03
   2.89999986       5.29862056E-03
   2.90999985       5.32117626E-03
   2.91999984       5.33093140E-03
   2.92999983       5.36610791E-03
   2.93999982       5.38860215E-03
   2.95000005       5.41107077E-03
   2.96000004       5.43349935E-03
   2.97000003       5.45590604E-03
   2.98000002       5.47839096E-03
   2.99000001       5.50080324E-03
   3.00000000       5.52334078E-03
   3.00999999       5.55742765E-03
   3.01999998       5.57975890E-03
   3.02999997       5.60209760E-03
   3.03999996       5.62447356E-03
   3.04999995       5.64683694E-03
   3.05999994       5.66916820E-03
   3.06999993       5.69143752E-03
   3.07999992       5.71372965E-03
   3.08999991       5.72452834E-03
   3.09999990       5.75828413E-03
   3.10999990       5.78060560E-03
   3.11999989       5.78801427E-03
   3.12999988       5.82513260E-03
   3.13999987       5.84735069E-03
   3.14999986       5.86951477E-03
   3.15999985       5.89178642E-03
   3.16999984       5.91398589E-03
   3.17999983       5.93622727E-03
   3.18999982       5.95836760E-03
   3.19999981       5.97355003E-03
   3.21000004       6.00283965E-03
   3.22000003       6.02496974E-03
   3.23000002       6.04715478E-03
   3.24000001       6.06933422E-03
   3.25000000       6.09146804E-03
   3.25999999       6.11351058E-03
   3.26999998       6.13559224E-03
   3.27999997       6.15232484E-03
   3.28999996       6.17979281E-03
   3.29999995       6.20190054E-03
   3.30999994       6.22402458E-03
   3.31999993       6.24610577E-03
   3.32999992       6.26813807E-03
   3.33999991       6.27782010E-03
   3.34999990       6.31219568E-03
   3.35999990       6.32813992E-03
   3.36999989       6.35619974E-03
   3.37999988       6.37799827E-03
   3.38999987       6.40037190E-03
   3.39999986       6.42233528E-03
   3.40999985       6.44440064E-03
   3.41999984       6.46570604E-03
   3.42999983       6.48841681E-03
   3.43999982       6.51034247E-03
   3.44999981       6.53235661E-03
   3.46000004       6.55428367E-03
   3.47000003       6.57617301E-03
   3.48000002       6.59818295E-03
   3.49000001       6.62006810E-03
   3.50000000       6.64198259E-03
   3.50999999       6.66394038E-03
   3.51999998       6.68588700E-03
   3.52999997       6.70539727E-03
   3.53999996       6.72957906E-03
   3.54999995       6.75152289E-03
   3.55999994       6.77327393E-03
   3.56999993       6.79517351E-03
   3.57999992       6.81269867E-03
   3.58999991       6.83898851E-03
   3.59999990       6.86085504E-03
   3.60999990       6.88276393E-03
   3.61999989       6.89366600E-03
   3.62999988       6.92034792E-03
   3.63999987       6.94830576E-03
   3.64999986       6.96251774E-03
   3.65999985       6.99189818E-03
   3.66999984       7.01365899E-03
   3.67999983       7.03549292E-03
   3.68999982       7.05359271E-03
   3.69999981       7.07911281E-03
   3.70999980       7.10094394E-03
   3.72000003       7.12267682E-03
   3.73000002       7.14391191E-03
   3.74000001       7.16616074E-03
   3.75000000       7.18794856E-03
   3.75999999       7.19884271E-03
   3.76999998       7.23146694E-03
   3.77999997       7.25315977E-03
   3.78999996       7.27496156E-03
   3.79999995       7.29669724E-03
   3.80999994       7.31843850E-03
   3.81999993       7.34016765E-03
   3.82999992       7.36187585E-03
   3.83999991       7.38364877E-03
   3.84999990       7.40413321E-03
   3.85999990       7.42698228E-03
   3.86999989       7.44867977E-03
   3.87999988       7.46206613E-03
   3.88999987       7.49202119E-03
   3.89999986       7.51374103E-03
   3.90999985       7.53538823E-03
   3.91999984       7.55702751E-03
   3.92999983       7.57868728E-03
   3.93999982       7.60029908E-03
   3.94999981       7.62199750E-03
   3.95999980       7.64358742E-03
   3.97000003       7.65855471E-03
   3.98000002       7.68686412E-03
   3.99000001       7.70849176E-03
   4.00000000       7.73017900E-03
   4.00999975       7.75108440E-03
   4.01999998       7.77344359E-03
   4.02999973       7.79500604E-03
   4.03999996       7.81666301E-03
   4.04999971       7.83819985E-03
   4.05999994       7.85973016E-03
   4.06999969       7.88132288E-03
   4.07999992       7.90294539E-03
   4.08999968       7.92452507E-03
   4.09999990       7.94612989E-03
   4.11000013       7.96770118E-03
   4.11999989       7.98900984E-03
   4.13000011       8.01072456E-03
   4.13999987       8.03228468E-03
   4.15000010       8.05375259E-03
   4.15999985       8.07539281E-03
   4.17000008       8.09696130E-03
   4.17999983       8.11850280E-03
   4.19000006       8.13999400E-03
   4.19999981       8.16155039E-03
   4.21000004       8.18311702E-03
   4.21999979       8.20462499E-03
   4.23000002       8.22618045E-03
   4.23999977       8.24767072E-03
   4.25000000       8.26918520E-03
   4.25999975       8.29065032E-03
   4.26999998       8.31212942E-03
   4.27999973       8.33361875E-03
   4.28999996       8.35510343E-03
   4.29999971       8.37661792E-03
   4.30999994       8.39809701E-03
   4.31999969       8.41957796E-03
   4.32999992       8.44090711E-03
   4.33999968       8.46240669E-03
   4.34999990       8.48351046E-03
   4.36000013       8.50536022E-03
   4.36999989       8.52688868E-03
   4.38000011       8.54830351E-03
   4.38999987       8.56974628E-03
   4.40000010       8.59123841E-03
   4.40999985       8.61271005E-03
   4.42000008       8.63412954E-03
   4.42999983       8.65557045E-03
   4.44000006       8.67697690E-03
   4.44999981       8.69837683E-03
   4.46000004       8.71977862E-03
   4.46999979       8.74119624E-03
   4.48000002       8.75130109E-03
   4.48999977       8.78400914E-03
   4.50000000       8.80543794E-03
   4.50999975       8.82017892E-03
   4.51999998       8.84822011E-03
   4.52999973       8.86952505E-03
   4.53999996       8.89099110E-03
   4.54999971       8.90431646E-03
   4.55999994       8.93374905E-03
   4.56999969       8.95514619E-03
   4.57999992       8.97063222E-03
   4.58999968       8.99794046E-03
   4.59999990       9.01772175E-03
   4.61000013       9.04073659E-03
   4.61999989       9.06207785E-03
   4.63000011       9.08284076E-03
   4.63999987       9.10481997E-03
   4.65000010       9.12614726E-03
   4.65999985       9.13773850E-03
   4.67000008       9.16880276E-03
   4.67999983       9.19016078E-03
   4.69000006       9.21151880E-03
   4.69999981       9.23285540E-03
   4.71000004       9.25394520E-03
   4.71999979       9.27500520E-03
   4.73000002       9.29680839E-03
   4.73999977       9.31815617E-03
   4.75000000       9.33942571E-03
   4.75999975       9.36077349E-03
   4.76999998       9.38208215E-03
   4.77999973       9.39212553E-03
   4.78999996       9.42473300E-03
   4.79999971       9.44604725E-03
   4.80999994       9.46735591E-03
   4.81999969       9.48865898E-03
   4.82999992       9.50995553E-03
   4.83999968       9.53130797E-03
   4.84999990       9.55251791E-03
   4.85999966       9.57379956E-03
   4.86999989       9.59509145E-03
   4.88000011       9.61639546E-03
   4.88999987       9.63345077E-03
   4.90000010       9.65894945E-03
   4.90999985       9.68021806E-03
   4.92000008       9.70138516E-03
   4.92999983       9.72267613E-03
   4.94000006       9.74357780E-03
   4.94999981       9.76520311E-03
   4.96000004       9.78651270E-03
   4.96999979       9.80776269E-03
   4.98000002       9.82901361E-03
   4.98999977       9.85031016E-03
   5.00000000       9.87160672E-03
   5.00999975       9.88406688E-03
   5.01999998       9.91414580E-03
   5.02999973       9.93542001E-03
   5.03999996       9.95652471E-03
   5.04999971       9.97778680E-03
   5.05999994       9.98943578E-03
   5.06999969       1.00202253E-02
   5.07999992       1.00414511E-02
   5.08999968       1.00626750E-02
   5.09999990       1.00817382E-02
   5.10999966       1.01048583E-02
   5.11999989       1.01262797E-02
   5.13000011       1.01378979E-02
   5.13999987       1.01685673E-02
   5.15000010       1.01898676E-02
   5.15999985       1.02110710E-02
   5.17000008       1.02322716E-02
   5.17999983       1.02524944E-02
   5.19000006       1.02666495E-02
   5.19999981       1.02959089E-02
   5.21000004       1.03171440E-02
   5.21999979       1.03384480E-02
   5.23000002       1.03494041E-02
   5.23999977       1.03807040E-02
   5.25000000       1.04019642E-02
   5.25999975       1.04231266E-02
   5.26999998       1.04442602E-02
   5.27999973       1.04654226E-02
   5.28999996       1.04865851E-02
   5.29999971       1.05077429E-02
   5.30999994       1.05283996E-02
   5.31999969       1.05500082E-02
   5.32999992       1.05712581E-02
   5.33999968       1.05920266E-02
   5.34999990       1.06135486E-02
   5.35999966       1.06347119E-02
   5.36999989       1.06558641E-02
   5.38000011       1.06770089E-02
   5.38999987       1.06981639E-02
   5.40000010       1.07194008E-02
   5.40999985       1.07404906E-02
   5.42000008       1.07617751E-02
   5.42999983       1.07829794E-02
   5.44000006       1.08040096E-02
   5.44999981       1.08251516E-02
   5.46000004       1.08462684E-02
   5.46999979       1.08673964E-02
   5.48000002       1.08885085E-02
   5.48999977       1.09096086E-02
   5.50000000       1.09307487E-02
   5.50999975       1.09518897E-02
