   9.99999978E-03   1.07812575E-07
   1.99999996E-02  -3.00339842E-08
   2.99999993E-02   2.71426259E-08
   3.99999991E-02  -3.45234383E-08
   4.99999970E-02  -1.51079718E-07
   5.99999987E-02  -4.01763671E-08
   7.00000003E-02  -4.34807248E-08
   7.99999982E-02   7.63422570E-09
   8.99999961E-02  -2.16608314E-08
   9.99999940E-02  -5.29374447E-08
  0.109999999       1.81100077E-08
  0.119999997      -9.82625892E-09
  0.129999995      -1.81857196E-08
  0.140000001      -4.52713316E-08
  0.149999991      -6.22459595E-08
  0.159999996      -2.03059205E-08
  0.170000002       1.11622587E-08
  0.179999992      -3.45119204E-08
  0.189999998      -8.32260838E-09
  0.199999988      -2.12361435E-08
  0.209999993      -1.28488260E-08
  0.219999999      -2.25575079E-08
  0.229999989      -4.29263025E-09
  0.239999995      -2.82455694E-08
  0.250000000      -3.43404665E-08
  0.259999990      -3.17666959E-08
  0.269999981      -2.88341617E-08
  0.280000001      -3.04302645E-08
  0.289999992      -1.98757562E-08
  0.299999982      -3.82466361E-08
  0.310000002      -5.62019196E-08
  0.319999993      -3.98174933E-08
  0.329999983      -4.16402841E-08
  0.340000004      -3.11241592E-08
  0.349999994      -6.41153690E-08
  0.359999985      -7.62626442E-08
  0.370000005      -3.95094233E-08
  0.379999995      -1.10984949E-07
  0.389999986      -5.48835146E-08
  0.399999976      -4.44465371E-08
  0.409999996      -4.87462515E-08
  0.419999987      -1.57558503E-07
  0.429999977      -5.21845820E-08
  0.439999998      -7.53672396E-08
  0.449999988      -5.16100229E-08
  0.459999979      -3.62077373E-08
  0.469999999      -4.35261072E-08
  0.479999989      -5.25065715E-08
  0.489999980      -5.24308845E-08
  0.500000000      -4.25731344E-08
  0.509999990      -4.70205634E-08
  0.519999981      -4.80083528E-08
  0.529999971      -5.17094989E-08
  0.539999962      -8.70636399E-08
  0.550000012      -1.06756559E-07
  0.560000002      -5.59951445E-08
  0.569999993      -7.33506980E-08
  0.579999983      -4.64358862E-08
  0.589999974      -4.79989666E-08
  0.599999964      -5.13873530E-08
  0.610000014      -5.54237971E-08
  0.620000005      -5.66482967E-08
  0.629999995      -5.86010742E-08
  0.639999986      -5.53251738E-08
  0.649999976      -7.35948902E-08
  0.659999967      -6.02198185E-08
  0.669999957      -1.60970473E-08
  0.680000007       4.02122424E-08
  0.689999998       2.08294182E-08
  0.699999988       1.11703855E-08
  0.709999979       3.52658276E-08
  0.719999969       1.47827137E-08
  0.729999959       3.21577289E-08
  0.740000010       6.40063007E-08
  0.750000000       6.35844515E-08
  0.759999990       5.39743041E-08
  0.769999981       8.25260003E-08
  0.779999971       6.85995474E-08
  0.789999962       1.20650611E-07
  0.799999952       9.17515308E-08
  0.810000002       1.35645891E-07
  0.819999993       1.16280248E-07
  0.829999983       8.14202963E-08
  0.839999974       9.99708618E-08
  0.849999964       1.29127486E-07
  0.859999955       1.29630195E-07
  0.870000005       9.59052642E-08
  0.879999995       1.55818739E-07
  0.889999986       1.88789187E-07
  0.899999976       2.32758197E-07
  0.909999967       2.28017413E-07
  0.919999957       2.65452400E-07
  0.930000007       2.70969394E-07
  0.939999998       3.34704907E-07
  0.949999988       3.32456523E-07
  0.959999979       3.80808387E-07
  0.969999969       5.04223522E-07
  0.979999959       6.67103905E-07
  0.989999950       1.02317517E-06
   1.00000000       4.98292939E-05
   1.00999999       4.17211377E-05
   1.01999998       4.17161100E-05
   1.02999997       4.06081235E-05
   1.03999996       4.25284670E-05
   1.04999995       4.28903040E-05
   1.05999994       4.33440546E-05
   1.06999993       4.40470867E-05
   1.07999992       4.44101861E-05
   1.09000003       4.45215737E-05
   1.10000002       4.52628410E-05
   1.11000001       4.59249350E-05
   1.12000000       4.64611294E-05
   1.13000000       4.68815851E-05
   1.13999999       4.77907706E-05
   1.14999998       4.82679789E-05
   1.15999997       4.91941682E-05
   1.16999996       4.96998728E-05
   1.17999995       5.00364513E-05
   1.18999994       5.12828592E-05
   1.19999993       5.16685104E-05
   1.20999992       5.25519717E-05
   1.22000003       5.28534110E-05
   1.23000002       5.34252576E-05
   1.24000001       5.43638707E-05
   1.25000000       5.55214356E-05
   1.25999999       5.57197891E-05
   1.26999998       5.65339433E-05
   1.27999997       5.73322359E-05
   1.28999996       5.79884691E-05
   1.29999995       5.86662391E-05
   1.30999994       5.93089208E-05
   1.31999993       6.06453323E-05
   1.32999992       6.04099987E-05
   1.33999991       6.19117855E-05
   1.35000002       6.29503484E-05
   1.36000001       6.32673255E-05
   1.37000000       6.47780034E-05
   1.38000000       6.51692462E-05
   1.38999999       6.60592923E-05
   1.39999998       6.71646994E-05
   1.40999997       6.81731981E-05
   1.41999996       6.88736254E-05
   1.42999995       6.97776632E-05
   1.43999994       7.06989522E-05
   1.44999993       7.17296643E-05
   1.45999992       7.22129553E-05
   1.46999991       7.37714872E-05
   1.48000002       7.49845640E-05
   1.49000001       7.58237875E-05
   1.50000000       7.73187057E-05
   1.50999999       7.85667871E-05
   1.51999998       7.92235151E-05
   1.52999997       8.05068776E-05
   1.53999996       8.20468340E-05
   1.54999995       8.30806384E-05
   1.55999994       8.41136134E-05
   1.56999993       8.54300379E-05
   1.57999992       8.69910655E-05
   1.58999991       8.86150810E-05
   1.59999990       8.95288176E-05
   1.61000001       9.13019176E-05
   1.62000000       9.26652938E-05
   1.63000000       9.45417123E-05
   1.63999999       9.59433019E-05
   1.64999998       9.75375733E-05
   1.65999997       9.93042704E-05
   1.66999996       1.01528771E-04
   1.67999995       1.03264436E-04
   1.68999994       1.05177023E-04
   1.69999993       1.07282955E-04
   1.70999992       1.09732748E-04
   1.71999991       1.12100999E-04
   1.73000002       1.13925540E-04
   1.74000001       1.17115233E-04
   1.75000000       1.19149016E-04
   1.75999999       1.22520389E-04
   1.76999998       1.25479099E-04
   1.77999997       1.28799467E-04
   1.78999996       1.31729146E-04
   1.79999995       1.35471331E-04
   1.80999994       1.38856907E-04
   1.81999993       1.43328507E-04
   1.82999992       1.47060171E-04
   1.83999991       1.52710199E-04
   1.84999990       1.57300281E-04
   1.86000001       1.62593715E-04
   1.87000000       1.67695369E-04
   1.88000000       1.77257039E-04
   1.88999999       1.85366356E-04
   1.89999998       1.93225496E-04
   1.90999997       2.04981596E-04
   1.91999996       2.17232198E-04
   1.92999995       2.31394428E-04
   1.93999994       2.44479219E-04
   1.94999993       2.72942008E-04
   1.95999992       3.02104279E-04
   1.96999991       3.47297988E-04
   1.97999990       4.17248375E-04
   1.99000001       5.64929331E-04
   2.00000000       1.41016871E-03
   2.00999999       7.48469448E-03
   2.01999998       8.97508021E-03
   2.02999997       9.68651380E-03
   2.03999996       1.01294061E-02
   2.04999995       1.04462495E-02
   2.05999994       1.06937876E-02
   2.06999993       1.08985379E-02
   2.07999992       1.10752750E-02
   2.08999991       1.12090390E-02
   2.09999990       1.13754170E-02
   2.10999990       1.13900881E-02
   2.11999989       1.16321752E-02
   2.12999988       1.17501169E-02
   2.13999987       1.18628722E-02
   2.14999986       1.19714774E-02
   2.15999985       1.20763509E-02
   2.16999984       1.21791856E-02
   2.18000007       1.22791007E-02
   2.19000006       1.23770377E-02
   2.20000005       1.24723930E-02
   2.21000004       1.25677567E-02
   2.22000003       1.26610762E-02
   2.23000002       1.27531188E-02
   2.24000001       1.28441118E-02
   2.25000000       1.29341846E-02
   2.25999999       1.30233448E-02
   2.26999998       1.31119210E-02
   2.27999997       1.31996637E-02
   2.28999996       1.32867256E-02
   2.29999995       1.33734839E-02
   2.30999994       1.34596471E-02
   2.31999993       1.35453558E-02
   2.32999992       1.36305708E-02
   2.33999991       1.37153594E-02
   2.34999990       1.37998071E-02
   2.35999990       1.38838785E-02
   2.36999989       1.39676165E-02
   2.37999988       1.40510993E-02
   2.38999987       1.41340634E-02
   2.39999986       1.42172584E-02
   2.40999985       1.42999701E-02
   2.41999984       1.43822609E-02
   2.42999983       1.44643728E-02
   2.44000006       1.45465164E-02
   2.45000005       1.46283098E-02
   2.46000004       1.47099355E-02
   2.47000003       1.47913592E-02
   2.48000002       1.48726106E-02
   2.49000001       1.49537288E-02
   2.50000000       1.50345648E-02
   2.50999999       1.51153952E-02
   2.51999998       1.51959239E-02
   2.52999997       1.52765745E-02
   2.53999996       1.53568117E-02
   2.54999995       1.54370144E-02
   2.55999994       1.55170998E-02
   2.56999993       1.55970557E-02
   2.57999992       1.56769548E-02
   2.58999991       1.57567970E-02
   2.59999990       1.58359371E-02
   2.60999990       1.59159936E-02
   2.61999989       1.59954224E-02
   2.62999988       1.60747487E-02
   2.63999987       1.61538627E-02
   2.64999986       1.62329841E-02
   2.65999985       1.63121205E-02
   2.66999984       1.63910221E-02
   2.67999983       1.64699052E-02
   2.69000006       1.65486783E-02
   2.70000005       1.66274644E-02
   2.71000004       1.67060178E-02
   2.72000003       1.67844407E-02
   2.73000002       1.68631356E-02
   2.74000001       1.69415250E-02
   2.75000000       1.70198325E-02
   2.75999999       1.70980319E-02
   2.76999998       1.71760414E-02
   2.77999997       1.72542017E-02
   2.78999996       1.73323881E-02
   2.79999995       1.74103975E-02
   2.80999994       1.74882300E-02
   2.81999993       1.75661463E-02
   2.82999992       1.76439099E-02
   2.83999991       1.77217517E-02
   2.84999990       1.77992769E-02
   2.85999990       1.78766698E-02
   2.86999989       1.79544333E-02
   2.87999988       1.80319175E-02
   2.88999987       1.81093570E-02
   2.89999986       1.81867238E-02
   2.90999985       1.82639658E-02
   2.91999984       1.83413289E-02
   2.92999983       1.84185430E-02
   2.93999982       1.84956361E-02
   2.95000005       1.85727626E-02
   2.96000004       1.86498184E-02
   2.97000003       1.87267605E-02
   2.98000002       1.88036598E-02
   2.99000001       1.88808311E-02
   3.00000000       1.89577099E-02
   3.00999999       1.90343503E-02
   3.01999998       1.91112477E-02
   3.02999997       1.91880390E-02
   3.03999996       1.92629918E-02
   3.04999995       1.93412844E-02
   3.05999994       1.94178820E-02
   3.06999993       1.94944125E-02
   3.07999992       1.95709486E-02
   3.08999991       1.96472947E-02
   3.09999990       1.97238587E-02
   3.10999990       1.98002588E-02
   3.11999989       1.98764950E-02
   3.12999988       1.99528541E-02
   3.13999987       2.00289842E-02
   3.14999986       2.01053768E-02
   3.15999985       2.01815311E-02
   3.16999984       2.02573352E-02
   3.17999983       2.03337837E-02
   3.18999982       2.04098299E-02
   3.19999981       2.04859283E-02
   3.21000004       2.05619149E-02
   3.22000003       2.06379034E-02
   3.23000002       2.07138490E-02
   3.24000001       2.07896978E-02
   3.25000000       2.08656453E-02
   3.25999999       2.09414959E-02
   3.26999998       2.10171137E-02
   3.27999997       2.10930612E-02
   3.28999996       2.11684313E-02
   3.29999995       2.12443508E-02
   3.30999994       2.13201325E-02
   3.31999993       2.13956740E-02
   3.32999992       2.14712806E-02
   3.33999991       2.15467159E-02
   3.34999990       2.16222927E-02
   3.35999990       2.16978304E-02
   3.36999989       2.17733234E-02
   3.37999988       2.18486227E-02
   3.38999987       2.19240636E-02
   3.39999986       2.19993070E-02
   3.40999985       2.20749266E-02
   3.41999984       2.21502017E-02
   3.42999983       2.22255941E-02
   3.43999982       2.23008804E-02
   3.44999981       2.23759748E-02
   3.46000004       2.24512909E-02
   3.47000003       2.25264393E-02
   3.48000002       2.26015765E-02
   3.49000001       2.26766709E-02
   3.50000000       2.27517821E-02
   3.50999999       2.28269342E-02
   3.51999998       2.29019448E-02
   3.52999997       2.29768679E-02
   3.53999996       2.30519306E-02
   3.54999995       2.31266692E-02
   3.55999994       2.32017618E-02
   3.56999993       2.32766718E-02
   3.57999992       2.33516004E-02
   3.58999991       2.34264657E-02
   3.59999990       2.35013291E-02
   3.60999990       2.35761236E-02
   3.61999989       2.36510299E-02
   3.62999988       2.37257779E-02
   3.63999987       2.38004774E-02
   3.64999986       2.38751862E-02
   3.65999985       2.39498988E-02
   3.66999984       2.40245629E-02
   3.67999983       2.40992066E-02
   3.68999982       2.41737776E-02
   3.69999981       2.42482480E-02
   3.70999980       2.43229941E-02
   3.72000003       2.43974067E-02
   3.73000002       2.44721044E-02
   3.74000001       2.45465469E-02
   3.75000000       2.46210247E-02
   3.75999999       2.46951580E-02
   3.76999998       2.47698780E-02
   3.77999997       2.48444173E-02
   3.78999996       2.49187034E-02
   3.79999995       2.49931142E-02
   3.80999994       2.50675902E-02
   3.81999993       2.51419339E-02
   3.82999992       2.52162907E-02
   3.83999991       2.52905078E-02
   3.84999990       2.53648721E-02
   3.85999990       2.54390612E-02
   3.86999989       2.55133323E-02
   3.87999988       2.55875010E-02
   3.88999987       2.56617181E-02
   3.89999986       2.57358979E-02
   3.90999985       2.58100592E-02
   3.91999984       2.58842111E-02
   3.92999983       2.59583797E-02
   3.93999982       2.60323696E-02
   3.94999981       2.61064190E-02
   3.95999980       2.61802897E-02
   3.97000003       2.62546316E-02
   3.98000002       2.62907427E-02
   3.99000001       2.64026783E-02
   4.00000000       2.64766160E-02
   4.00999975       2.65506562E-02
   4.01999998       2.66246907E-02
   4.02999973       2.66985744E-02
   4.03999996       2.67725401E-02
   4.04999971       2.68464833E-02
   4.05999994       2.69203261E-02
   4.06999969       2.69942265E-02
   4.07999992       2.70680487E-02
   4.08999968       2.71418709E-02
   4.09999990       2.72156838E-02
   4.11000013       2.72893738E-02
   4.11999989       2.73633134E-02
   4.13000011       2.74370722E-02
   4.13999987       2.75107659E-02
   4.15000010       2.75845323E-02
   4.15999985       2.76581459E-02
   4.17000008       2.77319252E-02
   4.17999983       2.78053358E-02
   4.19000006       2.78793704E-02
   4.19999981       2.79529542E-02
   4.21000004       2.80266833E-02
   4.21999979       2.81003807E-02
   4.23000002       2.81739011E-02
   4.23999977       2.82474943E-02
   4.25000000       2.83211190E-02
   4.25999975       2.83946712E-02
   4.26999998       2.84681804E-02
   4.27999973       2.85417717E-02
   4.28999996       2.86153480E-02
   4.29999971       2.86887977E-02
   4.30999994       2.87622623E-02
   4.31999969       2.88357418E-02
   4.32999992       2.89092176E-02
   4.33999968       2.89826263E-02
   4.34999990       2.90559214E-02
   4.36000013       2.91295107E-02
   4.36999989       2.92026140E-02
   4.38000011       2.92763747E-02
   4.38999987       2.93497145E-02
   4.40000010       2.94230878E-02
   4.40999985       2.94964761E-02
   4.42000008       2.95698252E-02
   4.42999983       2.96431072E-02
   4.44000006       2.97165327E-02
   4.44999981       2.97897775E-02
   4.46000004       2.98630949E-02
   4.46999979       2.99362913E-02
   4.48000002       3.00096255E-02
   4.48999977       3.00828870E-02
   4.50000000       3.01554743E-02
   4.50999975       3.02250590E-02
   4.51999998       3.03024221E-02
   4.52999973       3.03756576E-02
   4.53999996       3.04487180E-02
   4.54999971       3.05220503E-02
   4.55999994       3.05952076E-02
   4.56999969       3.06683835E-02
   4.57999992       3.07414848E-02
   4.58999968       3.08145899E-02
   4.59999990       3.08876392E-02
   4.61000013       3.09609063E-02
   4.61999989       3.10340170E-02
   4.63000011       3.11067719E-02
   4.63999987       3.11801657E-02
   4.65000010       3.12531367E-02
   4.65999985       3.13261896E-02
   4.67000008       3.13992687E-02
   4.67999983       3.14722285E-02
   4.69000006       3.15452777E-02
   4.69999981       3.16183195E-02
   4.71000004       3.16912346E-02
   4.71999979       3.17642167E-02
   4.73000002       3.18371020E-02
   4.73999977       3.19101363E-02
   4.75000000       3.19830328E-02
   4.75999975       3.20559442E-02
   4.76999998       3.21289226E-02
   4.77999973       3.22017744E-02
   4.78999996       3.22747342E-02
   4.79999971       3.23476046E-02
   4.80999994       3.24205607E-02
   4.81999969       3.24934162E-02
   4.82999992       3.25662307E-02
   4.83999968       3.26391198E-02
   4.84999990       3.27118300E-02
   4.85999966       3.27848047E-02
   4.86999989       3.28575745E-02
   4.88000011       3.29303555E-02
   4.88999987       3.30032296E-02
   4.90000010       3.30759659E-02
   4.90999985       3.31486799E-02
   4.92000008       3.32214832E-02
   4.92999983       3.32941338E-02
   4.94000006       3.33667509E-02
   4.94999981       3.34396362E-02
   4.96000004       3.35121006E-02
   4.96999979       3.35850939E-02
   4.98000002       3.36577743E-02
   4.98999977       3.37305777E-02
   5.00000000       3.38032991E-02
   5.00999975       3.38756293E-02
   5.01999998       3.39486077E-02
   5.02999973       3.40213031E-02
   5.03999996       3.40939425E-02
   5.04999971       3.41666043E-02
   5.05999994       3.42392400E-02
   5.06999969       3.43117304E-02
   5.07999992       3.43844257E-02
   5.08999968       3.44570130E-02
   5.09999990       3.45295072E-02
   5.10999966       3.46022248E-02
   5.11999989       3.46747749E-02
   5.13000011       3.47472280E-02
   5.13999987       3.48198600E-02
   5.15000010       3.48924138E-02
   5.15999985       3.49649601E-02
   5.17000008       3.50374952E-02
   5.17999983       3.51099744E-02
   5.19000006       3.51825096E-02
   5.19999981       3.52551565E-02
   5.21000004       3.53276283E-02
   5.21999979       3.54000181E-02
   5.23000002       3.54726426E-02
   5.23999977       3.55450995E-02
   5.25000000       3.56028080E-02
   5.25999975       3.56899463E-02
   5.26999998       3.57625112E-02
   5.27999973       3.58348824E-02
   5.28999996       3.59072760E-02
   5.29999971       3.59797217E-02
   5.30999994       3.60521004E-02
   5.31999969       3.61245871E-02
   5.32999992       3.61969881E-02
   5.33999968       3.62691320E-02
   5.34999990       3.63416858E-02
   5.35999966       3.64138260E-02
   5.36999989       3.64864245E-02
   5.38000011       3.65588181E-02
   5.38999987       3.66312005E-02
   5.40000010       3.67036425E-02
   5.40999985       3.67758907E-02
   5.42000008       3.68479118E-02
   5.42999983       3.69206406E-02
   5.44000006       3.69929858E-02
   5.44999981       3.70651111E-02
   5.46000004       3.71375419E-02
   5.46999979       3.72098759E-02
   5.48000002       3.72818932E-02
   5.48999977       3.73543948E-02
   5.50000000       3.74266058E-02
   5.50999975       3.74989212E-02
