   9.99999978E-03   1.21920593E-07
   1.99999996E-02  -3.51564786E-08
   2.99999993E-02   2.93301895E-07
   3.99999991E-02   4.55658444E-08
   4.99999970E-02  -2.10304052E-07
   5.99999987E-02  -4.00327558E-08
   7.00000003E-02  -5.09972296E-08
   7.99999982E-02  -4.45060877E-08
   8.99999961E-02  -2.89324120E-08
   9.99999940E-02  -1.30129564E-07
  0.109999999       2.81525114E-08
  0.119999997      -4.68380534E-09
  0.129999995      -9.71986225E-09
  0.140000001      -5.49090515E-08
  0.149999991      -1.02108530E-07
  0.159999996      -3.46148106E-08
  0.170000002       9.09648179E-09
  0.179999992      -5.02526127E-08
  0.189999998      -8.64869065E-09
  0.199999988      -1.71691070E-08
  0.209999993      -2.01519015E-08
  0.219999999      -2.44946605E-08
  0.229999989      -8.14701906E-09
  0.239999995      -3.30520677E-08
  0.250000000      -4.68208761E-08
  0.259999990      -5.06606348E-08
  0.269999981      -3.80336900E-08
  0.280000001      -4.26140900E-08
  0.289999992      -3.76507359E-08
  0.299999982      -1.47059680E-08
  0.310000002      -5.61336222E-08
  0.319999993      -4.94489356E-08
  0.329999983      -4.72782631E-08
  0.340000004      -3.80429768E-08
  0.349999994      -7.10190804E-08
  0.359999985      -9.14257257E-08
  0.370000005      -5.54987309E-08
  0.379999995      -1.38443681E-07
  0.389999986      -6.90662318E-08
  0.399999976      -5.82161164E-08
  0.409999996      -6.36106563E-08
  0.419999987      -5.24164534E-08
  0.429999977      -6.68363000E-08
  0.439999998      -9.44179703E-08
  0.449999988      -6.63057449E-08
  0.459999979      -5.05084330E-08
  0.469999999      -6.12799056E-08
  0.479999989      -7.32599759E-08
  0.489999980      -6.80542058E-08
  0.500000000      -5.46647954E-08
  0.509999990      -7.65700889E-08
  0.519999981      -7.56513217E-08
  0.529999971      -8.22540684E-08
  0.539999962      -7.57583081E-08
  0.550000012      -1.49700483E-07
  0.560000002      -9.20876744E-08
  0.569999993      -1.07000361E-07
  0.579999983      -7.69442465E-08
  0.589999974      -6.76470933E-08
  0.599999964      -6.90759236E-08
  0.610000014      -7.60201857E-08
  0.620000005      -7.40684811E-08
  0.629999995      -6.49956320E-08
  0.639999986      -7.23535010E-08
  0.649999976      -9.43383753E-08
  0.659999967      -7.87837564E-08
  0.669999957      -3.37088579E-09
  0.680000007       6.74049687E-08
  0.689999998       3.42260620E-08
  0.699999988       4.65149981E-08
  0.709999979       4.53317739E-08
  0.719999969       3.95159674E-08
  0.729999959       5.89952975E-08
  0.740000010       9.78114372E-08
  0.750000000       1.35667705E-07
  0.759999990       1.20089922E-07
  0.769999981       1.36570321E-07
  0.779999971       1.30694986E-07
  0.789999962       1.46788111E-07
  0.799999952       1.55793188E-07
  0.810000002       1.98269930E-07
  0.819999993       1.71694921E-07
  0.829999983       1.39639809E-07
  0.839999974       1.57484692E-07
  0.849999964       1.94760375E-07
  0.859999955       2.57497277E-07
  0.870000005       2.48187348E-07
  0.879999995       2.62358526E-07
  0.889999986       2.91473327E-07
  0.899999976       3.65689402E-07
  0.909999967       3.56079681E-07
  0.919999957       4.22051016E-07
  0.930000007       4.18221248E-07
  0.939999998       5.17636238E-07
  0.949999988       5.46200795E-07
  0.959999979       6.31944147E-07
  0.969999969       7.56504278E-07
  0.979999959       9.95940013E-07
  0.989999950       1.52882740E-06
   1.00000000       5.36412736E-05
   1.00999999       5.44783288E-05
   1.01999998       5.37997730E-05
   1.02999997       5.43272436E-05
   1.03999996       5.54258731E-05
   1.04999995       5.58963293E-05
   1.05999994       5.66590679E-05
   1.06999993       5.72980389E-05
   1.07999992       5.81119930E-05
   1.09000003       5.78398212E-05
   1.10000002       5.88177245E-05
   1.11000001       5.97074213E-05
   1.12000000       6.05445275E-05
   1.13000000       6.09020244E-05
   1.13999999       6.22128791E-05
   1.14999998       6.31886433E-05
   1.15999997       6.40894941E-05
   1.16999996       6.45989130E-05
   1.17999995       6.54195319E-05
   1.18999994       6.68508146E-05
   1.19999993       6.71677772E-05
   1.20999992       6.85294654E-05
   1.22000003       6.86404383E-05
   1.23000002       6.94039554E-05
   1.24000001       7.06444844E-05
   1.25000000       7.21888791E-05
   1.25999999       7.21131219E-05
   1.26999998       7.37093942E-05
   1.27999997       7.44823847E-05
   1.28999996       7.53322383E-05
   1.29999995       7.69065518E-05
   1.30999994       7.72589920E-05
   1.31999993       7.89263941E-05
   1.32999992       7.93077852E-05
   1.33999991       8.04438823E-05
   1.35000002       8.18205881E-05
   1.36000001       8.25396564E-05
   1.37000000       8.42404697E-05
   1.38000000       8.46075345E-05
   1.38999999       8.64478134E-05
   1.39999998       8.62957386E-05
   1.40999997       8.85590634E-05
   1.41999996       8.94443147E-05
   1.42999995       9.06687346E-05
   1.43999994       9.18388323E-05
   1.44999993       9.36492506E-05
   1.45999992       9.38604499E-05
   1.46999991       9.58200690E-05
   1.48000002       9.73947681E-05
   1.49000001       9.85976585E-05
   1.50000000       1.00474979E-04
   1.50999999       1.02076599E-04
   1.51999998       1.03296676E-04
   1.52999997       1.04550068E-04
   1.53999996       1.06590109E-04
   1.54999995       1.07928667E-04
   1.55999994       1.09214910E-04
   1.56999993       1.11124646E-04
   1.57999992       1.13015405E-04
   1.58999991       1.15150011E-04
   1.59999990       1.16282186E-04
   1.61000001       1.18623044E-04
   1.62000000       1.20367498E-04
   1.63000000       1.22849626E-04
   1.63999999       1.25229912E-04
   1.64999998       1.27478692E-04
   1.65999997       1.28940999E-04
   1.66999996       1.31876892E-04
   1.67999995       1.34309390E-04
   1.68999994       1.36806382E-04
   1.69999993       1.39317985E-04
   1.70999992       1.42551726E-04
   1.71999991       1.45599042E-04
   1.73000002       1.47889237E-04
   1.74000001       1.52120789E-04
   1.75000000       1.54703084E-04
   1.75999999       1.59127652E-04
   1.76999998       1.62322322E-04
   1.77999997       1.67126389E-04
   1.78999996       1.71059030E-04
   1.79999995       1.76128669E-04
   1.80999994       1.80857271E-04
   1.81999993       1.86168283E-04
   1.82999992       1.92158375E-04
   1.83999991       1.98305177E-04
   1.84999990       2.05113465E-04
   1.86000001       2.10964034E-04
   1.87000000       2.20183632E-04
   1.88000000       2.30109668E-04
   1.88999999       2.40630092E-04
   1.89999998       2.52441358E-04
   1.90999997       2.66030605E-04
   1.91999996       2.81966088E-04
   1.92999995       3.00280517E-04
   1.93999994       3.21672764E-04
   1.94999993       3.53914074E-04
   1.95999992       3.93367460E-04
   1.96999991       4.49639483E-04
   1.97999990       5.39411616E-04
   1.99000001       7.26550876E-04
   2.00000000       1.71443680E-03
   2.00999999       8.26905854E-03
   2.01999998       1.00307446E-02
   2.02999997       1.08842608E-02
   2.03999996       1.14174066E-02
   2.04999995       1.17987460E-02
   2.05999994       1.20955165E-02
   2.06999993       1.23403594E-02
   2.07999992       1.25507805E-02
   2.08999991       1.27371103E-02
   2.09999990       1.29062850E-02
   2.10999990       1.30623393E-02
   2.11999989       1.32079972E-02
   2.12999988       1.33465137E-02
   2.13999987       1.34782633E-02
   2.14999986       1.36048552E-02
   2.15999985       1.37272337E-02
   2.16999984       1.38462605E-02
   2.18000007       1.39621394E-02
   2.19000006       1.40755186E-02
   2.20000005       1.41858393E-02
   2.21000004       1.42959189E-02
   2.22000003       1.44035742E-02
   2.23000002       1.45096825E-02
   2.24000001       1.46144833E-02
   2.25000000       1.47183686E-02
   2.25999999       1.48206707E-02
   2.26999998       1.49224550E-02
   2.27999997       1.50232222E-02
   2.28999996       1.51231606E-02
   2.29999995       1.52228447E-02
   2.30999994       1.53216403E-02
   2.31999993       1.54198017E-02
   2.32999992       1.55174509E-02
   2.33999991       1.56145748E-02
   2.34999990       1.57112945E-02
   2.35999990       1.58075597E-02
   2.36999989       1.59033760E-02
   2.37999988       1.59989260E-02
   2.38999987       1.60940550E-02
   2.39999986       1.61381755E-02
   2.40999985       1.62835475E-02
   2.41999984       1.63776055E-02
   2.42999983       1.64706316E-02
   2.44000006       1.65653415E-02
   2.45000005       1.66573077E-02
   2.46000004       1.67520922E-02
   2.47000003       1.68444794E-02
   2.48000002       1.69378798E-02
   2.49000001       1.70305353E-02
   2.50000000       1.71228386E-02
   2.50999999       1.72151886E-02
   2.51999998       1.73070431E-02
   2.52999997       1.73991304E-02
   2.53999996       1.74908228E-02
   2.54999995       1.75822359E-02
   2.55999994       1.76736470E-02
   2.56999993       1.77648645E-02
   2.57999992       1.78556908E-02
   2.58999991       1.79471690E-02
   2.59999990       1.80375520E-02
   2.60999990       1.81288086E-02
   2.61999989       1.82193909E-02
   2.62999988       1.83099024E-02
   2.63999987       1.84001494E-02
   2.64999986       1.84903871E-02
   2.65999985       1.85806174E-02
   2.66999984       1.86705962E-02
   2.67999983       1.87605638E-02
   2.69000006       1.88504662E-02
   2.70000005       1.89402979E-02
   2.71000004       1.90299004E-02
   2.72000003       1.91193335E-02
   2.73000002       1.92089416E-02
   2.74000001       1.92983076E-02
   2.75000000       1.93875972E-02
   2.75999999       1.94767602E-02
   2.76999998       1.95657518E-02
   2.77999997       1.96547937E-02
   2.78999996       1.97439082E-02
   2.79999995       1.98328178E-02
   2.80999994       1.99215505E-02
   2.81999993       2.00103577E-02
   2.82999992       2.00990047E-02
   2.83999991       2.01875586E-02
   2.84999990       2.02760883E-02
   2.85999990       2.03645732E-02
   2.86999989       2.04529427E-02
   2.87999988       2.05406100E-02
   2.88999987       2.06294730E-02
   2.89999986       2.07177401E-02
   2.90999985       2.08056457E-02
   2.91999984       2.08938513E-02
   2.92999983       2.09818520E-02
   2.93999982       2.10696682E-02
   2.95000005       2.11575758E-02
   2.96000004       2.12453995E-02
   2.97000003       2.13332288E-02
   2.98000002       2.14206576E-02
   2.99000001       2.15086211E-02
   3.00000000       2.15962194E-02
   3.00999999       2.16836724E-02
   3.01999998       2.17704903E-02
   3.02999997       2.18586139E-02
   3.03999996       2.19459683E-02
   3.04999995       2.20332965E-02
   3.05999994       2.21206211E-02
   3.06999993       2.22077686E-02
   3.07999992       2.22949591E-02
   3.08999991       2.23820936E-02
   3.09999990       2.24691760E-02
   3.10999990       2.25562025E-02
   3.11999989       2.26432290E-02
   3.12999988       2.27300581E-02
   3.13999987       2.28167549E-02
   3.14999986       2.29038447E-02
   3.15999985       2.29906514E-02
   3.16999984       2.30770372E-02
   3.17999983       2.31640656E-02
   3.18999982       2.32507326E-02
   3.19999981       2.33373716E-02
   3.21000004       2.34239697E-02
   3.22000003       2.35105157E-02
   3.23000002       2.35970188E-02
   3.24000001       2.36834474E-02
   3.25000000       2.37699449E-02
   3.25999999       2.38563865E-02
   3.26999998       2.39425097E-02
   3.27999997       2.40290239E-02
   3.28999996       2.41152383E-02
   3.29999995       2.42013782E-02
   3.30999994       2.42876709E-02
   3.31999993       2.43737400E-02
   3.32999992       2.44560540E-02
   3.33999991       2.45457981E-02
   3.34999990       2.46319231E-02
   3.35999990       2.47179791E-02
   3.36999989       2.48039626E-02
   3.37999988       2.48897839E-02
   3.38999987       2.49756370E-02
   3.39999986       2.50616837E-02
   3.40999985       2.51475163E-02
   3.41999984       2.52332427E-02
   3.42999983       2.53190957E-02
   3.43999982       2.54048649E-02
   3.44999981       2.54904963E-02
   3.46000004       2.55762320E-02
   3.47000003       2.56618131E-02
   3.48000002       2.57474128E-02
   3.49000001       2.58329418E-02
   3.50000000       2.59184837E-02
   3.50999999       2.60040984E-02
   3.51999998       2.60895249E-02
   3.52999997       2.61748489E-02
   3.53999996       2.62603387E-02
   3.54999995       2.63454895E-02
   3.55999994       2.64310595E-02
   3.56999993       2.65164021E-02
   3.57999992       2.66017169E-02
   3.58999991       2.66869869E-02
   3.59999990       2.67722681E-02
   3.60999990       2.68574804E-02
   3.61999989       2.69427504E-02
   3.62999988       2.70278864E-02
   3.63999987       2.71129888E-02
   3.64999986       2.71980613E-02
   3.65999985       2.72832122E-02
   3.66999984       2.73682382E-02
   3.67999983       2.74532568E-02
   3.68999982       2.75381226E-02
   3.69999981       2.76229698E-02
   3.70999980       2.77081225E-02
   3.72000003       2.77930629E-02
   3.73000002       2.78779883E-02
   3.74000001       2.79627629E-02
   3.75000000       2.80475970E-02
   3.75999999       2.81320885E-02
   3.76999998       2.82172617E-02
   3.77999997       2.83020381E-02
   3.78999996       2.83866450E-02
   3.79999995       2.84714345E-02
   3.80999994       2.85562165E-02
   3.81999993       2.86408756E-02
   3.82999992       2.87255514E-02
   3.83999991       2.88101435E-02
   3.84999990       2.88948007E-02
   3.85999990       2.89793015E-02
   3.86999989       2.90638991E-02
   3.87999988       2.91484054E-02
   3.88999987       2.92329658E-02
   3.89999986       2.93173790E-02
   3.90999985       2.94018742E-02
   3.91999984       2.94863768E-02
   3.92999983       2.95707881E-02
   3.93999982       2.96550542E-02
   3.94999981       2.97394637E-02
   3.95999980       2.98237111E-02
   3.97000003       2.99082045E-02
   3.98000002       2.99925208E-02
   3.99000001       3.00768446E-02
   4.00000000       3.01611144E-02
   4.00999975       3.02453637E-02
   4.01999998       3.03296670E-02
   4.02999973       3.04139387E-02
   4.03999996       3.04980502E-02
   4.04999971       3.05822771E-02
   4.05999994       3.06663588E-02
   4.06999969       3.07505596E-02
   4.07999992       3.08346171E-02
   4.08999968       3.09187490E-02
   4.09999990       3.10027804E-02
   4.11000013       3.10866740E-02
   4.11999989       3.11709289E-02
   4.13000011       3.12548988E-02
   4.13999987       3.13388854E-02
   4.15000010       3.14229168E-02
   4.15999985       3.14874165E-02
   4.17000008       3.15907337E-02
   4.17999983       3.16740870E-02
   4.19000006       3.17586549E-02
   4.19999981       3.18424404E-02
   4.21000004       3.19264233E-02
   4.21999979       3.20103578E-02
   4.23000002       3.20940986E-02
   4.23999977       3.21778618E-02
   4.25000000       3.22617963E-02
   4.25999975       3.23455520E-02
   4.26999998       3.24292816E-02
   4.27999973       3.25130373E-02
   4.28999996       3.25968638E-02
   4.29999971       3.26805301E-02
   4.30999994       3.27642113E-02
   4.31999969       3.28478850E-02
   4.32999992       3.29315327E-02
   4.33999968       3.30151804E-02
   4.34999990       3.30987349E-02
   4.36000013       3.31824459E-02
   4.36999989       3.32660787E-02
   4.38000011       3.33497375E-02
   4.38999987       3.34332474E-02
   4.40000010       3.35168019E-02
   4.40999985       3.36003825E-02
   4.42000008       3.36838998E-02
   4.42999983       3.37673426E-02
   4.44000006       3.38509902E-02
   4.44999981       3.39344442E-02
   4.46000004       3.40179317E-02
   4.46999979       3.41013484E-02
   4.48000002       3.41848135E-02
   4.48999977       3.42682339E-02
   4.50000000       3.43516283E-02
   4.50999975       3.44341882E-02
   4.51999998       3.45182717E-02
   4.52999973       3.46017219E-02
   4.53999996       3.46849486E-02
   4.54999971       3.47684287E-02
   4.55999994       3.48517299E-02
   4.56999969       3.49350609E-02
   4.57999992       3.50182839E-02
   4.58999968       3.51015702E-02
   4.59999990       3.51847522E-02
   4.61000013       3.52681912E-02
   4.61999989       3.53514403E-02
   4.63000011       3.54345515E-02
   4.63999987       3.55178937E-02
   4.65000010       3.56010422E-02
   4.65999985       3.56842279E-02
   4.67000008       3.57674584E-02
   4.67999983       3.58505622E-02
   4.69000006       3.59337442E-02
   4.69999981       3.60169336E-02
   4.71000004       3.60999629E-02
   4.71999979       3.61480415E-02
   4.73000002       3.62661071E-02
   4.73999977       3.63492556E-02
   4.75000000       3.64322923E-02
   4.75999975       3.65153365E-02
   4.76999998       3.65979113E-02
   4.77999973       3.66814099E-02
   4.78999996       3.67644839E-02
   4.79999971       3.68474722E-02
   4.80999994       3.69305424E-02
   4.81999969       3.70135196E-02
   4.82999992       3.70964408E-02
   4.83999968       3.71794738E-02
   4.84999990       3.72624472E-02
   4.85999966       3.73453721E-02
   4.86999989       3.74283306E-02
   4.88000011       3.75111662E-02
   4.88999987       3.75941396E-02
   4.90000010       3.76769789E-02
   4.90999985       3.77598517E-02
   4.92000008       3.78426835E-02
   4.92999983       3.79254483E-02
   4.94000006       3.80083248E-02
   4.94999981       3.80911455E-02
   4.96000004       3.81739996E-02
   4.96999979       3.82569171E-02
   4.98000002       3.83396298E-02
   4.98999977       3.84224802E-02
   5.00000000       3.85053530E-02
   5.00999975       3.85876261E-02
   5.01999998       3.86707783E-02
   5.02999973       3.87535952E-02
   5.03999996       3.88363637E-02
   5.04999971       3.89190502E-02
   5.05999994       3.90017703E-02
   5.06999969       3.90843526E-02
   5.07999992       3.91671732E-02
   5.08999968       3.92498076E-02
   5.09999990       3.93324904E-02
   5.10999966       3.94151807E-02
   5.11999989       3.94977517E-02
   5.13000011       3.95804308E-02
   5.13999987       3.96630615E-02
   5.15000010       3.97456996E-02
   5.15999985       3.98283601E-02
   5.17000008       3.99108939E-02
   5.17999983       3.99934873E-02
   5.19000006       4.00760882E-02
   5.19999981       4.01588194E-02
   5.21000004       4.02413495E-02
   5.21999979       4.03238647E-02
   5.23000002       4.04064395E-02
   5.23999977       4.04890254E-02
   5.25000000       4.05715816E-02
   5.25999975       4.06539589E-02
   5.26999998       4.07365970E-02
   5.27999973       4.08190526E-02
   5.28999996       4.09014709E-02
   5.29999971       4.09839936E-02
   5.30999994       4.10665274E-02
   5.31999969       4.11489122E-02
   5.32999992       4.12314087E-02
   5.33999968       4.13135737E-02
   5.34999990       4.13703807E-02
   5.35999966       4.14786674E-02
   5.36999989       4.15610336E-02
   5.38000011       4.15985920E-02
   5.38999987       4.17259447E-02
   5.40000010       4.18083966E-02
   5.40999985       4.18907441E-02
   5.42000008       4.19731438E-02
   5.42999983       4.20555361E-02
   5.44000006       4.21379134E-02
   5.44999981       4.22200821E-02
   5.46000004       4.23025824E-02
   5.46999979       4.23849411E-02
   5.48000002       4.24670763E-02
   5.48999977       4.25495058E-02
   5.50000000       4.26317789E-02
   5.50999975       4.27141637E-02
