   9.99999978E-03  -1.33972293E-07
   1.99999996E-02  -1.15971126E-07
   2.99999993E-02  -1.11359295E-08
   3.99999991E-02  -4.36755670E-07
   4.99999970E-02  -1.26222062E-07
   5.99999987E-02  -5.34789848E-08
   7.00000003E-02  -8.02019073E-09
   7.99999982E-02  -1.25014026E-07
   8.99999961E-02  -7.20202280E-08
   9.99999940E-02  -2.04205421E-07
  0.109999999      -2.72901559E-08
  0.119999997      -1.31959723E-08
  0.129999995       8.44593018E-09
  0.140000001      -9.32311508E-08
  0.149999991      -5.48144641E-08
  0.159999996      -1.52288735E-07
  0.170000002      -6.44316458E-08
  0.179999992      -1.30223583E-07
  0.189999998      -3.06937551E-08
  0.199999988      -1.21369624E-07
  0.209999993      -6.76521807E-08
  0.219999999      -1.67257085E-07
  0.229999989      -6.78796539E-08
  0.239999995      -2.03671846E-07
  0.250000000      -8.75544828E-08
  0.259999990      -1.19293148E-07
  0.269999981      -1.52489235E-07
  0.280000001      -1.42534120E-07
  0.289999992      -1.78619615E-07
  0.299999982      -1.65089190E-07
  0.310000002      -1.91186359E-07
  0.319999993      -1.71066660E-07
  0.329999983      -1.75192724E-07
  0.340000004      -1.72740414E-07
  0.349999994      -2.24214773E-07
  0.359999985      -1.99992542E-07
  0.370000005      -1.73221110E-07
  0.379999995      -1.88924275E-07
  0.389999986      -1.86239959E-07
  0.399999976      -1.71543348E-07
  0.409999996      -2.12425391E-07
  0.419999987      -2.03933922E-07
  0.429999977      -2.05558308E-07
  0.439999998      -2.09054065E-07
  0.449999988      -2.10401083E-07
  0.459999979      -2.03323282E-07
  0.469999999      -2.54084227E-07
  0.479999989      -2.37919636E-07
  0.489999980      -2.35189830E-07
  0.500000000      -2.10867185E-07
  0.509999990      -2.42666090E-07
  0.519999981      -2.71339132E-07
  0.529999971      -2.64936347E-07
  0.539999962      -2.75308253E-07
  0.550000012      -4.62653816E-07
  0.560000002      -2.88589291E-07
  0.569999993      -2.56015994E-07
  0.579999983      -2.98591402E-07
  0.589999974      -2.79040876E-07
  0.599999964      -3.10589428E-07
  0.610000014      -2.94425718E-07
  0.620000005      -3.05967319E-07
  0.629999995      -2.90288597E-07
  0.639999986      -2.82141428E-07
  0.649999976      -2.95729450E-07
  0.659999967      -2.74223282E-07
  0.669999957       5.66989399E-07
  0.680000007       5.63068113E-07
  0.689999998       6.06700723E-07
  0.699999988       6.06022866E-07
  0.709999979       1.00964587E-06
  0.719999969       1.04654987E-06
  0.729999959       1.16348156E-06
  0.740000010       1.16596550E-06
  0.750000000       1.28243971E-06
  0.759999990       1.22171377E-06
  0.769999981       1.32162324E-06
  0.779999971       1.32575133E-06
  0.789999962       1.36738879E-06
  0.799999952       1.54423810E-06
  0.810000002       1.66277357E-06
  0.819999993       1.71401462E-06
  0.829999983       1.79375729E-06
  0.839999974       1.90891114E-06
  0.849999964       1.86965826E-06
  0.859999955       2.08026245E-06
  0.870000005       2.30831324E-06
  0.879999995       2.20283550E-06
  0.889999986       2.59195417E-06
  0.899999976       2.69402699E-06
  0.909999967       2.87816033E-06
  0.919999957       3.19971082E-06
  0.930000007       3.31859701E-06
  0.939999998       3.83848555E-06
  0.949999988       4.31976241E-06
  0.959999979       5.06775996E-06
  0.969999969       5.84929012E-06
  0.979999959       7.16441900E-06
  0.989999950       1.13272154E-05
   1.00000000       2.37775341E-04
   1.00999999       2.00563241E-04
   1.01999998       1.99072703E-04
   1.02999997       1.99838949E-04
   1.03999996       2.01290124E-04
   1.04999995       2.03140444E-04
   1.05999994       2.05145232E-04
   1.06999993       2.07431382E-04
   1.07999992       2.07499892E-04
   1.09000003       2.10050741E-04
   1.10000002       2.12817438E-04
   1.11000001       2.15436055E-04
   1.12000000       2.17941240E-04
   1.13000000       2.22720395E-04
   1.13999999       2.24517455E-04
   1.14999998       2.28279430E-04
   1.15999997       2.30945850E-04
   1.16999996       2.33961444E-04
   1.17999995       2.36531079E-04
   1.18999994       2.39828820E-04
   1.19999993       2.42836933E-04
   1.20999992       2.45870440E-04
   1.22000003       2.48920056E-04
   1.23000002       2.50848156E-04
   1.24000001       2.55217659E-04
   1.25000000       2.58462067E-04
   1.25999999       2.61446898E-04
   1.26999998       2.65071983E-04
   1.27999997       2.66471994E-04
   1.28999996       2.71776167E-04
   1.29999995       2.75257800E-04
   1.30999994       2.74739490E-04
   1.31999993       2.82388035E-04
   1.32999992       2.85979360E-04
   1.33999991       2.89628515E-04
   1.35000002       2.92421697E-04
   1.36000001       2.97217426E-04
   1.37000000       3.00735206E-04
   1.38000000       3.00995482E-04
   1.38999999       3.09106923E-04
   1.39999998       3.13200377E-04
   1.40999997       3.17385158E-04
   1.41999996       3.21469764E-04
   1.42999995       3.26013163E-04
   1.43999994       3.30363226E-04
   1.44999993       3.34881363E-04
   1.45999992       3.39193473E-04
   1.46999991       3.41047911E-04
   1.48000002       3.48924368E-04
   1.49000001       3.52957053E-04
   1.50000000       3.58972378E-04
   1.50999999       3.64306412E-04
   1.51999998       3.69561807E-04
   1.52999997       3.75088217E-04
   1.53999996       3.80701502E-04
   1.54999995       3.86373955E-04
   1.55999994       3.92365386E-04
   1.56999993       3.94466799E-04
   1.57999992       4.04646416E-04
   1.58999991       4.10811161E-04
   1.59999990       3.98669683E-04
   1.61000001       4.24643775E-04
   1.62000000       4.31541062E-04
   1.63000000       4.38861374E-04
   1.63999999       4.46649268E-04
   1.64999998       4.54457360E-04
   1.65999997       4.62121738E-04
   1.66999996       4.71130741E-04
   1.67999995       4.79952869E-04
   1.68999994       4.89159836E-04
   1.69999993       4.98700014E-04
   1.70999992       5.08714351E-04
   1.71999991       5.16954286E-04
   1.73000002       5.30220685E-04
   1.74000001       5.41843532E-04
   1.75000000       5.53750084E-04
   1.75999999       5.66753210E-04
   1.76999998       5.80261694E-04
   1.77999997       5.94782527E-04
   1.78999996       6.07961032E-04
   1.79999995       6.26431778E-04
   1.80999994       6.43674750E-04
   1.81999993       6.62774371E-04
   1.82999992       6.82979007E-04
   1.83999991       7.04888080E-04
   1.84999990       7.29016436E-04
   1.86000001       7.55292829E-04
   1.87000000       7.80572242E-04
   1.88000000       8.16634914E-04
   1.88999999       8.52951780E-04
   1.89999998       8.94084107E-04
   1.90999997       9.41456296E-04
   1.91999996       9.96712246E-04
   1.92999995       1.06247910E-03
   1.93999994       1.14274560E-03
   1.94999993       1.24373497E-03
   1.95999992       1.37680734E-03
   1.96999991       1.56379165E-03
   1.97999990       1.85614149E-03
   1.99000001       2.41736928E-03
   2.00000000       4.43111639E-03
   2.00999999       1.33495880E-02
   2.01999998       1.70039330E-02
   2.02999997       1.89541187E-02
   2.03999996       2.02143360E-02
   2.04999995       2.11240090E-02
   2.05999994       2.18303818E-02
   2.06999993       2.24078596E-02
   2.07999992       2.28981003E-02
   2.08999991       2.33265813E-02
   2.09999990       2.37096809E-02
   2.10999990       2.40584444E-02
   2.11999989       2.43804380E-02
   2.12999988       2.46812478E-02
   2.13999987       2.49650255E-02
   2.14999986       2.52350215E-02
   2.15999985       2.54933815E-02
   2.16999984       2.57407334E-02
   2.18000007       2.59824991E-02
   2.19000006       2.62159146E-02
   2.20000005       2.64433026E-02
   2.21000004       2.66653486E-02
   2.22000003       2.68828981E-02
   2.23000002       2.70963535E-02
   2.24000001       2.73062494E-02
   2.25000000       2.75129024E-02
   2.25999999       2.77166013E-02
   2.26999998       2.79181171E-02
   2.27999997       2.81170793E-02
   2.28999996       2.83138864E-02
   2.29999995       2.85090525E-02
   2.30999994       2.87023187E-02
   2.31999993       2.88932044E-02
   2.32999992       2.90842559E-02
   2.33999991       2.92730741E-02
   2.34999990       2.94605680E-02
   2.35999990       2.96471417E-02
   2.36999989       2.98324134E-02
   2.37999988       3.00169736E-02
   2.38999987       3.02005336E-02
   2.39999986       3.03831846E-02
   2.40999985       3.05650532E-02
   2.41999984       3.07461005E-02
   2.42999983       3.09264511E-02
   2.44000006       3.11061069E-02
   2.45000005       3.12851220E-02
   2.46000004       3.14635783E-02
   2.47000003       3.16413306E-02
   2.48000002       3.18186954E-02
   2.49000001       3.19786742E-02
   2.50000000       3.21718231E-02
   2.50999999       3.23476456E-02
   2.51999998       3.25231366E-02
   2.52999997       3.26980948E-02
   2.53999996       3.28726433E-02
   2.54999995       3.30466852E-02
   2.55999994       3.32205556E-02
   2.56999993       3.33939828E-02
   2.57999992       3.35670896E-02
   2.58999991       3.37398797E-02
   2.59999990       3.39119844E-02
   2.60999990       3.40764038E-02
   2.61999989       3.42481658E-02
   2.62999988       3.44197415E-02
   2.63999987       3.45909074E-02
   2.64999986       3.47620100E-02
   2.65999985       3.49327140E-02
   2.66999984       3.51094119E-02
   2.67999983       3.52816507E-02
   2.69000006       3.54515575E-02
   2.70000005       3.56214792E-02
   2.71000004       3.57904509E-02
   2.72000003       3.59604061E-02
   2.73000002       3.61295231E-02
   2.74000001       3.62984277E-02
   2.75000000       3.64671387E-02
   2.75999999       3.66356708E-02
   2.76999998       3.68039496E-02
   2.77999997       3.69720645E-02
   2.78999996       3.71401981E-02
   2.79999995       3.73080373E-02
   2.80999994       3.74756008E-02
   2.81999993       3.76431309E-02
   2.82999992       3.78103964E-02
   2.83999991       3.79774310E-02
   2.84999990       3.81423831E-02
   2.85999990       3.83113883E-02
   2.86999989       3.84775400E-02
   2.87999988       3.86446156E-02
   2.88999987       3.88109908E-02
   2.89999986       3.89767252E-02
   2.90999985       3.91433723E-02
   2.91999984       3.93093377E-02
   2.92999983       3.94751877E-02
   2.93999982       3.96408662E-02
   2.95000005       3.98063473E-02
   2.96000004       3.99718732E-02
   2.97000003       4.01372202E-02
   2.98000002       4.03024293E-02
   2.99000001       4.04675566E-02
   3.00000000       4.06324975E-02
   3.00999999       4.07973267E-02
   3.01999998       4.09621075E-02
   3.02999997       4.11267616E-02
   3.03999996       4.12912592E-02
   3.04999995       4.14556898E-02
   3.05999994       4.16200049E-02
   3.06999993       4.17839438E-02
   3.07999992       4.19481620E-02
   3.08999991       4.21121791E-02
   3.09999990       4.22757491E-02
   3.10999990       4.24398594E-02
   3.11999989       4.26030643E-02
   3.12999988       4.27665822E-02
   3.13999987       4.29306328E-02
   3.14999986       4.30940129E-02
   3.15999985       4.32573520E-02
   3.16999984       4.34204377E-02
   3.17999983       4.35836986E-02
   3.18999982       4.37465273E-02
   3.19999981       4.39095981E-02
   3.21000004       4.40724455E-02
   3.22000003       4.42353189E-02
   3.23000002       4.43980992E-02
   3.24000001       4.45607267E-02
   3.25000000       4.47232649E-02
   3.25999999       4.48856950E-02
   3.26999998       4.50480282E-02
   3.27999997       4.52103317E-02
   3.28999996       4.53726351E-02
   3.29999995       4.55345549E-02
   3.30999994       4.56966907E-02
   3.31999993       4.58586626E-02
   3.32999992       4.60204333E-02
   3.33999991       4.61823605E-02
   3.34999990       4.63441163E-02
   3.35999990       4.65057082E-02
   3.36999989       4.66657840E-02
   3.37999988       4.68290187E-02
   3.38999987       4.69902270E-02
   3.39999986       4.71518449E-02
   3.40999985       4.73131575E-02
   3.41999984       4.74744588E-02
   3.42999983       4.76357602E-02
   3.43999982       4.77968529E-02
   3.44999981       4.79579456E-02
   3.46000004       4.81189080E-02
   3.47000003       4.82798964E-02
   3.48000002       4.84408140E-02
   3.49000001       4.86016199E-02
   3.50000000       4.87623513E-02
   3.50999999       4.89230342E-02
   3.51999998       4.90837172E-02
   3.52999997       4.92438450E-02
   3.53999996       4.94045876E-02
   3.54999995       4.95650955E-02
   3.55999994       4.97241691E-02
   3.56999993       4.98858988E-02
   3.57999992       5.00461273E-02
   3.58999991       5.02062999E-02
   3.59999990       5.03666028E-02
   3.60999990       5.05266711E-02
   3.61999989       5.06867617E-02
   3.62999988       5.08468300E-02
   3.63999987       5.10067865E-02
   3.64999986       5.11664227E-02
   3.65999985       5.13264351E-02
   3.66999984       5.14862761E-02
   3.67999983       5.16459383E-02
   3.68999982       5.18056303E-02
   3.69999981       5.19652441E-02
   3.70999980       5.21247610E-02
   3.72000003       5.22843376E-02
   3.73000002       5.24437837E-02
   3.74000001       5.26032858E-02
   3.75000000       5.27626723E-02
   3.75999999       5.29216714E-02
   3.76999998       5.30810691E-02
   3.77999997       5.32404706E-02
   3.78999996       5.33996560E-02
   3.79999995       5.35588302E-02
   3.80999994       5.37178926E-02
   3.81999993       5.38769625E-02
   3.82999992       5.40358350E-02
   3.83999991       5.41949980E-02
   3.84999990       5.43537885E-02
   3.85999990       5.45127504E-02
   3.86999989       5.46715818E-02
   3.87999988       5.48302867E-02
   3.88999987       5.49890660E-02
   3.89999986       5.51477559E-02
   3.90999985       5.53061888E-02
   3.91999984       5.54649569E-02
   3.92999983       5.56234494E-02
   3.93999982       5.57817407E-02
   3.94999981       5.59402928E-02
   3.95999980       5.60968854E-02
   3.97000003       5.62573038E-02
   3.98000002       5.64157143E-02
   3.99000001       5.65740503E-02
   4.00000000       5.67323305E-02
   4.00999975       5.68905734E-02
   4.01999998       5.70487790E-02
   4.02999973       5.72069883E-02
   4.03999996       5.73651120E-02
   4.04999971       5.75231127E-02
   4.05999994       5.76811768E-02
   4.06999969       5.78391887E-02
   4.07999992       5.79971708E-02
   4.08999968       5.81551082E-02
   4.09999990       5.83129749E-02
   4.11000013       5.84707595E-02
   4.11999989       5.86286597E-02
   4.13000011       5.87864332E-02
   4.13999987       5.89441061E-02
   4.15000010       5.91018833E-02
   4.15999985       5.92595264E-02
   4.17000008       5.94169237E-02
   4.17999983       5.95743507E-02
   4.19000006       5.97323291E-02
   4.19999981       5.98896593E-02
   4.21000004       6.00473322E-02
   4.21999979       6.02049157E-02
   4.23000002       6.03622310E-02
   4.23999977       6.05195276E-02
   4.25000000       6.06771000E-02
   4.25999975       6.08344227E-02
   4.26999998       6.09917492E-02
   4.27999973       6.11491203E-02
   4.28999996       6.13060743E-02
   4.29999971       6.14634305E-02
   4.30999994       6.16203882E-02
   4.31999969       6.17777184E-02
   4.32999992       6.19348176E-02
   4.33999968       6.20917454E-02
   4.34999990       6.22486956E-02
   4.36000013       6.24058992E-02
   4.36999989       6.25628829E-02
   4.38000011       6.27199337E-02
   4.38999987       6.28767237E-02
   4.40000010       6.30337298E-02
   4.40999985       6.31905943E-02
   4.42000008       6.33474365E-02
   4.42999983       6.35027960E-02
   4.44000006       6.36610910E-02
   4.44999981       6.38177246E-02
   4.46000004       6.39745742E-02
   4.46999979       6.41312152E-02
   4.48000002       6.42878339E-02
   4.48999977       6.44444972E-02
   4.50000000       6.46011084E-02
   4.50999975       6.47547692E-02
   4.51999998       6.49137720E-02
   4.52999973       6.50707260E-02
   4.53999996       6.52256608E-02
   4.54999971       6.53836951E-02
   4.55999994       6.55401647E-02
   4.56999969       6.56966120E-02
   4.57999992       6.58529252E-02
   4.58999968       6.60093799E-02
   4.59999990       6.61656857E-02
   4.61000013       6.63220808E-02
   4.61999989       6.64782673E-02
   4.63000011       6.66345581E-02
   4.63999987       6.67908341E-02
   4.65000010       6.69468790E-02
   4.65999985       6.71030208E-02
   4.67000008       6.72595128E-02
   4.67999983       6.74154386E-02
   4.69000006       6.75715357E-02
   4.69999981       6.77276552E-02
   4.71000004       6.78837299E-02
   4.71999979       6.80395737E-02
   4.73000002       6.81955963E-02
   4.73999977       6.83516935E-02
   4.75000000       6.85076490E-02
   4.75999975       6.86636716E-02
   4.76999998       6.88191429E-02
   4.77999973       6.89698383E-02
   4.78999996       6.91313669E-02
   4.79999971       6.92870393E-02
   4.80999994       6.94430918E-02
   4.81999969       6.95988908E-02
   4.82999992       6.97545111E-02
   4.83999968       6.99103847E-02
   4.84999990       7.00661466E-02
   4.85999966       7.02216923E-02
   4.86999989       7.03776851E-02
   4.88000011       7.05331787E-02
   4.88999987       7.06888214E-02
   4.90000010       7.08444342E-02
   4.90999985       7.10000619E-02
   4.92000008       7.11555481E-02
   4.92999983       7.13107586E-02
   4.94000006       7.14667290E-02
   4.94999981       7.16221333E-02
   4.96000004       7.17777088E-02
   4.96999979       7.19331279E-02
   4.98000002       7.20886290E-02
   4.98999977       7.22439960E-02
   5.00000000       7.23992661E-02
   5.00999975       7.25549683E-02
   5.01999998       7.27088526E-02
   5.02999973       7.28656873E-02
   5.03999996       7.30210170E-02
   5.04999971       7.31762573E-02
   5.05999994       7.33314827E-02
   5.06999969       7.34862313E-02
   5.07999992       7.36420378E-02
   5.08999968       7.37972036E-02
   5.09999990       7.39525184E-02
   5.10999966       7.41076618E-02
   5.11999989       7.42628425E-02
   5.13000011       7.44179040E-02
   5.13999987       7.45732188E-02
   5.15000010       7.47282729E-02
   5.15999985       7.48833120E-02
   5.17000008       7.50384107E-02
   5.17999983       7.51935318E-02
   5.19000006       7.53485188E-02
   5.19999981       7.55036026E-02
   5.21000004       7.56585598E-02
   5.21999979       7.58136809E-02
   5.23000002       7.59686232E-02
   5.23999977       7.61235207E-02
   5.25000000       7.62785673E-02
   5.25999975       7.64335245E-02
   5.26999998       7.65882283E-02
   5.27999973       7.67431259E-02
   5.28999996       7.68980086E-02
   5.29999971       7.70528093E-02
   5.30999994       7.72076324E-02
   5.31999969       7.73624405E-02
   5.32999992       7.75173530E-02
   5.33999968       7.76720569E-02
   5.34999990       7.78266937E-02
   5.35999966       7.79813230E-02
   5.36999989       7.81363174E-02
   5.38000011       7.82909915E-02
   5.38999987       7.84457475E-02
   5.40000010       7.86004290E-02
   5.40999985       7.87550285E-02
   5.42000008       7.89098367E-02
   5.42999983       7.90643543E-02
   5.44000006       7.92191178E-02
   5.44999981       7.93733299E-02
   5.46000004       7.95283392E-02
   5.46999979       7.96826854E-02
   5.48000002       7.98373818E-02
   5.48999977       7.99917430E-02
   5.50000000       8.01462084E-02
   5.50999975       8.03007632E-02
