   9.99999978E-03   1.08973914E-08
   1.99999996E-02  -1.13765928E-07
   2.99999993E-02  -2.42580825E-07
   3.99999991E-02  -1.35402416E-07
   4.99999970E-02  -1.91145858E-07
   5.99999987E-02   6.87936108E-07
   7.00000003E-02  -2.02472052E-07
   7.99999982E-02  -1.66593139E-07
   8.99999961E-02  -1.19699308E-07
   9.99999940E-02  -2.57256403E-08
  0.109999999      -2.66750988E-07
  0.119999997      -1.02850890E-07
  0.129999995       1.15537432E-07
  0.140000001      -2.17434547E-07
  0.149999991      -1.11977499E-07
  0.159999996      -9.36904314E-08
  0.170000002      -3.92001624E-07
  0.179999992      -2.61814705E-07
  0.189999998      -2.88412934E-07
  0.199999988      -2.67528293E-07
  0.209999993       5.27535349E-10
  0.219999999      -5.14706983E-07
  0.229999989      -3.45089262E-07
  0.239999995      -3.35544655E-07
  0.250000000      -2.90865017E-07
  0.259999990      -3.61237284E-07
  0.269999981      -3.38554287E-07
  0.280000001      -3.40458428E-07
  0.289999992      -4.24969102E-07
  0.299999982      -3.67819581E-07
  0.310000002      -4.14792453E-07
  0.319999993      -4.52068065E-07
  0.329999983      -4.49285039E-07
  0.340000004      -5.04035938E-07
  0.349999994      -5.52785650E-07
  0.359999985      -5.30482225E-07
  0.370000005      -5.07081950E-07
  0.379999995      -5.69729764E-07
  0.389999986      -5.77050514E-07
  0.399999976      -4.79509310E-07
  0.409999996      -5.09702716E-07
  0.419999987      -5.61105935E-07
  0.429999977      -6.21242521E-07
  0.439999998      -5.84342615E-07
  0.449999988      -5.46687374E-07
  0.459999979      -6.35651645E-07
  0.469999999      -6.73752311E-07
  0.479999989      -6.35689389E-07
  0.489999980      -6.67152221E-07
  0.500000000      -5.75254830E-07
  0.509999990      -6.22128994E-07
  0.519999981      -6.66605160E-07
  0.529999971      -7.42833663E-07
  0.539999962      -7.11941311E-07
  0.550000012      -7.27059842E-07
  0.560000002      -6.54744554E-07
  0.569999993      -7.30096531E-07
  0.579999983      -6.58230874E-07
  0.589999974      -7.11756798E-07
  0.599999964      -8.05012462E-07
  0.610000014      -7.26363169E-07
  0.620000005      -7.13821692E-07
  0.629999995      -6.79218715E-07
  0.639999986      -6.30075192E-07
  0.649999976      -5.44009936E-07
  0.659999967      -3.21801821E-07
  0.669999957       5.41408644E-06
  0.680000007       5.74653177E-06
  0.689999998       5.86323449E-06
  0.699999988       5.98090446E-06
  0.709999979       6.08675327E-06
  0.719999969       6.06446110E-06
  0.729999959       6.53221559E-06
  0.740000010       6.49659160E-06
  0.750000000       6.81950769E-06
  0.759999990       6.61807189E-06
  0.769999981       7.41458189E-06
  0.779999971       7.83788073E-06
  0.789999962       7.95811502E-06
  0.799999952       8.29616056E-06
  0.810000002       8.60668570E-06
  0.819999993       8.18470471E-06
  0.829999983       9.47006902E-06
  0.839999974       1.01586093E-05
  0.849999964       1.04944174E-05
  0.859999955       1.09180983E-05
  0.870000005       1.16636593E-05
  0.879999995       1.18584503E-05
  0.889999986       1.30925537E-05
  0.899999976       1.39269432E-05
  0.909999967       1.47903229E-05
  0.919999957       1.61370899E-05
  0.930000007       1.74419438E-05
  0.939999998       1.96983965E-05
  0.949999988       2.13917720E-05
  0.959999979       2.52696300E-05
  0.969999969       2.93704834E-05
  0.979999959       3.73362018E-05
  0.989999950       5.49528668E-05
   1.00000000       6.71466580E-04
   1.00999999       5.83781570E-04
   1.01999998       5.76622901E-04
   1.02999997       5.76484250E-04
   1.03999996       5.79260464E-04
   1.04999995       5.83370042E-04
   1.05999994       5.88350056E-04
   1.06999993       5.94065874E-04
   1.07999992       5.96511469E-04
   1.09000003       6.06625457E-04
   1.10000002       6.13299140E-04
   1.11000001       6.20255363E-04
   1.12000000       6.27308385E-04
   1.13000000       6.34102733E-04
   1.13999999       6.42090919E-04
   1.14999998       6.49865833E-04
   1.15999997       6.57607103E-04
   1.16999996       6.65478932E-04
   1.17999995       6.73490635E-04
   1.18999994       6.81595644E-04
   1.19999993       6.89162058E-04
   1.20999992       6.95776602E-04
   1.22000003       7.06769002E-04
   1.23000002       7.15454633E-04
   1.24000001       7.24250858E-04
   1.25000000       7.32540560E-04
   1.25999999       7.42162461E-04
   1.26999998       7.51390529E-04
   1.27999997       7.60710216E-04
   1.28999996       7.70154642E-04
   1.29999995       7.79703434E-04
   1.30999994       7.88861187E-04
   1.31999993       7.99503236E-04
   1.32999992       8.09580961E-04
   1.33999991       8.19891458E-04
   1.35000002       8.30341247E-04
   1.36000001       8.40992841E-04
   1.37000000       8.51692923E-04
   1.38000000       8.62776651E-04
   1.38999999       8.74031917E-04
   1.39999998       8.85394576E-04
   1.40999997       8.97200778E-04
   1.41999996       9.09081718E-04
   1.42999995       9.21223720E-04
   1.43999994       9.33534931E-04
   1.44999993       9.46275832E-04
   1.45999992       9.59164114E-04
   1.46999991       9.60172387E-04
   1.48000002       9.85865714E-04
   1.49000001       9.99652781E-04
   1.50000000       1.01385475E-03
   1.50999999       1.02833868E-03
   1.51999998       1.04323681E-03
   1.52999997       1.05848361E-03
   1.53999996       1.07408559E-03
   1.54999995       1.09020178E-03
   1.55999994       1.10671704E-03
   1.56999993       1.12372451E-03
   1.57999992       1.14084489E-03
   1.58999991       1.15922757E-03
   1.59999990       1.17782468E-03
   1.61000001       1.19695952E-03
   1.62000000       1.21656118E-03
   1.63000000       1.23296247E-03
   1.63999999       1.25851925E-03
   1.64999998       1.28038798E-03
   1.65999997       1.30319397E-03
   1.66999996       1.32682908E-03
   1.67999995       1.35144684E-03
   1.68999994       1.37726008E-03
   1.69999993       1.40382408E-03
   1.70999992       1.43185793E-03
   1.71999991       1.46118877E-03
   1.73000002       1.49189180E-03
   1.74000001       1.52405992E-03
   1.75000000       1.55788462E-03
   1.75999999       1.59356208E-03
   1.76999998       1.63145561E-03
   1.77999997       1.67141331E-03
   1.78999996       1.71403121E-03
   1.79999995       1.75834436E-03
   1.80999994       1.80800993E-03
   1.81999993       1.86010951E-03
   1.82999992       1.91630388E-03
   1.83999991       1.97711075E-03
   1.84999990       2.04336108E-03
   1.86000001       2.11588806E-03
   1.87000000       2.19582557E-03
   1.88000000       2.28453963E-03
   1.88999999       2.38388148E-03
   1.89999998       2.49619316E-03
   1.90999997       2.62508192E-03
   1.91999996       2.77473219E-03
   1.92999995       2.95165321E-03
   1.93999994       3.16593936E-03
   1.94999993       3.43290181E-03
   1.95999992       3.77946184E-03
   1.96999991       4.25581634E-03
   1.97999990       4.97255381E-03
   1.99000001       6.24300586E-03
   2.00000000       9.60658584E-03
   2.00999999       2.02105530E-02
   2.01999998       2.60822959E-02
   2.02999997       2.95689683E-02
   2.03999996       3.19338478E-02
   2.04999995       3.36824954E-02
   2.05999994       3.50558683E-02
   2.06999993       3.61823663E-02
   2.07999992       3.71379256E-02
   2.08999991       3.79698053E-02
   2.09999990       3.87093909E-02
   2.10999990       3.93783823E-02
   2.11999989       3.99916470E-02
   2.12999988       4.05603610E-02
   2.13999987       4.10930738E-02
   2.14999986       4.15930897E-02
   2.15999985       4.20742296E-02
   2.16999984       4.25315201E-02
   2.18000007       4.29709665E-02
   2.19000006       4.33952771E-02
   2.20000005       4.38059643E-02
   2.21000004       4.42059264E-02
   2.22000003       4.45954129E-02
   2.23000002       4.49759662E-02
   2.24000001       4.53488007E-02
   2.25000000       4.57145497E-02
   2.25999999       4.60738763E-02
   2.26999998       4.64281589E-02
   2.27999997       4.67764474E-02
   2.28999996       4.71206121E-02
   2.29999995       4.74604852E-02
   2.30999994       4.77963910E-02
   2.31999993       4.81283069E-02
   2.32999992       4.84585017E-02
   2.33999991       4.87848260E-02
   2.34999990       4.91084978E-02
   2.35999990       4.94296215E-02
   2.36999989       4.97483648E-02
   2.37999988       5.00650406E-02
   2.38999987       5.03795072E-02
   2.39999986       5.06919734E-02
   2.40999985       5.10030463E-02
   2.41999984       5.13123982E-02
   2.42999983       5.16195782E-02
   2.44000006       5.19262701E-02
   2.45000005       5.22303209E-02
   2.46000004       5.25346771E-02
   2.47000003       5.28368913E-02
   2.48000002       5.31379730E-02
   2.49000001       5.34380153E-02
   2.50000000       5.37370294E-02
   2.50999999       5.40350340E-02
   2.51999998       5.43319844E-02
   2.52999997       5.46281114E-02
   2.53999996       5.49233966E-02
   2.54999995       5.52178174E-02
   2.55999994       5.55110015E-02
   2.56999993       5.58042526E-02
   2.57999992       5.60964197E-02
   2.58999991       5.63879386E-02
   2.59999990       5.66786490E-02
   2.60999990       5.69688454E-02
   2.61999989       5.72584011E-02
   2.62999988       5.75473346E-02
   2.63999987       5.78356981E-02
   2.64999986       5.81234284E-02
   2.65999985       5.84105775E-02
   2.66999984       5.86976334E-02
   2.67999983       5.89838699E-02
   2.69000006       5.92693463E-02
   2.70000005       5.95550314E-02
   2.71000004       5.98398969E-02
   2.72000003       6.01243488E-02
   2.73000002       6.04083426E-02
   2.74000001       6.06919117E-02
   2.75000000       6.09751679E-02
   2.75999999       6.12573922E-02
   2.76999998       6.15403652E-02
   2.77999997       6.18224740E-02
   2.78999996       6.21042214E-02
   2.79999995       6.23853765E-02
   2.80999994       6.26666322E-02
   2.81999993       6.29471838E-02
   2.82999992       6.32276088E-02
   2.83999991       6.35076836E-02
   2.84999990       6.37875125E-02
   2.85999990       6.40670136E-02
   2.86999989       6.43460155E-02
   2.87999988       6.46249652E-02
   2.88999987       6.49031922E-02
   2.89999986       6.51819706E-02
   2.90999985       6.54600039E-02
   2.91999984       6.57376572E-02
   2.92999983       6.60153627E-02
   2.93999982       6.62926361E-02
   2.95000005       6.65696561E-02
   2.96000004       6.68464452E-02
   2.97000003       6.71230555E-02
   2.98000002       6.73992708E-02
   2.99000001       6.76739737E-02
   3.00000000       6.79512993E-02
   3.00999999       6.82269260E-02
   3.01999998       6.85015917E-02
   3.02999997       6.87777624E-02
   3.03999996       6.90527558E-02
   3.04999995       6.93276301E-02
   3.05999994       6.96017668E-02
   3.06999993       6.98766708E-02
   3.07999992       7.01507628E-02
   3.08999991       7.04248995E-02
   3.09999990       7.06987903E-02
   3.10999990       7.09700286E-02
   3.11999989       7.12459832E-02
   3.12999988       7.15192407E-02
   3.13999987       7.17923641E-02
   3.14999986       7.20653310E-02
   3.15999985       7.23381937E-02
   3.16999984       7.26107284E-02
   3.17999983       7.28830993E-02
   3.18999982       7.31548741E-02
   3.19999981       7.34277293E-02
   3.21000004       7.36996606E-02
   3.22000003       7.39714578E-02
   3.23000002       7.42432624E-02
   3.24000001       7.45148882E-02
   3.25000000       7.47860968E-02
   3.25999999       7.50572607E-02
   3.26999998       7.53282607E-02
   3.27999997       7.55986944E-02
   3.28999996       7.58701786E-02
   3.29999995       7.61407912E-02
   3.30999994       7.64112547E-02
   3.31999993       7.66813084E-02
   3.32999992       7.69519061E-02
   3.33999991       7.72218928E-02
   3.34999990       7.74915069E-02
   3.35999990       7.77613223E-02
   3.36999989       7.80313089E-02
   3.37999988       7.83011019E-02
   3.38999987       7.85705596E-02
   3.39999986       7.88399056E-02
   3.40999985       7.91088864E-02
   3.41999984       7.93783143E-02
   3.42999983       7.96472505E-02
   3.43999982       7.99160004E-02
   3.44999981       8.01846310E-02
   3.46000004       8.04535821E-02
   3.47000003       8.07223320E-02
   3.48000002       8.09903890E-02
   3.49000001       8.12587515E-02
   3.50000000       8.15263018E-02
   3.50999999       8.17950293E-02
   3.51999998       8.20630118E-02
   3.52999997       8.23307931E-02
   3.53999996       8.25986266E-02
   3.54999995       8.28662738E-02
   3.55999994       8.31337720E-02
   3.56999993       8.34003761E-02
   3.57999992       8.36686194E-02
   3.58999991       8.39358717E-02
   3.59999990       8.42030123E-02
   3.60999990       8.44699293E-02
   3.61999989       8.47369581E-02
   3.62999988       8.50039348E-02
   3.63999987       8.52706581E-02
   3.64999986       8.55373070E-02
   3.65999985       8.58037919E-02
   3.66999984       8.60703364E-02
   3.67999983       8.63368064E-02
   3.68999982       8.66030753E-02
   3.69999981       8.68691728E-02
   3.70999980       8.71353075E-02
   3.72000003       8.74014348E-02
   3.73000002       8.76673535E-02
   3.74000001       8.79331008E-02
   3.75000000       8.81990418E-02
   3.75999999       8.84645581E-02
   3.76999998       8.87303203E-02
   3.77999997       8.89954194E-02
   3.78999996       8.92611891E-02
   3.79999995       8.95265117E-02
   3.80999994       8.97918865E-02
   3.81999993       9.00570825E-02
   3.82999992       9.03222486E-02
   3.83999991       9.05870572E-02
   3.84999990       9.08521935E-02
   3.85999990       9.11170989E-02
   3.86999989       9.13817734E-02
   3.87999988       9.16465893E-02
   3.88999987       9.19112936E-02
   3.89999986       9.21739042E-02
   3.90999985       9.24401060E-02
   3.91999984       9.27047133E-02
   3.92999983       9.29688960E-02
   3.93999982       9.32334065E-02
   3.94999981       9.34975594E-02
   3.95999980       9.37615484E-02
   3.97000003       9.40258279E-02
   3.98000002       9.42897052E-02
   3.99000001       9.45537835E-02
   4.00000000       9.48176011E-02
   4.00999975       9.50813517E-02
   4.01999998       9.53451693E-02
   4.02999973       9.56087932E-02
   4.03999996       9.58722010E-02
   4.04999971       9.61358920E-02
   4.05999994       9.63993371E-02
   4.06999969       9.66627672E-02
   4.07999992       9.69261304E-02
   4.08999968       9.71888304E-02
   4.09999990       9.74525809E-02
   4.11000013       9.77155939E-02
   4.11999989       9.79787707E-02
   4.13000011       9.82417241E-02
   4.13999987       9.85046402E-02
   4.15000010       9.87675413E-02
   4.15999985       9.90301520E-02
   4.17000008       9.92932394E-02
   4.17999983       9.95555297E-02
   4.19000006       9.98185501E-02
   4.19999981      0.100081138    
   4.21000004      0.100343712    
   4.21999979      0.100606166    
   4.23000002      0.100868709    
   4.23999977      0.101130933    
   4.25000000      0.101393327    
   4.25999975      0.101655573    
   4.26999998      0.101917721    
   4.27999973      0.102179959    
   4.28999996      0.102441989    
   4.29999971      0.102704003    
   4.30999994      0.102965936    
   4.31999969      0.103227839    
   4.32999992      0.103489466    
   4.33999968      0.103751555    
   4.34999990      0.104013205    
   4.36000013      0.104274966    
   4.36999989      0.104536593    
   4.38000011      0.104798310    
   4.38999987      0.105059557    
   4.40000010      0.105321221    
   4.40999985      0.105582766    
   4.42000008      0.105844252    
   4.42999983      0.106105559    
   4.44000006      0.106366791    
   4.44999981      0.106627949    
   4.46000004      0.106889233    
   4.46999979      0.107150503    
   4.48000002      0.107411474    
   4.48999977      0.107672624    
   4.50000000      0.107933573    
   4.50999975      0.108194433    
   4.51999998      0.108455501    
   4.52999973      0.108716302    
   4.53999996      0.108977139    
   4.54999971      0.109237850    
   4.55999994      0.109498583    
   4.56999969      0.109759264    
   4.57999992      0.110020034    
   4.58999968      0.110280581    
   4.59999990      0.110541172    
   4.61000013      0.110801250    
   4.61999989      0.111062214    
   4.63000011      0.111322634    
   4.63999987      0.111583039    
   4.65000010      0.111843333    
   4.65999985      0.112103358    
   4.67000008      0.112363897    
   4.67999983      0.112623602    
   4.69000006      0.112884276    
   4.69999981      0.113144271    
   4.71000004      0.113404430    
   4.71999979      0.113664366    
   4.73000002      0.113924392    
   4.73999977      0.114184305    
   4.75000000      0.114444353    
   4.75999975      0.114704214    
   4.76999998      0.114964046    
   4.77999973      0.115223907    
   4.78999996      0.115483664    
   4.79999971      0.115743332    
   4.80999994      0.116003014    
   4.81999969      0.116262078    
   4.82999992      0.116522282    
   4.83999968      0.116781719    
   4.84999990      0.117041320    
   4.85999966      0.117300823    
   4.86999989      0.117560372    
   4.88000011      0.117818855    
   4.88999987      0.118079141    
   4.90000010      0.118338503    
   4.90999985      0.118597798    
   4.92000008      0.118857019    
   4.92999983      0.119113438    
   4.94000006      0.119375393    
   4.94999981      0.119634695    
   4.96000004      0.119893782    
   4.96999979      0.120152727    
   4.98000002      0.120411806    
   4.98999977      0.120670944    
   5.00000000      0.120929904    
   5.00999975      0.121189006    
   5.01999998      0.121447630    
   5.02999973      0.121706747    
   5.03999996      0.121965654    
   5.04999971      0.122224391    
   5.05999994      0.122483276    
   5.06999969      0.122741960    
   5.07999992      0.123000495    
   5.08999968      0.123258978    
   5.09999990      0.123518005    
   5.10999966      0.123776533    
   5.11999989      0.124035157    
   5.13000011      0.124293439    
   5.13999987      0.124552242    
   5.15000010      0.124810770    
   5.15999985      0.125069231    
   5.17000008      0.125327677    
   5.17999983      0.125585824    
   5.19000006      0.125844389    
   5.19999981      0.126102835    
   5.21000004      0.126360968    
   5.21999979      0.126619279    
   5.23000002      0.126877099    
   5.23999977      0.127135932    
   5.25000000      0.127394006    
   5.25999975      0.127652049    
   5.26999998      0.127910241    
   5.27999973      0.128168419    
   5.28999996      0.128426462    
   5.29999971      0.128684580    
   5.30999994      0.128942460    
   5.31999969      0.129200473    
   5.32999992      0.129458323    
   5.33999968      0.129716203    
   5.34999990      0.129974231    
   5.35999966      0.130232155    
   5.36999989      0.130489498    
   5.38000011      0.130747885    
   5.38999987      0.131005183    
   5.40000010      0.131263241    
   5.40999985      0.131521165    
   5.42000008      0.131778762    
   5.42999983      0.132036284    
   5.44000006      0.132294059    
   5.44999981      0.132551625    
   5.46000004      0.132809341    
   5.46999979      0.133066773    
   5.48000002      0.133323789    
   5.48999977      0.133581817    
   5.50000000      0.133839071    
   5.50999975      0.134096742    
