   9.99999978E-03  -1.40365017E-07
   1.99999996E-02  -1.11642336E-07
   2.99999993E-02  -4.96050916E-08
   3.99999991E-02  -1.56855464E-07
   4.99999970E-02  -2.92975642E-07
   5.99999987E-02  -3.12888403E-07
   7.00000003E-02  -3.18039838E-07
   7.99999982E-02  -3.84392592E-07
   8.99999961E-02  -4.22176981E-07
   9.99999940E-02  -4.82760356E-07
  0.109999999      -4.92873937E-07
  0.119999997      -5.95645042E-06
  0.129999995      -5.54908411E-07
  0.140000001      -2.53333610E-06
  0.149999991      -7.23304254E-07
  0.159999996      -7.41961685E-07
  0.170000002      -8.10086249E-07
  0.179999992      -1.14461545E-06
  0.189999998      -8.87179340E-07
  0.199999988      -9.28167310E-07
  0.209999993      -8.54746133E-07
  0.219999999      -1.14614068E-06
  0.229999989      -1.07687777E-06
  0.239999995      -1.17933769E-06
  0.250000000      -1.18129833E-06
  0.259999990      -1.21384608E-06
  0.269999981      -1.27129260E-06
  0.280000001      -1.73673493E-06
  0.289999992      -1.34217282E-06
  0.299999982      -1.44865885E-06
  0.310000002      -1.18791411E-06
  0.319999993      -1.45350430E-06
  0.329999983      -1.50167773E-06
  0.340000004      -1.49766322E-06
  0.349999994      -1.59800652E-06
  0.359999985      -1.64523942E-06
  0.370000005      -1.55643352E-06
  0.379999995      -1.94260429E-06
  0.389999986      -1.90226456E-06
  0.399999976      -1.64984385E-06
  0.409999996      -1.87020805E-06
  0.419999987      -1.85534986E-06
  0.429999977      -1.97857730E-06
  0.439999998      -2.03917671E-06
  0.449999988      -2.06493178E-06
  0.459999979      -2.15493947E-06
  0.469999999      -2.11799033E-06
  0.479999989      -1.96815495E-06
  0.489999980      -2.22984841E-06
  0.500000000      -1.59020294E-06
  0.509999990      -1.77359561E-06
  0.519999981      -1.88488252E-06
  0.529999971      -1.52651319E-06
  0.539999962      -1.52866130E-06
  0.550000012      -1.48055892E-06
  0.560000002      -1.38108658E-06
  0.569999993      -1.43192460E-06
  0.579999983      -1.20739492E-06
  0.589999974      -1.18023650E-06
  0.599999964      -1.11322151E-06
  0.610000014      -1.00650334E-06
  0.620000005      -6.09963308E-07
  0.629999995      -3.63888489E-07
  0.639999986       2.41710495E-07
  0.649999976       8.10907977E-07
  0.659999967       3.99957162E-06
  0.669999957       4.27085251E-05
  0.680000007       3.77266297E-05
  0.689999998       4.05180181E-05
  0.699999988       4.05549254E-05
  0.709999979       4.09386557E-05
  0.719999969       4.25509061E-05
  0.729999959       4.31985427E-05
  0.740000010       4.54156616E-05
  0.750000000       4.55046356E-05
  0.759999990       4.82515024E-05
  0.769999981       4.98980662E-05
  0.779999971       5.12831939E-05
  0.789999962       5.21038201E-05
  0.799999952       5.43600108E-05
  0.810000002       5.77190513E-05
  0.819999993       6.00680141E-05
  0.829999983       6.24909371E-05
  0.839999974       6.54875912E-05
  0.849999964       6.84615152E-05
  0.859999955       7.19138043E-05
  0.870000005       7.57614762E-05
  0.879999995       7.86911914E-05
  0.889999986       8.48288328E-05
  0.899999976       9.01153326E-05
  0.909999967       9.63248967E-05
  0.919999957       9.93469730E-05
  0.930000007       1.11087451E-04
  0.939999998       1.24027909E-04
  0.949999988       1.38511023E-04
  0.959999979       1.52838154E-04
  0.969999969       1.85655721E-04
  0.979999959       2.32647420E-04
  0.989999950       3.34013632E-04
   1.00000000       2.22404115E-03
   1.00999999       2.03779410E-03
   1.01999998       1.99933862E-03
   1.02999997       1.99049339E-03
   1.03999996       1.99326687E-03
   1.04999995       2.00221618E-03
   1.05999994       2.01505679E-03
   1.06999993       2.03057821E-03
   1.07999992       2.04811059E-03
   1.09000003       2.06701970E-03
   1.10000002       2.08711135E-03
   1.11000001       2.10819067E-03
   1.12000000       2.13011145E-03
   1.13000000       2.15189857E-03
   1.13999999       2.17605243E-03
   1.14999998       2.19990523E-03
   1.15999997       2.22440972E-03
   1.16999996       2.24918965E-03
   1.17999995       2.27471022E-03
   1.18999994       2.30066921E-03
   1.19999993       2.32715136E-03
   1.20999992       2.35415157E-03
   1.22000003       2.38137622E-03
   1.23000002       2.40939949E-03
   1.24000001       2.43783626E-03
   1.25000000       2.46680691E-03
   1.25999999       2.49600993E-03
   1.26999998       2.52589420E-03
   1.27999997       2.55615264E-03
   1.28999996       2.58693681E-03
   1.29999995       2.61792564E-03
   1.30999994       2.64992472E-03
   1.31999993       2.68215686E-03
   1.32999992       2.71538924E-03
   1.33999991       2.74871127E-03
   1.35000002       2.78306101E-03
   1.36000001       2.81131035E-03
   1.37000000       2.85303919E-03
   1.38000000       2.88805226E-03
   1.38999999       2.92550004E-03
   1.39999998       2.96316901E-03
   1.40999997       3.00142961E-03
   1.41999996       3.04032373E-03
   1.42999995       3.08005908E-03
   1.43999994       3.12056649E-03
   1.44999993       3.16201500E-03
   1.45999992       3.20427795E-03
   1.46999991       3.24711343E-03
   1.48000002       3.29175615E-03
   1.49000001       3.33710923E-03
   1.50000000       3.38328211E-03
   1.50999999       3.43095558E-03
   1.51999998       3.47967027E-03
   1.52999997       3.52956913E-03
   1.53999996       3.58087639E-03
   1.54999995       3.63345584E-03
   1.55999994       3.68770980E-03
   1.56999993       3.74328741E-03
   1.57999992       3.79899004E-03
   1.58999991       3.85958119E-03
   1.59999990       3.92046245E-03
   1.61000001       3.98306269E-03
   1.62000000       4.04798659E-03
   1.63000000       4.11498779E-03
   1.63999999       4.18433687E-03
   1.64999998       4.25598351E-03
   1.65999997       4.32952726E-03
   1.66999996       4.40789899E-03
   1.67999995       4.48825024E-03
   1.68999994       4.57192631E-03
   1.69999993       4.65910789E-03
   1.70999992       4.75015398E-03
   1.71999991       4.84527228E-03
   1.73000002       4.93830349E-03
   1.74000001       5.04952762E-03
   1.75000000       5.15623670E-03
   1.75999999       5.27527463E-03
   1.76999998       5.39767882E-03
   1.77999997       5.52711170E-03
   1.78999996       5.66456886E-03
   1.79999995       5.81076974E-03
   1.80999994       5.96689340E-03
   1.81999993       6.13417057E-03
   1.82999992       6.31404528E-03
   1.83999991       6.50661718E-03
   1.84999990       6.71930145E-03
   1.86000001       6.94964081E-03
   1.87000000       7.20199663E-03
   1.88000000       7.48114474E-03
   1.88999999       7.79209146E-03
   1.89999998       8.14106967E-03
   1.90999997       8.53900425E-03
   1.91999996       8.99600051E-03
   1.92999995       9.53137130E-03
   1.93999994       1.01690888E-02
   1.94999993       1.09486058E-02
   1.95999992       1.19332438E-02
   1.96999991       1.32342009E-02
   1.97999990       1.50707886E-02
   1.99000001       1.79601386E-02
   2.00000000       2.35313568E-02
   2.00999999       3.55575047E-02
   2.01999998       4.43021879E-02
   2.02999997       5.02793491E-02
   2.03999996       5.46533652E-02
   2.04999995       5.80378138E-02
   2.05999994       6.07702546E-02
   2.06999993       6.30510002E-02
   2.07999992       6.50051981E-02
   2.08999991       6.67154789E-02
   2.09999990       6.82372004E-02
   2.10999990       6.96152523E-02
   2.11999989       7.08747059E-02
   2.12999988       7.20390901E-02
   2.13999987       7.31251091E-02
   2.14999986       7.41458386E-02
   2.15999985       7.51117244E-02
   2.16999984       7.60307238E-02
   2.18000007       7.69097060E-02
   2.19000006       7.77540281E-02
   2.20000005       7.85670578E-02
   2.21000004       7.93559924E-02
   2.22000003       8.01186934E-02
   2.23000002       8.08644891E-02
   2.24000001       8.15899670E-02
   2.25000000       8.22991058E-02
   2.25999999       8.29935148E-02
   2.26999998       8.36746469E-02
   2.27999997       8.43438655E-02
   2.28999996       8.50016177E-02
   2.29999995       8.56503993E-02
   2.30999994       8.62893611E-02
   2.31999993       8.69205296E-02
   2.32999992       8.75438005E-02
   2.33999991       8.81600305E-02
   2.34999990       8.87698457E-02
   2.35999990       8.93735439E-02
   2.36999989       8.99717584E-02
   2.37999988       9.05645639E-02
   2.38999987       9.11528766E-02
   2.39999986       9.17364806E-02
   2.40999985       9.23158824E-02
   2.41999984       9.28913876E-02
   2.42999983       9.34631526E-02
   2.44000006       9.40314606E-02
   2.45000005       9.45964381E-02
   2.46000004       9.51583833E-02
   2.47000003       9.57173035E-02
   2.48000002       9.62737054E-02
   2.49000001       9.68272313E-02
   2.50000000       9.73784551E-02
   2.50999999       9.79272649E-02
   2.51999998       9.84737948E-02
   2.52999997       9.90183577E-02
   2.53999996       9.95606929E-02
   2.54999995      0.100101240    
   2.55999994      0.100639917    
   2.56999993      0.101176947    
   2.57999992      0.101712152    
   2.58999991      0.102245733    
   2.59999990      0.102777787    
   2.60999990      0.103308395    
   2.61999989      0.103837609    
   2.62999988      0.104365498    
   2.63999987      0.104891986    
   2.64999986      0.105417356    
   2.65999985      0.105940662    
   2.66999984      0.106464252    
   2.67999983      0.106985956    
   2.69000006      0.107506663    
   2.70000005      0.108026288    
   2.71000004      0.108544849    
   2.72000003      0.109062463    
   2.73000002      0.109579183    
   2.74000001      0.110094905    
   2.75000000      0.110609747    
   2.75999999      0.111123666    
   2.76999998      0.111636385    
   2.77999997      0.112149157    
   2.78999996      0.112660572    
   2.79999995      0.113171525    
   2.80999994      0.113681488    
   2.81999993      0.114190847    
   2.82999992      0.114699386    
   2.83999991      0.115207382    
   2.84999990      0.115714565    
   2.85999990      0.116221182    
   2.86999989      0.116727151    
   2.87999988      0.117232539    
   2.88999987      0.117737286    
   2.89999986      0.118241452    
   2.90999985      0.118744999    
   2.91999984      0.119248047    
   2.92999983      0.119750470    
   2.93999982      0.120252460    
   2.95000005      0.120753363    
   2.96000004      0.121254690    
   2.97000003      0.121755064    
   2.98000002      0.122254960    
   2.99000001      0.122754470    
   3.00000000      0.123253427    
   3.00999999      0.123751931    
   3.01999998      0.124249950    
   3.02999997      0.124747224    
   3.03999996      0.125244290    
   3.04999995      0.125741556    
   3.05999994      0.126237124    
   3.06999993      0.126733691    
   3.07999992      0.127229229    
   3.08999991      0.127724290    
   3.09999990      0.128219053    
   3.10999990      0.128713414    
   3.11999989      0.129207373    
   3.12999988      0.129701048    
   3.13999987      0.130194202    
   3.14999986      0.130687162    
   3.15999985      0.131179750    
   3.16999984      0.131671816    
   3.17999983      0.132163838    
   3.18999982      0.132655248    
   3.19999981      0.133146495    
   3.21000004      0.133637473    
   3.22000003      0.134127855    
   3.23000002      0.134618327    
   3.24000001      0.135108471    
   3.25000000      0.135597929    
   3.25999999      0.136087403    
   3.26999998      0.136576518    
   3.27999997      0.137065187    
   3.28999996      0.137553453    
   3.29999995      0.138042018    
   3.30999994      0.138529792    
   3.31999993      0.139017433    
   3.32999992      0.139504939    
   3.33999991      0.139992207    
   3.34999990      0.140478849    
   3.35999990      0.140965194    
   3.36999989      0.141451791    
   3.37999988      0.141938061    
   3.38999987      0.142423913    
   3.39999986      0.142907277    
   3.40999985      0.143394873    
   3.41999984      0.143880174    
   3.42999983      0.144365102    
   3.43999982      0.144848108    
   3.44999981      0.145334244    
   3.46000004      0.145818368    
   3.47000003      0.146302044    
   3.48000002      0.146786213    
   3.49000001      0.147269264    
   3.50000000      0.147753000    
   3.50999999      0.148236215    
   3.51999998      0.148719192    
   3.52999997      0.149201870    
   3.53999996      0.149682328    
   3.54999995      0.150166407    
   3.55999994      0.150648773    
   3.56999993      0.151130825    
   3.57999992      0.151612490    
   3.58999991      0.152093902    
   3.59999990      0.152575210    
   3.60999990      0.153056532    
   3.61999989      0.153537363    
   3.62999988      0.154018238    
   3.63999987      0.154498860    
   3.64999986      0.154979259    
   3.65999985      0.155459583    
   3.66999984      0.155939624    
   3.67999983      0.156419456    
   3.68999982      0.156899199    
   3.69999981      0.157378718    
   3.70999980      0.157857984    
   3.72000003      0.158337235    
   3.73000002      0.158816040    
   3.74000001      0.159295171    
   3.75000000      0.159773722    
   3.75999999      0.160252184    
   3.76999998      0.160730675    
   3.77999997      0.161208525    
   3.78999996      0.161685914    
   3.79999995      0.162164912    
   3.80999994      0.162642464    
   3.81999993      0.163120091    
   3.82999992      0.163597792    
   3.83999991      0.164074883    
   3.84999990      0.164552093    
   3.85999990      0.165029049    
   3.86999989      0.165505916    
   3.87999988      0.165982485    
   3.88999987      0.166459128    
   3.89999986      0.166935608    
   3.90999985      0.167411849    
   3.91999984      0.167887986    
   3.92999983      0.168364063    
   3.93999982      0.168839961    
   3.94999981      0.169314981    
   3.95999980      0.169791251    
   3.97000003      0.170266762    
   3.98000002      0.170742124    
   3.99000001      0.171217158    
   4.00000000      0.171692342    
   4.00999975      0.172167301    
   4.01999998      0.172642142    
   4.02999973      0.173116818    
   4.03999996      0.173591390    
   4.04999971      0.174065843    
   4.05999994      0.174539819    
   4.06999969      0.175014138    
   4.07999992      0.175488442    
   4.08999968      0.175962418    
   4.09999990      0.176435784    
   4.11000013      0.176909879    
   4.11999989      0.177383617    
   4.13000011      0.177856922    
   4.13999987      0.178330436    
   4.15000010      0.178803712    
   4.15999985      0.179276854    
   4.17000008      0.179749832    
   4.17999983      0.180222765    
   4.19000006      0.180695727    
   4.19999981      0.181168333    
   4.21000004      0.181640372    
   4.21999979      0.182113573    
   4.23000002      0.182585746    
   4.23999977      0.183058009    
   4.25000000      0.183530271    
   4.25999975      0.184002101    
   4.26999998      0.184474304    
   4.27999973      0.184946269    
   4.28999996      0.185417876    
   4.29999971      0.185888112    
   4.30999994      0.186360672    
   4.31999969      0.186832607    
   4.32999992      0.187303796    
   4.33999968      0.187774986    
   4.34999990      0.188246250    
   4.36000013      0.188717425    
   4.36999989      0.189188138    
   4.38000011      0.189659223    
   4.38999987      0.190129802    
   4.40000010      0.190600619    
   4.40999985      0.191071212    
   4.42000008      0.191541791    
   4.42999983      0.192012116    
   4.44000006      0.192482412    
   4.44999981      0.192952707    
   4.46000004      0.193422809    
   4.46999979      0.193892613    
   4.48000002      0.194362745    
   4.48999977      0.194832653    
   4.50000000      0.195302263    
   4.50999975      0.195772067    
   4.51999998      0.196241632    
   4.52999973      0.196711153    
   4.53999996      0.197180390    
   4.54999971      0.197649851    
   4.55999994      0.198119164    
   4.56999969      0.198588446    
   4.57999992      0.199057385    
   4.58999968      0.199526459    
   4.59999990      0.199995503    
   4.61000013      0.200464323    
   4.61999989      0.200933069    
   4.63000011      0.201401755    
   4.63999987      0.201870516    
   4.65000010      0.202338889    
   4.65999985      0.202807322    
   4.67000008      0.203275695    
   4.67999983      0.203744099    
   4.69000006      0.204212263    
   4.69999981      0.204680413    
   4.71000004      0.205148324    
   4.71999979      0.205616325    
   4.73000002      0.206084222    
   4.73999977      0.206552163    
   4.75000000      0.207019866    
   4.75999975      0.207487568    
   4.76999998      0.207955301    
   4.77999973      0.208422497    
   4.78999996      0.208890364    
   4.79999971      0.209357783    
   4.80999994      0.209825069    
   4.81999969      0.210292310    
   4.82999992      0.210758835    
   4.83999968      0.211226597    
   4.84999990      0.211693749    
   4.85999966      0.212160617    
   4.86999989      0.212625131    
   4.88000011      0.213092774    
   4.88999987      0.213561386    
   4.90000010      0.214027971    
   4.90999985      0.214493766    
   4.92000008      0.214960948    
   4.92999983      0.215427592    
   4.94000006      0.215894133    
   4.94999981      0.216360539    
   4.96000004      0.216826618    
   4.96999979      0.217293054    
   4.98000002      0.217759237    
   4.98999977      0.218225434    
   5.00000000      0.218691632    
   5.00999975      0.219157413    
   5.01999998      0.219623312    
   5.02999973      0.220089316    
   5.03999996      0.220555082    
   5.04999971      0.221020937    
   5.05999994      0.221486673    
   5.06999969      0.221952200    
   5.07999992      0.222417861    
   5.08999968      0.222883165    
   5.09999990      0.223348737    
   5.10999966      0.223814279    
   5.11999989      0.224279597    
   5.13000011      0.224744782    
   5.13999987      0.225209698    
   5.15000010      0.225675225    
   5.15999985      0.226140350    
   5.17000008      0.226605251    
   5.17999983      0.227070048    
   5.19000006      0.227535486    
   5.19999981      0.228000149    
   5.21000004      0.228465065    
   5.21999979      0.228929758    
   5.23000002      0.229394570    
   5.23999977      0.229859039    
   5.25000000      0.230323732    
   5.25999975      0.230788380    
   5.26999998      0.231252745    
   5.27999973      0.231717199    
   5.28999996      0.232181564    
   5.29999971      0.232645482    
   5.30999994      0.233110309    
   5.31999969      0.233574465    
   5.32999992      0.234038591    
   5.33999968      0.234502822    
   5.34999990      0.234966949    
   5.35999966      0.235430852    
   5.36999989      0.235894889    
   5.38000011      0.236358881    
   5.38999987      0.236822709    
   5.40000010      0.237286404    
   5.40999985      0.237750128    
   5.42000008      0.238214105    
   5.42999983      0.238677159    
   5.44000006      0.239141092    
   5.44999981      0.239604950    
   5.46000004      0.240068495    
   5.46999979      0.240531951    
   5.48000002      0.240995318    
   5.48999977      0.241458759    
   5.50000000      0.241922021    
   5.50999975      0.242385283    
