   9.99999978E-03  -6.70225759E-08
   1.99999996E-02  -1.61461173E-07
   2.99999993E-02  -1.65047624E-07
   3.99999991E-02  -3.39402874E-07
   4.99999970E-02  -3.14063357E-07
   5.99999987E-02  -4.38248350E-07
   7.00000003E-02  -3.93220148E-07
   7.99999982E-02  -5.05484195E-07
   8.99999961E-02  -6.53351833E-07
   9.99999940E-02  -6.83304222E-07
  0.109999999      -7.79024106E-07
  0.119999997      -7.97124017E-07
  0.129999995      -8.94852633E-07
  0.140000001      -9.85329507E-07
  0.149999991      -1.06565096E-06
  0.159999996      -1.00765010E-06
  0.170000002      -1.12635576E-06
  0.179999992      -1.20326740E-06
  0.189999998      -1.35125390E-06
  0.199999988      -1.38290648E-06
  0.209999993      -1.30597482E-06
  0.219999999      -1.56773262E-06
  0.229999989      -1.60783964E-06
  0.239999995      -1.74028401E-06
  0.250000000      -4.39649170E-07
  0.259999990      -1.79340452E-06
  0.269999981      -1.49521043E-06
  0.280000001      -1.97214763E-06
  0.289999992      -2.24431278E-06
  0.299999982      -2.06928689E-06
  0.310000002      -2.19275171E-06
  0.319999993      -2.19631079E-06
  0.329999983      -2.26664952E-06
  0.340000004      -2.41913040E-06
  0.349999994      -2.39955170E-06
  0.359999985      -2.43325894E-06
  0.370000005      -2.38060170E-06
  0.379999995      -2.54552992E-06
  0.389999986      -2.69444058E-06
  0.399999976      -2.68865688E-06
  0.409999996      -2.61027162E-06
  0.419999987      -2.75523917E-06
  0.429999977      -2.83476675E-06
  0.439999998      -2.94312463E-06
  0.449999988      -3.02709191E-06
  0.459999979      -3.00396073E-06
  0.469999999      -3.40254837E-06
  0.479999989      -2.78616312E-06
  0.489999980      -3.20863091E-06
  0.500000000      -6.85886334E-07
  0.509999990      -2.17394268E-06
  0.519999981      -2.29648595E-06
  0.529999971      -1.48941899E-06
  0.539999962      -1.71910449E-06
  0.550000012      -1.34097593E-06
  0.560000002      -1.17806837E-06
  0.569999993      -9.81024755E-07
  0.579999983      -6.19807224E-07
  0.589999974      -5.32861122E-07
  0.599999964      -2.52873406E-07
  0.610000014       1.49942252E-07
  0.620000005       7.67687766E-07
  0.629999995       1.46944183E-06
  0.639999986       2.97170232E-06
  0.649999976       5.24376446E-06
  0.659999967       1.22114288E-05
  0.669999957       8.26026371E-05
  0.680000007       7.18678348E-05
  0.689999998       7.65261138E-05
  0.699999988       7.86886521E-05
  0.709999979       8.01981369E-05
  0.719999969       8.19067500E-05
  0.729999959       8.27826734E-05
  0.740000010       8.64373433E-05
  0.750000000       8.62433517E-05
  0.759999990       9.17796133E-05
  0.769999981       9.48033630E-05
  0.779999971       9.73848728E-05
  0.789999962       1.01370570E-04
  0.799999952       1.05062114E-04
  0.810000002       1.09134096E-04
  0.819999993       1.13567410E-04
  0.829999983       1.18210010E-04
  0.839999974       1.23511709E-04
  0.849999964       1.29189371E-04
  0.859999955       1.35526003E-04
  0.870000005       1.42652454E-04
  0.879999995       1.46109334E-04
  0.889999986       1.59331947E-04
  0.899999976       1.68213985E-04
  0.909999967       1.81431300E-04
  0.919999957       1.95343804E-04
  0.930000007       2.12021943E-04
  0.939999998       2.32658160E-04
  0.949999988       2.50720856E-04
  0.959999979       2.95089936E-04
  0.969999969       3.46057786E-04
  0.979999959       4.34566813E-04
  0.989999950       6.28658396E-04
   1.00000000       3.35613173E-03
   1.00999999       3.13342758E-03
   1.01999998       3.07149417E-03
   1.02999997       3.05435807E-03
   1.03999996       3.05569521E-03
   1.04999995       3.06682708E-03
   1.05999994       3.08421603E-03
   1.06999993       3.10600782E-03
   1.07999992       3.13076889E-03
   1.09000003       3.15800076E-03
   1.10000002       3.18710203E-03
   1.11000001       3.21709691E-03
   1.12000000       3.24995583E-03
   1.13000000       3.28319916E-03
   1.13999999       3.31758731E-03
   1.14999998       3.35281435E-03
   1.15999997       3.38896015E-03
   1.16999996       3.42594320E-03
   1.17999995       3.46400402E-03
   1.18999994       3.50241014E-03
   1.19999993       3.54184723E-03
   1.20999992       3.58202541E-03
   1.22000003       3.62269906E-03
   1.23000002       3.66449915E-03
   1.24000001       3.70663079E-03
   1.25000000       3.75005300E-03
   1.25999999       3.79385473E-03
   1.26999998       3.83838988E-03
   1.27999997       3.88364471E-03
   1.28999996       3.92977288E-03
   1.29999995       3.97659978E-03
   1.30999994       4.02412983E-03
   1.31999993       4.07256559E-03
   1.32999992       4.12213942E-03
   1.33999991       4.17243503E-03
   1.35000002       4.22355998E-03
   1.36000001       4.27575223E-03
   1.37000000       4.32854611E-03
   1.38000000       4.38204128E-03
   1.38999999       4.43737675E-03
   1.39999998       4.49381443E-03
   1.40999997       4.55109077E-03
   1.41999996       4.60949680E-03
   1.42999995       4.66911634E-03
   1.43999994       4.72996803E-03
   1.44999993       4.79214778E-03
   1.45999992       4.85565513E-03
   1.46999991       4.92058089E-03
   1.48000002       4.98702750E-03
   1.49000001       5.05498936E-03
   1.50000000       5.12458896E-03
   1.50999999       5.19589707E-03
   1.51999998       5.26900077E-03
   1.52999997       5.34396013E-03
   1.53999996       5.42094698E-03
   1.54999995       5.49946306E-03
   1.55999994       5.58109488E-03
   1.56999993       5.66460937E-03
   1.57999992       5.75055322E-03
   1.58999991       5.83908008E-03
   1.59999990       5.93037624E-03
   1.61000001       6.02442538E-03
   1.62000000       6.12033205E-03
   1.63000000       6.22204039E-03
   1.63999999       6.32590288E-03
   1.64999998       6.43343059E-03
   1.65999997       6.54505566E-03
   1.66999996       6.66092429E-03
   1.67999995       6.78127166E-03
   1.68999994       6.90645631E-03
   1.69999993       7.03690667E-03
   1.70999992       7.17304973E-03
   1.71999991       7.31525756E-03
   1.73000002       7.46426918E-03
   1.74000001       7.62038631E-03
   1.75000000       7.78454309E-03
   1.75999999       7.95721449E-03
   1.76999998       8.14005639E-03
   1.77999997       8.33256636E-03
   1.78999996       8.53601377E-03
   1.79999995       8.75454396E-03
   1.80999994       8.98651592E-03
   1.81999993       9.23477672E-03
   1.82999992       9.49928816E-03
   1.83999991       9.78900585E-03
   1.84999990       1.01008359E-02
   1.86000001       1.04403570E-02
   1.87000000       1.08121810E-02
   1.88000000       1.12223206E-02
   1.88999999       1.16778491E-02
   1.89999998       1.21874092E-02
   1.90999997       1.27663994E-02
   1.91999996       1.34284031E-02
   1.92999995       1.41992718E-02
   1.93999994       1.51112722E-02
   1.94999993       1.62158236E-02
   1.95999992       1.75938830E-02
   1.96999991       1.93830989E-02
   1.97999990       2.18430813E-02
   1.99000001       2.55382657E-02
   2.00000000       3.20091844E-02
   2.00999999       4.44032401E-02
   2.01999998       5.40725254E-02
   2.02999997       6.10062182E-02
   2.03999996       6.62301406E-02
   2.04999995       7.03497827E-02
   2.05999994       7.37189054E-02
   2.06999993       7.65563175E-02
   2.07999992       7.90025219E-02
   2.08999991       8.11518729E-02
   2.09999990       8.30729678E-02
   2.10999990       8.48114491E-02
   2.11999989       8.64038467E-02
   2.12999988       8.78765136E-02
   2.13999987       8.92500132E-02
   2.14999986       9.05397236E-02
   2.15999985       9.17610303E-02
   2.16999984       9.29213837E-02
   2.18000007       9.40302089E-02
   2.19000006       9.50942859E-02
   2.20000005       9.61191952E-02
   2.21000004       9.71099362E-02
   2.22000003       9.80703458E-02
   2.23000002       9.90037695E-02
   2.24000001       9.99134332E-02
   2.25000000      0.100801520    
   2.25999999      0.101670243    
   2.26999998      0.102521554    
   2.27999997      0.103356950    
   2.28999996      0.104178011    
   2.29999995      0.104986414    
   2.30999994      0.105782494    
   2.31999993      0.106567003    
   2.32999992      0.107342705    
   2.33999991      0.108108342    
   2.34999990      0.108865499    
   2.35999990      0.109614678    
   2.36999989      0.110356651    
   2.37999988      0.111091547    
   2.38999987      0.111820064    
   2.39999986      0.112542592    
   2.40999985      0.113259479    
   2.41999984      0.113970973    
   2.42999983      0.114678115    
   2.44000006      0.115380324    
   2.45000005      0.116078064    
   2.46000004      0.116771832    
   2.47000003      0.117461689    
   2.48000002      0.118147917    
   2.49000001      0.118830621    
   2.50000000      0.119510256    
   2.50999999      0.120186441    
   2.51999998      0.120859899    
   2.52999997      0.121530563    
   2.53999996      0.122198470    
   2.54999995      0.122863829    
   2.55999994      0.123524562    
   2.56999993      0.124187365    
   2.57999992      0.124845915    
   2.58999991      0.125501990    
   2.59999990      0.126156315    
   2.60999990      0.126808643    
   2.61999989      0.127459005    
   2.62999988      0.128107548    
   2.63999987      0.128754467    
   2.64999986      0.129399940    
   2.65999985      0.130043343    
   2.66999984      0.130685344    
   2.67999983      0.131325960    
   2.69000006      0.131965265    
   2.70000005      0.132602975    
   2.71000004      0.133239433    
   2.72000003      0.133874357    
   2.73000002      0.134508446    
   2.74000001      0.135141090    
   2.75000000      0.135772690    
   2.75999999      0.136403129    
   2.76999998      0.137032300    
   2.77999997      0.137660697    
   2.78999996      0.138287798    
   2.79999995      0.138913944    
   2.80999994      0.139539286    
   2.81999993      0.140163630    
   2.82999992      0.140786886    
   2.83999991      0.141409338    
   2.84999990      0.142030880    
   2.85999990      0.142651856    
   2.86999989      0.143270999    
   2.87999988      0.143891081    
   2.88999987      0.144509152    
   2.89999986      0.145126790    
   2.90999985      0.145743594    
   2.91999984      0.146359712    
   2.92999983      0.146975160    
   2.93999982      0.147589594    
   2.95000005      0.148203924    
   2.96000004      0.148817182    
   2.97000003      0.149430066    
   2.98000002      0.150042072    
   2.99000001      0.150653511    
   3.00000000      0.151264459    
   3.00999999      0.151874810    
   3.01999998      0.152484283    
   3.02999997      0.153093398    
   3.03999996      0.153701246    
   3.04999995      0.154310167    
   3.05999994      0.154917687    
   3.06999993      0.155524343    
   3.07999992      0.156130999    
   3.08999991      0.156736940    
   3.09999990      0.157342270    
   3.10999990      0.157947212    
   3.11999989      0.158551753    
   3.12999988      0.159155712    
   3.13999987      0.159759313    
   3.14999986      0.160362408    
   3.15999985      0.160964936    
   3.16999984      0.161567256    
   3.17999983      0.162169099    
   3.18999982      0.162770450    
   3.19999981      0.163370356    
   3.21000004      0.163971871    
   3.22000003      0.164571986    
   3.23000002      0.165171713    
   3.24000001      0.165771335    
   3.25000000      0.166370124    
   3.25999999      0.166968822    
   3.26999998      0.167566970    
   3.27999997      0.168164805    
   3.28999996      0.168762341    
   3.29999995      0.169359416    
   3.30999994      0.169955835    
   3.31999993      0.170552716    
   3.32999992      0.171148747    
   3.33999991      0.171744511    
   3.34999990      0.172339901    
   3.35999990      0.172934726    
   3.36999989      0.173529819    
   3.37999988      0.174124375    
   3.38999987      0.174718484    
   3.39999986      0.175312445    
   3.40999985      0.175906017    
   3.41999984      0.176499173    
   3.42999983      0.177092150    
   3.43999982      0.177684948    
   3.44999981      0.178277254    
   3.46000004      0.178869367    
   3.47000003      0.179461107    
   3.48000002      0.180052534    
   3.49000001      0.180643797    
   3.50000000      0.181234881    
   3.50999999      0.181825548    
   3.51999998      0.182416171    
   3.52999997      0.183006465    
   3.53999996      0.183596313    
   3.54999995      0.184185997    
   3.55999994      0.184774995    
   3.56999993      0.185364634    
   3.57999992      0.185953617    
   3.58999991      0.186542138    
   3.59999990      0.187130734    
   3.60999990      0.187718838    
   3.61999989      0.188306481    
   3.62999988      0.188894600    
   3.63999987      0.189482167    
   3.64999986      0.190068975    
   3.65999985      0.190656751    
   3.66999984      0.191243544    
   3.67999983      0.191830143    
   3.68999982      0.192416653    
   3.69999981      0.193002850    
   3.70999980      0.193588644    
   3.72000003      0.194174662    
   3.73000002      0.194760069    
   3.74000001      0.195345417    
   3.75000000      0.195930198    
   3.75999999      0.196515501    
   3.76999998      0.197097823    
   3.77999997      0.197684273    
   3.78999996      0.198269367    
   3.79999995      0.198853463    
   3.80999994      0.199437350    
   3.81999993      0.200021222    
   3.82999992      0.200604916    
   3.83999991      0.201188311    
   3.84999990      0.201771364    
   3.85999990      0.202354506    
   3.86999989      0.202937469    
   3.87999988      0.203519806    
   3.88999987      0.204102576    
   3.89999986      0.204684868    
   3.90999985      0.205267176    
   3.91999984      0.205848932    
   3.92999983      0.206430838    
   3.93999982      0.207012594    
   3.94999981      0.207594022    
   3.95999980      0.208175287    
   3.97000003      0.208756521    
   3.98000002      0.209337503    
   3.99000001      0.209918216    
   4.00000000      0.210499048    
   4.00999975      0.211078376    
   4.01999998      0.211659864    
   4.02999973      0.212240115    
   4.03999996      0.212820083    
   4.04999971      0.213399842    
   4.05999994      0.213979527    
   4.06999969      0.214559242    
   4.07999992      0.215138450    
   4.08999968      0.215717897    
   4.09999990      0.216297016    
   4.11000013      0.216875896    
   4.11999989      0.217454880    
   4.13000011      0.218033582    
   4.13999987      0.218604282    
   4.15000010      0.219190627    
   4.15999985      0.219768807    
   4.17000008      0.220347017    
   4.17999983      0.220924780    
   4.19000006      0.221502692    
   4.19999981      0.222080469    
   4.21000004      0.222657964    
   4.21999979      0.223235637    
   4.23000002      0.223812923    
   4.23999977      0.224389389    
   4.25000000      0.224967241    
   4.25999975      0.225543961    
   4.26999998      0.226120830    
   4.27999973      0.226697549    
   4.28999996      0.227274150    
   4.29999971      0.227850333    
   4.30999994      0.228426874    
   4.31999969      0.229002893    
   4.32999992      0.229578957    
   4.33999968      0.230155036    
   4.34999990      0.230730861    
   4.36000013      0.231306478    
   4.36999989      0.231882021    
   4.38000011      0.232457533    
   4.38999987      0.233032852    
   4.40000010      0.233608112    
   4.40999985      0.234183222    
   4.42000008      0.234758034    
   4.42999983      0.235333160    
   4.44000006      0.235907078    
   4.44999981      0.236482576    
   4.46000004      0.237057030    
   4.46999979      0.237631351    
   4.48000002      0.238205850    
   4.48999977      0.238779992    
   4.50000000      0.239354149    
   4.50999975      0.239928111    
   4.51999998      0.240501806    
   4.52999973      0.241075754    
   4.53999996      0.241649434    
   4.54999971      0.242222890    
   4.55999994      0.242796496    
   4.56999969      0.243369907    
   4.57999992      0.243943110    
   4.58999968      0.244516417    
   4.59999990      0.245089412    
   4.61000013      0.245662451    
   4.61999989      0.246235281    
   4.63000011      0.246807978    
   4.63999987      0.247380674    
   4.65000010      0.247953206    
   4.65999985      0.248525754    
   4.67000008      0.249098346    
   4.67999983      0.249670550    
   4.69000006      0.250242293    
   4.69999981      0.250814527    
   4.71000004      0.251386642    
   4.71999979      0.251958758    
   4.73000002      0.252530485    
   4.73999977      0.253102094    
   4.75000000      0.253673673    
   4.75999975      0.254245520    
   4.76999998      0.254816681    
   4.77999973      0.255388439    
   4.78999996      0.255959481    
   4.79999971      0.256529748    
   4.80999994      0.257101983    
   4.81999969      0.257672817    
   4.82999992      0.258243918    
   4.83999968      0.258814692    
   4.84999990      0.259385347    
   4.85999966      0.259955943    
   4.86999989      0.260526717    
   4.88000011      0.261097401    
   4.88999987      0.261667788    
   4.90000010      0.262238383    
   4.90999985      0.262808472    
   4.92000008      0.263378441    
   4.92999983      0.263948470    
   4.94000006      0.264518619    
   4.94999981      0.265088350    
   4.96000004      0.265658170    
   4.96999979      0.266228288    
   4.98000002      0.266797930    
   4.98999977      0.267367601    
   5.00000000      0.267937183    
   5.00999975      0.268506616    
   5.01999998      0.269076079    
   5.02999973      0.269645303    
   5.03999996      0.270214647    
   5.04999971      0.270783126    
   5.05999994      0.271352977    
   5.06999969      0.271921426    
   5.07999992      0.272490859    
   5.08999968      0.273059636    
   5.09999990      0.273628682    
   5.10999966      0.274197578    
   5.11999989      0.274765909    
   5.13000011      0.275334448    
   5.13999987      0.275903255    
   5.15000010      0.276470095    
   5.15999985      0.277038276    
   5.17000008      0.277608156    
   5.17999983      0.278176337    
   5.19000006      0.278744549    
   5.19999981      0.279312402    
   5.21000004      0.279880196    
   5.21999979      0.280448526    
   5.23000002      0.281016529    
   5.23999977      0.281584501    
   5.25000000      0.282151788    
   5.25999975      0.282719851    
   5.26999998      0.283287525    
   5.27999973      0.283855021    
   5.28999996      0.284422278    
   5.29999971      0.284990102    
   5.30999994      0.285557419    
   5.31999969      0.286123961    
   5.32999992      0.286691815    
   5.33999968      0.287259012    
   5.34999990      0.287826329    
   5.35999966      0.288393170    
   5.36999989      0.288960457    
   5.38000011      0.289527088    
   5.38999987      0.290094346    
   5.40000010      0.290661067    
   5.40999985      0.291227311    
   5.42000008      0.291794389    
   5.42999983      0.292361230    
   5.44000006      0.292927384    
   5.44999981      0.293492556    
   5.46000004      0.294060528    
   5.46999979      0.294626772    
   5.48000002      0.295192599    
   5.48999977      0.295759529    
   5.50000000      0.296325654    
   5.50999975      0.296891391    
