   9.99999978E-03  -1.14322631E-07
   1.99999996E-02  -4.34994803E-07
   2.99999993E-02  -6.54672363E-07
   3.99999991E-02  -8.75991589E-07
   4.99999970E-02  -1.11889392E-06
   5.99999987E-02  -1.26177576E-06
   7.00000003E-02  -1.18560877E-06
   7.99999982E-02  -1.68211795E-06
   8.99999961E-02  -4.24767632E-06
   9.99999940E-02  -1.83734733E-06
  0.109999999      -2.07218295E-06
  0.119999997      -2.46694867E-06
  0.129999995      -2.62062144E-06
  0.140000001      -2.87797957E-06
  0.149999991      -3.17272361E-06
  0.159999996      -3.25655333E-06
  0.170000002      -3.27772455E-06
  0.179999992      -3.58005241E-06
  0.189999998      -3.87019236E-06
  0.199999988      -4.00562658E-06
  0.209999993      -5.30558873E-06
  0.219999999      -4.34345429E-06
  0.229999989      -4.66428173E-06
  0.239999995      -4.87547686E-06
  0.250000000      -5.07800951E-06
  0.259999990      -5.24576990E-06
  0.269999981      -5.62836976E-06
  0.280000001      -5.69201575E-06
  0.289999992      -5.94806534E-06
  0.299999982      -5.36701009E-06
  0.310000002      -6.33696163E-06
  0.319999993      -6.49911090E-06
  0.329999983      -6.77147091E-06
  0.340000004      -5.45742841E-06
  0.349999994      -7.03812384E-06
  0.359999985      -7.11810480E-06
  0.370000005      -7.36317634E-06
  0.379999995      -7.55317978E-06
  0.389999986      -7.04612376E-06
  0.399999976      -7.00359033E-06
  0.409999996      -7.44452882E-06
  0.419999987      -7.39077950E-06
  0.429999977      -7.55779411E-06
  0.439999998      -7.25810833E-06
  0.449999988      -7.59135582E-06
  0.459999979      -7.75725039E-06
  0.469999999      -7.11344728E-06
  0.479999989      -6.65649350E-06
  0.489999980      -4.73308546E-06
  0.500000000       1.87337300E-05
  0.509999990       1.22491456E-05
  0.519999981       1.23012533E-05
  0.529999971       1.28775155E-05
  0.539999962       1.39917593E-05
  0.550000012       1.53625770E-05
  0.560000002       1.67589897E-05
  0.569999993       1.88005160E-05
  0.579999983       2.10555281E-05
  0.589999974       2.39329947E-05
  0.599999964       2.75778821E-05
  0.610000014       3.13030723E-05
  0.620000005       3.76080570E-05
  0.629999995       4.68943290E-05
  0.639999986       6.01617867E-05
  0.649999976       8.42612426E-05
  0.659999967       1.52697845E-04
  0.669999957       4.99335816E-04
  0.680000007       4.65408870E-04
  0.689999998       4.61439718E-04
  0.699999988       4.64744167E-04
  0.709999979       4.71431093E-04
  0.719999969       4.80494462E-04
  0.729999959       4.91331331E-04
  0.740000010       5.03499585E-04
  0.750000000       5.16642467E-04
  0.759999990       5.31650032E-04
  0.769999981       5.47464937E-04
  0.779999971       5.64561633E-04
  0.789999962       5.83458052E-04
  0.799999952       6.04103319E-04
  0.810000002       6.26182009E-04
  0.819999993       6.50242844E-04
  0.829999983       6.76465395E-04
  0.839999974       7.05141108E-04
  0.849999964       7.36467191E-04
  0.859999955       7.71636318E-04
  0.870000005       8.10298719E-04
  0.879999995       8.53802019E-04
  0.889999986       9.02764848E-04
  0.899999976       9.59150901E-04
  0.909999967       1.02474063E-03
  0.919999957       1.10124354E-03
  0.930000007       1.19360129E-03
  0.939999998       1.30757585E-03
  0.949999988       1.45329197E-03
  0.959999979       1.64932641E-03
  0.969999969       1.93335535E-03
  0.979999959       2.40233028E-03
  0.989999950       3.41466488E-03
   1.00000000       1.04160188E-02
   1.00999999       1.02062589E-02
   1.01999998       1.00260321E-02
   1.02999997       9.95943043E-03
   1.03999996       9.94682778E-03
   1.04999995       9.96557809E-03
   1.05999994       1.00049404E-02
   1.06999993       1.00590894E-02
   1.07999992       1.01236990E-02
   1.09000003       1.01971030E-02
   1.10000002       1.02772117E-02
   1.11000001       1.03632314E-02
   1.12000000       1.04539786E-02
   1.13000000       1.05491551E-02
   1.13999999       1.06480410E-02
   1.14999998       1.07503086E-02
   1.15999997       1.08560184E-02
   1.16999996       1.09646656E-02
   1.17999995       1.10761309E-02
   1.18999994       1.11898379E-02
   1.19999993       1.13071026E-02
   1.20999992       1.14249531E-02
   1.22000003       1.15474993E-02
   1.23000002       1.16719259E-02
   1.24000001       1.17982151E-02
   1.25000000       1.19273569E-02
   1.25999999       1.20587060E-02
   1.26999998       1.21926917E-02
   1.27999997       1.23289255E-02
   1.28999996       1.24677448E-02
   1.29999995       1.26083409E-02
   1.30999994       1.27526103E-02
   1.31999993       1.28991883E-02
   1.32999992       1.30484989E-02
   1.33999991       1.32005466E-02
   1.35000002       1.33551741E-02
   1.36000001       1.35124046E-02
   1.37000000       1.36735085E-02
   1.38000000       1.38371997E-02
   1.38999999       1.40037034E-02
   1.39999998       1.41743040E-02
   1.40999997       1.43479845E-02
   1.41999996       1.45251686E-02
   1.42999995       1.47060333E-02
   1.43999994       1.48906894E-02
   1.44999993       1.50794256E-02
   1.45999992       1.52720651E-02
   1.46999991       1.54690640E-02
   1.48000002       1.56706516E-02
   1.49000001       1.58767533E-02
   1.50000000       1.60879437E-02
   1.50999999       1.63043104E-02
   1.51999998       1.65257007E-02
   1.52999997       1.67528968E-02
   1.53999996       1.69863869E-02
   1.54999995       1.72251668E-02
   1.55999994       1.74708683E-02
   1.56999993       1.77234113E-02
   1.57999992       1.79831125E-02
   1.58999991       1.82504654E-02
   1.59999990       1.85258687E-02
   1.61000001       1.88096426E-02
   1.62000000       1.91024821E-02
   1.63000000       1.94048285E-02
   1.63999999       1.97173506E-02
   1.64999998       2.00406779E-02
   1.65999997       2.03755163E-02
   1.66999996       2.07228232E-02
   1.67999995       2.10825969E-02
   1.68999994       2.14567576E-02
   1.69999993       2.18458921E-02
   1.70999992       2.22514477E-02
   1.71999991       2.26744786E-02
   1.73000002       2.31162850E-02
   1.74000001       2.35787574E-02
   1.75000000       2.40635313E-02
   1.75999999       2.45725065E-02
   1.76999998       2.51078419E-02
   1.77999997       2.56726854E-02
   1.78999996       2.62695216E-02
   1.79999995       2.69017797E-02
   1.80999994       2.75735091E-02
   1.81999993       2.82891896E-02
   1.82999992       2.90540177E-02
   1.83999991       2.98740268E-02
   1.84999990       3.07580605E-02
   1.86000001       3.17132808E-02
   1.87000000       3.27518024E-02
   1.88000000       3.38863321E-02
   1.88999999       3.51335108E-02
   1.89999998       3.65140550E-02
   1.90999997       3.80548015E-02
   1.91999996       3.97904143E-02
   1.92999995       4.17668112E-02
   1.93999994       4.40476947E-02
   1.94999993       4.67210934E-02
   1.95999992       4.99177091E-02
   1.96999991       5.38354665E-02
   1.97999990       5.87944649E-02
   1.99000001       6.53451979E-02
   2.00000000       7.45074376E-02
   2.00999999       8.77390802E-02
   2.01999998       9.94847566E-02
   2.02999997      0.108952150    
   2.03999996      0.116668031    
   2.04999995      0.123124853    
   2.05999994      0.128619239    
   2.06999993      0.133389935    
   2.07999992      0.137599364    
   2.08999991      0.141364709    
   2.09999990      0.144772783    
   2.10999990      0.147890046    
   2.11999989      0.150765941    
   2.12999988      0.153440520    
   2.13999987      0.155945078    
   2.14999986      0.158304796    
   2.15999985      0.160534352    
   2.16999984      0.162666470    
   2.18000007      0.164699242    
   2.19000006      0.166650042    
   2.20000005      0.168527544    
   2.21000004      0.170341238    
   2.22000003      0.172097266    
   2.23000002      0.173802003    
   2.24000001      0.175460383    
   2.25000000      0.177077711    
   2.25999999      0.178657129    
   2.26999998      0.180202663    
   2.27999997      0.181715250    
   2.28999996      0.183202699    
   2.29999995      0.184662595    
   2.30999994      0.186098531    
   2.31999993      0.187512815    
   2.32999992      0.188906416    
   2.33999991      0.190281585    
   2.34999990      0.191639528    
   2.35999990      0.192981154    
   2.36999989      0.194307655    
   2.37999988      0.195620418    
   2.38999987      0.196920052    
   2.39999986      0.198207572    
   2.40999985      0.199483365    
   2.41999984      0.200748652    
   2.42999983      0.202004284    
   2.44000006      0.203249738    
   2.45000005      0.204485804    
   2.46000004      0.205714598    
   2.47000003      0.206935078    
   2.48000002      0.208148062    
   2.49000001      0.209353939    
   2.50000000      0.210552678    
   2.50999999      0.211745441    
   2.51999998      0.212931857    
   2.52999997      0.214112535    
   2.53999996      0.215287611    
   2.54999995      0.216457471    
   2.55999994      0.217622280    
   2.56999993      0.218782529    
   2.57999992      0.219937906    
   2.58999991      0.221089289    
   2.59999990      0.222236305    
   2.60999990      0.223379314    
   2.61999989      0.224518389    
   2.62999988      0.225653738    
   2.63999987      0.226785511    
   2.64999986      0.227914199    
   2.65999985      0.229039088    
   2.66999984      0.230161309    
   2.67999983      0.231280252    
   2.69000006      0.232395664    
   2.70000005      0.233509541    
   2.71000004      0.234620079    
   2.72000003      0.235727876    
   2.73000002      0.236833274    
   2.74000001      0.237936229    
   2.75000000      0.239036754    
   2.75999999      0.240135044    
   2.76999998      0.241230980    
   2.77999997      0.242324859    
   2.78999996      0.243416205    
   2.79999995      0.244506344    
   2.80999994      0.245594054    
   2.81999993      0.246679977    
   2.82999992      0.247764036    
   2.83999991      0.248845980    
   2.84999990      0.249926746    
   2.85999990      0.251005620    
   2.86999989      0.252082705    
   2.87999988      0.253158450    
   2.88999987      0.254232287    
   2.89999986      0.255304635    
   2.90999985      0.256375670    
   2.91999984      0.257445127    
   2.92999983      0.258513302    
   2.93999982      0.259580165    
   2.95000005      0.260645002    
   2.96000004      0.261709660    
   2.97000003      0.262772471    
   2.98000002      0.263833791    
   2.99000001      0.264894485    
   3.00000000      0.265953422    
   3.00999999      0.267011464    
   3.01999998      0.268068612    
   3.02999997      0.269123077    
   3.03999996      0.270179003    
   3.04999995      0.271232665    
   3.05999994      0.272284985    
   3.06999993      0.273336619    
   3.07999992      0.274387032    
   3.08999991      0.275436759    
   3.09999990      0.276484936    
   3.10999990      0.277533114    
   3.11999989      0.278579593    
   3.12999988      0.279619724    
   3.13999987      0.280670226    
   3.14999986      0.281714499    
   3.15999985      0.282757849    
   3.16999984      0.283800215    
   3.17999983      0.284841865    
   3.18999982      0.285882264    
   3.19999981      0.286922425    
   3.21000004      0.287961096    
   3.22000003      0.288999945    
   3.23000002      0.290037334    
   3.24000001      0.291074634    
   3.25000000      0.292110592    
   3.25999999      0.293146133    
   3.26999998      0.294181168    
   3.27999997      0.295215011    
   3.28999996      0.296248496    
   3.29999995      0.297281265    
   3.30999994      0.298312813    
   3.31999993      0.299344480    
   3.32999992      0.300374508    
   3.33999991      0.301405638    
   3.34999990      0.302435040    
   3.35999990      0.303463906    
   3.36999989      0.304492325    
   3.37999988      0.305520087    
   3.38999987      0.306547195    
   3.39999986      0.307573646    
   3.40999985      0.308599800    
   3.41999984      0.309625208    
   3.42999983      0.310650051    
   3.43999982      0.311674446    
   3.44999981      0.312698007    
   3.46000004      0.313721657    
   3.47000003      0.314744413    
   3.48000002      0.315766394    
   3.49000001      0.316788316    
   3.50000000      0.317809314    
   3.50999999      0.318830311    
   3.51999998      0.319850653    
   3.52999997      0.320870459    
   3.53999996      0.321889639    
   3.54999995      0.322907984    
   3.55999994      0.323926985    
   3.56999993      0.324944943    
   3.57999992      0.325962305    
   3.58999991      0.326979488    
   3.59999990      0.327996135    
   3.60999990      0.329011858    
   3.61999989      0.330027908    
   3.62999988      0.331042945    
   3.63999987      0.332058042    
   3.64999986      0.333072543    
   3.65999985      0.334086567    
   3.66999984      0.335099310    
   3.67999983      0.336113542    
   3.68999982      0.337126404    
   3.69999981      0.338138670    
   3.70999980      0.339150816    
   3.72000003      0.340162545    
   3.73000002      0.341173887    
   3.74000001      0.342184871    
   3.75000000      0.343195647    
   3.75999999      0.344205767    
   3.76999998      0.345215470    
   3.77999997      0.346224904    
   3.78999996      0.347234279    
   3.79999995      0.348242611    
   3.80999994      0.349251419    
   3.81999993      0.350259691    
   3.82999992      0.351267189    
   3.83999991      0.352274984    
   3.84999990      0.353281796    
   3.85999990      0.354288489    
   3.86999989      0.355294913    
   3.87999988      0.356301218    
   3.88999987      0.357306778    
   3.89999986      0.358312309    
   3.90999985      0.359317601    
   3.91999984      0.360322386    
   3.92999983      0.361327022    
   3.93999982      0.362331212    
   3.94999981      0.363334954    
   3.95999980      0.364338756    
   3.97000003      0.365342140    
   3.98000002      0.366345137    
   3.99000001      0.367347777    
   4.00000000      0.368350238    
   4.00999975      0.369352400    
   4.01999998      0.370354474    
   4.02999973      0.371355057    
   4.03999996      0.372357458    
   4.04999971      0.373358488    
   4.05999994      0.374359637    
   4.06999969      0.375358939    
   4.07999992      0.376360238    
   4.08999968      0.377360255    
   4.09999990      0.378359824    
   4.11000013      0.379359424    
   4.11999989      0.380358726    
   4.13000011      0.381357819    
   4.13999987      0.382356226    
   4.15000010      0.383354872    
   4.15999985      0.384353220    
   4.17000008      0.385351300    
   4.17999983      0.386348844    
   4.19000006      0.387346536    
   4.19999981      0.388343811    
   4.21000004      0.389341056    
   4.21999979      0.390337408    
   4.23000002      0.391333938    
   4.23999977      0.392330348    
   4.25000000      0.393326908    
   4.25999975      0.394322515    
   4.26999998      0.395318061    
   4.27999973      0.396313757    
   4.28999996      0.397308767    
   4.29999971      0.398303837    
   4.30999994      0.399298519    
   4.31999969      0.400293082    
   4.32999992      0.401287228    
   4.33999968      0.402281404    
   4.34999990      0.403275192    
   4.36000013      0.404269308    
   4.36999989      0.405262440    
   4.38000011      0.406256050    
   4.38999987      0.407248795    
   4.40000010      0.408241898    
   4.40999985      0.409234494    
   4.42000008      0.410227358    
   4.42999983      0.411219358    
   4.44000006      0.412211448    
   4.44999981      0.413203269    
   4.46000004      0.414195150    
   4.46999979      0.415186375    
   4.48000002      0.416177630    
   4.48999977      0.417168826    
   4.50000000      0.418159842    
   4.50999975      0.419150263    
   4.51999998      0.420140982    
   4.52999973      0.421131074    
   4.53999996      0.422121614    
   4.54999971      0.423111469    
   4.55999994      0.424101382    
   4.56999969      0.425091058    
   4.57999992      0.426080555    
   4.58999968      0.427063942    
   4.59999990      0.428058892    
   4.61000013      0.429047853    
   4.61999989      0.430036783    
   4.63000011      0.431025416    
   4.63999987      0.432013750    
   4.65000010      0.433001906    
   4.65999985      0.433989465    
   4.67000008      0.434978098    
   4.67999983      0.435965687    
   4.69000006      0.436953098    
   4.69999981      0.437940776    
   4.71000004      0.438927650    
   4.71999979      0.439914972    
   4.73000002      0.440902084    
   4.73999977      0.441888690    
   4.75000000      0.442875236    
   4.75999975      0.443861812    
   4.76999998      0.444848299    
   4.77999973      0.445834219    
   4.78999996      0.446820110    
   4.79999971      0.447806269    
   4.80999994      0.448791623    
   4.81999969      0.449776918    
   4.82999992      0.450762838    
   4.83999968      0.451748192    
   4.84999990      0.452733427    
   4.85999966      0.453718036    
   4.86999989      0.454702824    
   4.88000011      0.455687881    
   4.88999987      0.456672162    
   4.90000010      0.457656473    
   4.90999985      0.458640903    
   4.92000008      0.459624797    
   4.92999983      0.460608989    
   4.94000006      0.461592615    
   4.94999981      0.462575972    
   4.96000004      0.463558912    
   4.96999979      0.464543432    
   4.98000002      0.465526879    
   4.98999977      0.466510177    
   5.00000000      0.467492670    
   5.00999975      0.468475580    
   5.01999998      0.469458580    
   5.02999973      0.470441192    
   5.03999996      0.471423626    
   5.04999971      0.472406149    
   5.05999994      0.473388255    
   5.06999969      0.474370062    
   5.07999992      0.475350946    
   5.08999968      0.476334006    
   5.09999990      0.477315605    
   5.10999966      0.478297263    
   5.11999989      0.479278982    
   5.13000011      0.480260223    
   5.13999987      0.481241047    
   5.15000010      0.482222408    
   5.15999985      0.483203351    
   5.17000008      0.484184146    
   5.17999983      0.485165030    
   5.19000006      0.486145526    
   5.19999981      0.487125993    
   5.21000004      0.488106966    
   5.21999979      0.489086688    
   5.23000002      0.490066975    
   5.23999977      0.491047144    
   5.25000000      0.492026776    
   5.25999975      0.493006855    
   5.26999998      0.493986338    
   5.27999973      0.494966000    
   5.28999996      0.495945185    
   5.29999971      0.496924847    
   5.30999994      0.497904122    
   5.31999969      0.498883188    
   5.32999992      0.499862015    
   5.33999968      0.500840962    
   5.34999990      0.501820266    
   5.35999966      0.502798915    
   5.36999989      0.503777146    
   5.38000011      0.504755795    
   5.38999987      0.505734265    
   5.40000010      0.506711900    
   5.40999985      0.507690549    
   5.42000008      0.508668780    
   5.42999983      0.509646714    
   5.44000006      0.510624290    
   5.44999981      0.511602402    
   5.46000004      0.512580276    
   5.46999979      0.513557673    
   5.48000002      0.514534712    
   5.48999977      0.515512466    
   5.50000000      0.516489804    
   5.50999975      0.517466843    
