   9.99999978E-03  -3.43450665E-07
   1.99999996E-02  -7.95702078E-07
   2.99999993E-02  -1.12574230E-06
   3.99999991E-02  -1.53005578E-06
   4.99999970E-02  -1.97365262E-06
   5.99999987E-02  -2.27217788E-06
   7.00000003E-02  -2.78922425E-06
   7.99999982E-02  -2.89284026E-06
   8.99999961E-02  -3.37865777E-06
   9.99999940E-02  -3.85524800E-06
  0.109999999      -3.60660670E-06
  0.119999997      -3.32442710E-06
  0.129999995      -4.79726395E-06
  0.140000001      -5.95693200E-06
  0.149999991      -5.82466009E-06
  0.159999996      -5.84872214E-06
  0.170000002      -6.26288374E-06
  0.179999992      -6.34950038E-06
  0.189999998      -7.15963961E-06
  0.199999988      -7.46484420E-06
  0.209999993      -7.91935418E-06
  0.219999999      -8.50036304E-06
  0.229999989      -8.67173458E-06
  0.239999995      -9.11637562E-06
  0.250000000      -9.47420995E-06
  0.259999990      -9.82662004E-06
  0.269999981      -1.02509894E-05
  0.280000001      -1.06100670E-05
  0.289999992      -1.08697513E-05
  0.299999982      -1.13494389E-05
  0.310000002      -1.16507917E-05
  0.319999993      -1.21113790E-05
  0.329999983      -1.12943981E-05
  0.340000004      -1.24265389E-05
  0.349999994      -1.31357019E-05
  0.359999985      -1.31737524E-05
  0.370000005      -1.33539452E-05
  0.379999995      -1.34625252E-05
  0.389999986      -1.33258218E-05
  0.399999976      -9.00059422E-06
  0.409999996      -9.81594167E-06
  0.419999987      -9.74656905E-06
  0.429999977      -9.74112845E-06
  0.439999998      -8.96333404E-06
  0.449999988      -8.16313332E-06
  0.459999979      -6.93768334E-06
  0.469999999      -4.42679811E-06
  0.479999989      -1.64152425E-07
  0.489999980       9.24971664E-06
  0.500000000       8.96707061E-05
  0.509999990       6.80975936E-05
  0.519999981       6.95449053E-05
  0.529999971       7.21610559E-05
  0.539999962       7.64267315E-05
  0.550000012       8.16423417E-05
  0.560000002       8.78266655E-05
  0.569999993       9.52279443E-05
  0.579999983       1.04524814E-04
  0.589999974       1.16481839E-04
  0.599999964       1.30223329E-04
  0.610000014       1.48277293E-04
  0.620000005       1.71584499E-04
  0.629999995       2.05537945E-04
  0.639999986       2.56665371E-04
  0.649999976       3.49938869E-04
  0.659999967       6.06565911E-04
  0.669999957       1.41409854E-03
  0.680000007       1.31892378E-03
  0.689999998       1.30280666E-03
  0.699999988       1.30926329E-03
  0.709999979       1.32440112E-03
  0.719999969       1.34776218E-03
  0.729999959       1.37522153E-03
  0.740000010       1.40682980E-03
  0.750000000       1.44221657E-03
  0.759999990       1.48123608E-03
  0.769999981       1.52397540E-03
  0.779999971       1.57018623E-03
  0.789999962       1.62014051E-03
  0.799999952       1.67531881E-03
  0.810000002       1.73436268E-03
  0.819999993       1.79961429E-03
  0.829999983       1.86996651E-03
  0.839999974       1.94722752E-03
  0.849999964       2.03236914E-03
  0.859999955       2.12546391E-03
  0.870000005       2.23096251E-03
  0.879999995       2.34848098E-03
  0.889999986       2.48112879E-03
  0.899999976       2.63283472E-03
  0.909999967       2.80867633E-03
  0.919999957       3.01533984E-03
  0.930000007       3.26366979E-03
  0.939999998       3.56933870E-03
  0.949999988       3.95953469E-03
  0.959999979       4.48000478E-03
  0.969999969       5.22894692E-03
  0.979999959       6.44339155E-03
  0.989999950       8.96036718E-03
   1.00000000       2.01886017E-02
   1.00999999       2.02233549E-02
   1.01999998       1.99610349E-02
   1.02999997       1.98525842E-02
   1.03999996       1.98301002E-02
   1.04999995       1.98612511E-02
   1.05999994       1.99294463E-02
   1.06999993       2.00245846E-02
   1.07999992       2.01402605E-02
   1.09000003       2.02726200E-02
   1.10000002       2.04181299E-02
   1.11000001       2.05750614E-02
   1.12000000       2.07419768E-02
   1.13000000       2.09163297E-02
   1.13999999       2.11004596E-02
   1.14999998       2.12906860E-02
   1.15999997       2.14872006E-02
   1.16999996       2.16898136E-02
   1.17999995       2.18981393E-02
   1.18999994       2.21117362E-02
   1.19999993       2.23312657E-02
   1.20999992       2.25546863E-02
   1.22000003       2.27833726E-02
   1.23000002       2.30170395E-02
   1.24000001       2.32555512E-02
   1.25000000       2.34989095E-02
   1.25999999       2.37469841E-02
   1.26999998       2.40000226E-02
   1.27999997       2.42576562E-02
   1.28999996       2.45201755E-02
   1.29999995       2.47875080E-02
   1.30999994       2.50596739E-02
   1.31999993       2.53372975E-02
   1.32999992       2.56200731E-02
   1.33999991       2.59082355E-02
   1.35000002       2.62014195E-02
   1.36000001       2.65003629E-02
   1.37000000       2.68049762E-02
   1.38000000       2.71156188E-02
   1.38999999       2.74323430E-02
   1.39999998       2.77551971E-02
   1.40999997       2.80846544E-02
   1.41999996       2.84207631E-02
   1.42999995       2.87638251E-02
   1.43999994       2.91140471E-02
   1.44999993       2.94717830E-02
   1.45999992       2.98372414E-02
   1.46999991       3.02107986E-02
   1.48000002       3.05928029E-02
   1.49000001       3.09833828E-02
   1.50000000       3.13832648E-02
   1.50999999       3.17929573E-02
   1.51999998       3.22118513E-02
   1.52999997       3.26415896E-02
   1.53999996       3.30822133E-02
   1.54999995       3.35342772E-02
   1.55999994       3.39983329E-02
   1.56999993       3.44749838E-02
   1.57999992       3.49648669E-02
   1.58999991       3.54687423E-02
   1.59999990       3.59873697E-02
   1.61000001       3.65208872E-02
   1.62000000       3.70720290E-02
   1.63000000       3.76395881E-02
   1.63999999       3.82262319E-02
   1.64999998       3.88322957E-02
   1.65999997       3.94590348E-02
   1.66999996       4.01077643E-02
   1.67999995       4.07802537E-02
   1.68999994       4.14779596E-02
   1.69999993       4.22025248E-02
   1.70999992       4.29561622E-02
   1.71999991       4.37409990E-02
   1.73000002       4.45592888E-02
   1.74000001       4.54136953E-02
   1.75000000       4.63073179E-02
   1.75999999       4.72436771E-02
   1.76999998       4.82261330E-02
   1.77999997       4.92590889E-02
   1.78999996       5.03475927E-02
   1.79999995       5.14968373E-02
   1.80999994       5.27134463E-02
   1.81999993       5.40041849E-02
   1.82999992       5.53777032E-02
   1.83999991       5.68436608E-02
   1.84999990       5.84138781E-02
   1.86000001       6.01016358E-02
   1.87000000       6.19232878E-02
   1.88000000       6.38983846E-02
   1.88999999       6.60505891E-02
   1.89999998       6.84092194E-02
   1.90999997       7.10107908E-02
   1.91999996       7.39016905E-02
   1.92999995       7.71411508E-02
   1.93999994       8.08071718E-02
   1.94999993       8.50035027E-02
   1.95999992       8.98733437E-02
   1.96999991       9.56177786E-02
   1.97999990      0.102527879    
   1.99000001      0.111036040    
   2.00000000      0.121781513    
   2.00999999      0.135443583    
   2.01999998      0.148032233    
   2.02999997      0.158725604    
   2.03999996      0.167823121    
   2.04999995      0.175663486    
   2.05999994      0.182518333    
   2.06999993      0.188591644    
   2.07999992      0.194038913    
   2.08999991      0.198976308    
   2.09999990      0.203494132    
   2.10999990      0.207662776    
   2.11999989      0.211536840    
   2.12999988      0.215161398    
   2.13999987      0.218572110    
   2.14999986      0.221798465    
   2.15999985      0.224864572    
   2.16999984      0.227790654    
   2.18000007      0.230593383    
   2.19000006      0.233286917    
   2.20000005      0.235884279    
   2.21000004      0.238394648    
   2.22000003      0.240827888    
   2.23000002      0.243191421    
   2.24000001      0.245491922    
   2.25000000      0.247735977    
   2.25999999      0.249927878    
   2.26999998      0.252072722    
   2.27999997      0.254174441    
   2.28999996      0.256236315    
   2.29999995      0.258262396    
   2.30999994      0.260254502    
   2.31999993      0.262215972    
   2.32999992      0.264148712    
   2.33999991      0.266055197    
   2.34999990      0.267936885    
   2.35999990      0.269795865    
   2.36999989      0.271633059    
   2.37999988      0.273450524    
   2.38999987      0.275249511    
   2.39999986      0.277026683    
   2.40999985      0.278795183    
   2.41999984      0.280545115    
   2.42999983      0.282280505    
   2.44000006      0.284001768    
   2.45000005      0.285710245    
   2.46000004      0.287406892    
   2.47000003      0.289091557    
   2.48000002      0.290765673    
   2.49000001      0.292429328    
   2.50000000      0.294083238    
   2.50999999      0.295727283    
   2.51999998      0.297363400    
   2.52999997      0.298990577    
   2.53999996      0.300609469    
   2.54999995      0.302221447    
   2.55999994      0.303825557    
   2.56999993      0.305422843    
   2.57999992      0.307013720    
   2.58999991      0.308598280    
   2.59999990      0.310176104    
   2.60999990      0.311748564    
   2.61999989      0.313315392    
   2.62999988      0.314876616    
   2.63999987      0.316432655    
   2.64999986      0.317984194    
   2.65999985      0.319530725    
   2.66999984      0.321072191    
   2.67999983      0.322610110    
   2.69000006      0.324143291    
   2.70000005      0.325672299    
   2.71000004      0.327197403    
   2.72000003      0.328718483    
   2.73000002      0.330235988    
   2.74000001      0.331749886    
   2.75000000      0.333260864    
   2.75999999      0.334767848    
   2.76999998      0.336271822    
   2.77999997      0.337772697    
   2.78999996      0.339270562    
   2.79999995      0.340765357    
   2.80999994      0.342257500    
   2.81999993      0.343746662    
   2.82999992      0.345233381    
   2.83999991      0.346717358    
   2.84999990      0.348198861    
   2.85999990      0.349677593    
   2.86999989      0.351154208    
   2.87999988      0.352628738    
   2.88999987      0.354100466    
   2.89999986      0.355570555    
   2.90999985      0.357038200    
   2.91999984      0.358503580    
   2.92999983      0.359967351    
   2.93999982      0.361428827    
   2.95000005      0.362888455    
   2.96000004      0.364346236    
   2.97000003      0.365801692    
   2.98000002      0.367256224    
   2.99000001      0.368708730    
   3.00000000      0.370159298    
   3.00999999      0.371608496    
   3.01999998      0.373055488    
   3.02999997      0.374501079    
   3.03999996      0.375945777    
   3.04999995      0.377388030    
   3.05999994      0.378829151    
   3.06999993      0.380268961    
   3.07999992      0.381707281    
   3.08999991      0.383143872    
   3.09999990      0.384579509    
   3.10999990      0.386013538    
   3.11999989      0.387446433    
   3.12999988      0.388878256    
   3.13999987      0.390308112    
   3.14999986      0.391737044    
   3.15999985      0.393164873    
   3.16999984      0.394591480    
   3.17999983      0.396016836    
   3.18999982      0.397441000    
   3.19999981      0.398864537    
   3.21000004      0.400286525    
   3.22000003      0.401707232    
   3.23000002      0.403127551    
   3.24000001      0.404545933    
   3.25000000      0.405963808    
   3.25999999      0.407380790    
   3.26999998      0.408796251    
   3.27999997      0.410211354    
   3.28999996      0.411624968    
   3.29999995      0.413037688    
   3.30999994      0.414449871    
   3.31999993      0.415860802    
   3.32999992      0.417269975    
   3.33999991      0.418679982    
   3.34999990      0.420088738    
   3.35999990      0.421496004    
   3.36999989      0.422902524    
   3.37999988      0.424308300    
   3.38999987      0.425713331    
   3.39999986      0.427117854    
   3.40999985      0.428521097    
   3.41999984      0.429923534    
   3.42999983      0.431325585    
   3.43999982      0.432726741    
   3.44999981      0.434127122    
   3.46000004      0.435526490    
   3.47000003      0.436925560    
   3.48000002      0.438323289    
   3.49000001      0.439720601    
   3.50000000      0.441117734    
   3.50999999      0.442513734    
   3.51999998      0.443908989    
   3.52999997      0.445303828    
   3.53999996      0.446697444    
   3.54999995      0.448090941    
   3.55999994      0.449483663    
   3.56999993      0.450875938    
   3.57999992      0.452267140    
   3.58999991      0.453658015    
   3.59999990      0.455048352    
   3.60999990      0.456437409    
   3.61999989      0.457826823    
   3.62999988      0.459215134    
   3.63999987      0.460603058    
   3.64999986      0.461990207    
   3.65999985      0.463377148    
   3.66999984      0.464763224    
   3.67999983      0.466148615    
   3.68999982      0.467533559    
   3.69999981      0.468918175    
   3.70999980      0.470302045    
   3.72000003      0.471685290    
   3.73000002      0.473067790    
   3.74000001      0.474450618    
   3.75000000      0.475832462    
   3.75999999      0.477213651    
   3.76999998      0.478594542    
   3.77999997      0.479974926    
   3.78999996      0.481354892    
   3.79999995      0.482734084    
   3.80999994      0.484113067    
   3.81999993      0.485491365    
   3.82999992      0.486869603    
   3.83999991      0.488247156    
   3.84999990      0.489623964    
   3.85999990      0.491000414    
   3.86999989      0.492376208    
   3.87999988      0.493752241    
   3.88999987      0.495128572    
   3.89999986      0.496502072    
   3.90999985      0.497876674    
   3.91999984      0.499250352    
   3.92999983      0.500623941    
   3.93999982      0.501997292    
   3.94999981      0.503369868    
   3.95999980      0.504742146    
   3.97000003      0.506113708    
   3.98000002      0.507485092    
   3.99000001      0.508856177    
   4.00000000      0.510227203    
   4.00999975      0.511597633    
   4.01999998      0.512967587    
   4.02999973      0.514336288    
   4.03999996      0.515706182    
   4.04999971      0.517075121    
   4.05999994      0.518442988    
   4.06999969      0.519811213    
   4.07999992      0.521178722    
   4.08999968      0.522546411    
   4.09999990      0.523912907    
   4.11000013      0.525280237    
   4.11999989      0.526645660    
   4.13000011      0.528011918    
   4.13999987      0.529377341    
   4.15000010      0.530742288    
   4.15999985      0.532107294    
   4.17000008      0.533472180    
   4.17999983      0.534835875    
   4.19000006      0.536199808    
   4.19999981      0.537563264    
   4.21000004      0.538926065    
   4.21999979      0.540288866    
   4.23000002      0.541652083    
   4.23999977      0.543013930    
   4.25000000      0.544376373    
   4.25999975      0.545737684    
   4.26999998      0.547098994    
   4.27999973      0.548459589    
   4.28999996      0.549820364    
   4.29999971      0.551181138    
   4.30999994      0.552541077    
   4.31999969      0.553900540    
   4.32999992      0.555260301    
   4.33999968      0.556619644    
   4.34999990      0.557978630    
   4.36000013      0.559336960    
   4.36999989      0.560695231    
   4.38000011      0.562053442    
   4.38999987      0.563411176    
   4.40000010      0.564769089    
   4.40999985      0.566126108    
   4.42000008      0.567482769    
   4.42999983      0.568839490    
   4.44000006      0.570195973    
   4.44999981      0.571552455    
   4.46000004      0.572908640    
   4.46999979      0.574263215    
   4.48000002      0.575619042    
   4.48999977      0.576974213    
   4.50000000      0.578328907    
   4.50999975      0.579683602    
   4.51999998      0.581038058    
   4.52999973      0.582392454    
   4.53999996      0.583745897    
   4.54999971      0.585099399    
   4.55999994      0.586453080    
   4.56999969      0.587805688    
   4.57999992      0.589159012    
   4.58999968      0.590511858    
   4.59999990      0.591864169    
   4.61000013      0.593216419    
   4.61999989      0.594568133    
   4.63000011      0.595919609    
   4.63999987      0.597271323    
   4.65000010      0.598621964    
   4.65999985      0.599973857    
   4.67000008      0.601324201    
   4.67999983      0.602675080    
   4.69000006      0.604024708    
   4.69999981      0.605374753    
   4.71000004      0.606724501    
   4.71999979      0.608073950    
   4.73000002      0.609424353    
   4.73999977      0.610773087    
   4.75000000      0.612122416    
   4.75999975      0.613471389    
   4.76999998      0.614819229    
   4.77999973      0.616167963    
   4.78999996      0.617516279    
   4.79999971      0.618864000    
   4.80999994      0.620211244    
   4.81999969      0.621559799    
   4.82999992      0.622906685    
   4.83999968      0.624254048    
   4.84999990      0.625601351    
   4.85999966      0.626947463    
   4.86999989      0.628294170    
   4.88000011      0.629640698    
   4.88999987      0.630986750    
   4.90000010      0.632332981    
   4.90999985      0.633678854    
   4.92000008      0.635023415    
   4.92999983      0.636369109    
   4.94000006      0.637714803    
   4.94999981      0.639059663    
   4.96000004      0.640404403    
   4.96999979      0.641749859    
   4.98000002      0.643093467    
   4.98999977      0.644438088    
   5.00000000      0.645781696    
   5.00999975      0.647126317    
   5.01999998      0.648468971    
   5.02999973      0.649813414    
   5.03999996      0.651156485    
   5.04999971      0.652499735    
   5.05999994      0.653842926    
   5.06999969      0.655185103    
   5.07999992      0.656527340    
   5.08999968      0.657871068    
   5.09999990      0.659212887    
   5.10999966      0.660555601    
   5.11999989      0.661897302    
   5.13000011      0.663239121    
   5.13999987      0.664581358    
   5.15000010      0.665922582    
   5.15999985      0.667264402    
   5.17000008      0.668605149    
   5.17999983      0.669946015    
   5.19000006      0.671286821    
   5.19999981      0.672627628    
   5.21000004      0.673968375    
   5.21999979      0.675308764    
   5.23000002      0.676649153    
   5.23999977      0.677989364    
   5.25000000      0.679329455    
   5.25999975      0.680668652    
   5.26999998      0.682008326    
   5.27999973      0.683348060    
   5.28999996      0.684687078    
   5.29999971      0.686026990    
   5.30999994      0.687365413    
   5.31999969      0.688701570    
   5.32999992      0.690042675    
   5.33999968      0.691381395    
   5.34999990      0.692720413    
   5.35999966      0.694058239    
   5.36999989      0.695396364    
   5.38000011      0.696735084    
   5.38999987      0.698072553    
   5.40000010      0.699410617    
   5.40999985      0.700747848    
   5.42000008      0.702085614    
   5.42999983      0.703422666    
   5.44000006      0.704759061    
   5.44999981      0.706096709    
   5.46000004      0.707389414    
   5.46999979      0.708770156    
   5.48000002      0.710106969    
   5.48999977      0.711442769    
   5.50000000      0.712779582    
   5.50999975      0.714116156    
