   9.99999978E-03  -3.44077733E-07
   1.99999996E-02  -1.25422093E-06
   2.99999993E-02  -1.55926159E-06
   3.99999991E-02  -2.75544062E-06
   4.99999970E-02  -3.31873639E-06
   5.99999987E-02  -3.73232729E-06
   7.00000003E-02  -4.88213527E-06
   7.99999982E-02  -5.35502568E-06
   8.99999961E-02  -6.11715586E-06
   9.99999940E-02  -6.92858339E-06
  0.109999999      -7.60657531E-06
  0.119999997      -8.13754286E-06
  0.129999995      -8.62121487E-06
  0.140000001      -9.66612242E-06
  0.149999991      -1.04746614E-05
  0.159999996      -1.08446047E-05
  0.170000002      -1.13886181E-05
  0.179999992      -1.21160137E-05
  0.189999998      -1.29260807E-05
  0.199999988      -1.35918681E-05
  0.209999993      -1.43713496E-05
  0.219999999      -1.49868465E-05
  0.229999989      -1.54764421E-05
  0.239999995      -1.64399571E-05
  0.250000000      -1.74331253E-05
  0.259999990      -1.77420279E-05
  0.269999981      -1.84495857E-05
  0.280000001      -1.90890769E-05
  0.289999992      -1.95794073E-05
  0.299999982      -2.02765386E-05
  0.310000002      -2.07609355E-05
  0.319999993      -2.13828425E-05
  0.329999983      -2.06233763E-05
  0.340000004      -2.04129101E-05
  0.349999994      -2.10865473E-05
  0.359999985      -2.08468191E-05
  0.370000005      -2.06767509E-05
  0.379999995      -1.91768158E-05
  0.389999986      -1.53315959E-05
  0.399999976       7.50084564E-06
  0.409999996       2.39379915E-06
  0.419999987       3.73697912E-06
  0.429999977       6.48081732E-06
  0.439999998       9.75555486E-06
  0.449999988       1.57591021E-05
  0.459999979       2.39215988E-05
  0.469999999       3.58286161E-05
  0.479999989       5.94404373E-05
  0.489999980       1.12252805E-04
  0.500000000       3.55600583E-04
  0.509999990       2.97398889E-04
  0.519999981       2.98421917E-04
  0.529999971       3.08415329E-04
  0.539999962       3.23273503E-04
  0.550000012       3.42536543E-04
  0.560000002       3.65765765E-04
  0.569999993       3.94428207E-04
  0.579999983       4.28667903E-04
  0.589999974       4.70401690E-04
  0.599999964       5.22866787E-04
  0.610000014       5.89207048E-04
  0.620000005       6.77005970E-04
  0.629999995       7.99907837E-04
  0.639999986       9.87316715E-04
  0.649999976       1.32426480E-03
  0.659999967       2.19960744E-03
  0.669999957       3.83180287E-03
  0.680000007       3.59424087E-03
  0.689999998       3.54790967E-03
  0.699999988       3.55652813E-03
  0.709999979       3.59297404E-03
  0.719999969       3.64942057E-03
  0.729999959       3.71529302E-03
  0.740000010       3.79452505E-03
  0.750000000       3.88790318E-03
  0.759999990       3.98401450E-03
  0.769999981       4.09257598E-03
  0.779999971       4.21180902E-03
  0.789999962       4.34163678E-03
  0.799999952       4.48269211E-03
  0.810000002       4.63620713E-03
  0.819999993       4.80358303E-03
  0.829999983       4.98631317E-03
  0.839999974       5.18655172E-03
  0.849999964       5.41252084E-03
  0.859999955       5.65052778E-03
  0.870000005       5.92243485E-03
  0.879999995       6.22572144E-03
  0.889999986       6.56880811E-03
  0.899999976       6.96063321E-03
  0.909999967       7.41357775E-03
  0.919999957       7.94554688E-03
  0.930000007       8.58110934E-03
  0.939999998       9.36055183E-03
  0.949999988       1.03471437E-02
  0.959999979       1.16534159E-02
  0.969999969       1.35004772E-02
  0.979999959       1.64073892E-02
  0.989999950       2.20159031E-02
   1.00000000       3.82476822E-02
   1.00999999       3.88728008E-02
   1.01999998       3.86188067E-02
   1.02999997       3.85086164E-02
   1.03999996       3.85075882E-02
   1.04999995       3.85839529E-02
   1.05999994       3.87172885E-02
   1.06999993       3.88947912E-02
   1.07999992       3.91068496E-02
   1.09000003       3.93474400E-02
   1.10000002       3.96117941E-02
   1.11000001       3.98966484E-02
   1.12000000       4.01994064E-02
   1.13000000       4.05180901E-02
   1.13999999       4.08510193E-02
   1.14999998       4.11971435E-02
   1.15999997       4.15553041E-02
   1.16999996       4.19249944E-02
   1.17999995       4.23054658E-02
   1.18999994       4.26961370E-02
   1.19999993       4.30967137E-02
   1.20999992       4.35066931E-02
   1.22000003       4.39261198E-02
   1.23000002       4.43548635E-02
   1.24000001       4.47923765E-02
   1.25000000       4.52391505E-02
   1.25999999       4.56949919E-02
   1.26999998       4.61596288E-02
   1.27999997       4.66331579E-02
   1.28999996       4.71160300E-02
   1.29999995       4.76078726E-02
   1.30999994       4.81089577E-02
   1.31999993       4.86195795E-02
   1.32999992       4.91398387E-02
   1.33999991       4.96701114E-02
   1.35000002       5.02103195E-02
   1.36000001       5.07593304E-02
   1.37000000       5.13208769E-02
   1.38000000       5.18925674E-02
   1.38999999       5.24752513E-02
   1.39999998       5.30693829E-02
   1.40999997       5.36753349E-02
   1.41999996       5.42933941E-02
   1.42999995       5.49241155E-02
   1.43999994       5.55678122E-02
   1.44999993       5.62247820E-02
   1.45999992       5.68961315E-02
   1.46999991       5.75818308E-02
   1.48000002       5.82823604E-02
   1.49000001       5.89989834E-02
   1.50000000       5.97318374E-02
   1.50999999       6.04805499E-02
   1.51999998       6.12488054E-02
   1.52999997       6.20343126E-02
   1.53999996       6.28399029E-02
   1.54999995       6.36653751E-02
   1.55999994       6.45120442E-02
   1.56999993       6.53804988E-02
   1.57999992       6.62726536E-02
   1.58999991       6.71891645E-02
   1.59999990       6.81312680E-02
   1.61000001       6.91004694E-02
   1.62000000       7.00981319E-02
   1.63000000       7.11259469E-02
   1.63999999       7.21854046E-02
   1.64999998       7.32787400E-02
   1.65999997       7.44076297E-02
   1.66999996       7.55741671E-02
   1.67999995       7.67810494E-02
   1.68999994       7.80306533E-02
   1.69999993       7.93258622E-02
   1.70999992       8.06697458E-02
   1.71999991       8.20657760E-02
   1.73000002       8.35179016E-02
   1.74000001       8.50297287E-02
   1.75000000       8.66062194E-02
   1.75999999       8.82526338E-02
   1.76999998       8.99745151E-02
   1.77999997       9.17782187E-02
   1.78999996       9.36710238E-02
   1.79999995       9.56607759E-02
   1.80999994       9.77569371E-02
   1.81999993       9.99697149E-02
   1.82999992      0.102311075    
   1.83999991      0.104794912    
   1.84999990      0.107436962    
   1.86000001      0.110255338    
   1.87000000      0.113271803    
   1.88000000      0.116511650    
   1.88999999      0.120004974    
   1.89999998      0.123787805    
   1.90999997      0.127903730    
   1.91999996      0.132406205    
   1.92999995      0.137360260    
   1.93999994      0.142847598    
   1.94999993      0.148970902    
   1.95999992      0.155861631    
   1.96999991      0.163687885    
   1.97999990      0.172666371    
   1.99000001      0.183070630    
   2.00000000      0.195218191    
   2.00999999      0.209251449    
   2.01999998      0.222404361    
   2.02999997      0.234011397    
   2.03999996      0.244225875    
   2.04999995      0.253281564    
   2.05999994      0.261386126    
   2.06999993      0.268709660    
   2.07999992      0.275386870    
   2.08999991      0.281520694    
   2.09999990      0.287202626    
   2.10999990      0.292496771    
   2.11999989      0.297458947    
   2.12999988      0.302135766    
   2.13999987      0.306564599    
   2.14999986      0.310776144    
   2.15999985      0.314797252    
   2.16999984      0.318650007    
   2.18000007      0.322353452    
   2.19000006      0.325923294    
   2.20000005      0.329373986    
   2.21000004      0.332719177    
   2.22000003      0.335963935    
   2.23000002      0.339122683    
   2.24000001      0.342201740    
   2.25000000      0.345208734    
   2.25999999      0.348148584    
   2.26999998      0.351028562    
   2.27999997      0.353852421    
   2.28999996      0.356625050    
   2.29999995      0.359350502    
   2.30999994      0.362031698    
   2.31999993      0.364672661    
   2.32999992      0.367276102    
   2.33999991      0.369844586    
   2.34999990      0.372380257    
   2.35999990      0.374885619    
   2.36999989      0.377362520    
   2.37999988      0.379812598    
   2.38999987      0.382237971    
   2.39999986      0.384640127    
   2.40999985      0.387021154    
   2.41999984      0.389379114    
   2.42999983      0.391718984    
   2.44000006      0.394040465    
   2.45000005      0.396343827    
   2.46000004      0.398631245    
   2.47000003      0.400902838    
   2.48000002      0.403159887    
   2.49000001      0.405402690    
   2.50000000      0.407632530    
   2.50999999      0.409849197    
   2.51999998      0.412053645    
   2.52999997      0.414247304    
   2.53999996      0.416429341    
   2.54999995      0.418601662    
   2.55999994      0.420763254    
   2.56999993      0.422915518    
   2.57999992      0.425058722    
   2.58999991      0.427193552    
   2.59999990      0.429319113    
   2.60999990      0.431437552    
   2.61999989      0.433547497    
   2.62999988      0.435650706    
   2.63999987      0.437746197    
   2.64999986      0.439835489    
   2.65999985      0.441917449    
   2.66999984      0.443992257    
   2.67999983      0.446063876    
   2.69000006      0.448127925    
   2.70000005      0.450186670    
   2.71000004      0.452239633    
   2.72000003      0.454286993    
   2.73000002      0.456329852    
   2.74000001      0.458367735    
   2.75000000      0.460400790    
   2.75999999      0.462428987    
   2.76999998      0.464452654    
   2.77999997      0.466472417    
   2.78999996      0.468488038    
   2.79999995      0.470499277    
   2.80999994      0.472506791    
   2.81999993      0.474510372    
   2.82999992      0.476510406    
   2.83999991      0.478506684    
   2.84999990      0.480499536    
   2.85999990      0.482488960    
   2.86999989      0.484475166    
   2.87999988      0.486458153    
   2.88999987      0.488437951    
   2.89999986      0.490414977    
   2.90999985      0.492388576    
   2.91999984      0.494359732    
   2.92999983      0.496328056    
   2.93999982      0.498293519    
   2.95000005      0.500256419    
   2.96000004      0.502216578    
   2.97000003      0.504174709    
   2.98000002      0.506129503    
   2.99000001      0.508082509    
   3.00000000      0.510033250    
   3.00999999      0.511980951    
   3.01999998      0.513927341    
   3.02999997      0.515871167    
   3.03999996      0.517812252    
   3.04999995      0.519751728    
   3.05999994      0.521689057    
   3.06999993      0.523625016    
   3.07999992      0.525558829    
   3.08999991      0.527490497    
   3.09999990      0.529419243    
   3.10999990      0.531347811    
   3.11999989      0.533273935    
   3.12999988      0.535194218    
   3.13999987      0.537120938    
   3.14999986      0.539041519    
   3.15999985      0.540961027    
   3.16999984      0.542878509    
   3.17999983      0.544794738    
   3.18999982      0.546708524    
   3.19999981      0.548621655    
   3.21000004      0.550533175    
   3.22000003      0.552443147    
   3.23000002      0.554351568    
   3.24000001      0.556258738    
   3.25000000      0.558163941    
   3.25999999      0.560068011    
   3.26999998      0.561970413    
   3.27999997      0.563872755    
   3.28999996      0.565773368    
   3.29999995      0.567671776    
   3.30999994      0.569569230    
   3.31999993      0.571465909    
   3.32999992      0.573361158    
   3.33999991      0.575255454    
   3.34999990      0.577148736    
   3.35999990      0.579039335    
   3.36999989      0.580930829    
   3.37999988      0.582819581    
   3.38999987      0.584708154    
   3.39999986      0.586594999    
   3.40999985      0.588481128    
   3.41999984      0.590366125    
   3.42999983      0.592250288    
   3.43999982      0.594133615    
   3.44999981      0.596015751    
   3.46000004      0.597896039    
   3.47000003      0.599775970    
   3.48000002      0.601654947    
   3.49000001      0.603533030    
   3.50000000      0.605409861    
   3.50999999      0.607286215    
   3.51999998      0.609161735    
   3.52999997      0.611035883    
   3.53999996      0.612909377    
   3.54999995      0.614782453    
   3.55999994      0.616653919    
   3.56999993      0.618524551    
   3.57999992      0.620394707    
   3.58999991      0.622263789    
   3.59999990      0.624131739    
   3.60999990      0.625999033    
   3.61999989      0.627866507    
   3.62999988      0.629731894    
   3.63999987      0.631597519    
   3.64999986      0.633462131    
   3.65999985      0.635325730    
   3.66999984      0.637188435    
   3.67999983      0.639050484    
   3.68999982      0.640911937    
   3.69999981      0.642772198    
   3.70999980      0.644632161    
   3.72000003      0.646491885    
   3.73000002      0.648349822    
   3.74000001      0.650207520    
   3.75000000      0.652064681    
   3.75999999      0.653921425    
   3.76999998      0.655777514    
   3.77999997      0.657632589    
   3.78999996      0.659486651    
   3.79999995      0.661340654    
   3.80999994      0.663193762    
   3.81999993      0.665046573    
   3.82999992      0.666898668    
   3.83999991      0.668750286    
   3.84999990      0.670599997    
   3.85999990      0.672450900    
   3.86999989      0.674300194    
   3.87999988      0.676148474    
   3.88999987      0.677997589    
   3.89999986      0.679844916    
   3.90999985      0.681692004    
   3.91999984      0.683539450    
   3.92999983      0.685385048    
   3.93999982      0.687229812    
   3.94999981      0.689074934    
   3.95999980      0.690919399    
   3.97000003      0.692764103    
   3.98000002      0.694606483    
   3.99000001      0.696449399    
   4.00000000      0.698291242    
   4.00999975      0.700133562    
   4.01999998      0.701974690    
   4.02999973      0.703814864    
   4.03999996      0.705655992    
   4.04999971      0.707495272    
   4.05999994      0.709334910    
   4.06999969      0.711173415    
   4.07999992      0.713011622    
   4.08999968      0.714849174    
   4.09999990      0.716686666    
   4.11000013      0.718523145    
   4.11999989      0.720360041    
   4.13000011      0.722170174    
   4.13999987      0.724031568    
   4.15000010      0.725865841    
   4.15999985      0.727700949    
   4.17000008      0.729534328    
   4.17999983      0.731368244    
   4.19000006      0.733201623    
   4.19999981      0.735034466    
   4.21000004      0.736866593    
   4.21999979      0.738698244    
   4.23000002      0.740530312    
   4.23999977      0.742361188    
   4.25000000      0.744192243    
   4.25999975      0.746021926    
   4.26999998      0.747851491    
   4.27999973      0.749681234    
   4.28999996      0.751510203    
   4.29999971      0.753339410    
   4.30999994      0.755167246    
   4.31999969      0.756995142    
   4.32999992      0.758823037    
   4.33999968      0.760649204    
   4.34999990      0.762476683    
   4.36000013      0.764302433    
   4.36999989      0.766128600    
   4.38000011      0.767954171    
   4.38999987      0.769779563    
   4.40000010      0.771604657    
   4.40999985      0.773428023    
   4.42000008      0.775253057    
   4.42999983      0.777076125    
   4.44000006      0.778899729    
   4.44999981      0.780723095    
   4.46000004      0.782546103    
   4.46999979      0.784367681    
   4.48000002      0.786189914    
   4.48999977      0.788011730    
   4.50000000      0.789833486    
   4.50999975      0.791653693    
   4.51999998      0.793474317    
   4.52999973      0.795295060    
   4.53999996      0.797115266    
   4.54999971      0.798935413    
   4.55999994      0.800753474    
   4.56999969      0.802572489    
   4.57999992      0.804391801    
   4.58999968      0.806210399    
   4.59999990      0.808028102    
   4.61000013      0.809846282    
   4.61999989      0.811663568    
   4.63000011      0.813481033    
   4.63999987      0.815297723    
   4.65000010      0.817114413    
   4.65999985      0.818930387    
   4.67000008      0.820746541    
   4.67999983      0.822562277    
   4.69000006      0.824377179    
   4.69999981      0.826192677    
   4.71000004      0.828007162    
   4.71999979      0.829821765    
   4.73000002      0.831636310    
   4.73999977      0.833449543    
   4.75000000      0.835263610    
   4.75999975      0.837077618    
   4.76999998      0.838890076    
   4.77999973      0.840703011    
   4.78999996      0.842515647    
   4.79999971      0.844327509    
   4.80999994      0.846139610    
   4.81999969      0.847951531    
   4.82999992      0.849763215    
   4.83999968      0.851572990    
   4.84999990      0.853384912    
   4.85999966      0.855195701    
   4.86999989      0.857006431    
   4.88000011      0.858816266    
   4.88999987      0.860625744    
   4.90000010      0.862435460    
   4.90999985      0.864245117    
   4.92000008      0.866054535    
   4.92999983      0.867863119    
   4.94000006      0.869672477    
   4.94999981      0.871480346    
   4.96000004      0.873288631    
   4.96999979      0.875096440    
   4.98000002      0.876904845    
   4.98999977      0.878711760    
   5.00000000      0.880519509    
   5.00999975      0.882325709    
   5.01999998      0.884132326    
   5.02999973      0.885938823    
   5.03999996      0.887744665    
   5.04999971      0.889550984    
   5.05999994      0.891356945    
   5.06999969      0.893162906    
   5.07999992      0.894968092    
   5.08999968      0.896773160    
   5.09999990      0.898578584    
   5.10999966      0.900383294    
   5.11999989      0.902187347    
   5.13000011      0.903991759    
   5.13999987      0.905795515    
   5.15000010      0.907599390    
   5.15999985      0.909402788    
   5.17000008      0.911206961    
   5.17999983      0.913008988    
   5.19000006      0.914812803    
   5.19999981      0.916615307    
   5.21000004      0.918417811    
   5.21999979      0.920220435    
   5.23000002      0.922022521    
   5.23999977      0.923824966    
   5.25000000      0.925626576    
   5.25999975      0.927427769    
   5.26999998      0.929229438    
   5.27999973      0.931030154    
   5.28999996      0.932830870    
   5.29999971      0.934630573    
   5.30999994      0.936432123    
   5.31999969      0.938232720    
   5.32999992      0.940033376    
   5.33999968      0.941833198    
   5.34999990      0.943632126    
   5.35999966      0.945432186    
   5.36999989      0.947231710    
   5.38000011      0.949030876    
   5.38999987      0.950829566    
   5.40000010      0.952629089    
   5.40999985      0.954427660    
   5.42000008      0.956225395    
   5.42999983      0.958024263    
   5.44000006      0.959821880    
   5.44999981      0.961620629    
   5.46000004      0.963417411    
   5.46999979      0.965214252    
   5.48000002      0.967013001    
   5.48999977      0.968809962    
   5.50000000      0.970606565    
   5.50999975      0.972403646    
