   9.99999978E-03  -6.43964995E-07
   1.99999996E-02  -2.52654308E-06
   2.99999993E-02  -2.21141772E-06
   3.99999991E-02  -2.92665345E-06
   4.99999970E-02  -4.02038313E-06
   5.99999987E-02  -4.38970073E-06
   7.00000003E-02  -5.14994554E-06
   7.99999982E-02  -5.67427287E-06
   8.99999961E-02  -9.88889133E-06
   9.99999940E-02  -7.32263288E-06
  0.109999999      -7.68850623E-06
  0.119999997      -8.63876357E-06
  0.129999995      -9.13425629E-06
  0.140000001      -1.02412596E-05
  0.149999991      -1.10736273E-05
  0.159999996      -1.14789655E-05
  0.170000002      -1.20615996E-05
  0.179999992      -1.46971443E-05
  0.189999998      -1.36755643E-05
  0.199999988      -1.43720426E-05
  0.209999993      -1.52143757E-05
  0.219999999      -1.59821666E-05
  0.229999989      -1.64031844E-05
  0.239999995      -1.74336856E-05
  0.250000000      -1.84313594E-05
  0.259999990      -1.87772384E-05
  0.269999981      -1.95129505E-05
  0.280000001      -2.01697658E-05
  0.289999992      -2.06960685E-05
  0.299999982      -2.13932362E-05
  0.310000002      -2.19181911E-05
  0.319999993      -2.23444185E-05
  0.329999983      -2.14335341E-05
  0.340000004      -2.11212773E-05
  0.349999994      -2.17296802E-05
  0.359999985      -2.15107684E-05
  0.370000005      -2.10624930E-05
  0.379999995      -1.92392763E-05
  0.389999986      -1.44689839E-05
  0.399999976       1.17920254E-05
  0.409999996       6.01487091E-06
  0.419999987       7.80297887E-06
  0.429999977       1.09424400E-05
  0.439999998       1.53192050E-05
  0.449999988       2.07737903E-05
  0.459999979       3.15821817E-05
  0.469999999       4.56225316E-05
  0.479999989       7.32892659E-05
  0.489999980       1.35283015E-04
  0.500000000       4.04522318E-04
  0.509999990       3.40414437E-04
  0.519999981       3.41478182E-04
  0.529999971       3.52839998E-04
  0.539999962       3.69610934E-04
  0.550000012       3.91423469E-04
  0.560000002       4.17765637E-04
  0.569999993       4.50230815E-04
  0.579999983       4.89063794E-04
  0.589999974       5.36804553E-04
  0.599999964       5.95811987E-04
  0.610000014       6.70979498E-04
  0.620000005       7.70474086E-04
  0.629999995       9.07456793E-04
  0.639999986       1.12159981E-03
  0.649999976       1.50085613E-03
  0.659999967       2.48260191E-03
  0.669999957       4.21419879E-03
  0.680000007       3.95620568E-03
  0.689999998       3.90680321E-03
  0.699999988       3.91410571E-03
  0.709999979       3.95359565E-03
  0.719999969       4.01410321E-03
  0.729999959       4.08690656E-03
  0.740000010       4.17343853E-03
  0.750000000       4.27138107E-03
  0.759999990       4.38053347E-03
  0.769999981       4.49939957E-03
  0.779999971       4.62992210E-03
  0.789999962       4.77201585E-03
  0.799999952       4.92643844E-03
  0.810000002       5.09454636E-03
  0.819999993       5.27841551E-03
  0.829999983       5.47793880E-03
  0.839999974       5.69724990E-03
  0.849999964       5.93721122E-03
  0.859999955       6.20534178E-03
  0.870000005       6.50241040E-03
  0.879999995       6.83507789E-03
  0.889999986       7.21069239E-03
  0.899999976       7.63956597E-03
  0.909999967       8.13512318E-03
  0.919999957       8.71692598E-03
  0.930000007       9.41173453E-03
  0.939999998       1.02632716E-02
  0.949999988       1.13401227E-02
  0.959999979       1.27639426E-02
  0.969999969       1.47729451E-02
  0.979999959       1.79225430E-02
  0.989999950       2.39452906E-02
   1.00000000       4.06657979E-02
   1.00999999       4.13719751E-02
   1.01999998       4.11295667E-02
   1.02999997       4.10249457E-02
   1.03999996       4.10302468E-02
   1.04999995       4.11148071E-02
   1.05999994       4.12583575E-02
   1.06999993       4.14476804E-02
   1.07999992       4.16731276E-02
   1.09000003       4.19285335E-02
   1.10000002       4.22089398E-02
   1.11000001       4.25111949E-02
   1.12000000       4.28317226E-02
   1.13000000       4.31693308E-02
   1.13999999       4.35220227E-02
   1.14999998       4.38887812E-02
   1.15999997       4.42682169E-02
   1.16999996       4.46598902E-02
   1.17999995       4.50629890E-02
   1.18999994       4.54769246E-02
   1.19999993       4.59013134E-02
   1.20999992       4.63357605E-02
   1.22000003       4.67801951E-02
   1.23000002       4.72345054E-02
   1.24000001       4.76981550E-02
   1.25000000       4.81715612E-02
   1.25999999       4.86544855E-02
   1.26999998       4.91470285E-02
   1.27999997       4.96488698E-02
   1.28999996       5.01606166E-02
   1.29999995       5.06819077E-02
   1.30999994       5.12129143E-02
   1.31999993       5.17540984E-02
   1.32999992       5.23054525E-02
   1.33999991       5.28671406E-02
   1.35000002       5.34399040E-02
   1.36000001       5.40225469E-02
   1.37000000       5.46168797E-02
   1.38000000       5.52226119E-02
   1.38999999       5.58400750E-02
   1.39999998       5.64696305E-02
   1.40999997       5.71116805E-02
   1.41999996       5.77666052E-02
   1.42999995       5.84348850E-02
   1.43999994       5.91167584E-02
   1.44999993       5.98135479E-02
   1.45999992       6.05240054E-02
   1.46999991       6.12503700E-02
   1.48000002       6.19923435E-02
   1.49000001       6.27513975E-02
   1.50000000       6.35275096E-02
   1.50999999       6.43203259E-02
   1.51999998       6.51339069E-02
   1.52999997       6.59659505E-02
   1.53999996       6.68184906E-02
   1.54999995       6.76923022E-02
   1.55999994       6.85883835E-02
   1.56999993       6.95075318E-02
   1.57999992       7.04516843E-02
   1.58999991       7.14213327E-02
   1.59999990       7.24181235E-02
   1.61000001       7.34432936E-02
   1.62000000       7.44984895E-02
   1.63000000       7.55853057E-02
   1.63999999       7.67056420E-02
   1.64999998       7.78613612E-02
   1.65999997       7.90543258E-02
   1.66999996       8.02869424E-02
   1.67999995       8.15620199E-02
   1.68999994       8.28817785E-02
   1.69999993       8.42494816E-02
   1.70999992       8.56681913E-02
   1.71999991       8.71415287E-02
   1.73000002       8.86736810E-02
   1.74000001       9.02681053E-02
   1.75000000       9.19304565E-02
   1.75999999       9.36657339E-02
   1.76999998       9.54799280E-02
   1.77999997       9.73794982E-02
   1.78999996       9.93728340E-02
   1.79999995      0.101465598    
   1.80999994      0.103669837    
   1.81999993      0.105995610    
   1.82999992      0.108454861    
   1.83999991      0.111062035    
   1.84999990      0.113833107    
   1.86000001      0.116786733    
   1.87000000      0.119945191    
   1.88000000      0.123334110    
   1.88999999      0.126984030    
   1.89999998      0.130931363    
   1.90999997      0.135220423    
   1.91999996      0.139904246    
   1.92999995      0.145048544    
   1.93999994      0.150734395    
   1.94999993      0.157062799    
   1.95999992      0.164163321    
   1.96999991      0.172198847    
   1.97999990      0.181377247    
   1.99000001      0.191956237    
   2.00000000      0.204227343    
   2.00999999      0.218292162    
   2.01999998      0.231486812    
   2.02999997      0.243166298    
   2.03999996      0.253474325    
   2.04999995      0.262635380    
   2.05999994      0.270852357    
   2.06999993      0.278290749    
   2.07999992      0.285083562    
   2.08999991      0.291332901    
   2.09999990      0.297126293    
   2.10999990      0.302531183    
   2.11999989      0.307601571    
   2.12999988      0.312383503    
   2.13999987      0.316915214    
   2.14999986      0.321226895    
   2.15999985      0.325346231    
   2.16999984      0.329294384    
   2.18000007      0.333091438    
   2.19000006      0.336752534    
   2.20000005      0.340292335    
   2.21000004      0.343723238    
   2.22000003      0.347055197    
   2.23000002      0.350298494    
   2.24000001      0.353460342    
   2.25000000      0.356548160    
   2.25999999      0.359568119    
   2.26999998      0.362526387    
   2.27999997      0.365427405    
   2.28999996      0.368276387    
   2.29999995      0.371076792    
   2.30999994      0.373832822    
   2.31999993      0.376547128    
   2.32999992      0.379222989    
   2.33999991      0.381862998    
   2.34999990      0.384469450    
   2.35999990      0.387044996    
   2.36999989      0.389591187    
   2.37999988      0.392110139    
   2.38999987      0.394603670    
   2.39999986      0.397073358    
   2.40999985      0.399520099    
   2.41999984      0.401945889    
   2.42999983      0.404351264    
   2.44000006      0.406738609    
   2.45000005      0.409107000    
   2.46000004      0.411458760    
   2.47000003      0.413794875    
   2.48000002      0.416115522    
   2.49000001      0.418421984    
   2.50000000      0.420714319    
   2.50999999      0.422993779    
   2.51999998      0.425261170    
   2.52999997      0.427516460    
   2.53999996      0.429760456    
   2.54999995      0.431993693    
   2.55999994      0.434216887    
   2.56999993      0.436429888    
   2.57999992      0.438634038    
   2.58999991      0.440828830    
   2.59999990      0.443014860    
   2.60999990      0.445193112    
   2.61999989      0.447363615    
   2.62999988      0.449525803    
   2.63999987      0.451680899    
   2.64999986      0.453829020    
   2.65999985      0.455970556    
   2.66999984      0.458105594    
   2.67999983      0.460233837    
   2.69000006      0.462356836    
   2.70000005      0.464473337    
   2.71000004      0.466584712    
   2.72000003      0.468690276    
   2.73000002      0.470791221    
   2.74000001      0.472886145    
   2.75000000      0.474976748    
   2.75999999      0.477062553    
   2.76999998      0.479143828    
   2.77999997      0.481220335    
   2.78999996      0.483293235    
   2.79999995      0.485361218    
   2.80999994      0.487425715    
   2.81999993      0.489486098    
   2.82999992      0.491542429    
   2.83999991      0.493595362    
   2.84999990      0.495645106    
   2.85999990      0.497690678    
   2.86999989      0.499733299    
   2.87999988      0.501771986    
   2.88999987      0.503808081    
   2.89999986      0.505841076    
   2.90999985      0.507870913    
   2.91999984      0.509897888    
   2.92999983      0.511921406    
   2.93999982      0.513942659    
   2.95000005      0.515960693    
   2.96000004      0.517976761    
   2.97000003      0.519990444    
   2.98000002      0.522000968    
   2.99000001      0.524008453    
   3.00000000      0.526014507    
   3.00999999      0.528017938    
   3.01999998      0.530019522    
   3.02999997      0.532017589    
   3.03999996      0.534014344    
   3.04999995      0.536008596    
   3.05999994      0.538001001    
   3.06999993      0.539991736    
   3.07999992      0.541980445    
   3.08999991      0.543965578    
   3.09999990      0.545950353    
   3.10999990      0.547933042    
   3.11999989      0.549914002    
   3.12999988      0.551892519    
   3.13999987      0.553869247    
   3.14999986      0.555845022    
   3.15999985      0.557818294    
   3.16999984      0.559789896    
   3.17999983      0.561759889    
   3.18999982      0.563728869    
   3.19999981      0.565696120    
   3.21000004      0.567661345    
   3.22000003      0.569625795    
   3.23000002      0.571587920    
   3.24000001      0.573549211    
   3.25000000      0.575508654    
   3.25999999      0.577466190    
   3.26999998      0.579423130    
   3.27999997      0.581378937    
   3.28999996      0.583332479    
   3.29999995      0.585286021    
   3.30999994      0.587237298    
   3.31999993      0.589186907    
   3.32999992      0.591136098    
   3.33999991      0.593082786    
   3.34999990      0.595029593    
   3.35999990      0.596975863    
   3.36999989      0.598919272    
   3.37999988      0.600862205    
   3.38999987      0.602803946    
   3.39999986      0.604744792    
   3.40999985      0.606683791    
   3.41999984      0.608622730    
   3.42999983      0.610560238    
   3.43999982      0.612496018    
   3.44999981      0.614431381    
   3.46000004      0.616365850    
   3.47000003      0.618299305    
   3.48000002      0.620230496    
   3.49000001      0.622162938    
   3.50000000      0.624092698    
   3.50999999      0.626022100    
   3.51999998      0.627951086    
   3.52999997      0.629877627    
   3.53999996      0.631804287    
   3.54999995      0.633730114    
   3.55999994      0.635654926    
   3.56999993      0.637579024    
   3.57999992      0.639502227    
   3.58999991      0.641423702    
   3.59999990      0.643345177    
   3.60999990      0.645265460    
   3.61999989      0.647185028    
   3.62999988      0.649104595    
   3.63999987      0.651022017    
   3.64999986      0.652939141    
   3.65999985      0.654855609    
   3.66999984      0.656770766    
   3.67999983      0.658686101    
   3.68999982      0.660600126    
   3.69999981      0.662513614    
   3.70999980      0.664426506    
   3.72000003      0.666338086    
   3.73000002      0.668249547    
   3.74000001      0.670159996    
   3.75000000      0.672069252    
   3.75999999      0.673978865    
   3.76999998      0.675887048    
   3.77999997      0.677795172    
   3.78999996      0.679701447    
   3.79999995      0.681608558    
   3.80999994      0.683514118    
   3.81999993      0.685419381    
   3.82999992      0.687323928    
   3.83999991      0.689227104    
   3.84999990      0.691130757    
   3.85999990      0.693033576    
   3.86999989      0.694935381    
   3.87999988      0.696836650    
   3.88999987      0.698737741    
   3.89999986      0.700637460    
   3.90999985      0.702537000    
   3.91999984      0.704436064    
   3.92999983      0.706334233    
   3.93999982      0.708232582    
   3.94999981      0.710129678    
   3.95999980      0.712026000    
   3.97000003      0.713922203    
   3.98000002      0.715818048    
   3.99000001      0.717712581    
   4.00000000      0.719607174    
   4.00999975      0.721501648    
   4.01999998      0.723394752    
   4.02999973      0.725288033    
   4.03999996      0.727180481    
   4.04999971      0.729072869    
   4.05999994      0.730963945    
   4.06999969      0.732854366    
   4.07999992      0.734744549    
   4.08999968      0.736635089    
   4.09999990      0.738524437    
   4.11000013      0.740413189    
   4.11999989      0.742301822    
   4.13000011      0.744189978    
   4.13999987      0.746077538    
   4.15000010      0.747964621    
   4.15999985      0.749850690    
   4.17000008      0.751736641    
   4.17999983      0.753622353    
   4.19000006      0.755507350    
   4.19999981      0.757392406    
   4.21000004      0.759277165    
   4.21999979      0.761161089    
   4.23000002      0.763044834    
   4.23999977      0.764927685    
   4.25000000      0.766809762    
   4.25999975      0.768691897    
   4.26999998      0.770573616    
   4.27999973      0.772454560    
   4.28999996      0.774336278    
   4.29999971      0.776216984    
   4.30999994      0.778097153    
   4.31999969      0.779976785    
   4.32999992      0.781856656    
   4.33999968      0.783734858    
   4.34999990      0.785613477    
   4.36000013      0.787492216    
   4.36999989      0.789369524    
   4.38000011      0.791247189    
   4.38999987      0.793124199    
   4.40000010      0.795000851    
   4.40999985      0.796877146    
   4.42000008      0.798752785    
   4.42999983      0.800627768    
   4.44000006      0.802503824    
   4.44999981      0.804378033    
   4.46000004      0.806252778    
   4.46999979      0.808126569    
   4.48000002      0.810000896    
   4.48999977      0.811874509    
   4.50000000      0.813747287    
   4.50999975      0.815619469    
   4.51999998      0.817491591    
   4.52999973      0.819364488    
   4.53999996      0.821235597    
   4.54999971      0.823107541    
   4.55999994      0.824978650    
   4.56999969      0.826849461    
   4.57999992      0.828719437    
   4.58999968      0.830589473    
   4.59999990      0.832459509    
   4.61000013      0.834328473    
   4.61999989      0.836198092    
   4.63000011      0.838066518    
   4.63999987      0.839935303    
   4.65000010      0.841803789    
   4.65999985      0.843671203    
   4.67000008      0.845538437    
   4.67999983      0.847406030    
   4.69000006      0.849272847    
   4.69999981      0.851139724    
   4.71000004      0.853005826    
   4.71999979      0.854871213    
   4.73000002      0.856737137    
   4.73999977      0.858603776    
   4.75000000      0.860468328    
   4.75999975      0.862332880    
   4.76999998      0.864197671    
   4.77999973      0.866062105    
   4.78999996      0.867926061    
   4.79999971      0.869790077    
   4.80999994      0.871652782    
   4.81999969      0.873516262    
   4.82999992      0.875380635    
   4.83999968      0.877241611    
   4.84999990      0.879104674    
   4.85999966      0.880966723    
   4.86999989      0.882828593    
   4.88000011      0.884690166    
   4.88999987      0.886551261    
   4.90000010      0.888412476    
   4.90999985      0.890273750    
   4.92000008      0.892133892    
   4.92999983      0.893994868    
   4.94000006      0.895853996    
   4.94999981      0.897714078    
   4.96000004      0.899573386    
   4.96999979      0.901433527    
   4.98000002      0.903291881    
   4.98999977      0.905151606    
   5.00000000      0.907009363    
   5.00999975      0.908868134    
   5.01999998      0.910726428    
   5.02999973      0.912583947    
   5.03999996      0.914441466    
   5.04999971      0.916298509    
   5.05999994      0.918156266    
   5.06999969      0.920013189    
   5.07999992      0.921869457    
   5.08999968      0.923726261    
   5.09999990      0.925582290    
   5.10999966      0.927438796    
   5.11999989      0.929294348    
   5.13000011      0.931150138    
   5.13999987      0.933004797    
   5.15000010      0.934859872    
   5.15999985      0.936715364    
   5.17000008      0.938569665    
   5.17999983      0.940424621    
   5.19000006      0.942278683    
   5.19999981      0.944132745    
   5.21000004      0.945986271    
   5.21999979      0.947839797    
   5.23000002      0.949693739    
   5.23999977      0.951546907    
   5.25000000      0.953399241    
   5.25999975      0.955252230    
   5.26999998      0.957104623    
   5.27999973      0.958957672    
   5.28999996      0.960809350    
   5.29999971      0.962660134    
   5.30999994      0.964512885    
   5.31999969      0.966364920    
   5.32999992      0.968215883    
   5.33999968      0.970067263    
   5.34999990      0.971918046    
   5.35999966      0.973768771    
   5.36999989      0.975619793    
   5.38000011      0.977469981    
   5.38999987      0.979320168    
   5.40000010      0.981169879    
   5.40999985      0.983019650    
   5.42000008      0.984869480    
   5.42999983      0.986718595    
   5.44000006      0.988567710    
   5.44999981      0.990417302    
   5.46000004      0.992265582    
   5.46999979      0.994113863    
   5.48000002      0.995962977    
   5.48999977      0.997811198    
   5.50000000      0.999659836    
   5.50999975       1.00150704    
