   9.99999978E-03  -7.15372266E-07
   1.99999996E-02  -1.69382338E-06
   2.99999993E-02  -2.32761954E-06
   3.99999991E-02  -3.16399701E-06
   4.99999970E-02  -3.91241292E-06
   5.99999987E-02  -4.64035702E-06
   7.00000003E-02  -5.43580609E-06
   7.99999982E-02  -6.02969203E-06
   8.99999961E-02  -6.82878408E-06
   9.99999940E-02  -7.73745705E-06
  0.109999999      -8.47710544E-06
  0.119999997      -9.12573978E-06
  0.129999995      -9.98235737E-06
  0.140000001      -1.07983578E-05
  0.149999991      -1.17013842E-05
  0.159999996      -1.21318581E-05
  0.170000002      -1.27443654E-05
  0.179999992      -1.35565351E-05
  0.189999998      -1.46660368E-05
  0.199999988      -1.51822887E-05
  0.209999993      -1.60839227E-05
  0.219999999      -1.68778533E-05
  0.229999989      -1.73411845E-05
  0.239999995      -1.84268974E-05
  0.250000000      -1.94450586E-05
  0.259999990      -1.98251146E-05
  0.269999981      -2.05934812E-05
  0.280000001      -2.12688028E-05
  0.289999992      -2.34468298E-05
  0.299999982      -2.25223012E-05
  0.310000002      -2.30201149E-05
  0.319999993      -2.34279905E-05
  0.329999983      -2.21748851E-05
  0.340000004      -2.25776657E-05
  0.349999994      -2.24083742E-05
  0.359999985      -2.20293005E-05
  0.370000005      -2.13918665E-05
  0.379999995      -1.90811606E-05
  0.389999986      -1.32215964E-05
  0.399999976       1.68011356E-05
  0.409999996       1.03452940E-05
  0.419999987       1.24865583E-05
  0.429999977       1.62185443E-05
  0.439999998       2.14073552E-05
  0.449999988       2.88149204E-05
  0.459999979       4.05121536E-05
  0.469999999       5.81464992E-05
  0.479999989       8.92870012E-05
  0.489999980       1.61423159E-04
  0.500000000       4.58513387E-04
  0.509999990       3.88014712E-04
  0.519999981       3.89278663E-04
  0.529999971       4.03113489E-04
  0.539999962       4.20916156E-04
  0.550000012       4.45596001E-04
  0.560000002       4.75361856E-04
  0.569999993       5.12047613E-04
  0.579999983       5.55980660E-04
  0.589999974       6.09827344E-04
  0.599999964       6.76487922E-04
  0.610000014       7.61401316E-04
  0.620000005       8.73724348E-04
  0.629999995       1.03070377E-03
  0.639999986       1.26976415E-03
  0.649999976       1.69646484E-03
  0.659999967       2.79211695E-03
  0.669999957       4.62316582E-03
  0.680000007       4.35532723E-03
  0.689999998       4.28787386E-03
  0.699999988       4.29673819E-03
  0.709999979       4.33991011E-03
  0.719999969       4.40417603E-03
  0.729999959       4.48491331E-03
  0.740000010       4.57921531E-03
  0.750000000       4.68603941E-03
  0.759999990       4.80459770E-03
  0.769999981       4.93482873E-03
  0.779999971       5.07729920E-03
  0.789999962       5.23257023E-03
  0.799999952       5.40125137E-03
  0.810000002       5.58489608E-03
  0.819999993       5.78574650E-03
  0.829999983       6.00377517E-03
  0.839999974       6.24446198E-03
  0.849999964       6.50554942E-03
  0.859999955       6.79846387E-03
  0.870000005       7.12295715E-03
  0.879999995       7.48630567E-03
  0.889999986       7.89652672E-03
  0.899999976       8.36473890E-03
  0.909999967       8.90563149E-03
  0.919999957       9.54021979E-03
  0.930000007       1.02980705E-02
  0.939999998       1.12261120E-02
  0.949999988       1.23983873E-02
  0.959999979       1.39463535E-02
  0.969999969       1.61257107E-02
  0.979999959       1.95288602E-02
  0.989999950       2.59773228E-02
   1.00000000       4.31703106E-02
   1.00999999       4.39601541E-02
   1.01999998       4.37316783E-02
   1.02999997       4.36340533E-02
   1.03999996       4.36466374E-02
   1.04999995       4.37402055E-02
   1.05999994       4.38946895E-02
   1.06999993       4.40960526E-02
   1.07999992       4.43358980E-02
   1.09000003       4.46066596E-02
   1.10000002       4.49036956E-02
   1.11000001       4.52237204E-02
   1.12000000       4.55629826E-02
   1.13000000       4.59202044E-02
   1.13999999       4.62934077E-02
   1.14999998       4.66807485E-02
   1.15999997       4.70827818E-02
   1.16999996       4.74973209E-02
   1.17999995       4.79236506E-02
   1.18999994       4.83614951E-02
   1.19999993       4.88105826E-02
   1.20999992       4.92702387E-02
   1.22000003       4.97404672E-02
   1.23000002       5.02211563E-02
   1.24000001       5.07119112E-02
   1.25000000       5.12126423E-02
   1.25999999       5.17228767E-02
   1.26999998       5.22446409E-02
   1.27999997       5.27758412E-02
   1.28999996       5.33173233E-02
   1.29999995       5.38689420E-02
   1.30999994       5.44308275E-02
   1.31999993       5.49999438E-02
   1.32999992       5.55869006E-02
   1.33999991       5.61812557E-02
   1.35000002       5.67868091E-02
   1.36000001       5.74037842E-02
   1.37000000       5.80326952E-02
   1.38000000       5.86735532E-02
   1.38999999       5.93271181E-02
   1.39999998       5.99929094E-02
   1.40999997       6.06721975E-02
   1.41999996       6.13649860E-02
   1.42999995       6.20719232E-02
   1.43999994       6.27933070E-02
   1.44999993       6.35302588E-02
   1.45999992       6.42816797E-02
   1.46999991       6.50498569E-02
   1.48000002       6.58348575E-02
   1.49000001       6.66372180E-02
   1.50000000       6.74578696E-02
   1.50999999       6.82962015E-02
   1.51999998       6.91561922E-02
   1.52999997       7.00359046E-02
   1.53999996       7.09369779E-02
   1.54999995       7.18604475E-02
   1.55999994       7.28075504E-02
   1.56999993       7.37787262E-02
   1.57999992       7.47762322E-02
   1.58999991       7.58006349E-02
   1.59999990       7.68534988E-02
   1.61000001       7.79361650E-02
   1.62000000       7.90503174E-02
   1.63000000       8.01977664E-02
   1.63999999       8.13803300E-02
   1.64999998       8.25999752E-02
   1.65999997       8.38588625E-02
   1.66999996       8.51592720E-02
   1.67999995       8.65041539E-02
   1.68999994       8.78958255E-02
   1.69999993       8.93376470E-02
   1.70999992       9.08329934E-02
   1.71999991       9.23853740E-02
   1.73000002       9.39992443E-02
   1.74000001       9.56783593E-02
   1.75000000       9.74281505E-02
   1.75999999       9.92542356E-02
   1.76999998      0.101162530    
   1.77999997      0.103159793    
   1.78999996      0.105253845    
   1.79999995      0.107453138    
   1.80999994      0.109767437    
   1.81999993      0.112207845    
   1.82999992      0.114786804    
   1.83999991      0.117519014    
   1.84999990      0.120420761    
   1.86000001      0.123511307    
   1.87000000      0.126812935    
   1.88000000      0.130341142    
   1.88999999      0.134159639    
   1.89999998      0.138272509    
   1.90999997      0.142734706    
   1.91999996      0.147599861    
   1.92999995      0.152933687    
   1.93999994      0.158816233    
   1.94999993      0.165347844    
   1.95999992      0.172654539    
   1.96999991      0.180894852    
   1.97999990      0.190267533    
   1.99000001      0.201015055    
   2.00000000      0.213403970    
   2.00999999      0.227498740    
   2.01999998      0.240732267    
   2.02999997      0.252479553    
   2.03999996      0.262875825    
   2.04999995      0.272138089    
   2.05999994      0.280462593    
   2.06999993      0.288011879    
   2.07999992      0.294916421    
   2.08999991      0.301277041    
   2.09999990      0.307179898    
   2.10999990      0.312692463    
   2.11999989      0.317868471    
   2.12999988      0.322753996    
   2.13999987      0.327386200    
   2.14999986      0.331796527    
   2.15999985      0.336011976    
   2.16999984      0.340054721    
   2.18000007      0.343943238    
   2.19000006      0.347694308    
   2.20000005      0.351322532    
   2.21000004      0.354839921    
   2.22000003      0.358257025    
   2.23000002      0.361583322    
   2.24000001      0.364826739    
   2.25000000      0.367994994    
   2.25999999      0.371094078    
   2.26999998      0.374130219    
   2.27999997      0.377108425    
   2.28999996      0.380032688    
   2.29999995      0.382907867    
   2.30999994      0.385737747    
   2.31999993      0.388524771    
   2.32999992      0.391272366    
   2.33999991      0.393983573    
   2.34999990      0.396660894    
   2.35999990      0.399305642    
   2.36999989      0.401921421    
   2.37999988      0.404508978    
   2.38999987      0.407069921    
   2.39999986      0.409606516    
   2.40999985      0.412120372    
   2.41999984      0.414610654    
   2.42999983      0.417083293    
   2.44000006      0.419535875    
   2.45000005      0.421968937    
   2.46000004      0.424384952    
   2.47000003      0.426784843    
   2.48000002      0.429169238    
   2.49000001      0.431538463    
   2.50000000      0.433894247    
   2.50999999      0.436235994    
   2.51999998      0.438565582    
   2.52999997      0.440882742    
   2.53999996      0.443188071    
   2.54999995      0.445483118    
   2.55999994      0.447767168    
   2.56999993      0.450041175    
   2.57999992      0.452305317    
   2.58999991      0.454560399    
   2.59999990      0.456806839    
   2.60999990      0.459044725    
   2.61999989      0.461274236    
   2.62999988      0.463496476    
   2.63999987      0.465710789    
   2.64999986      0.467918247    
   2.65999985      0.470117986    
   2.66999984      0.472311914    
   2.67999983      0.474499285    
   2.69000006      0.476680219    
   2.70000005      0.478854865    
   2.71000004      0.481024265    
   2.72000003      0.483187854    
   2.73000002      0.485346019    
   2.74000001      0.487498969    
   2.75000000      0.489647329    
   2.75999999      0.491790265    
   2.76999998      0.493928552    
   2.77999997      0.496062338    
   2.78999996      0.498192042    
   2.79999995      0.500317216    
   2.80999994      0.502438605    
   2.81999993      0.504555047    
   2.82999992      0.506667972    
   2.83999991      0.508777976    
   2.84999990      0.510883033    
   2.85999990      0.512985528    
   2.86999989      0.515083969    
   2.87999988      0.517179072    
   2.88999987      0.519271195    
   2.89999986      0.521359801    
   2.90999985      0.523445547    
   2.91999984      0.525528014    
   2.92999983      0.527607083    
   2.93999982      0.529684246    
   2.95000005      0.531758070    
   2.96000004      0.533829808    
   2.97000003      0.535898030    
   2.98000002      0.537964284    
   2.99000001      0.540027499    
   3.00000000      0.542088389    
   3.00999999      0.544146657    
   3.01999998      0.546202958    
   3.02999997      0.548256040    
   3.03999996      0.550308049    
   3.04999995      0.552356482    
   3.05999994      0.554404974    
   3.06999993      0.556448877    
   3.07999992      0.558492124    
   3.08999991      0.560532510    
   3.09999990      0.562571645    
   3.10999990      0.564609110    
   3.11999989      0.566644073    
   3.12999988      0.568677425    
   3.13999987      0.570708692    
   3.14999986      0.572738349    
   3.15999985      0.574765980    
   3.16999984      0.576792538    
   3.17999983      0.578816712    
   3.18999982      0.580839336    
   3.19999981      0.582860231    
   3.21000004      0.584880292    
   3.22000003      0.586898625    
   3.23000002      0.588914990    
   3.24000001      0.590929866    
   3.25000000      0.592943072    
   3.25999999      0.594955146    
   3.26999998      0.596965730    
   3.27999997      0.598975241    
   3.28999996      0.600983739    
   3.29999995      0.602989495    
   3.30999994      0.604994595    
   3.31999993      0.606998146    
   3.32999992      0.609001040    
   3.33999991      0.611001849    
   3.34999990      0.613001943    
   3.35999990      0.615000546    
   3.36999989      0.616998434    
   3.37999988      0.618994355    
   3.38999987      0.620989561    
   3.39999986      0.622984350    
   3.40999985      0.624976814    
   3.41999984      0.626968741    
   3.42999983      0.628959835    
   3.43999982      0.630949259    
   3.44999981      0.632937431    
   3.46000004      0.634925008    
   3.47000003      0.636911690    
   3.48000002      0.638896525    
   3.49000001      0.640881300    
   3.50000000      0.642864406    
   3.50999999      0.644846857    
   3.51999998      0.646828592    
   3.52999997      0.648808837    
   3.53999996      0.650788665    
   3.54999995      0.652767479    
   3.55999994      0.654745162    
   3.56999993      0.656722367    
   3.57999992      0.658697724    
   3.58999991      0.660672784    
   3.59999990      0.662646770    
   3.60999990      0.664620757    
   3.61999989      0.666593254    
   3.62999988      0.668564498    
   3.63999987      0.670535326    
   3.64999986      0.672505200    
   3.65999985      0.674474359    
   3.66999984      0.676443100    
   3.67999983      0.678410530    
   3.68999982      0.680377245    
   3.69999981      0.682343662    
   3.70999980      0.684309006    
   3.72000003      0.686273277    
   3.73000002      0.688236952    
   3.74000001      0.690200210    
   3.75000000      0.692163050    
   3.75999999      0.694124758    
   3.76999998      0.696085811    
   3.77999997      0.698045790    
   3.78999996      0.700004995    
   3.79999995      0.701964557    
   3.80999994      0.703922331    
   3.81999993      0.705879509    
   3.82999992      0.707836747    
   3.83999991      0.709793329    
   3.84999990      0.711748958    
   3.85999990      0.713704288    
   3.86999989      0.715658009    
   3.87999988      0.717611909    
   3.88999987      0.719565332    
   3.89999986      0.721517622    
   3.90999985      0.723470449    
   3.91999984      0.725420773    
   3.92999983      0.727371514    
   3.93999982      0.729321897    
   3.94999981      0.731271505    
   3.95999980      0.733220279    
   3.97000003      0.735168874    
   3.98000002      0.737116754    
   3.99000001      0.739063621    
   4.00000000      0.741010606    
   4.00999975      0.742956877    
   4.01999998      0.744902730    
   4.02999973      0.746847510    
   4.03999996      0.748792410    
   4.04999971      0.750736535    
   4.05999994      0.752679527    
   4.06999969      0.754622340    
   4.07999992      0.756565332    
   4.08999968      0.758507192    
   4.09999990      0.760449290    
   4.11000013      0.762390673    
   4.11999989      0.764331043    
   4.13000011      0.766270936    
   4.13999987      0.768209815    
   4.15000010      0.770149410    
   4.15999985      0.772088170    
   4.17000008      0.774026215    
   4.17999983      0.775963962    
   4.19000006      0.777901113    
   4.19999981      0.779837132    
   4.21000004      0.781774223    
   4.21999979      0.783710182    
   4.23000002      0.785645366    
   4.23999977      0.787580073    
   4.25000000      0.789515555    
   4.25999975      0.791449428    
   4.26999998      0.793382287    
   4.27999973      0.795316398    
   4.28999996      0.797248602    
   4.29999971      0.799181461    
   4.30999994      0.801112831    
   4.31999969      0.803045034    
   4.32999992      0.804976285    
   4.33999968      0.806906939    
   4.34999990      0.808838069    
   4.36000013      0.810767472    
   4.36999989      0.812697291    
   4.38000011      0.814626276    
   4.38999987      0.816554844    
   4.40000010      0.818483293    
   4.40999985      0.820411444    
   4.42000008      0.822339714    
   4.42999983      0.824266851    
   4.44000006      0.826193631    
   4.44999981      0.828114629    
   4.46000004      0.830045998    
   4.46999979      0.831971705    
   4.48000002      0.833897591    
   4.48999977      0.835821927    
   4.50000000      0.837747991    
   4.50999975      0.839671254    
   4.51999998      0.841595769    
   4.52999973      0.843520045    
   4.53999996      0.845442653    
   4.54999971      0.847366035    
   4.55999994      0.849288881    
   4.56999969      0.851211548    
   4.57999992      0.853132844    
   4.58999968      0.855054677    
   4.59999990      0.856976032    
   4.61000013      0.858897269    
   4.61999989      0.860816956    
   4.63000011      0.862738550    
   4.63999987      0.864658475    
   4.65000010      0.866578519    
   4.65999985      0.868497133    
   4.67000008      0.870416522    
   4.67999983      0.872335374    
   4.69000006      0.874253511    
   4.69999981      0.876172006    
   4.71000004      0.878089905    
   4.71999979      0.880006790    
   4.73000002      0.881924808    
   4.73999977      0.883842230    
   4.75000000      0.885758579    
   4.75999975      0.887674809    
   4.76999998      0.889590681    
   4.77999973      0.891506851    
   4.78999996      0.893422186    
   4.79999971      0.895337403    
   4.80999994      0.897252619    
   4.81999969      0.899167120    
   4.82999992      0.901081562    
   4.83999968      0.902994812    
   4.84999990      0.904909313    
   4.85999966      0.906822860    
   4.86999989      0.908736527    
   4.88000011      0.910649598    
   4.88999987      0.912562668    
   4.90000010      0.914475262    
   4.90999985      0.916387141    
   4.92000008      0.918298542    
   4.92999983      0.920210481    
   4.94000006      0.922121763    
   4.94999981      0.924033523    
   4.96000004      0.925944507    
   4.96999979      0.927855134    
   4.98000002      0.929765284    
   4.98999977      0.931675375    
   5.00000000      0.933585942    
   5.00999975      0.935495317    
   5.01999998      0.937404513    
   5.02999973      0.939313531    
   5.03999996      0.941223323    
   5.04999971      0.943130910    
   5.05999994      0.945040047    
   5.06999969      0.946948409    
   5.07999992      0.948856056    
   5.08999968      0.950763583    
   5.09999990      0.952670991    
   5.10999966      0.954579055    
   5.11999989      0.956485629    
   5.13000011      0.958392322    
   5.13999987      0.960299075    
   5.15000010      0.962205648    
   5.15999985      0.964111924    
   5.17000008      0.966018140    
   5.17999983      0.967923641    
   5.19000006      0.969829023    
   5.19999981      0.971734583    
   5.21000004      0.973639727    
   5.21999979      0.975544274    
   5.23000002      0.977448881    
   5.23999977      0.979353070    
   5.25000000      0.981257260    
   5.25999975      0.983160913    
   5.26999998      0.985064745    
   5.27999973      0.986969173    
   5.28999996      0.988871694    
   5.29999971      0.990773857    
   5.30999994      0.992677689    
   5.31999969      0.994580925    
   5.32999992      0.996483326    
   5.33999968      0.998384953    
   5.34999990       1.00028789    
   5.35999966       1.00218976    
   5.36999989       1.00409198    
   5.38000011       1.00599349    
   5.38999987       1.00789475    
   5.40000010       1.00979471    
   5.40999985       1.01169527    
   5.42000008       1.01359665    
   5.42999983       1.01549792    
   5.44000006       1.01739800    
   5.44999981       1.01929915    
   5.46000004       1.02119792    
   5.46999979       1.02309835    
   5.48000002       1.02499771    
   5.48999977       1.02689707    
   5.50000000       1.02879584    
   5.50999975       1.03069472    
