   9.99999978E-03  -1.03196658E-06
   1.99999996E-02  -2.09402151E-06
   2.99999993E-02  -3.23150425E-06
   3.99999991E-02  -4.14986789E-06
   4.99999970E-02  -5.41197733E-06
   5.99999987E-02  -6.30532395E-06
   7.00000003E-02  -7.33343904E-06
   7.99999982E-02  -8.52993253E-06
   8.99999961E-02  -8.56653241E-06
   9.99999940E-02  -1.04083410E-05
  0.109999999      -9.43245504E-06
  0.119999997      -1.56521128E-05
  0.129999995      -1.34695383E-05
  0.140000001      -1.45293498E-05
  0.149999991      -1.57193572E-05
  0.159999996      -1.63339373E-05
  0.170000002      -1.72525542E-05
  0.179999992      -1.83108132E-05
  0.189999998      -1.97539157E-05
  0.199999988      -2.06963559E-05
  0.209999993      -2.17196630E-05
  0.219999999      -2.27762139E-05
  0.229999989      -2.34850359E-05
  0.239999995      -2.47981661E-05
  0.250000000      -2.57509892E-05
  0.259999990      -2.67502910E-05
  0.269999981      -2.73424885E-05
  0.280000001      -2.81833854E-05
  0.289999992      -2.85339956E-05
  0.299999982      -2.93753001E-05
  0.310000002      -2.97127699E-05
  0.319999993      -2.93286030E-05
  0.329999983      -2.41466332E-05
  0.340000004      -2.32773327E-05
  0.349999994      -2.30717160E-05
  0.359999985      -2.13393869E-05
  0.370000005      -1.79057424E-05
  0.379999995      -1.08909026E-05
  0.389999986       7.50625077E-06
  0.399999976       6.78237775E-05
  0.409999996       5.66615890E-05
  0.419999987       6.17381738E-05
  0.429999977       7.09950764E-05
  0.439999998       8.35889368E-05
  0.449999988       1.08877539E-04
  0.459999979       1.30267974E-04
  0.469999999       1.72270215E-04
  0.479999989       2.45219067E-04
  0.489999980       4.10069828E-04
  0.500000000       9.11220617E-04
  0.509999990       7.93439220E-04
  0.519999981       7.96119450E-04
  0.529999971       8.21225811E-04
  0.539999962       8.58062995E-04
  0.550000012       9.05570632E-04
  0.560000002       9.64746403E-04
  0.569999993       1.03633851E-03
  0.579999983       1.12254696E-03
  0.589999974       1.22797058E-03
  0.599999964       1.35855109E-03
  0.610000014       1.52473885E-03
  0.620000005       1.74396636E-03
  0.629999995       2.04931316E-03
  0.639999986       2.51126033E-03
  0.649999976       3.32396734E-03
  0.659999967       5.29513741E-03
  0.669999957       7.70382164E-03
  0.680000007       7.27824261E-03
  0.689999998       7.18685146E-03
  0.699999988       7.19907507E-03
  0.709999979       7.26546580E-03
  0.719999969       7.36751128E-03
  0.729999959       7.49657070E-03
  0.740000010       7.64837908E-03
  0.750000000       7.82076642E-03
  0.759999990       8.01258441E-03
  0.769999981       8.22393969E-03
  0.779999971       8.45534168E-03
  0.789999962       8.70766863E-03
  0.799999952       8.98215268E-03
  0.810000002       9.28166788E-03
  0.819999993       9.60710645E-03
  0.829999983       9.96326935E-03
  0.839999974       1.03534237E-02
  0.849999964       1.07827047E-02
  0.859999955       1.12570003E-02
  0.870000005       1.17842080E-02
  0.879999995       1.23741701E-02
  0.889999986       1.30397677E-02
  0.899999976       1.37948440E-02
  0.909999967       1.46724340E-02
  0.919999957       1.56949833E-02
  0.930000007       1.69125963E-02
  0.939999998       1.83961708E-02
  0.949999988       2.02588569E-02
  0.959999979       2.26948559E-02
  0.969999969       2.60753296E-02
  0.979999959       3.12200915E-02
  0.989999950       4.04252522E-02
   1.00000000       6.00780696E-02
   1.00999999       6.14172257E-02
   1.01999998       6.13235347E-02
   1.02999997       6.12998046E-02
   1.03999996       6.13794290E-02
   1.04999995       6.15455806E-02
   1.05999994       6.17811419E-02
   1.06999993       6.20727465E-02
   1.07999992       6.24113083E-02
   1.09000003       6.27886206E-02
   1.10000002       6.31994903E-02
   1.11000001       6.36395290E-02
   1.12000000       6.41052276E-02
   1.13000000       6.45952150E-02
   1.13999999       6.51059821E-02
   1.14999998       6.56365231E-02
   1.15999997       6.61851317E-02
   1.16999996       6.67510182E-02
   1.17999995       6.73333034E-02
   1.18999994       6.79312199E-02
   1.19999993       6.85444698E-02
   1.20999992       6.91720992E-02
   1.22000003       6.98140562E-02
   1.23000002       7.04700127E-02
   1.24000001       7.11402744E-02
   1.25000000       7.18237013E-02
   1.25999999       7.25209340E-02
   1.26999998       7.32331127E-02
   1.27999997       7.39580914E-02
   1.28999996       7.46971667E-02
   1.29999995       7.54500777E-02
   1.30999994       7.62171745E-02
   1.31999993       7.69986287E-02
   1.32999992       7.77947605E-02
   1.33999991       7.86056742E-02
   1.35000002       7.94318095E-02
   1.36000001       8.02734718E-02
   1.37000000       8.11311156E-02
   1.38000000       8.20053071E-02
   1.38999999       8.28953534E-02
   1.39999998       8.38030875E-02
   1.40999997       8.47285613E-02
   1.41999996       8.56722519E-02
   1.42999995       8.66347998E-02
   1.43999994       8.76167789E-02
   1.44999993       8.86186585E-02
   1.45999992       8.96415040E-02
   1.46999991       9.06860158E-02
   1.48000002       9.17527527E-02
   1.49000001       9.28426534E-02
   1.50000000       9.39567536E-02
   1.50999999       9.50956792E-02
   1.51999998       9.62607414E-02
   1.52999997       9.74530578E-02
   1.53999996       9.86737087E-02
   1.54999995       9.99237970E-02
   1.55999994      0.101204880    
   1.56999993      0.102517836    
   1.57999992      0.103865169    
   1.58999991      0.105247863    
   1.59999990      0.106667444    
   1.61000001      0.108126163    
   1.62000000      0.109625943    
   1.63000000      0.111168765    
   1.63999999      0.112757109    
   1.64999998      0.114393599    
   1.65999997      0.116080664    
   1.66999996      0.117808215    
   1.67999995      0.119618766    
   1.68999994      0.121476464    
   1.69999993      0.123398133    
   1.70999992      0.125385031    
   1.71999991      0.127450094    
   1.73000002      0.129590064    
   1.74000001      0.131812245    
   1.75000000      0.134123668    
   1.75999999      0.136530176    
   1.76999998      0.139039204    
   1.77999997      0.141658753    
   1.78999996      0.144397810    
   1.79999995      0.147266194    
   1.80999994      0.150275037    
   1.81999993      0.153437063    
   1.82999992      0.156766608    
   1.83999991      0.160279483    
   1.84999990      0.163994431    
   1.86000001      0.167931855    
   1.87000000      0.172116354    
   1.88000000      0.176575378    
   1.88999999      0.181341723    
   1.89999998      0.186453030    
   1.90999997      0.191953763    
   1.91999996      0.197896838    
   1.92999995      0.204344511    
   1.93999994      0.211371139    
   1.94999993      0.219066158    
   1.95999992      0.227536917    
   1.96999991      0.236910492    
   1.97999990      0.247334808    
   1.99000001      0.258971304    
   2.00000000      0.271965653    
   2.00999999      0.286205679    
   2.01999998      0.299615920    
   2.02999997      0.311690509    
   2.03999996      0.322528839    
   2.04999995      0.332307130    
   2.05999994      0.341192603    
   2.06999993      0.349327981    
   2.07999992      0.356830448    
   2.08999991      0.363791972    
   2.09999990      0.370294154    
   2.10999990      0.376399994    
   2.11999989      0.382160544    
   2.12999988      0.387620866    
   2.13999987      0.392818749    
   2.14999986      0.397783846    
   2.15999985      0.402543664    
   2.16999984      0.407120347    
   2.18000007      0.411533803    
   2.19000006      0.415799469    
   2.20000005      0.419932723    
   2.21000004      0.423946977    
   2.22000003      0.427852422    
   2.23000002      0.431659371    
   2.24000001      0.435375869    
   2.25000000      0.439010292    
   2.25999999      0.442568600    
   2.26999998      0.446058303    
   2.27999997      0.449483365    
   2.28999996      0.452849418    
   2.29999995      0.456160903    
   2.30999994      0.459421873    
   2.31999993      0.462635487    
   2.32999992      0.465804815    
   2.33999991      0.468933731    
   2.34999990      0.472024202    
   2.35999990      0.475079507    
   2.36999989      0.478100806    
   2.37999988      0.481090575    
   2.38999987      0.484052062    
   2.39999986      0.486985087    
   2.40999985      0.489892125    
   2.41999984      0.492774397    
   2.42999983      0.495633334    
   2.44000006      0.498471111    
   2.45000005      0.501289189    
   2.46000004      0.504083931    
   2.47000003      0.506862223    
   2.48000002      0.509622633    
   2.49000001      0.512366474    
   2.50000000      0.515094638    
   2.50999999      0.517806709    
   2.51999998      0.520504832    
   2.52999997      0.523187757    
   2.53999996      0.525859952    
   2.54999995      0.528518200    
   2.55999994      0.531164885    
   2.56999993      0.533799767    
   2.57999992      0.536423147    
   2.58999991      0.539036751    
   2.59999990      0.541639566    
   2.60999990      0.544233263    
   2.61999989      0.546817362    
   2.62999988      0.549392760    
   2.63999987      0.551959276    
   2.64999986      0.554517448    
   2.65999985      0.557068467    
   2.66999984      0.559610665    
   2.67999983      0.562146127    
   2.69000006      0.564673960    
   2.70000005      0.567195833    
   2.71000004      0.569710791    
   2.72000003      0.572218835    
   2.73000002      0.574720860    
   2.74000001      0.577217400    
   2.75000000      0.579707742    
   2.75999999      0.582190990    
   2.76999998      0.584671795    
   2.77999997      0.587146103    
   2.78999996      0.589614928    
   2.79999995      0.592079580    
   2.80999994      0.594538689    
   2.81999993      0.596993446    
   2.82999992      0.599443316    
   2.83999991      0.601889729    
   2.84999990      0.604331315    
   2.85999990      0.606768787    
   2.86999989      0.609202325    
   2.87999988      0.611631930    
   2.88999987      0.614058137    
   2.89999986      0.616479814    
   2.90999985      0.618899107    
   2.91999984      0.621314049    
   2.92999983      0.623725712    
   2.93999982      0.626134455    
   2.95000005      0.628539443    
   2.96000004      0.630941868    
   2.97000003      0.633340299    
   2.98000002      0.635736823    
   2.99000001      0.638130069    
   3.00000000      0.640519917    
   3.00999999      0.642906964    
   3.01999998      0.645291626    
   3.02999997      0.647673070    
   3.03999996      0.650053144    
   3.04999995      0.652429998    
   3.05999994      0.654804230    
   3.06999993      0.657176316    
   3.07999992      0.659545958    
   3.08999991      0.661913335    
   3.09999990      0.664277613    
   3.10999990      0.666640818    
   3.11999989      0.669001281    
   3.12999988      0.671359956    
   3.13999987      0.673716247    
   3.14999986      0.676070690    
   3.15999985      0.678423226    
   3.16999984      0.680773199    
   3.17999983      0.683121562    
   3.18999982      0.685468137    
   3.19999981      0.687812507    
   3.21000004      0.690155506    
   3.22000003      0.692495525    
   3.23000002      0.694835246    
   3.24000001      0.697172642    
   3.25000000      0.699509203    
   3.25999999      0.701842666    
   3.26999998      0.704174936    
   3.27999997      0.706504524    
   3.28999996      0.708834410    
   3.29999995      0.711162865    
   3.30999994      0.713488817    
   3.31999993      0.715813756    
   3.32999992      0.718136430    
   3.33999991      0.720458329    
   3.34999990      0.722778797    
   3.35999990      0.725097537    
   3.36999989      0.727415323    
   3.37999988      0.729731560    
   3.38999987      0.732046545    
   3.39999986      0.734359920    
   3.40999985      0.736671925    
   3.41999984      0.738982677    
   3.42999983      0.741292715    
   3.43999982      0.743601084    
   3.44999981      0.745907724    
   3.46000004      0.748214185    
   3.47000003      0.750518858    
   3.48000002      0.752821803    
   3.49000001      0.755124450    
   3.50000000      0.757426381    
   3.50999999      0.759725571    
   3.51999998      0.762025476    
   3.52999997      0.764323354    
   3.53999996      0.766620219    
   3.54999995      0.768915951    
   3.55999994      0.771210968    
   3.56999993      0.773505390    
   3.57999992      0.775797188    
   3.58999991      0.778089464    
   3.59999990      0.780379236    
   3.60999990      0.782669604    
   3.61999989      0.784959257    
   3.62999988      0.787246823    
   3.63999987      0.789533377    
   3.64999986      0.791819453    
   3.65999985      0.794105291    
   3.66999984      0.796388984    
   3.67999983      0.798672020    
   3.68999982      0.800954878    
   3.69999981      0.803236246    
   3.70999980      0.805517077    
   3.72000003      0.807796597    
   3.73000002      0.810075343    
   3.74000001      0.812354088    
   3.75000000      0.814631581    
   3.75999999      0.816907287    
   3.76999998      0.819182813    
   3.77999997      0.821458638    
   3.78999996      0.823732436    
   3.79999995      0.826006293    
   3.80999994      0.828278303    
   3.81999993      0.830549657    
   3.82999992      0.832821429    
   3.83999991      0.835091293    
   3.84999990      0.837361217    
   3.85999990      0.839630067    
   3.86999989      0.841897964    
   3.87999988      0.844165027    
   3.88999987      0.846431971    
   3.89999986      0.848698139    
   3.90999985      0.850962996    
   3.91999984      0.853228509    
   3.92999983      0.855492234    
   3.93999982      0.857755423    
   3.94999981      0.860018790    
   3.95999980      0.862281024    
   3.97000003      0.864542365    
   3.98000002      0.866802990    
   3.99000001      0.869062901    
   4.00000000      0.871322393    
   4.00999975      0.873580933    
   4.01999998      0.875839293    
   4.02999973      0.878097117    
   4.03999996      0.880354226    
   4.04999971      0.882610917    
   4.05999994      0.884866893    
   4.06999969      0.887122035    
   4.07999992      0.889376462    
   4.08999968      0.891630352    
   4.09999990      0.893883705    
   4.11000013      0.896136999    
   4.11999989      0.898389041    
   4.13000011      0.900640786    
   4.13999987      0.902892768    
   4.15000010      0.905143619    
   4.15999985      0.907394052    
   4.17000008      0.909643471    
   4.17999983      0.911892772    
   4.19000006      0.914141297    
   4.19999981      0.916388869    
   4.21000004      0.918636978    
   4.21999979      0.920884907    
   4.23000002      0.923130751    
   4.23999977      0.925376534    
   4.25000000      0.927622676    
   4.25999975      0.929867983    
   4.26999998      0.932112277    
   4.27999973      0.934356630    
   4.28999996      0.936599970    
   4.29999971      0.938843906    
   4.30999994      0.941086233    
   4.31999969      0.943328261    
   4.32999992      0.945570230    
   4.33999968      0.947811425    
   4.34999990      0.950052023    
   4.36000013      0.952292442    
   4.36999989      0.954532802    
   4.38000011      0.956771791    
   4.38999987      0.959011078    
   4.40000010      0.961249769    
   4.40999985      0.963488519    
   4.42000008      0.965725601    
   4.42999983      0.967963815    
   4.44000006      0.970200896    
   4.44999981      0.972436726    
   4.46000004      0.974673271    
   4.46999979      0.976909578    
   4.48000002      0.979144156    
   4.48999977      0.981378913    
   4.50000000      0.983613670    
   4.50999975      0.985847354    
   4.51999998      0.988081515    
   4.52999973      0.990314364    
   4.53999996      0.992547333    
   4.54999971      0.994780540    
   4.55999994      0.997012317    
   4.56999969      0.999244153    
   4.57999992       1.00147617    
   4.58999968       1.00370693    
   4.59999990       1.00593710    
   4.61000013       1.00816715    
   4.61999989       1.01039672    
   4.63000011       1.01262712    
   4.63999987       1.01485670    
   4.65000010       1.01708472    
   4.65999985       1.01931393    
   4.67000008       1.02154076    
   4.67999983       1.02376890    
   4.69000006       1.02599669    
   4.69999981       1.02822351    
   4.71000004       1.03044891    
   4.71999979       1.03267634    
   4.73000002       1.03490317    
   4.73999977       1.03712797    
   4.75000000       1.03935373    
   4.75999975       1.04157722    
   4.76999998       1.04380369    
   4.77999973       1.04602742    
   4.78999996       1.04825234    
   4.79999971       1.05047464    
   4.80999994       1.05269873    
   4.81999969       1.05492187    
   4.82999992       1.05714464    
   4.83999968       1.05936718    
   4.84999990       1.06158841    
   4.85999966       1.06381035    
   4.86999989       1.06603169    
   4.88000011       1.06825328    
   4.88999987       1.07047451    
   4.90000010       1.07269549    
   4.90999985       1.07491505    
   4.92000008       1.07713473    
   4.92999983       1.07935536    
   4.94000006       1.08157420    
   4.94999981       1.08379352    
   4.96000004       1.08601201    
   4.96999979       1.08823097    
   4.98000002       1.09044755    
   4.98999977       1.09266770    
   5.00000000       1.09488499    
   5.00999975       1.09710336    
   5.01999998       1.09931934    
   5.02999973       1.10153580    
   5.03999996       1.10375261    
   5.04999971       1.10596812    
   5.05999994       1.10818410    
   5.06999969       1.11040080    
   5.07999992       1.11261594    
   5.08999968       1.11483169    
   5.09999990       1.11704671    
   5.10999966       1.11926115    
   5.11999989       1.12147617    
   5.13000011       1.12368953    
   5.13999987       1.12590337    
   5.15000010       1.12811673    
   5.15999985       1.13033068    
   5.17000008       1.13254380    
   5.17999983       1.13475621    
   5.19000006       1.13696861    
   5.19999981       1.13918078    
   5.21000004       1.14139354    
   5.21999979       1.14360583    
   5.23000002       1.14581764    
   5.23999977       1.14802897    
   5.25000000       1.15024018    
   5.25999975       1.15244961    
   5.26999998       1.15466189    
   5.27999973       1.15687203    
   5.28999996       1.15908086    
   5.29999971       1.16129136    
   5.30999994       1.16350079    
   5.31999969       1.16571081    
   5.32999992       1.16792083    
   5.33999968       1.17012942    
   5.34999990       1.17233849    
   5.35999966       1.17454660    
   5.36999989       1.17675459    
   5.38000011       1.17896211    
   5.38999987       1.18117201    
   5.40000010       1.18337905    
   5.40999985       1.18558621    
   5.42000008       1.18779385    
   5.42999983       1.19000089    
   5.44000006       1.19220805    
   5.44999981       1.19441414    
   5.46000004       1.19662011    
   5.46999979       1.19882703    
   5.48000002       1.20103288    
   5.48999977       1.20323753    
   5.50000000       1.20544350    
   5.50999975       1.20764983    
