   9.99999978E-03  -1.75454261E-06
   1.99999996E-02  -3.54517215E-06
   2.99999993E-02  -5.19245395E-06
   3.99999991E-02  -7.05683487E-06
   4.99999970E-02  -8.80050720E-06
   5.99999987E-02  -1.05465342E-05
   7.00000003E-02  -1.23192531E-05
   7.99999982E-02  -1.39786744E-05
   8.99999961E-02  -1.58069724E-05
   9.99999940E-02  -1.76084832E-05
  0.109999999      -1.93452070E-05
  0.119999997      -1.94818676E-05
  0.129999995      -1.94068234E-05
  0.140000001      -2.46016480E-05
  0.149999991      -2.65485833E-05
  0.159999996      -2.75522380E-05
  0.170000002      -2.98324885E-05
  0.179999992      -3.09408679E-05
  0.189999998      -3.62874744E-05
  0.199999988      -3.49937291E-05
  0.209999993      -3.65642045E-05
  0.219999999      -3.83283186E-05
  0.229999989      -3.99899618E-05
  0.239999995      -4.12841146E-05
  0.250000000      -4.19745775E-05
  0.259999990      -4.32396882E-05
  0.269999981      -4.33146852E-05
  0.280000001      -3.98930788E-05
  0.289999992      -3.84555970E-05
  0.299999982      -3.74725059E-05
  0.310000002      -3.31622578E-05
  0.319999993      -2.15569853E-05
  0.329999983       1.70785388E-05
  0.340000004       1.49659854E-05
  0.349999994       2.34410545E-05
  0.359999985       3.89103370E-05
  0.370000005       6.56330085E-05
  0.379999995       1.15240829E-04
  0.389999986       2.28301738E-04
  0.399999976       4.19778400E-04
  0.409999996       3.91204492E-04
  0.419999987       4.17224772E-04
  0.429999977       4.62399883E-04
  0.439999998       5.26165008E-04
  0.449999988       6.16714882E-04
  0.459999979       7.44135235E-04
  0.469999999       9.38213198E-04
  0.479999989       1.26600591E-03
  0.489999980       1.88947539E-03
  0.500000000       3.07861413E-03
  0.509999990       2.79936637E-03
  0.519999981       2.81466078E-03
  0.529999971       2.89703184E-03
  0.539999962       3.02091194E-03
  0.550000012       3.18076019E-03
  0.560000002       3.37697938E-03
  0.569999993       3.61452461E-03
  0.579999983       3.90171376E-03
  0.589999974       4.25048405E-03
  0.599999964       4.68380097E-03
  0.610000014       5.23199234E-03
  0.620000005       5.94937196E-03
  0.629999995       6.93562115E-03
  0.639999986       8.39544646E-03
  0.649999976       1.08388970E-02
  0.659999967       1.59048550E-02
  0.669999957       1.91463362E-02
  0.680000007       1.83149036E-02
  0.689999998       1.81229785E-02
  0.699999988       1.81536209E-02
  0.709999979       1.83078442E-02
  0.719999969       1.85456853E-02
  0.729999959       1.88482422E-02
  0.740000010       1.92056615E-02
  0.750000000       1.96128860E-02
  0.759999990       2.00674869E-02
  0.769999981       2.05896627E-02
  0.779999971       2.11183056E-02
  0.789999962       2.17181109E-02
  0.799999952       2.23715194E-02
  0.810000002       2.30826363E-02
  0.819999993       2.38576587E-02
  0.829999983       2.47038919E-02
  0.839999974       2.56297905E-02
  0.849999964       2.66469847E-02
  0.859999955       2.77683344E-02
  0.870000005       2.90079731E-02
  0.879999995       3.03982180E-02
  0.889999986       3.19566093E-02
  0.899999976       3.37222256E-02
  0.909999967       3.57462876E-02
  0.919999957       3.80946398E-02
  0.930000007       4.08631712E-02
  0.939999998       4.41923514E-02
  0.949999988       4.82981727E-02
  0.959999979       5.35330996E-02
  0.969999969       6.05242997E-02
  0.979999959       7.04724118E-02
  0.989999950       8.60711038E-02
   1.00000000      0.108812928    
   1.00999999      0.111528389    
   1.01999998      0.112032168    
   1.02999997      0.112386100    
   1.03999996      0.112777740    
   1.04999995      0.113238581    
   1.05999994      0.113770172    
   1.06999993      0.114366733    
   1.07999992      0.115022756    
   1.09000003      0.115730062    
   1.10000002      0.116484575    
   1.11000001      0.117281482    
   1.12000000      0.118117720    
   1.13000000      0.118989490    
   1.13999999      0.119894415    
   1.14999998      0.120830514    
   1.15999997      0.121796228    
   1.16999996      0.122790031    
   1.17999995      0.123810321    
   1.18999994      0.124856777    
   1.19999993      0.125928432    
   1.20999992      0.127024323    
   1.22000003      0.128144518    
   1.23000002      0.129288182    
   1.24000001      0.130454421    
   1.25000000      0.131646037    
   1.25999999      0.132858962    
   1.26999998      0.134097070    
   1.27999997      0.135357484    
   1.28999996      0.136640862    
   1.29999995      0.137948141    
   1.30999994      0.139279321    
   1.31999993      0.140634641    
   1.32999992      0.142014474    
   1.33999991      0.143419191    
   1.35000002      0.144849509    
   1.36000001      0.146305427    
   1.37000000      0.147788197    
   1.38000000      0.149297893    
   1.38999999      0.150835171    
   1.39999998      0.152401149    
   1.40999997      0.153996304    
   1.41999996      0.155621618    
   1.42999995      0.157277733    
   1.43999994      0.158965766    
   1.44999993      0.160686150    
   1.45999992      0.162441105    
   1.46999991      0.164230764    
   1.48000002      0.166056603    
   1.49000001      0.167919919    
   1.50000000      0.169821993    
   1.50999999      0.171764448    
   1.51999998      0.173748463    
   1.52999997      0.175775751    
   1.53999996      0.177847937    
   1.54999995      0.179967016    
   1.55999994      0.182135031    
   1.56999993      0.184353545    
   1.57999992      0.186624706    
   1.58999991      0.188951939    
   1.59999990      0.191336423    
   1.61000001      0.193781078    
   1.62000000      0.196289226    
   1.63000000      0.198863432    
   1.63999999      0.201506451    
   1.64999998      0.204223514    
   1.65999997      0.207016155    
   1.66999996      0.209889591    
   1.67999995      0.212847561    
   1.68999994      0.215895414    
   1.69999993      0.219037369    
   1.70999992      0.222278923    
   1.71999991      0.225626111    
   1.73000002      0.229085252    
   1.74000001      0.232663020    
   1.75000000      0.236367151    
   1.75999999      0.240205377    
   1.76999998      0.244186506    
   1.77999997      0.248320878    
   1.78999996      0.252618432    
   1.79999995      0.257091343    
   1.80999994      0.261751950    
   1.81999993      0.266614944    
   1.82999992      0.271695882    
   1.83999991      0.277012020    
   1.84999990      0.282583028    
   1.86000001      0.288430184    
   1.87000000      0.294577986    
   1.88000000      0.301052719    
   1.88999999      0.307885349    
   1.89999998      0.315109521    
   1.90999997      0.322762877    
   1.91999996      0.330888540    
   1.92999995      0.339533716    
   1.93999994      0.348751783    
   1.94999993      0.358599991    
   1.95999992      0.369142205    
   1.96999991      0.380441129    
   1.97999990      0.392556012    
   1.99000001      0.405530334    
   2.00000000      0.419362932    
   2.00999999      0.433742404    
   2.01999998      0.447304010    
   2.02999997      0.459755570    
   2.03999996      0.471170038    
   2.04999995      0.481673121    
   2.05999994      0.491389811    
   2.06999993      0.500428081    
   2.07999992      0.508883059    
   2.08999991      0.516828239    
   2.09999990      0.524333477    
   2.10999990      0.531451762    
   2.11999989      0.538228929    
   2.12999988      0.544706523    
   2.13999987      0.550915539    
   2.14999986      0.556887448    
   2.15999985      0.562645674    
   2.16999984      0.568212271    
   2.18000007      0.573606372    
   2.19000006      0.578843057    
   2.20000005      0.583936989    
   2.21000004      0.588901758    
   2.22000003      0.593748808    
   2.23000002      0.598487437    
   2.24000001      0.603127182    
   2.25000000      0.607674479    
   2.25999999      0.612137914    
   2.26999998      0.616523266    
   2.27999997      0.620837271    
   2.28999996      0.625083745    
   2.29999995      0.629268646    
   2.30999994      0.633394599    
   2.31999993      0.637469709    
   2.32999992      0.641489804    
   2.33999991      0.645464599    
   2.34999990      0.649396122    
   2.35999990      0.653285146    
   2.36999989      0.657135427    
   2.37999988      0.660949469    
   2.38999987      0.664729059    
   2.39999986      0.668476284    
   2.40999985      0.672192872    
   2.41999984      0.675880075    
   2.42999983      0.679540098    
   2.44000006      0.683173835    
   2.45000005      0.686783671    
   2.46000004      0.690370023    
   2.47000003      0.693933129    
   2.48000002      0.697475970    
   2.49000001      0.700998306    
   2.50000000      0.704501867    
   2.50999999      0.707987726    
   2.51999998      0.711454749    
   2.52999997      0.714906156    
   2.53999996      0.718342245    
   2.54999995      0.721762359    
   2.55999994      0.725167513    
   2.56999993      0.728559554    
   2.57999992      0.731938481    
   2.58999991      0.735304475    
   2.59999990      0.738657415    
   2.60999990      0.741999626    
   2.61999989      0.745329797    
   2.62999988      0.748649716    
   2.63999987      0.751958728    
   2.64999986      0.755257845    
   2.65999985      0.758546829    
   2.66999984      0.761827409    
   2.67999983      0.765098214    
   2.69000006      0.768361211    
   2.70000005      0.771615088    
   2.71000004      0.774860620    
   2.72000003      0.778098524    
   2.73000002      0.781329572    
   2.74000001      0.784553528    
   2.75000000      0.787769258    
   2.75999999      0.790978372    
   2.76999998      0.794180870    
   2.77999997      0.797376990    
   2.78999996      0.800567567    
   2.79999995      0.803751707    
   2.80999994      0.806929767    
   2.81999993      0.810102463    
   2.82999992      0.813268363    
   2.83999991      0.816430926    
   2.84999990      0.819587409    
   2.85999990      0.822738945    
   2.86999989      0.825885415    
   2.87999988      0.829027832    
   2.88999987      0.832164824    
   2.89999986      0.835297048    
   2.90999985      0.838425457    
   2.91999984      0.841548204    
   2.92999983      0.844669104    
   2.93999982      0.847785115    
   2.95000005      0.850896120    
   2.96000004      0.854004025    
   2.97000003      0.857108355    
   2.98000002      0.860208571    
   2.99000001      0.863304734    
   3.00000000      0.866398454    
   3.00999999      0.869489074    
   3.01999998      0.872575521    
   3.02999997      0.875658453    
   3.03999996      0.878738105    
   3.04999995      0.881815434    
   3.05999994      0.884889364    
   3.06999993      0.887959540    
   3.07999992      0.891027331    
   3.08999991      0.894092500    
   3.09999990      0.897155285    
   3.10999990      0.900214612    
   3.11999989      0.903271198    
   3.12999988      0.906326115    
   3.13999987      0.909375310    
   3.14999986      0.912425756    
   3.15999985      0.915473640    
   3.16999984      0.918517530    
   3.17999983      0.921560049    
   3.18999982      0.924598753    
   3.19999981      0.927636564    
   3.21000004      0.930670977    
   3.22000003      0.933703899    
   3.23000002      0.936733723    
   3.24000001      0.939762831    
   3.25000000      0.942788899    
   3.25999999      0.945813537    
   3.26999998      0.948835492    
   3.27999997      0.951856136    
   3.28999996      0.954874933    
   3.29999995      0.957891405    
   3.30999994      0.960905850    
   3.31999993      0.963918507    
   3.32999992      0.966929197    
   3.33999991      0.969938815    
   3.34999990      0.972946286    
   3.35999990      0.975952148    
   3.36999989      0.978956044    
   3.37999988      0.981958210    
   3.38999987      0.984959066    
   3.39999986      0.987958550    
   3.40999985      0.990955114    
   3.41999984      0.993951380    
   3.42999983      0.996946156    
   3.43999982      0.999938428    
   3.44999981       1.00292969    
   3.46000004       1.00591958    
   3.47000003       1.00890851    
   3.48000002       1.01189566    
   3.49000001       1.01488018    
   3.50000000       1.01786482    
   3.50999999       1.02084816    
   3.51999998       1.02382898    
   3.52999997       1.02680874    
   3.53999996       1.02978754    
   3.54999995       1.03276587    
   3.55999994       1.03574097    
   3.56999993       1.03871727    
   3.57999992       1.04169023    
   3.58999991       1.04466355    
   3.59999990       1.04763436    
   3.60999990       1.05060387    
   3.61999989       1.05357349    
   3.62999988       1.05654120    
   3.63999987       1.05950630    
   3.64999986       1.06247270    
   3.65999985       1.06543708    
   3.66999984       1.06840038    
   3.67999983       1.07136297    
   3.68999982       1.07432389    
   3.69999981       1.07728326    
   3.70999980       1.08024347    
   3.72000003       1.08320129    
   3.73000002       1.08615708    
   3.74000001       1.08911324    
   3.75000000       1.09206820    
   3.75999999       1.09502292    
   3.76999998       1.09797621    
   3.77999997       1.10092711    
   3.78999996       1.10387778    
   3.79999995       1.10682881    
   3.80999994       1.10977602    
   3.81999993       1.11272597    
   3.82999992       1.11567187    
   3.83999991       1.11861730    
   3.84999990       1.12156403    
   3.85999990       1.12450910    
   3.86999989       1.12745285    
   3.87999988       1.13039494    
   3.88999987       1.13333666    
   3.89999986       1.13627756    
   3.90999985       1.13921726    
   3.91999984       1.14215839    
   3.92999983       1.14509535    
   3.93999982       1.14803421    
   3.94999981       1.15097058    
   3.95999980       1.15390730    
   3.97000003       1.15684307    
   3.98000002       1.15977740    
   3.99000001       1.16271091    
   4.00000000       1.16564429    
   4.00999975       1.16857612    
   4.01999998       1.17150712    
   4.02999973       1.17443931    
   4.03999996       1.17736864    
   4.04999971       1.18029833    
   4.05999994       1.18322754    
   4.06999969       1.18615413    
   4.07999992       1.18908274    
   4.08999968       1.19200850    
   4.09999990       1.19493401    
   4.11000013       1.19786012    
   4.11999989       1.20078373    
   4.13000011       1.20370758    
   4.13999987       1.20663083    
   4.15000010       1.20955312    
   4.15999985       1.21247447    
   4.17000008       1.21539569    
   4.17999983       1.21831608    
   4.19000006       1.22123599    
   4.19999981       1.22415578    
   4.21000004       1.22707307    
   4.21999979       1.22999263    
   4.23000002       1.23290825    
   4.23999977       1.23582649    
   4.25000000       1.23874307    
   4.25999975       1.24165928    
   4.26999998       1.24457335    
   4.27999973       1.24748802    
   4.28999996       1.25040114    
   4.29999971       1.25331557    
   4.30999994       1.25622761    
   4.31999969       1.25913978    
   4.32999992       1.26205122    
   4.33999968       1.26496184    
   4.34999990       1.26787078    
   4.36000013       1.27078152    
   4.36999989       1.27369201    
   4.38000011       1.27660096    
   4.38999987       1.27950811    
   4.40000010       1.28241622    
   4.40999985       1.28532195    
   4.42000008       1.28823006    
   4.42999983       1.29113579    
   4.44000006       1.29404128    
   4.44999981       1.29694605    
   4.46000004       1.29985249    
   4.46999979       1.30275559    
   4.48000002       1.30565929    
   4.48999977       1.30856240    
   4.50000000       1.31146491    
   4.50999975       1.31436718    
   4.51999998       1.31726801    
   4.52999973       1.32016993    
   4.53999996       1.32307041    
   4.54999971       1.32597005    
   4.55999994       1.32886982    
   4.56999969       1.33176970    
   4.57999992       1.33466899    
   4.58999968       1.33756673    
   4.59999990       1.34046459    
   4.61000013       1.34336185    
   4.61999989       1.34625971    
   4.63000011       1.34915602    
   4.63999987       1.35205185    
   4.65000010       1.35494614    
   4.65999985       1.35784304    
   4.67000008       1.36073685    
   4.67999983       1.36363232    
   4.69000006       1.36652613    
   4.69999981       1.36941946    
   4.71000004       1.37231243    
   4.71999979       1.37520456    
   4.73000002       1.37809813    
   4.73999977       1.38098919    
   4.75000000       1.38388038    
   4.75999975       1.38677263    
   4.76999998       1.38966358    
   4.77999973       1.39255393    
   4.78999996       1.39544284    
   4.79999971       1.39833224    
   4.80999994       1.40122151    
   4.81999969       1.40411043    
   4.82999992       1.40699852    
   4.83999968       1.40988624    
   4.84999990       1.41277492    
   4.85999966       1.41566002    
   4.86999989       1.41854739    
   4.88000011       1.42143452    
   4.88999987       1.42432082    
   4.90000010       1.42720568    
   4.90999985       1.43009031    
   4.92000008       1.43297648    
   4.92999983       1.43586087    
   4.94000006       1.43874419    
   4.94999981       1.44162858    
   4.96000004       1.44451177    
   4.96999979       1.44739652    
   4.98000002       1.45027709    
   4.98999977       1.45315957    
   5.00000000       1.45604277    
   5.00999975       1.45892441    
   5.01999998       1.46180177    
   5.02999973       1.46468544    
   5.03999996       1.46756721    
   5.04999971       1.47044730    
   5.05999994       1.47332871    
   5.06999969       1.47620702    
   5.07999992       1.47908795    
   5.08999968       1.48196590    
   5.09999990       1.48484504    
   5.10999966       1.48772442    
   5.11999989       1.49060225    
   5.13000011       1.49347985    
   5.13999987       1.49635708    
   5.15000010       1.49923539    
   5.15999985       1.50211239    
   5.17000008       1.50498748    
   5.17999983       1.50786257    
   5.19000006       1.51074004    
   5.19999981       1.51361537    
   5.21000004       1.51649094    
   5.21999979       1.51936579    
   5.23000002       1.52224112    
   5.23999977       1.52511477    
   5.25000000       1.52798879    
   5.25999975       1.53086424    
   5.26999998       1.53373742    
   5.27999973       1.53660929    
   5.28999996       1.53948212    
   5.29999971       1.54235578    
   5.30999994       1.54522777    
   5.31999969       1.54810023    
   5.32999992       1.55097246    
   5.33999968       1.55384362    
   5.34999990       1.55671573    
   5.35999966       1.55958617    
   5.36999989       1.56245732    
   5.38000011       1.56532717    
   5.38999987       1.56819665    
   5.40000010       1.57106793    
   5.40999985       1.57393646    
   5.42000008       1.57680643    
   5.42999983       1.57967532    
   5.44000006       1.58254480    
   5.44999981       1.58541274    
   5.46000004       1.58828175    
   5.46999979       1.59114981    
   5.48000002       1.59401679    
   5.48999977       1.59688389    
   5.50000000       1.59975278    
   5.50999975       1.60261929    
