   9.99999978E-03  -2.06051391E-06
   1.99999996E-02  -3.82178678E-06
   2.99999993E-02  -5.79417201E-06
   3.99999991E-02  -7.77898640E-06
   4.99999970E-02  -9.74582599E-06
   5.99999987E-02  -1.17029685E-05
   7.00000003E-02  -1.36580056E-05
   7.99999982E-02  -1.57033573E-05
   8.99999961E-02  -1.75466084E-05
   9.99999940E-02  -1.95760076E-05
  0.109999999      -2.14773208E-05
  0.119999997      -2.34257095E-05
  0.129999995      -2.52695063E-05
  0.140000001      -2.72835168E-05
  0.149999991      -2.93990361E-05
  0.159999996      -3.06057154E-05
  0.170000002      -3.31268020E-05
  0.179999992      -3.50329974E-05
  0.189999998      -3.68551664E-05
  0.199999988      -4.16617986E-05
  0.209999993      -4.35310540E-05
  0.219999999      -4.23120437E-05
  0.229999989      -4.40997428E-05
  0.239999995      -4.51952037E-05
  0.250000000      -4.55226254E-05
  0.259999990      -4.66235579E-05
  0.269999981      -4.57882088E-05
  0.280000001      -3.94823001E-05
  0.289999992      -3.74155825E-05
  0.299999982      -3.50262308E-05
  0.310000002      -2.74287850E-05
  0.319999993      -8.64096546E-06
  0.329999983       4.64875156E-05
  0.340000004       4.30896725E-05
  0.349999994       5.52438432E-05
  0.359999985       7.84514486E-05
  0.370000005       1.17930875E-04
  0.379999995       1.90255712E-04
  0.389999986       3.50534683E-04
  0.399999976       5.85439673E-04
  0.409999996       5.51756006E-04
  0.419999987       5.69962664E-04
  0.429999977       6.49958325E-04
  0.439999998       7.37394788E-04
  0.449999988       8.60636006E-04
  0.459999979       1.03426608E-03
  0.469999999       1.29721954E-03
  0.479999989       1.73778820E-03
  0.489999980       2.63319141E-03
  0.500000000       3.92777659E-03
  0.509999990       3.59943300E-03
  0.519999981       3.62130534E-03
  0.529999971       3.72600835E-03
  0.539999962       3.88478115E-03
  0.550000012       4.08841111E-03
  0.560000002       4.33830358E-03
  0.569999993       4.64055780E-03
  0.579999983       5.00593381E-03
  0.589999974       5.45112975E-03
  0.599999964       5.99983521E-03
  0.610000014       6.69439137E-03
  0.620000005       7.60159595E-03
  0.629999995       8.84382240E-03
  0.639999986       1.06703220E-02
  0.649999976       1.36836022E-02
  0.659999967       1.96697991E-02
  0.669999957       2.29748376E-02
  0.680000007       2.20389124E-02
  0.689999998       2.18219273E-02
  0.699999988       2.18620542E-02
  0.709999979       2.20465977E-02
  0.719999969       2.23296769E-02
  0.729999959       2.26894654E-02
  0.740000010       2.31142268E-02
  0.750000000       2.35976763E-02
  0.759999990       2.41387058E-02
  0.769999981       2.47346722E-02
  0.779999971       2.53880359E-02
  0.789999962       2.61010807E-02
  0.799999952       2.68777888E-02
  0.810000002       2.77229063E-02
  0.819999993       2.86437701E-02
  0.829999983       2.96488330E-02
  0.839999974       3.07480115E-02
  0.849999964       3.19547057E-02
  0.859999955       3.32843550E-02
  0.870000005       3.47570814E-02
  0.879999995       3.63983028E-02
  0.889999986       3.82404178E-02
  0.899999976       4.03245725E-02
  0.909999967       4.27094363E-02
  0.919999957       4.54703011E-02
  0.930000007       4.87163961E-02
  0.939999998       5.26050106E-02
  0.949999988       5.73779456E-02
  0.959999979       6.34227768E-02
  0.969999969       7.14137033E-02
  0.979999959       8.26167986E-02
  0.989999950       9.95894372E-02
   1.00000000      0.122651346    
   1.00999999      0.125704378    
   1.01999998      0.126402304    
   1.02999997      0.126889035    
   1.03999996      0.127389953    
   1.04999995      0.127950490    
   1.05999994      0.128578395    
   1.06999993      0.129270807    
   1.07999992      0.130023405    
   1.09000003      0.130829901    
   1.10000002      0.131685957    
   1.11000001      0.132586777    
   1.12000000      0.133529276    
   1.13000000      0.134510368    
   1.13999999      0.135527015    
   1.14999998      0.136577770    
   1.15999997      0.137660444    
   1.16999996      0.138774142    
   1.17999995      0.139916480    
   1.18999994      0.141087830    
   1.19999993      0.142286435    
   1.20999992      0.143512428    
   1.22000003      0.144764647    
   1.23000002      0.146043018    
   1.24000001      0.147347361    
   1.25000000      0.148677409    
   1.25999999      0.150032192    
   1.26999998      0.151414484    
   1.27999997      0.152821392    
   1.28999996      0.154254362    
   1.29999995      0.155713305    
   1.30999994      0.157198682    
   1.31999993      0.158710554    
   1.32999992      0.160249606    
   1.33999991      0.161816150    
   1.35000002      0.163410813    
   1.36000001      0.165033922    
   1.37000000      0.166686356    
   1.38000000      0.168368623    
   1.38999999      0.170081422    
   1.39999998      0.171825439    
   1.40999997      0.173601583    
   1.41999996      0.175410941    
   1.42999995      0.177254289    
   1.43999994      0.179132208    
   1.44999993      0.181046516    
   1.45999992      0.182997972    
   1.46999991      0.184987649    
   1.48000002      0.187017083    
   1.49000001      0.189087451    
   1.50000000      0.191199973    
   1.50999999      0.193356812    
   1.51999998      0.195558891    
   1.52999997      0.197808474    
   1.53999996      0.200107083    
   1.54999995      0.202456474    
   1.55999994      0.204858989    
   1.56999993      0.207316563    
   1.57999992      0.209831551    
   1.58999991      0.212407008    
   1.59999990      0.215044841    
   1.61000001      0.217747882    
   1.62000000      0.220519066    
   1.63000000      0.223362103    
   1.63999999      0.226279497    
   1.64999998      0.229276285    
   1.65999997      0.232355028    
   1.66999996      0.235519901    
   1.67999995      0.238776535    
   1.68999994      0.242128745    
   1.69999993      0.245581910    
   1.70999992      0.249141902    
   1.71999991      0.252814084    
   1.73000002      0.256606370    
   1.74000001      0.260523677    
   1.75000000      0.264575660    
   1.75999999      0.268769741    
   1.76999998      0.273115128    
   1.77999997      0.277621657    
   1.78999996      0.282300204    
   1.79999995      0.287162870    
   1.80999994      0.292221248    
   1.81999993      0.297491074    
   1.82999992      0.302987874    
   1.83999991      0.308728427    
   1.84999990      0.314731896    
   1.86000001      0.321019143    
   1.87000000      0.327614546    
   1.88000000      0.334543347    
   1.88999999      0.341834784    
   1.89999998      0.349520862    
   1.90999997      0.357636899    
   1.91999996      0.366222739    
   1.92999995      0.375321776    
   1.93999994      0.384980828    
   1.94999993      0.395250946    
   1.95999992      0.406184465    
   1.96999991      0.417833090    
   1.97999990      0.430240482    
   1.99000001      0.443431705    
   2.00000000      0.457385778    
   2.00999999      0.471771628    
   2.01999998      0.485331625    
   2.02999997      0.497825086    
   2.03999996      0.509319425    
   2.04999995      0.519934535    
   2.05999994      0.529785395    
   2.06999993      0.538977563    
   2.07999992      0.547599375    
   2.08999991      0.555722237    
   2.09999990      0.563410819    
   2.10999990      0.570718586    
   2.11999989      0.577689052    
   2.12999988      0.584362447    
   2.13999987      0.590769351    
   2.14999986      0.596939266    
   2.15999985      0.602895975    
   2.16999984      0.608661056    
   2.18000007      0.614253879    
   2.19000006      0.619688094    
   2.20000005      0.624980271    
   2.21000004      0.630149484    
   2.22000003      0.635184050    
   2.23000002      0.640116990    
   2.24000001      0.644949675    
   2.25000000      0.649690688    
   2.25999999      0.654345572    
   2.26999998      0.658921838    
   2.27999997      0.663423836    
   2.28999996      0.667859793    
   2.29999995      0.672230840    
   2.30999994      0.676544785    
   2.31999993      0.680802703    
   2.32999992      0.685009480    
   2.33999991      0.689168513    
   2.34999990      0.693281472    
   2.35999990      0.697353363    
   2.36999989      0.701385260    
   2.37999988      0.705379307    
   2.38999987      0.709338248    
   2.39999986      0.713263929    
   2.40999985      0.717158318    
   2.41999984      0.721023619    
   2.42999983      0.724860430    
   2.44000006      0.728669941    
   2.45000005      0.732454836    
   2.46000004      0.736215889    
   2.47000003      0.739954054    
   2.48000002      0.743670702    
   2.49000001      0.747366071    
   2.50000000      0.751042664    
   2.50999999      0.754699469    
   2.51999998      0.758338571    
   2.52999997      0.761961699    
   2.53999996      0.765567362    
   2.54999995      0.769158304    
   2.55999994      0.772734821    
   2.56999993      0.776295245    
   2.57999992      0.779842854    
   2.58999991      0.783377707    
   2.59999990      0.786899626    
   2.60999990      0.790409327    
   2.61999989      0.793907464    
   2.62999988      0.797394454    
   2.63999987      0.800870538    
   2.64999986      0.804337263    
   2.65999985      0.807791948    
   2.66999984      0.811238647    
   2.67999983      0.814675391    
   2.69000006      0.818103731    
   2.70000005      0.821523011    
   2.71000004      0.824933827    
   2.72000003      0.828336775    
   2.73000002      0.831731617    
   2.74000001      0.835119843    
   2.75000000      0.838499308    
   2.75999999      0.841872573    
   2.76999998      0.845239162    
   2.77999997      0.848599195    
   2.78999996      0.851952910    
   2.79999995      0.855299890    
   2.80999994      0.858640313    
   2.81999993      0.861976147    
   2.82999992      0.865305364    
   2.83999991      0.868629456    
   2.84999990      0.871949017    
   2.85999990      0.875261545    
   2.86999989      0.878570020    
   2.87999988      0.881873548    
   2.88999987      0.885171592    
   2.89999986      0.888466179    
   2.90999985      0.891755581    
   2.91999984      0.895040929    
   2.92999983      0.898320973    
   2.93999982      0.901597798    
   2.95000005      0.904869854    
   2.96000004      0.908138394    
   2.97000003      0.911403775    
   2.98000002      0.914662421    
   2.99000001      0.917921007    
   3.00000000      0.921173692    
   3.00999999      0.924423456    
   3.01999998      0.927669585    
   3.02999997      0.930912912    
   3.03999996      0.934152186    
   3.04999995      0.937388539    
   3.05999994      0.940622389    
   3.06999993      0.943852127    
   3.07999992      0.947079718    
   3.08999991      0.950303853    
   3.09999990      0.953524113    
   3.10999990      0.956743300    
   3.11999989      0.959958494    
   3.12999988      0.963171601    
   3.13999987      0.966382325    
   3.14999986      0.969590187    
   3.15999985      0.972794533    
   3.16999984      0.975997925    
   3.17999983      0.979197919    
   3.18999982      0.982395351    
   3.19999981      0.985590994    
   3.21000004      0.988783896    
   3.22000003      0.991974115    
   3.23000002      0.995162368    
   3.24000001      0.998349607    
   3.25000000       1.00153399    
   3.25999999       1.00471580    
   3.26999998       1.00789559    
   3.27999997       1.01107347    
   3.28999996       1.01424968    
   3.29999995       1.01742423    
   3.30999994       1.02059495    
   3.31999993       1.02376568    
   3.32999992       1.02693355    
   3.33999991       1.03009975    
   3.34999990       1.03326511    
   3.35999990       1.03642702    
   3.36999989       1.03958833    
   3.37999988       1.04274833    
   3.38999987       1.04590559    
   3.39999986       1.04906166    
   3.40999985       1.05221593    
   3.41999984       1.05536795    
   3.42999983       1.05852008    
   3.43999982       1.06166887    
   3.44999981       1.06481743    
   3.46000004       1.06796300    
   3.47000003       1.07110786    
   3.48000002       1.07425165    
   3.49000001       1.07739389    
   3.50000000       1.08053482    
   3.50999999       1.08367372    
   3.51999998       1.08681059    
   3.52999997       1.08994722    
   3.53999996       1.09308159    
   3.54999995       1.09621596    
   3.55999994       1.09934819    
   3.56999993       1.10247982    
   3.57999992       1.10560882    
   3.58999991       1.10873592    
   3.59999990       1.11186469    
   3.60999990       1.11499035    
   3.61999989       1.11811435    
   3.62999988       1.12123883    
   3.63999987       1.12436092    
   3.64999986       1.12748277    
   3.65999985       1.13060236    
   3.66999984       1.13372135    
   3.67999983       1.13683975    
   3.68999982       1.13995564    
   3.69999981       1.14307046    
   3.70999980       1.14618528    
   3.72000003       1.14929950    
   3.73000002       1.15241110    
   3.74000001       1.15552258    
   3.75000000       1.15863371    
   3.75999999       1.16174197    
   3.76999998       1.16485000    
   3.77999997       1.16795719    
   3.78999996       1.17106307    
   3.79999995       1.17416799    
   3.80999994       1.17727280    
   3.81999993       1.18037522    
   3.82999992       1.18347859    
   3.83999991       1.18658042    
   3.84999990       1.18967962    
   3.85999990       1.19278038    
   3.86999989       1.19587815    
   3.87999988       1.19897640    
   3.88999987       1.20207238    
   3.89999986       1.20516884    
   3.90999985       1.20826328    
   3.91999984       1.21135736    
   3.92999983       1.21445119    
   3.93999982       1.21754432    
   3.94999981       1.22063625    
   3.95999980       1.22372699    
   3.97000003       1.22681630    
   3.98000002       1.22990561    
   3.99000001       1.23299479    
   4.00000000       1.23608196    
   4.00999975       1.23916829    
   4.01999998       1.24225581    
   4.02999973       1.24534118    
   4.03999996       1.24842536    
   4.04999971       1.25150836    
   4.05999994       1.25459254    
   4.06999969       1.25767517    
   4.07999992       1.26075518    
   4.08999968       1.26383734    
   4.09999990       1.26691735    
   4.11000013       1.26999760    
   4.11999989       1.27307510    
   4.13000011       1.27615273    
   4.13999987       1.27923059    
   4.15000010       1.28230703    
   4.15999985       1.28538358    
   4.17000008       1.28845966    
   4.17999983       1.29153419    
   4.19000006       1.29460037    
   4.19999981       1.29768133    
   4.21000004       1.30075336    
   4.21999979       1.30382586    
   4.23000002       1.30689716    
   4.23999977       1.30996871    
   4.25000000       1.31303978    
   4.25999975       1.31610823    
   4.26999998       1.31917691    
   4.27999973       1.32224512    
   4.28999996       1.32531357    
   4.29999971       1.32838106    
   4.30999994       1.33144784    
   4.31999969       1.33451247    
   4.32999992       1.33757818    
   4.33999968       1.34064269    
   4.34999990       1.34370756    
   4.36000013       1.34677148    
   4.36999989       1.34983575    
   4.38000011       1.35289764    
   4.38999987       1.35595918    
   4.40000010       1.35901999    
   4.40999985       1.36208153    
   4.42000008       1.36514127    
   4.42999983       1.36820102    
   4.44000006       1.37125993    
   4.44999981       1.37432003    
   4.46000004       1.37737763    
   4.46999979       1.38043499    
   4.48000002       1.38349283    
   4.48999977       1.38654912    
   4.50000000       1.38960552    
   4.50999975       1.39266109    
   4.51999998       1.39571691    
   4.52999973       1.39877093    
   4.53999996       1.40182531    
   4.54999971       1.40487921    
   4.55999994       1.40793180    
   4.56999969       1.41098440    
   4.57999992       1.41403759    
   4.58999968       1.41708875    
   4.59999990       1.42013991    
   4.61000013       1.42319083    
   4.61999989       1.42624187    
   4.63000011       1.42929065    
   4.63999987       1.43234062    
   4.65000010       1.43539071    
   4.65999985       1.43843806    
   4.67000008       1.44148731    
   4.67999983       1.44453371    
   4.69000006       1.44758177    
   4.69999981       1.45062923    
   4.71000004       1.45367515    
   4.71999979       1.45672023    
   4.73000002       1.45976663    
   4.73999977       1.46281004    
   4.75000000       1.46585560    
   4.75999975       1.46890056    
   4.76999998       1.47194290    
   4.77999973       1.47498584    
   4.78999996       1.47802961    
   4.79999971       1.48107338    
   4.80999994       1.48411560    
   4.81999969       1.48715615    
   4.82999992       1.49019802    
   4.83999968       1.49323916    
   4.84999990       1.49628031    
   4.85999966       1.49932051    
   4.86999989       1.50236022    
   4.88000011       1.50539982    
   4.88999987       1.50843811    
   4.90000010       1.51147676    
   4.90999985       1.51451516    
   4.92000008       1.51755238    
   4.92999983       1.52059042    
   4.94000006       1.52362728    
   4.94999981       1.52666330    
   4.96000004       1.52970111    
   4.96999979       1.53273797    
   4.98000002       1.53577280    
   4.98999977       1.53880835    
   5.00000000       1.54184246    
   5.00999975       1.54487824    
   5.01999998       1.54791117    
   5.02999973       1.55094481    
   5.03999996       1.55397880    
   5.04999971       1.55701220    
   5.05999994       1.56004500    
   5.06999969       1.56307721    
   5.07999992       1.56610942    
   5.08999968       1.56914210    
   5.09999990       1.57217288    
   5.10999966       1.57520378    
   5.11999989       1.57823479    
   5.13000011       1.58126724    
   5.13999987       1.58429527    
   5.15000010       1.58732593    
   5.15999985       1.59035552    
   5.17000008       1.59338462    
   5.17999983       1.59641397    
   5.19000006       1.59944224    
   5.19999981       1.60247123    
   5.21000004       1.60549843    
   5.21999979       1.60852706    
   5.23000002       1.61155427    
   5.23999977       1.61458182    
   5.25000000       1.61760843    
   5.25999975       1.62063181    
   5.26999998       1.62366116    
   5.27999973       1.62668562    
   5.28999996       1.62971199    
   5.29999971       1.63273656    
   5.30999994       1.63576210    
   5.31999969       1.63878667    
   5.32999992       1.64180994    
   5.33999968       1.64483547    
   5.34999990       1.64785969    
   5.35999966       1.65088189    
   5.36999989       1.65390515    
   5.38000011       1.65692937    
   5.38999987       1.65995193    
   5.40000010       1.66297281    
   5.40999985       1.66599619    
   5.42000008       1.66901755    
   5.42999983       1.67203784    
   5.44000006       1.67505980    
   5.44999981       1.67808044    
   5.46000004       1.68110108    
   5.46999979       1.68412137    
   5.48000002       1.68714237    
   5.48999977       1.69016111    
   5.50000000       1.69318187    
   5.50999975       1.69620156    
