   9.99999978E-03  -1.97824352E-06
   1.99999996E-02  -4.01315037E-06
   2.99999993E-02  -5.86659007E-06
   3.99999991E-02  -7.53030236E-06
   4.99999970E-02  -1.00875341E-05
   5.99999987E-02  -1.19798606E-05
   7.00000003E-02  -1.41198134E-05
   7.99999982E-02  -1.60778982E-05
   8.99999961E-02  -1.81298819E-05
   9.99999940E-02  -2.02345418E-05
  0.109999999      -2.22605777E-05
  0.119999997      -2.42025490E-05
  0.129999995      -2.61398272E-05
  0.140000001      -2.82172587E-05
  0.149999991      -2.97550341E-05
  0.159999996      -3.22676497E-05
  0.170000002      -3.42438943E-05
  0.179999992      -3.61936654E-05
  0.189999998      -3.81123464E-05
  0.199999988      -4.01707439E-05
  0.209999993      -4.48717728E-05
  0.219999999      -4.36564223E-05
  0.229999989      -4.50849693E-05
  0.239999995      -4.64900331E-05
  0.250000000      -4.66337769E-05
  0.259999990      -4.76258065E-05
  0.269999981      -4.63851429E-05
  0.280000001      -3.91883259E-05
  0.289999992      -3.64526823E-05
  0.299999982      -3.33664648E-05
  0.310000002      -2.44455841E-05
  0.319999993      -2.64805567E-06
  0.329999983       5.90765958E-05
  0.340000004       5.48360840E-05
  0.349999994       6.88474101E-05
  0.359999985       9.55367941E-05
  0.370000005       1.39779993E-04
  0.379999995       2.21586364E-04
  0.389999986       4.00390592E-04
  0.399999976       6.51148090E-04
  0.409999996       6.15703932E-04
  0.419999987       6.56117918E-04
  0.429999977       7.24801619E-04
  0.439999998       8.21493391E-04
  0.449999988       9.57176089E-04
  0.459999979       1.14949606E-03
  0.469999999       1.43948931E-03
  0.479999989       1.92398613E-03
  0.489999980       2.90006888E-03
  0.500000000       4.24957462E-03
  0.509999990       3.90398875E-03
  0.519999981       3.92851839E-03
  0.529999971       4.04273905E-03
  0.539999962       4.21372754E-03
  0.550000012       4.43392200E-03
  0.560000002       4.70412709E-03
  0.569999993       5.03087370E-03
  0.579999983       5.42576332E-03
  0.589999974       5.90675790E-03
  0.599999964       6.49947161E-03
  0.610000014       7.24923378E-03
  0.620000005       8.22765101E-03
  0.629999995       9.56556015E-03
  0.639999986       1.15279229E-02
  0.649999976       1.47490250E-02
  0.659999967       2.10549086E-02
  0.669999957       2.43687127E-02
  0.680000007       2.33978648E-02
  0.689999998       2.31726170E-02
  0.699999988       2.32165419E-02
  0.709999979       2.34122984E-02
  0.719999969       2.37118620E-02
  0.729999959       2.40927562E-02
  0.740000010       2.45416220E-02
  0.750000000       2.50529069E-02
  0.759999990       2.56249942E-02
  0.769999981       2.62552295E-02
  0.779999971       2.69461628E-02
  0.789999962       2.77001243E-02
  0.799999952       2.85213832E-02
  0.810000002       2.94148773E-02
  0.819999993       3.03884018E-02
  0.829999983       3.14507633E-02
  0.839999974       3.26123498E-02
  0.849999964       3.38874459E-02
  0.859999955       3.52885202E-02
  0.870000005       3.68473083E-02
  0.879999995       3.85799035E-02
  0.889999986       4.05237637E-02
  0.899999976       4.27220576E-02
  0.909999967       4.52356040E-02
  0.919999957       4.81434688E-02
  0.930000007       5.15586920E-02
  0.939999998       5.56454659E-02
  0.949999988       6.06529042E-02
  0.959999979       6.69799522E-02
  0.969999969       7.53117502E-02
  0.979999959       8.69358331E-02
  0.989999950      0.104356177    
   1.00000000      0.127496824    
   1.00999999      0.130663276    
   1.01999998      0.131430224    
   1.02999997      0.131965041    
   1.03999996      0.132505640    
   1.04999995      0.133102387    
   1.05999994      0.133764833    
   1.06999993      0.134491652    
   1.07999992      0.135275513    
   1.09000003      0.136120379    
   1.10000002      0.137012273    
   1.11000001      0.137949601    
   1.12000000      0.138929531    
   1.13000000      0.139946848    
   1.13999999      0.141004741    
   1.14999998      0.142095461    
   1.15999997      0.143219128    
   1.16999996      0.144374445    
   1.17999995      0.145559564    
   1.18999994      0.146774411    
   1.19999993      0.148017377    
   1.20999992      0.149288461    
   1.22000003      0.150586620    
   1.23000002      0.151911825    
   1.24000001      0.153263792    
   1.25000000      0.154642165    
   1.25999999      0.156046212    
   1.26999998      0.157478571    
   1.27999997      0.158936277    
   1.28999996      0.160421133    
   1.29999995      0.161932617    
   1.30999994      0.163471177    
   1.31999993      0.165037677    
   1.32999992      0.166631639    
   1.33999991      0.168254182    
   1.35000002      0.169905603    
   1.36000001      0.171586871    
   1.37000000      0.173297986    
   1.38000000      0.175039709    
   1.38999999      0.176813200    
   1.39999998      0.178618670    
   1.40999997      0.180457845    
   1.41999996      0.182330534    
   1.42999995      0.184238523    
   1.43999994      0.186182201    
   1.44999993      0.188163146    
   1.45999992      0.190182418    
   1.46999991      0.192241222    
   1.48000002      0.194340602    
   1.49000001      0.196482480    
   1.50000000      0.198667496    
   1.50999999      0.200898111    
   1.51999998      0.203175291    
   1.52999997      0.205501258    
   1.53999996      0.207877576    
   1.54999995      0.210306168    
   1.55999994      0.212789357    
   1.56999993      0.215328962    
   1.57999992      0.217927381    
   1.58999991      0.220588088    
   1.59999990      0.223312691    
   1.61000001      0.226104081    
   1.62000000      0.228965655    
   1.63000000      0.231900409    
   1.63999999      0.234912053    
   1.64999998      0.238003895    
   1.65999997      0.241180122    
   1.66999996      0.244444877    
   1.67999995      0.247802913    
   1.68999994      0.251258701    
   1.69999993      0.254817694    
   1.70999992      0.258485645    
   1.71999991      0.262268484    
   1.73000002      0.266173482    
   1.74000001      0.270206094    
   1.75000000      0.274375618    
   1.75999999      0.278689951    
   1.76999998      0.283158094    
   1.77999997      0.287790060    
   1.78999996      0.292596400    
   1.79999995      0.297589928    
   1.80999994      0.302782029    
   1.81999993      0.308187932    
   1.82999992      0.313823134    
   1.83999991      0.319705039    
   1.84999990      0.325852424    
   1.86000001      0.332285643    
   1.87000000      0.339028865    
   1.88000000      0.346107066    
   1.88999999      0.353549451    
   1.89999998      0.361386508    
   1.90999997      0.369653285    
   1.91999996      0.378388107    
   1.92999995      0.387633562    
   1.93999994      0.397433877    
   1.94999993      0.407837272    
   1.95999992      0.418895096    
   1.96999991      0.430653155    
   1.97999990      0.443150789    
   1.99000001      0.456407547    
   2.00000000      0.470397323    
   2.00999999      0.484777838    
   2.01999998      0.498340368    
   2.02999997      0.510844946    
   2.03999996      0.522335768    
   2.04999995      0.533010781    
   2.05999994      0.542903483    
   2.06999993      0.552142620    
   2.07999992      0.560816765    
   2.08999991      0.568994224    
   2.09999990      0.576741159    
   2.10999990      0.584108889    
   2.11999989      0.591140866    
   2.12999988      0.597876608    
   2.13999987      0.604346693    
   2.14999986      0.610580146    
   2.15999985      0.616600335    
   2.16999984      0.622430027    
   2.18000007      0.628086329    
   2.19000006      0.633585572    
   2.20000005      0.638940513    
   2.21000004      0.644166470    
   2.22000003      0.649272084    
   2.23000002      0.654270113    
   2.24000001      0.659164310    
   2.25000000      0.663967609    
   2.25999999      0.668684244    
   2.26999998      0.673323274    
   2.27999997      0.677887857    
   2.28999996      0.682384610    
   2.29999995      0.686818540    
   2.30999994      0.691191494    
   2.31999993      0.695511281    
   2.32999992      0.699778318    
   2.33999991      0.703996956    
   2.34999990      0.708171010    
   2.35999990      0.712302208    
   2.36999989      0.716393471    
   2.37999988      0.720446408    
   2.38999987      0.724465191    
   2.39999986      0.728449106    
   2.40999985      0.732402563    
   2.41999984      0.736325860    
   2.42999983      0.740220666    
   2.44000006      0.744089246    
   2.45000005      0.747930944    
   2.46000004      0.751750350    
   2.47000003      0.755545676    
   2.48000002      0.759319007    
   2.49000001      0.763071716    
   2.50000000      0.766805410    
   2.50999999      0.770519912    
   2.51999998      0.774215221    
   2.52999997      0.777895808    
   2.53999996      0.781557381    
   2.54999995      0.785204232    
   2.55999994      0.788836539    
   2.56999993      0.792454123    
   2.57999992      0.796056986    
   2.58999991      0.799647093    
   2.59999990      0.803225279    
   2.60999990      0.806791306    
   2.61999989      0.810344458    
   2.62999988      0.813886344    
   2.63999987      0.817418396    
   2.64999986      0.820938885    
   2.65999985      0.824449539    
   2.66999984      0.827951312    
   2.67999983      0.831443071    
   2.69000006      0.834926188    
   2.70000005      0.838400066    
   2.71000004      0.841865480    
   2.72000003      0.845322728    
   2.73000002      0.848773241    
   2.74000001      0.852215469    
   2.75000000      0.855649590    
   2.75999999      0.859078169    
   2.76999998      0.862497330    
   2.77999997      0.865912199    
   2.78999996      0.869319856    
   2.79999995      0.872720540    
   2.80999994      0.876116157    
   2.81999993      0.879504979    
   2.82999992      0.882888138    
   2.83999991      0.886266112    
   2.84999990      0.889638722    
   2.85999990      0.893005610    
   2.86999989      0.896368384    
   2.87999988      0.899724722    
   2.88999987      0.903077245    
   2.89999986      0.906425059    
   2.90999985      0.909767866    
   2.91999984      0.913106680    
   2.92999983      0.916440129    
   2.93999982      0.919770777    
   2.95000005      0.923096418    
   2.96000004      0.926418066    
   2.97000003      0.929736614    
   2.98000002      0.933048606    
   2.99000001      0.936359167    
   3.00000000      0.939665735    
   3.00999999      0.942968726    
   3.01999998      0.946268499    
   3.02999997      0.949564517    
   3.03999996      0.952856779    
   3.04999995      0.956146240    
   3.05999994      0.959433317    
   3.06999993      0.962716162    
   3.07999992      0.965996027    
   3.08999991      0.969272256    
   3.09999990      0.972547054    
   3.10999990      0.975818336    
   3.11999989      0.979086280    
   3.12999988      0.982352376    
   3.13999987      0.985615909    
   3.14999986      0.988875806    
   3.15999985      0.992133319    
   3.16999984      0.995388746    
   3.17999983      0.998641253    
   3.18999982       1.00189173    
   3.19999981       1.00513923    
   3.21000004       1.00838554    
   3.22000003       1.01162827    
   3.23000002       1.01486945    
   3.24000001       1.01810920    
   3.25000000       1.02134550    
   3.25999999       1.02457976    
   3.26999998       1.02781260    
   3.27999997       1.03104186    
   3.28999996       1.03427172    
   3.29999995       1.03749716    
   3.30999994       1.04072130    
   3.31999993       1.04394460    
   3.32999992       1.04716408    
   3.33999991       1.05038297    
   3.34999990       1.05359948    
   3.35999990       1.05681467    
   3.36999989       1.06002808    
   3.37999988       1.06323874    
   3.38999987       1.06644964    
   3.39999986       1.06965756    
   3.40999985       1.07286429    
   3.41999984       1.07606900    
   3.42999983       1.07927251    
   3.43999982       1.08247244    
   3.44999981       1.08567345    
   3.46000004       1.08887243    
   3.47000003       1.09206975    
   3.48000002       1.09526503    
   3.49000001       1.09845889    
   3.50000000       1.10164976    
   3.50999999       1.10484147    
   3.51999998       1.10803235    
   3.52999997       1.11122000    
   3.53999996       1.11440730    
   3.54999995       1.11759317    
   3.55999994       1.12077665    
   3.56999993       1.12396038    
   3.57999992       1.12714112    
   3.58999991       1.13032091    
   3.59999990       1.13349986    
   3.60999990       1.13667858    
   3.61999989       1.13985574    
   3.62999988       1.14303100    
   3.63999987       1.14620519    
   3.64999986       1.14937782    
   3.65999985       1.15254939    
   3.66999984       1.15572071    
   3.67999983       1.15888965    
   3.68999982       1.16205704    
   3.69999981       1.16522419    
   3.70999980       1.16839170    
   3.72000003       1.17155635    
   3.73000002       1.17471993    
   3.74000001       1.17788315    
   3.75000000       1.18104625    
   3.75999999       1.18420529    
   3.76999998       1.18736613    
   3.77999997       1.19052529    
   3.78999996       1.19368267    
   3.79999995       1.19683957    
   3.80999994       1.19999492    
   3.81999993       1.20315015    
   3.82999992       1.20630348    
   3.83999991       1.20945704    
   3.84999990       1.21260977    
   3.85999990       1.21575999    
   3.86999989       1.21891105    
   3.87999988       1.22205985    
   3.88999987       1.22520840    
   3.89999986       1.22835577    
   3.90999985       1.23150301    
   3.91999984       1.23464787    
   3.92999983       1.23779333    
   3.93999982       1.24093652    
   3.94999981       1.24407911    
   3.95999980       1.24722242    
   3.97000003       1.25036538    
   3.98000002       1.25350571    
   3.99000001       1.25664592    
   4.00000000       1.25978398    
   4.00999975       1.26292348    
   4.01999998       1.26605821    
   4.02999973       1.26919663    
   4.03999996       1.27233303    
   4.04999971       1.27546930    
   4.05999994       1.27860379    
   4.06999969       1.28173649    
   4.07999992       1.28486955    
   4.08999968       1.28800201    
   4.09999990       1.29113328    
   4.11000013       1.29426324    
   4.11999989       1.29739439    
   4.13000011       1.30052447    
   4.13999987       1.30365217    
   4.15000010       1.30678117    
   4.15999985       1.30990839    
   4.17000008       1.31303513    
   4.17999983       1.31616151    
   4.19000006       1.31928623    
   4.19999981       1.32241094    
   4.21000004       1.32553446    
   4.21999979       1.32865846    
   4.23000002       1.33178020    
   4.23999977       1.33490348    
   4.25000000       1.33802438    
   4.25999975       1.34114623    
   4.26999998       1.34426606    
   4.27999973       1.34738636    
   4.28999996       1.35050428    
   4.29999971       1.35362339    
   4.30999994       1.35674036    
   4.31999969       1.35985887    
   4.32999992       1.36297476    
   4.33999968       1.36609030    
   4.34999990       1.36920607    
   4.36000013       1.37232208    
   4.36999989       1.37543619    
   4.38000011       1.37854874    
   4.38999987       1.38166285    
   4.40000010       1.38477564    
   4.40999985       1.38788688    
   4.42000008       1.39099824    
   4.42999983       1.39411080    
   4.44000006       1.39722002    
   4.44999981       1.40032959    
   4.46000004       1.40344000    
   4.46999979       1.40654850    
   4.48000002       1.40965819    
   4.48999977       1.41276598    
   4.50000000       1.41587162    
   4.50999975       1.41897869    
   4.51999998       1.42208469    
   4.52999973       1.42519057    
   4.53999996       1.42829657    
   4.54999971       1.43140030    
   4.55999994       1.43450606    
   4.56999969       1.43760884    
   4.57999992       1.44071257    
   4.58999968       1.44381428    
   4.59999990       1.44691825    
   4.61000013       1.45001996    
   4.61999989       1.45312166    
   4.63000011       1.45622265    
   4.63999987       1.45932353    
   4.65000010       1.46242356    
   4.65999985       1.46552265    
   4.67000008       1.46862292    
   4.67999983       1.47172058    
   4.69000006       1.47481871    
   4.69999981       1.47791684    
   4.71000004       1.48101413    
   4.71999979       1.48411167    
   4.73000002       1.48720813    
   4.73999977       1.49030292    
   4.75000000       1.49339926    
   4.75999975       1.49649453    
   4.76999998       1.49958920    
   4.77999973       1.50268388    
   4.78999996       1.50577712    
   4.79999971       1.50887251    
   4.80999994       1.51196480    
   4.81999969       1.51505792    
   4.82999992       1.51814961    
   4.83999968       1.52124262    
   4.84999990       1.52433324    
   4.85999966       1.52742541    
   4.86999989       1.53051472    
   4.88000011       1.53360581    
   4.88999987       1.53669584    
   4.90000010       1.53978574    
   4.90999985       1.54287493    
   4.92000008       1.54596329    
   4.92999983       1.54905236    
   4.94000006       1.55214024    
   4.94999981       1.55522799    
   4.96000004       1.55831528    
   4.96999979       1.56140208    
   4.98000002       1.56448853    
   4.98999977       1.56757450    
   5.00000000       1.57066095    
   5.00999975       1.57374573    
   5.01999998       1.57683110    
   5.02999973       1.57991600    
   5.03999996       1.58300090    
   5.04999971       1.58608305    
   5.05999994       1.58916891    
   5.06999969       1.59225214    
   5.07999992       1.59533548    
   5.08999968       1.59841847    
   5.09999990       1.60149992    
   5.10999966       1.60458279    
   5.11999989       1.60766399    
   5.13000011       1.61074519    
   5.13999987       1.61382592    
   5.15000010       1.61690664    
   5.15999985       1.61998737    
   5.17000008       1.62306786    
   5.17999983       1.62614703    
   5.19000006       1.62922716    
   5.19999981       1.63230681    
   5.21000004       1.63538432    
   5.21999979       1.63846278    
   5.23000002       1.64154136    
   5.23999977       1.64461994    
   5.25000000       1.64769626    
   5.25999975       1.65077353    
   5.26999998       1.65385079    
   5.27999973       1.65692699    
   5.28999996       1.66000485    
   5.29999971       1.66307998    
   5.30999994       1.66615641    
   5.31999969       1.66923034    
   5.32999992       1.67230618    
   5.33999968       1.67538106    
   5.34999990       1.67845678    
   5.35999966       1.68153048    
   5.36999989       1.68460441    
   5.38000011       1.68767869    
   5.38999987       1.69075167    
   5.40000010       1.69382513    
   5.40999985       1.69689739    
   5.42000008       1.69997036    
   5.42999983       1.70304143    
   5.44000006       1.70611382    
   5.44999981       1.70918667    
   5.46000004       1.71225703    
   5.46999979       1.71532750    
   5.48000002       1.71840012    
   5.48999977       1.72146869    
   5.50000000       1.72454047    
   5.50999975       1.72761083    
