   9.99999978E-03  -2.48829633E-06
   1.99999996E-02  -5.00102306E-06
   2.99999993E-02  -7.99051486E-06
   3.99999991E-02  -1.03897746E-05
   4.99999970E-02  -1.29998662E-05
   5.99999987E-02  -1.57302529E-05
   7.00000003E-02  -1.80925363E-05
   7.99999982E-02  -2.06636032E-05
   8.99999961E-02  -2.32839830E-05
   9.99999940E-02  -2.57541597E-05
  0.109999999      -2.85155675E-05
  0.119999997      -3.09355382E-05
  0.129999995      -3.32961354E-05
  0.140000001      -3.62343308E-05
  0.149999991      -3.80353049E-05
  0.159999996      -4.14281203E-05
  0.170000002      -4.40012482E-05
  0.179999992      -4.63840443E-05
  0.189999998      -4.89822633E-05
  0.199999988      -5.08402991E-05
  0.209999993      -5.32097038E-05
  0.219999999      -5.42069356E-05
  0.229999989      -5.54701983E-05
  0.239999995      -5.46854790E-05
  0.250000000      -5.23421113E-05
  0.259999990      -5.30941034E-05
  0.269999981      -4.20590695E-05
  0.280000001      -1.63499935E-05
  0.289999992      -1.10902402E-05
  0.299999982       1.82904841E-06
  0.310000002       3.08154304E-05
  0.319999993       9.38734011E-05
  0.329999983       2.32343969E-04
  0.340000004       2.17758687E-04
  0.349999994       2.57644308E-04
  0.359999985       3.26055975E-04
  0.370000005       4.39604628E-04
  0.379999995       6.38958823E-04
  0.389999986       1.04528794E-03
  0.399999976       1.42902473E-03
  0.409999996       1.38227700E-03
  0.419999987       1.47251680E-03
  0.429999977       1.61970034E-03
  0.439999998       1.82736129E-03
  0.449999988       2.11370667E-03
  0.459999979       2.51795421E-03
  0.469999999       3.11936415E-03
  0.479999989       4.09716927E-03
  0.489999980       5.91715844E-03
  0.500000000       7.67840678E-03
  0.509999990       7.18054222E-03
  0.519999981       7.23807095E-03
  0.529999971       7.44824437E-03
  0.539999962       7.75712868E-03
  0.550000012       8.15357734E-03
  0.560000002       8.63911025E-03
  0.569999993       9.22516920E-03
  0.579999983       9.93170310E-03
  0.589999974       1.07888011E-02
  0.599999964       1.18436720E-02
  0.610000014       1.31689860E-02
  0.620000005       1.48843424E-02
  0.629999995       1.71995461E-02
  0.639999986       2.05208473E-02
  0.649999976       2.57326346E-02
  0.659999967       3.47483344E-02
  0.669999957       3.79219167E-02
  0.680000007       3.66680361E-02
  0.689999998       3.63833308E-02
  0.699999988       3.64736058E-02
  0.709999979       3.67819555E-02
  0.719999969       3.72431166E-02
  0.729999959       3.78246941E-02
  0.740000010       3.85079831E-02
  0.750000000       3.92884910E-02
  0.759999990       4.01574746E-02
  0.769999981       4.11157832E-02
  0.779999971       4.21652794E-02
  0.789999962       4.33099978E-02
  0.799999952       4.45556194E-02
  0.810000002       4.59104367E-02
  0.819999993       4.73843403E-02
  0.829999983       4.89905775E-02
  0.839999974       5.07456176E-02
  0.849999964       5.26647195E-02
  0.859999955       5.47760054E-02
  0.870000005       5.71072660E-02
  0.879999995       5.96964099E-02
  0.889999986       6.25896975E-02
  0.899999976       6.58479929E-02
  0.909999967       6.95524588E-02
  0.919999957       7.38090798E-02
  0.930000007       7.87663162E-02
  0.939999998       8.46339837E-02
  0.949999988       9.17209312E-02
  0.959999979      0.100500636    
  0.969999969      0.111735687    
  0.979999959      0.126698658    
  0.989999950      0.147338137    
   1.00000000      0.170681864    
   1.00999999      0.174762800    
   1.01999998      0.176152632    
   1.02999997      0.177141681    
   1.03999996      0.178060502    
   1.04999995      0.178999797    
   1.05999994      0.179988459    
   1.06999993      0.181034669    
   1.07999992      0.182140470    
   1.09000003      0.183302850    
   1.10000002      0.184483379    
   1.11000001      0.185786784    
   1.12000000      0.187102646    
   1.13000000      0.188464180    
   1.13999999      0.189868927    
   1.14999998      0.191315278    
   1.15999997      0.192801207    
   1.16999996      0.194325611    
   1.17999995      0.195886955    
   1.18999994      0.197484285    
   1.19999993      0.199116677    
   1.20999992      0.200783923    
   1.22000003      0.202485248    
   1.23000002      0.204219416    
   1.24000001      0.205988482    
   1.25000000      0.207790107    
   1.25999999      0.209624097    
   1.26999998      0.211493194    
   1.27999997      0.213394687    
   1.28999996      0.215329930    
   1.29999995      0.217298806    
   1.30999994      0.219302103    
   1.31999993      0.221339777    
   1.32999992      0.223413020    
   1.33999991      0.225520149    
   1.35000002      0.227665782    
   1.36000001      0.229847819    
   1.37000000      0.232067138    
   1.38000000      0.234325081    
   1.38999999      0.236621916    
   1.39999998      0.238959774    
   1.40999997      0.241338521    
   1.41999996      0.243760243    
   1.42999995      0.246222764    
   1.43999994      0.248733118    
   1.44999993      0.251288205    
   1.45999992      0.253890693    
   1.46999991      0.256541550    
   1.48000002      0.259242207    
   1.49000001      0.261995643    
   1.50000000      0.264801860    
   1.50999999      0.267663479    
   1.51999998      0.270582318    
   1.52999997      0.273561358    
   1.53999996      0.276599228    
   1.54999995      0.279701978    
   1.55999994      0.282870561    
   1.56999993      0.286107570    
   1.57999992      0.289414912    
   1.58999991      0.292797029    
   1.59999990      0.296255499    
   1.61000001      0.299793959    
   1.62000000      0.303415865    
   1.63000000      0.307124883    
   1.63999999      0.310924321    
   1.64999998      0.314818770    
   1.65999997      0.318811685    
   1.66999996      0.322908580    
   1.67999995      0.327114552    
   1.68999994      0.331433684    
   1.69999993      0.335872740    
   1.70999992      0.340436488    
   1.71999991      0.345132619    
   1.73000002      0.349967599    
   1.74000001      0.354947656    
   1.75000000      0.360083163    
   1.75999999      0.365380287    
   1.76999998      0.370849520    
   1.77999997      0.376500219    
   1.78999996      0.382343799    
   1.79999995      0.388391554    
   1.80999994      0.394655675    
   1.81999993      0.401150644    
   1.82999992      0.407890171    
   1.83999991      0.414890796    
   1.84999990      0.422170252    
   1.86000001      0.429746628    
   1.87000000      0.437640488    
   1.88000000      0.445874065    
   1.88999999      0.454471081    
   1.89999998      0.463457286    
   1.90999997      0.472859263    
   1.91999996      0.482707202    
   1.92999995      0.493028343    
   1.93999994      0.503858566    
   1.94999993      0.515223444    
   1.95999992      0.527151108    
   1.96999991      0.539660990    
   1.97999990      0.552762628    
   1.99000001      0.566437900    
   2.00000000      0.580631018    
   2.00999999      0.594964147    
   2.01999998      0.608479142    
   2.02999997      0.621026456    
   2.03999996      0.632676959    
   2.04999995      0.643533766    
   2.05999994      0.653696835    
   2.06999993      0.663254559    
   2.07999992      0.672283709    
   2.08999991      0.680848539    
   2.09999990      0.688998699    
   2.10999990      0.696800411    
   2.11999989      0.704272926    
   2.12999988      0.711460114    
   2.13999987      0.718389690    
   2.14999986      0.725088596    
   2.15999985      0.731581509    
   2.16999984      0.737884104    
   2.18000007      0.744015932    
   2.19000006      0.749992132    
   2.20000005      0.755826175    
   2.21000004      0.761530101    
   2.22000003      0.767114401    
   2.23000002      0.772589445    
   2.24000001      0.777961791    
   2.25000000      0.783241391    
   2.25999999      0.788434148    
   2.26999998      0.793547451    
   2.27999997      0.798584819    
   2.28999996      0.803553760    
   2.29999995      0.808457792    
   2.30999994      0.813301146    
   2.31999993      0.818087161    
   2.32999992      0.822821498    
   2.33999991      0.827505052    
   2.34999990      0.832142532    
   2.35999990      0.836735964    
   2.36999989      0.841288209    
   2.37999988      0.845801771    
   2.38999987      0.850277841    
   2.39999986      0.854719937    
   2.40999985      0.859128773    
   2.41999984      0.863506734    
   2.42999983      0.867855012    
   2.44000006      0.872175455    
   2.45000005      0.876468897    
   2.46000004      0.880737901    
   2.47000003      0.884982824    
   2.48000002      0.889204919    
   2.49000001      0.893404722    
   2.50000000      0.897584915    
   2.50999999      0.901744425    
   2.51999998      0.905883789    
   2.52999997      0.910007179    
   2.53999996      0.914112508    
   2.54999995      0.918202281    
   2.55999994      0.922274768    
   2.56999993      0.926332235    
   2.57999992      0.930375516    
   2.58999991      0.934404612    
   2.59999990      0.938420057    
   2.60999990      0.942423224    
   2.61999989      0.946414173    
   2.62999988      0.950392723    
   2.63999987      0.954360306    
   2.64999986      0.958316028    
   2.65999985      0.962261081    
   2.66999984      0.966196835    
   2.67999983      0.970121622    
   2.69000006      0.974037528    
   2.70000005      0.977943480    
   2.71000004      0.981840849    
   2.72000003      0.985729456    
   2.73000002      0.989610493    
   2.74000001      0.993482947    
   2.75000000      0.997347355    
   2.75999999       1.00120449    
   2.76999998       1.00505435    
   2.77999997       1.00889695    
   2.78999996       1.01273263    
   2.79999995       1.01656187    
   2.80999994       1.02038467    
   2.81999993       1.02420068    
   2.82999992       1.02801085    
   2.83999991       1.03181469    
   2.84999990       1.03561354    
   2.85999990       1.03940547    
   2.86999989       1.04319394    
   2.87999988       1.04697597    
   2.88999987       1.05075300    
   2.89999986       1.05452514    
   2.90999985       1.05829144    
   2.91999984       1.06205451    
   2.92999983       1.06581187    
   2.93999982       1.06956530    
   2.95000005       1.07331300    
   2.96000004       1.07705760    
   2.97000003       1.08079720    
   2.98000002       1.08453524    
   2.99000001       1.08826745    
   3.00000000       1.09199488    
   3.00999999       1.09571981    
   3.01999998       1.09944046    
   3.02999997       1.10315657    
   3.03999996       1.10687017    
   3.04999995       1.11058021    
   3.05999994       1.11428785    
   3.06999993       1.11799097    
   3.07999992       1.12168932    
   3.08999991       1.12538743    
   3.09999990       1.12908077    
   3.10999990       1.13277197    
   3.11999989       1.13645911    
   3.12999988       1.14014482    
   3.13999987       1.14382708    
   3.14999986       1.14750576    
   3.15999985       1.15118170    
   3.16999984       1.15485537    
   3.17999983       1.15852678    
   3.18999982       1.16219461    
   3.19999981       1.16586125    
   3.21000004       1.16952467    
   3.22000003       1.17318499    
   3.23000002       1.17684257    
   3.24000001       1.18050027    
   3.25000000       1.18415213    
   3.25999999       1.18780422    
   3.26999998       1.19145405    
   3.27999997       1.19510245    
   3.28999996       1.19874620    
   3.29999995       1.20238876    
   3.30999994       1.20602870    
   3.31999993       1.20966697    
   3.32999992       1.21330345    
   3.33999991       1.21693850    
   3.34999990       1.22057164    
   3.35999990       1.22420216    
   3.36999989       1.22783053    
   3.37999988       1.23145831    
   3.38999987       1.23508310    
   3.39999986       1.23870587    
   3.40999985       1.24232781    
   3.41999984       1.24594784    
   3.42999983       1.24956536    
   3.43999982       1.25318241    
   3.44999981       1.25679624    
   3.46000004       1.26040936    
   3.47000003       1.26402116    
   3.48000002       1.26763034    
   3.49000001       1.27123892    
   3.50000000       1.27484608    
   3.50999999       1.27845144    
   3.51999998       1.28205502    
   3.52999997       1.28565729    
   3.53999996       1.28925788    
   3.54999995       1.29285705    
   3.55999994       1.29645407    
   3.56999993       1.30005085    
   3.57999992       1.30364585    
   3.58999991       1.30723846    
   3.59999990       1.31083167    
   3.60999990       1.31442261    
   3.61999989       1.31801236    
   3.62999988       1.32160008    
   3.63999987       1.32518744    
   3.64999986       1.32877266    
   3.65999985       1.33235824    
   3.66999984       1.33594143    
   3.67999983       1.33952296    
   3.68999982       1.34310424    
   3.69999981       1.34668386    
   3.70999980       1.35026145    
   3.72000003       1.35383916    
   3.73000002       1.35741663    
   3.74000001       1.36099041    
   3.75000000       1.36456537    
   3.75999999       1.36813831    
   3.76999998       1.37170863    
   3.77999997       1.37528086    
   3.78999996       1.37884986    
   3.79999995       1.38241827    
   3.80999994       1.38598514    
   3.81999993       1.38955176    
   3.82999992       1.39311850    
   3.83999991       1.39668262    
   3.84999990       1.40024555    
   3.85999990       1.40380907    
   3.86999989       1.40736949    
   3.87999988       1.41092956    
   3.88999987       1.41448975    
   3.89999986       1.41804779    
   3.90999985       1.42160594    
   3.91999984       1.42516243    
   3.92999983       1.42871869    
   3.93999982       1.43227184    
   3.94999981       1.43582737    
   3.95999980       1.43938029    
   3.97000003       1.44293249    
   3.98000002       1.44648397    
   3.99000001       1.45003462    
   4.00000000       1.45358562    
   4.00999975       1.45713162    
   4.01999998       1.46068013    
   4.02999973       1.46422732    
   4.03999996       1.46777415    
   4.04999971       1.47132015    
   4.05999994       1.47486329    
   4.06999969       1.47840643    
   4.07999992       1.48195124    
   4.08999968       1.48549402    
   4.09999990       1.48903430    
   4.11000013       1.49257469    
   4.11999989       1.49611402    
   4.13000011       1.49965441    
   4.13999987       1.50319290    
   4.15000010       1.50672972    
   4.15999985       1.51026857    
   4.17000008       1.51380396    
   4.17999983       1.51734066    
   4.19000006       1.52087498    
   4.19999981       1.52440894    
   4.21000004       1.52794218    
   4.21999979       1.53147435    
   4.23000002       1.53500772    
   4.23999977       1.53853881    
   4.25000000       1.54206908    
   4.25999975       1.54559970    
   4.26999998       1.54912758    
   4.27999973       1.55265820    
   4.28999996       1.55618513    
   4.29999971       1.55971313    
   4.30999994       1.56323957    
   4.31999969       1.56676626    
   4.32999992       1.57029200    
   4.33999968       1.57381701    
   4.34999990       1.57734096    
   4.36000013       1.58086431    
   4.36999989       1.58439350    
   4.38000011       1.58790898    
   4.38999987       1.59143245    
   4.40000010       1.59495294    
   4.40999985       1.59847355    
   4.42000008       1.60199463    
   4.42999983       1.60551286    
   4.44000006       1.60903168    
   4.44999981       1.61254954    
   4.46000004       1.61606753    
   4.46999979       1.61958444    
   4.48000002       1.62310159    
   4.48999977       1.62661803    
   4.50000000       1.63013339    
   4.50999975       1.63364875    
   4.51999998       1.63716340    
   4.52999973       1.64067638    
   4.53999996       1.64419031    
   4.54999971       1.64770353    
   4.55999994       1.65121484    
   4.56999969       1.65472674    
   4.57999992       1.65823901    
   4.58999968       1.66174901    
   4.59999990       1.66525924    
   4.61000013       1.66876912    
   4.61999989       1.67227829    
   4.63000011       1.67578781    
   4.63999987       1.67929578    
   4.65000010       1.68280363    
   4.65999985       1.68630981    
   4.67000008       1.68981838    
   4.67999983       1.69332385    
   4.69000006       1.69682968    
   4.69999981       1.70033467    
   4.71000004       1.70384037    
   4.71999979       1.70734358    
   4.73000002       1.71084821    
   4.73999977       1.71435130    
   4.75000000       1.71785390    
   4.75999975       1.72135663    
   4.76999998       1.72485924    
   4.77999973       1.72836053    
   4.78999996       1.73186100    
   4.79999971       1.73536170    
   4.80999994       1.73886156    
   4.81999969       1.74236166    
   4.82999992       1.74586213    
   4.83999968       1.74936092    
   4.84999990       1.75285971    
   4.85999966       1.75635791    
   4.86999989       1.75985539    
   4.88000011       1.76335216    
   4.88999987       1.76685035    
   4.90000010       1.77034569    
   4.90999985       1.77384269    
   4.92000008       1.77733743    
   4.92999983       1.78083324    
   4.94000006       1.78432798    
   4.94999981       1.78782141    
   4.96000004       1.79131627    
   4.96999979       1.79481030    
   4.98000002       1.79830241    
   4.98999977       1.80179679    
   5.00000000       1.80528855    
   5.00999975       1.80878043    
   5.01999998       1.81227207    
   5.02999973       1.81576335    
   5.03999996       1.81925452    
   5.04999971       1.82274485    
   5.05999994       1.82623732    
   5.06999969       1.82972348    
   5.07999992       1.83321536    
   5.08999968       1.83670437    
   5.09999990       1.84019172    
   5.10999966       1.84368002    
   5.11999989       1.84716880    
   5.13000011       1.85065651    
   5.13999987       1.85414422    
   5.15000010       1.85763144    
   5.15999985       1.86111689    
   5.17000008       1.86460447    
   5.17999983       1.86809063    
   5.19000006       1.87157452    
   5.19999981       1.87506056    
   5.21000004       1.87854517    
   5.21999979       1.88203049    
   5.23000002       1.88551331    
   5.23999977       1.88899791    
   5.25000000       1.89248097    
   5.25999975       1.89596415    
   5.26999998       1.89944851    
   5.27999973       1.90292954    
   5.28999996       1.90641272    
   5.29999971       1.90989375    
   5.30999994       1.91337550    
   5.31999969       1.91685677    
   5.32999992       1.92033744    
   5.33999968       1.92381728    
   5.34999990       1.92729867    
   5.35999966       1.93077922    
   5.36999989       1.93425786    
   5.38000011       1.93773818    
   5.38999987       1.94121599    
   5.40000010       1.94469464    
   5.40999985       1.94817293    
   5.42000008       1.95165145    
   5.42999983       1.95512927    
   5.44000006       1.95860648    
   5.44999981       1.96207833    
   5.46000004       1.96556115    
   5.46999979       1.96903777    
   5.48000002       1.97251463    
   5.48999977       1.97599077    
   5.50000000       1.97946644    
   5.50999975       1.98294270    
