   9.99999978E-03  -2.89148011E-06
   1.99999996E-02  -5.67671486E-06
   2.99999993E-02  -8.32840487E-06
   3.99999991E-02  -1.09677512E-05
   4.99999970E-02  -1.37743300E-05
   5.99999987E-02  -1.64741341E-05
   7.00000003E-02  -1.92988300E-05
   7.99999982E-02  -2.19048361E-05
   8.99999961E-02  -2.46844065E-05
   9.99999940E-02  -2.73456717E-05
  0.109999999      -3.01890923E-05
  0.119999997      -3.16989026E-05
  0.129999995      -3.55788288E-05
  0.140000001      -3.83906627E-05
  0.149999991      -4.03144004E-05
  0.159999996      -4.38903116E-05
  0.170000002      -4.64780314E-05
  0.179999992      -4.90983002E-05
  0.189999998      -5.17391964E-05
  0.199999988      -5.39319408E-05
  0.209999993      -5.56212181E-05
  0.219999999      -5.65722003E-05
  0.229999989      -5.76061793E-05
  0.239999995      -5.53382451E-05
  0.250000000      -5.28572236E-05
  0.259999990      -4.88208243E-05
  0.269999981      -3.96962423E-05
  0.280000001      -6.22440893E-06
  0.289999992       2.36441156E-06
  0.299999982       1.91451309E-05
  0.310000002       5.78790568E-05
  0.319999993       1.39820098E-04
  0.329999983       3.03227454E-04
  0.340000004       2.87013390E-04
  0.349999994       3.35646560E-04
  0.359999985       4.21048724E-04
  0.370000005       5.61637222E-04
  0.379999995       8.06819589E-04
  0.389999986       1.29546889E-03
  0.399999976       1.71332015E-03
  0.409999996       1.66498066E-03
  0.419999987       1.77367614E-03
  0.429999977       1.94970949E-03
  0.439999998       2.19756295E-03
  0.449999988       2.53873598E-03
  0.459999979       3.01917782E-03
  0.469999999       3.73143074E-03
  0.479999989       4.87934006E-03
  0.489999980       6.96953852E-03
  0.500000000       8.81875493E-03
  0.509999990       8.27945769E-03
  0.519999981       8.34984705E-03
  0.529999971       8.59223120E-03
  0.539999962       8.94721597E-03
  0.550000012       9.40232817E-03
  0.560000002       9.95885395E-03
  0.569999993       1.06304325E-02
  0.579999983       1.14394873E-02
  0.589999974       1.24201030E-02
  0.599999964       1.36255380E-02
  0.610000014       1.51359448E-02
  0.620000005       1.70897506E-02
  0.629999995       1.97149459E-02
  0.639999986       2.34571844E-02
  0.649999976       2.92560142E-02
  0.659999967       3.89684252E-02
  0.669999957       4.20511141E-02
  0.680000007       4.07290086E-02
  0.689999998       4.04327698E-02
  0.699999988       4.05401699E-02
  0.709999979       4.08842675E-02
  0.719999969       4.13949974E-02
  0.729999959       4.20376733E-02
  0.740000010       4.27932292E-02
  0.750000000       4.36530411E-02
  0.759999990       4.46113832E-02
  0.769999981       4.56679612E-02
  0.779999971       4.68258299E-02
  0.789999962       4.80862558E-02
  0.799999952       4.94585820E-02
  0.810000002       5.09506725E-02
  0.819999993       5.25733158E-02
  0.829999983       5.43409400E-02
  0.839999974       5.62659055E-02
  0.849999964       5.83811328E-02
  0.859999955       6.07005954E-02
  0.870000005       6.32600933E-02
  0.879999995       6.60995096E-02
  0.889999986       6.92693591E-02
  0.899999976       7.28346482E-02
  0.909999967       7.68820569E-02
  0.919999957       8.15241635E-02
  0.930000007       8.69176164E-02
  0.939999998       9.32831317E-02
  0.949999988      0.100941725    
  0.959999979      0.110379785    
  0.969999969      0.122366674    
  0.979999959      0.138145357    
  0.989999950      0.159473941    
   1.00000000      0.182767972    
   1.00999999      0.187077954    
   1.01999998      0.188641489    
   1.02999997      0.189762771    
   1.03999996      0.190792874    
   1.04999995      0.191833422    
   1.05999994      0.192917585    
   1.06999993      0.194056749    
   1.07999992      0.195254549    
   1.09000003      0.196508542    
   1.10000002      0.197817519    
   1.11000001      0.199178398    
   1.12000000      0.200589016    
   1.13000000      0.202046484    
   1.13999999      0.203548610    
   1.14999998      0.205094159    
   1.15999997      0.206680924    
   1.16999996      0.208307683    
   1.17999995      0.209972739    
   1.18999994      0.211675704    
   1.19999993      0.213415459    
   1.20999992      0.215191931    
   1.22000003      0.217003763    
   1.23000002      0.218850523    
   1.24000001      0.220733866    
   1.25000000      0.222651586    
   1.25999999      0.224603102    
   1.26999998      0.226591662    
   1.27999997      0.228614226    
   1.28999996      0.230672181    
   1.29999995      0.232765958    
   1.30999994      0.234895512    
   1.31999993      0.237061545    
   1.32999992      0.239264697    
   1.33999991      0.241504282    
   1.35000002      0.243783891    
   1.36000001      0.246101439    
   1.37000000      0.248458669    
   1.38000000      0.250856370    
   1.38999999      0.253294975    
   1.39999998      0.255776405    
   1.40999997      0.258301079    
   1.41999996      0.260870844    
   1.42999995      0.263484359    
   1.43999994      0.266145825    
   1.44999993      0.268855125    
   1.45999992      0.271614343    
   1.46999991      0.274424434    
   1.48000002      0.277286619    
   1.49000001      0.280203223    
   1.50000000      0.283176064    
   1.50999999      0.286206335    
   1.51999998      0.289296687    
   1.52999997      0.292449713    
   1.53999996      0.295663953    
   1.54999995      0.298946053    
   1.55999994      0.302296579    
   1.56999993      0.305718422    
   1.57999992      0.309213668    
   1.58999991      0.312786728    
   1.59999990      0.316438973    
   1.61000001      0.320174605    
   1.62000000      0.323996603    
   1.63000000      0.327908695    
   1.63999999      0.331914812    
   1.64999998      0.336019695    
   1.65999997      0.340226471    
   1.66999996      0.344540268    
   1.67999995      0.348965913    
   1.68999994      0.353509396    
   1.69999993      0.358175844    
   1.70999992      0.362971514    
   1.71999991      0.367902517    
   1.73000002      0.372976214    
   1.74000001      0.378199220    
   1.75000000      0.383580983    
   1.75999999      0.389127910    
   1.76999998      0.394850373    
   1.77999997      0.400758862    
   1.78999996      0.406863004    
   1.79999995      0.413175046    
   1.80999994      0.419706255    
   1.81999993      0.426470816    
   1.82999992      0.433483064    
   1.83999991      0.440758049    
   1.84999990      0.448313534    
   1.86000001      0.456166774    
   1.87000000      0.464337051    
   1.88000000      0.472846299    
   1.88999999      0.481716514    
   1.89999998      0.490971178    
   1.90999997      0.500636876    
   1.91999996      0.510738492    
   1.92999995      0.521305442    
   1.93999994      0.532363415    
   1.94999993      0.543936908    
   1.95999992      0.556050003    
   1.96999991      0.568716288    
   1.97999990      0.581938207    
   1.99000001      0.595691741    
   2.00000000      0.609915316    
   2.00999999      0.624226630    
   2.01999998      0.637721241    
   2.02999997      0.650267541    
   2.03999996      0.661938608    
   2.04999995      0.672833323    
   2.05999994      0.683048666    
   2.06999993      0.692671537    
   2.07999992      0.701775372    
   2.08999991      0.710422039    
   2.09999990      0.718666792    
   2.10999990      0.726555347    
   2.11999989      0.734126091    
   2.12999988      0.741414011    
   2.13999987      0.748446584    
   2.14999986      0.755251706    
   2.15999985      0.761850417    
   2.16999984      0.768261433    
   2.18000007      0.774503291    
   2.19000006      0.780589879    
   2.20000005      0.786534905    
   2.21000004      0.792349577    
   2.22000003      0.798046231    
   2.23000002      0.803632975    
   2.24000001      0.809118152    
   2.25000000      0.814509451    
   2.25999999      0.819815636    
   2.26999998      0.825041175    
   2.27999997      0.830190897    
   2.28999996      0.835271180    
   2.29999995      0.840287626    
   2.30999994      0.845243394    
   2.31999993      0.850142002    
   2.32999992      0.854987204    
   2.33999991      0.859782815    
   2.34999990      0.864531696    
   2.35999990      0.869236052    
   2.36999989      0.873899519    
   2.37999988      0.878523409    
   2.38999987      0.883110404    
   2.39999986      0.887663305    
   2.40999985      0.892182291    
   2.41999984      0.896670878    
   2.42999983      0.901129246    
   2.44000006      0.905558944    
   2.45000005      0.909963250    
   2.46000004      0.914340675    
   2.47000003      0.918695033    
   2.48000002      0.923026562    
   2.49000001      0.927335441    
   2.50000000      0.931624174    
   2.50999999      0.935892105    
   2.51999998      0.940140903    
   2.52999997      0.944371879    
   2.53999996      0.948585510    
   2.54999995      0.952783048    
   2.55999994      0.956964016    
   2.56999993      0.961129367    
   2.57999992      0.965280890    
   2.58999991      0.969417274    
   2.59999990      0.973540068    
   2.60999990      0.977650762    
   2.61999989      0.981748462    
   2.62999988      0.985832691    
   2.63999987      0.989908576    
   2.64999986      0.993971527    
   2.65999985      0.998024166    
   2.66999984       1.00206614    
   2.67999983       1.00609732    
   2.69000006       1.01011908    
   2.70000005       1.01413238    
   2.71000004       1.01813638    
   2.72000003       1.02213132    
   2.73000002       1.02611792    
   2.74000001       1.03009737    
   2.75000000       1.03406692    
   2.75999999       1.03802931    
   2.76999998       1.04198575    
   2.77999997       1.04593301    
   2.78999996       1.04987502    
   2.79999995       1.05380988    
   2.80999994       1.05773771    
   2.81999993       1.06165993    
   2.82999992       1.06557512    
   2.83999991       1.06948435    
   2.84999990       1.07338798    
   2.85999990       1.07728624    
   2.86999989       1.08117914    
   2.87999988       1.08506691    
   2.88999987       1.08894897    
   2.89999986       1.09282613    
   2.90999985       1.09669769    
   2.91999984       1.10056484    
   2.92999983       1.10442686    
   2.93999982       1.10828412    
   2.95000005       1.11213779    
   2.96000004       1.11598742    
   2.97000003       1.11983287    
   2.98000002       1.12367296    
   2.99000001       1.12750995    
   3.00000000       1.13134265    
   3.00999999       1.13517094    
   3.01999998       1.13899660    
   3.02999997       1.14281750    
   3.03999996       1.14663470    
   3.04999995       1.15045035    
   3.05999994       1.15426028    
   3.06999993       1.15806842    
   3.07999992       1.16187286    
   3.08999991       1.16567278    
   3.09999990       1.16947091    
   3.10999990       1.17326629    
   3.11999989       1.17705774    
   3.12999988       1.18084562    
   3.13999987       1.18463290    
   3.14999986       1.18841481    
   3.15999985       1.19219422    
   3.16999984       1.19597304    
   3.17999983       1.19974756    
   3.18999982       1.20351899    
   3.19999981       1.20728946    
   3.21000004       1.21105599    
   3.22000003       1.21482074    
   3.23000002       1.21858215    
   3.24000001       1.22234225    
   3.25000000       1.22609997    
   3.25999999       1.22985506    
   3.26999998       1.23360765    
   3.27999997       1.23735857    
   3.28999996       1.24110711    
   3.29999995       1.24485207    
   3.30999994       1.24859643    
   3.31999993       1.25233793    
   3.32999992       1.25607800    
   3.33999991       1.25981557    
   3.34999990       1.26355278    
   3.35999990       1.26728570    
   3.36999989       1.27101696    
   3.37999988       1.27474701    
   3.38999987       1.27847719    
   3.39999986       1.28220415    
   3.40999985       1.28592789    
   3.41999984       1.28965163    
   3.42999983       1.29337132    
   3.43999982       1.29709125    
   3.44999981       1.30080914    
   3.46000004       1.30452573    
   3.47000003       1.30823863    
   3.48000002       1.31195307    
   3.49000001       1.31566286    
   3.50000000       1.31937420    
   3.50999999       1.32308114    
   3.51999998       1.32678771    
   3.52999997       1.33049345    
   3.53999996       1.33419669    
   3.54999995       1.33790100    
   3.55999994       1.34160078    
   3.56999993       1.34529889    
   3.57999992       1.34899735    
   3.58999991       1.35269284    
   3.59999990       1.35638833    
   3.60999990       1.36008120    
   3.61999989       1.36377430    
   3.62999988       1.36746573    
   3.63999987       1.37115526    
   3.64999986       1.37484443    
   3.65999985       1.37853038    
   3.66999984       1.38221836    
   3.67999983       1.38590240    
   3.68999982       1.38958526    
   3.69999981       1.39326656    
   3.70999980       1.39694750    
   3.72000003       1.40062869    
   3.73000002       1.40430760    
   3.74000001       1.40798461    
   3.75000000       1.41166317    
   3.75999999       1.41533804    
   3.76999998       1.41901195    
   3.77999997       1.42268562    
   3.78999996       1.42635667    
   3.79999995       1.43002725    
   3.80999994       1.43369794    
   3.81999993       1.43736672    
   3.82999992       1.44103491    
   3.83999991       1.44470096    
   3.84999990       1.44836664    
   3.85999990       1.45203233    
   3.86999989       1.45569718    
   3.87999988       1.45935881    
   3.88999987       1.46302152    
   3.89999986       1.46668255    
   3.90999985       1.47034132    
   3.91999984       1.47400069    
   3.92999983       1.47765684    
   3.93999982       1.48131609    
   3.94999981       1.48497295    
   3.95999980       1.48862779    
   3.97000003       1.49228227    
   3.98000002       1.49593484    
   3.99000001       1.49958885    
   4.00000000       1.50323963    
   4.00999975       1.50689137    
   4.01999998       1.51054239    
   4.02999973       1.51419115    
   4.03999996       1.51783931    
   4.04999971       1.52148747    
   4.05999994       1.52513492    
   4.06999969       1.52877975    
   4.07999992       1.53242457    
   4.08999968       1.53606987    
   4.09999990       1.53971386    
   4.11000013       1.54335761    
   4.11999989       1.54699898    
   4.13000011       1.55064046    
   4.13999987       1.55428088    
   4.15000010       1.55792117    
   4.15999985       1.56156075    
   4.17000008       1.56519830    
   4.17999983       1.56883550    
   4.19000006       1.57247257    
   4.19999981       1.57610917    
   4.21000004       1.57974505    
   4.21999979       1.58337915    
   4.23000002       1.58701336    
   4.23999977       1.59064662    
   4.25000000       1.59427845    
   4.25999975       1.59791207    
   4.26999998       1.60152698    
   4.27999973       1.60517371    
   4.28999996       1.60880435    
   4.29999971       1.61243260    
   4.30999994       1.61606121    
   4.31999969       1.61968935    
   4.32999992       1.62331688    
   4.33999968       1.62694347    
   4.34999990       1.63056993    
   4.36000013       1.63419580    
   4.36999989       1.63782108    
   4.38000011       1.64144599    
   4.38999987       1.64506900    
   4.40000010       1.64869070    
   4.40999985       1.65231383    
   4.42000008       1.65593588    
   4.42999983       1.65955698    
   4.44000006       1.66317892    
   4.44999981       1.66679788    
   4.46000004       1.67041874    
   4.46999979       1.67403793    
   4.48000002       1.67765498    
   4.48999977       1.68127275    
   4.50000000       1.68489110    
   4.50999975       1.68850672    
   4.51999998       1.69212258    
   4.52999973       1.69573927    
   4.53999996       1.69935524    
   4.54999971       1.70296967    
   4.55999994       1.70658362    
   4.56999969       1.71019709    
   4.57999992       1.71380949    
   4.58999968       1.71742189    
   4.59999990       1.72103369    
   4.61000013       1.72464561    
   4.61999989       1.72825694    
   4.63000011       1.73186684    
   4.63999987       1.73547602    
   4.65000010       1.73908639    
   4.65999985       1.74269485    
   4.67000008       1.74630439    
   4.67999983       1.74991214    
   4.69000006       1.75351918    
   4.69999981       1.75712478    
   4.71000004       1.76073217    
   4.71999979       1.76433885    
   4.73000002       1.76794410    
   4.73999977       1.77154982    
   4.75000000       1.77515388    
   4.75999975       1.77875805    
   4.76999998       1.78236163    
   4.77999973       1.78596437    
   4.78999996       1.78956711    
   4.79999971       1.79316962    
   4.80999994       1.79677200    
   4.81999969       1.80037355    
   4.82999992       1.80397356    
   4.83999968       1.80757535    
   4.84999990       1.81117439    
   4.85999966       1.81477439    
   4.86999989       1.81837404    
   4.88000011       1.82197261    
   4.88999987       1.82557154    
   4.90000010       1.82916903    
   4.90999985       1.83276701    
   4.92000008       1.83636415    
   4.92999983       1.83996046    
   4.94000006       1.84355652    
   4.94999981       1.84715211    
   4.96000004       1.85074806    
   4.96999979       1.85434330    
   4.98000002       1.85793781    
   4.98999977       1.86153197    
   5.00000000       1.86512673    
   5.00999975       1.86871982    
   5.01999998       1.87231159    
   5.02999973       1.87590575    
   5.03999996       1.87949920    
   5.04999971       1.88309085    
   5.05999994       1.88668191    
   5.06999969       1.89027083    
   5.07999992       1.89386380    
   5.08999968       1.89745522    
   5.09999990       1.90104425    
   5.10999966       1.90463483    
   5.11999989       1.90822434    
   5.13000011       1.91181278    
   5.13999987       1.91540194    
   5.15000010       1.91898894    
   5.15999985       1.92257774    
   5.17000008       1.92616594    
   5.17999983       1.92975295    
   5.19000006       1.93333972    
   5.19999981       1.93692625    
   5.21000004       1.94051182    
   5.21999979       1.94409823    
   5.23000002       1.94768333    
   5.23999977       1.95126832    
   5.25000000       1.95485401    
   5.25999975       1.95843792    
   5.26999998       1.96202290    
   5.27999973       1.96560657    
   5.28999996       1.96918964    
   5.29999971       1.97277355    
   5.30999994       1.97635639    
   5.31999969       1.97993755    
   5.32999992       1.98352063    
   5.33999968       1.98710155    
   5.34999990       1.99068344    
   5.35999966       1.99426448    
   5.36999989       1.99784601    
   5.38000011       2.00142598    
   5.38999987       2.00500703    
   5.40000010       2.00858593    
   5.40999985       2.01216745    
   5.42000008       2.01574540    
   5.42999983       2.01932335    
   5.44000006       2.02290273    
   5.44999981       2.02647638    
   5.46000004       2.03006029    
   5.46999979       2.03363824    
   5.48000002       2.03721523    
   5.48999977       2.04079247    
   5.50000000       2.04437041    
   5.50999975       2.04794621    
