   9.99999978E-03  -3.18923594E-06
   1.99999996E-02  -6.67261884E-06
   2.99999993E-02  -1.00437401E-05
   3.99999991E-02  -1.32140021E-05
   4.99999970E-02  -1.66034642E-05
   5.99999987E-02  -1.99637034E-05
   7.00000003E-02  -2.29248835E-05
   7.99999982E-02  -2.65464842E-05
   8.99999961E-02  -2.98295927E-05
   9.99999940E-02  -3.30938456E-05
  0.109999999      -3.65293163E-05
  0.119999997      -3.96584983E-05
  0.129999995      -4.30219261E-05
  0.140000001      -4.62712851E-05
  0.149999991      -4.97515830E-05
  0.159999996      -5.29914032E-05
  0.170000002      -5.60591143E-05
  0.179999992      -5.90172058E-05
  0.189999998      -6.11196301E-05
  0.199999988      -6.35986580E-05
  0.209999993      -6.41575607E-05
  0.219999999      -6.21612853E-05
  0.229999989      -6.06475660E-05
  0.239999995      -4.95368695E-05
  0.250000000      -3.93367882E-05
  0.259999990      -2.71040190E-05
  0.269999981       6.73109571E-06
  0.280000001       8.22948496E-05
  0.289999992       9.25653294E-05
  0.299999982       1.37457318E-04
  0.310000002       2.24686271E-04
  0.319999993       4.05191793E-04
  0.329999983       6.88069733E-04
  0.340000004       6.62247359E-04
  0.349999994       7.66200072E-04
  0.359999985       9.42686165E-04
  0.370000005       1.22734392E-03
  0.379999995       1.70981756E-03
  0.389999986       2.58975709E-03
  0.399999976       3.11553152E-03
  0.409999996       3.07041383E-03
  0.419999987       3.27144540E-03
  0.429999977       3.59154935E-03
  0.439999998       4.03640606E-03
  0.449999988       4.64446424E-03
  0.459999979       5.49229700E-03
  0.469999999       6.72903331E-03
  0.479999989       8.66118260E-03
  0.489999980       1.18911127E-02
  0.500000000       1.39663974E-02
  0.509999990       1.32768573E-02
  0.519999981       1.34120965E-02
  0.529999971       1.38027454E-02
  0.539999962       1.43663418E-02
  0.550000012       1.50537994E-02
  0.560000002       1.59595180E-02
  0.569999993       1.70127805E-02
  0.579999983       1.82776954E-02
  0.589999974       1.98054481E-02
  0.599999964       2.16741208E-02
  0.610000014       2.40023658E-02
  0.620000005       2.69796662E-02
  0.629999995       3.09244674E-02
  0.639999986       3.64110284E-02
  0.649999976       4.45194319E-02
  0.659999967       5.66144772E-02
  0.669999957       5.92391752E-02
  0.680000007       5.76967672E-02
  0.689999998       5.73793128E-02
  0.699999988       5.75702824E-02
  0.709999979       5.80689982E-02
  0.719999969       5.87884262E-02
  0.729999959       5.96849471E-02
  0.740000010       6.07340746E-02
  0.750000000       6.19244836E-02
  0.759999990       6.32496476E-02
  0.769999981       6.47084638E-02
  0.779999971       6.63037896E-02
  0.789999962       6.80410564E-02
  0.799999952       6.99288473E-02
  0.810000002       7.19777271E-02
  0.819999993       7.40720257E-02
  0.829999983       7.66246989E-02
  0.839999974       7.92606249E-02
  0.849999964       8.21397603E-02
  0.859999955       8.52944627E-02
  0.870000005       8.87651443E-02
  0.879999995       9.26022306E-02
  0.889999986       9.68685225E-02
  0.899999976      0.101644531    
  0.909999967      0.107032962    
  0.919999957      0.113172248    
  0.930000007      0.120243192    
  0.939999998      0.128496453    
  0.949999988      0.138286367    
  0.959999979      0.150122464    
  0.969999969      0.164751604    
  0.979999959      0.183234647    
  0.989999950      0.206566900    
   1.00000000      0.229455635    
   1.00999999      0.234561265    
   1.01999998      0.236781895    
   1.02999997      0.238420159    
   1.03999996      0.239894107    
   1.04999995      0.241337419    
   1.05999994      0.242802024    
   1.06999993      0.244309545    
   1.07999992      0.245869607    
   1.09000003      0.247484177    
   1.10000002      0.249154061    
   1.11000001      0.250878036    
   1.12000000      0.252655476    
   1.13000000      0.254483640    
   1.13999999      0.256361455    
   1.14999998      0.258287400    
   1.15999997      0.260259688    
   1.16999996      0.262277603    
   1.17999995      0.264339626    
   1.18999994      0.266445398    
   1.19999993      0.268594056    
   1.20999992      0.270784467    
   1.22000003      0.273016542    
   1.23000002      0.275289714    
   1.24000001      0.277605295    
   1.25000000      0.279961020    
   1.25999999      0.282357126    
   1.26999998      0.284796029    
   1.27999997      0.287275821    
   1.28999996      0.289796621    
   1.29999995      0.292359561    
   1.30999994      0.294965029    
   1.31999993      0.297612935    
   1.32999992      0.300304711    
   1.33999991      0.303040177    
   1.35000002      0.305821091    
   1.36000001      0.308646917    
   1.37000000      0.311519563    
   1.38000000      0.314439178    
   1.38999999      0.317407310    
   1.39999998      0.320425093    
   1.40999997      0.323493510    
   1.41999996      0.326613426    
   1.42999995      0.329786599    
   1.43999994      0.333013237    
   1.44999993      0.336296171    
   1.45999992      0.339637369    
   1.46999991      0.343036801    
   1.48000002      0.346496820    
   1.49000001      0.350019306    
   1.50000000      0.353606284    
   1.50999999      0.357259691    
   1.51999998      0.360981315    
   1.52999997      0.364773661    
   1.53999996      0.368638486    
   1.54999995      0.372579217    
   1.55999994      0.376598299    
   1.56999993      0.380192488    
   1.57999992      0.384880692    
   1.58999991      0.389150470    
   1.59999990      0.393510044    
   1.61000001      0.397963077    
   1.62000000      0.402512848    
   1.63000000      0.407163084    
   1.63999999      0.411918133    
   1.64999998      0.416782230    
   1.65999997      0.421759605    
   1.66999996      0.426855266    
   1.67999995      0.432073861    
   1.68999994      0.437420875    
   1.69999993      0.442902297    
   1.70999992      0.448523521    
   1.71999991      0.454292089    
   1.73000002      0.460213542    
   1.74000001      0.466296166    
   1.75000000      0.472547680    
   1.75999999      0.478974521    
   1.76999998      0.485587090    
   1.77999997      0.492395014    
   1.78999996      0.499407470    
   1.79999995      0.506635070    
   1.80999994      0.514089525    
   1.81999993      0.521782458    
   1.82999992      0.529728472    
   1.83999991      0.537936270    
   1.84999990      0.546425521    
   1.86000001      0.555209637    
   1.87000000      0.564305842    
   1.88000000      0.573728621    
   1.88999999      0.583498538    
   1.89999998      0.593631804    
   1.90999997      0.604148209    
   1.91999996      0.615064740    
   1.92999995      0.626399696    
   1.93999994      0.638169050    
   1.94999993      0.650384486    
   1.95999992      0.663054407    
   1.96999991      0.676175117    
   1.97999990      0.689731419    
   1.99000001      0.703683674    
   2.00000000      0.717960358    
   2.00999999      0.732169092    
   2.01999998      0.745566308    
   2.02999997      0.758081496    
   2.03999996      0.769788921    
   2.04999995      0.780779064    
   2.05999994      0.791140139    
   2.06999993      0.800949574    
   2.07999992      0.810274184    
   2.08999991      0.819169879    
   2.09999990      0.827685475    
   2.10999990      0.835864365    
   2.11999989      0.843740821    
   2.12999988      0.851346016    
   2.13999987      0.858709514    
   2.14999986      0.865851581    
   2.15999985      0.872794926    
   2.16999984      0.879557192    
   2.18000007      0.886154473    
   2.19000006      0.892601371    
   2.20000005      0.898909867    
   2.21000004      0.905091584    
   2.22000003      0.911155820    
   2.23000002      0.917113423    
   2.24000001      0.922970653    
   2.25000000      0.928735614    
   2.25999999      0.934415638    
   2.26999998      0.940015316    
   2.27999997      0.945541084    
   2.28999996      0.950997829    
   2.29999995      0.956389904    
   2.30999994      0.961722016    
   2.31999993      0.966997504    
   2.32999992      0.972219467    
   2.33999991      0.977392137    
   2.34999990      0.982517600    
   2.35999990      0.987598121    
   2.36999989      0.992637575    
   2.37999988      0.997638166    
   2.38999987       1.00260091    
   2.39999986       1.00752914    
   2.40999985       1.01242292    
   2.41999984       1.01728737    
   2.42999983       1.02212012    
   2.44000006       1.02692425    
   2.45000005       1.03170311    
   2.46000004       1.03645444    
   2.47000003       1.04118240    
   2.48000002       1.04588580    
   2.49000001       1.05056846    
   2.50000000       1.05522943    
   2.50999999       1.05987108    
   2.51999998       1.06449211    
   2.52999997       1.06909430    
   2.53999996       1.07367909    
   2.54999995       1.07824802    
   2.55999994       1.08279955    
   2.56999993       1.08733582    
   2.57999992       1.09185624    
   2.58999991       1.09636295    
   2.59999990       1.10085607    
   2.60999990       1.10533607    
   2.61999989       1.10980272    
   2.62999988       1.11425734    
   2.63999987       1.11869955    
   2.64999986       1.12313044    
   2.65999985       1.12755156    
   2.66999984       1.13196123    
   2.67999983       1.13636172    
   2.69000006       1.14075148    
   2.70000005       1.14513195    
   2.71000004       1.14950168    
   2.72000003       1.15386438    
   2.73000002       1.15821695    
   2.74000001       1.16256273    
   2.75000000       1.16689813    
   2.75999999       1.17122710    
   2.76999998       1.17555010    
   2.77999997       1.17986274    
   2.78999996       1.18416953    
   2.79999995       1.18847036    
   2.80999994       1.19276309    
   2.81999993       1.19705033    
   2.82999992       1.20132983    
   2.83999991       1.20560479    
   2.84999990       1.20987308    
   2.85999990       1.21413577    
   2.86999989       1.21839094    
   2.87999988       1.22264254    
   2.88999987       1.22688890    
   2.89999986       1.23112893    
   2.90999985       1.23536551    
   2.91999984       1.23959684    
   2.92999983       1.24382305    
   2.93999982       1.24804354    
   2.95000005       1.25226009    
   2.96000004       1.25647163    
   2.97000003       1.26068032    
   2.98000002       1.26488221    
   2.99000001       1.26908147    
   3.00000000       1.27327728    
   3.00999999       1.27746892    
   3.01999998       1.28165603    
   3.02999997       1.28584075    
   3.03999996       1.29001927    
   3.04999995       1.29419625    
   3.05999994       1.29836917    
   3.06999993       1.30253673    
   3.07999992       1.30670226    
   3.08999991       1.31086588    
   3.09999990       1.31502450    
   3.10999990       1.31918156    
   3.11999989       1.32333338    
   3.12999988       1.32748413    
   3.13999987       1.33163142    
   3.14999986       1.33577573    
   3.15999985       1.33991635    
   3.16999984       1.34405541    
   3.17999983       1.34819102    
   3.18999982       1.35232329    
   3.19999981       1.35645354    
   3.21000004       1.36058164    
   3.22000003       1.36470675    
   3.23000002       1.36882758    
   3.24000001       1.37294900    
   3.25000000       1.37706578    
   3.25999999       1.38118255    
   3.26999998       1.38529384    
   3.27999997       1.38940442    
   3.28999996       1.39351416    
   3.29999995       1.39761865    
   3.30999994       1.40172255    
   3.31999993       1.40582502    
   3.32999992       1.40992391    
   3.33999991       1.41402280    
   3.34999990       1.41811633    
   3.35999990       1.42221117    
   3.36999989       1.42630303    
   3.37999988       1.43039274    
   3.38999987       1.43447995    
   3.39999986       1.43856561    
   3.40999985       1.44265032    
   3.41999984       1.44673193    
   3.42999983       1.45081222    
   3.43999982       1.45489109    
   3.44999981       1.45896745    
   3.46000004       1.46304381    
   3.47000003       1.46711552    
   3.48000002       1.47118795    
   3.49000001       1.47525692    
   3.50000000       1.47932589    
   3.50999999       1.48339295    
   3.51999998       1.48745847    
   3.52999997       1.49152207    
   3.53999996       1.49558353    
   3.54999995       1.49964368    
   3.55999994       1.50370419    
   3.56999993       1.50776160    
   3.57999992       1.51181710    
   3.58999991       1.51587260    
   3.59999990       1.51992559    
   3.60999990       1.52397728    
   3.61999989       1.52802813    
   3.62999988       1.53207648    
   3.63999987       1.53612506    
   3.64999986       1.54017103    
   3.65999985       1.54421628    
   3.66999984       1.54826164    
   3.67999983       1.55230427    
   3.68999982       1.55634630    
   3.69999981       1.56038475    
   3.70999980       1.56442440    
   3.72000003       1.56846249    
   3.73000002       1.57249928    
   3.74000001       1.57653403    
   3.75000000       1.58056784    
   3.75999999       1.58460140    
   3.76999998       1.58863306    
   3.77999997       1.59266436    
   3.78999996       1.59669316    
   3.79999995       1.60072184    
   3.80999994       1.60474908    
   3.81999993       1.60877538    
   3.82999992       1.61280131    
   3.83999991       1.61682498    
   3.84999990       1.62084842    
   3.85999990       1.62487066    
   3.86999989       1.62889135    
   3.87999988       1.63291061    
   3.88999987       1.63693023    
   3.89999986       1.64094877    
   3.90999985       1.64496493    
   3.91999984       1.64898109    
   3.92999983       1.65299714    
   3.93999982       1.65700626    
   3.94999981       1.66102397    
   3.95999980       1.66503763    
   3.97000003       1.66904855    
   3.98000002       1.67305827    
   3.99000001       1.67706692    
   4.00000000       1.68107629    
   4.00999975       1.68508470    
   4.01999998       1.68909085    
   4.02999973       1.69309640    
   4.03999996       1.69710255    
   4.04999971       1.70110738    
   4.05999994       1.70510983    
   4.06999969       1.70911324    
   4.07999992       1.71311426    
   4.08999968       1.71711576    
   4.09999990       1.72111464    
   4.11000013       1.72511494    
   4.11999989       1.72911406    
   4.13000011       1.73311079    
   4.13999987       1.73710787    
   4.15000010       1.74110377    
   4.15999985       1.74509871    
   4.17000008       1.74909472    
   4.17999983       1.75308776    
   4.19000006       1.75708044    
   4.19999981       1.76107275    
   4.21000004       1.76506448    
   4.21999979       1.76905560    
   4.23000002       1.77304590    
   4.23999977       1.77703631    
   4.25000000       1.78102481    
   4.25999975       1.78501213    
   4.26999998       1.78899944    
   4.27999973       1.79298770    
   4.28999996       1.79697263    
   4.29999971       1.80095780    
   4.30999994       1.80494308    
   4.31999969       1.80892670    
   4.32999992       1.81290913    
   4.33999968       1.81689215    
   4.34999990       1.82087338    
   4.36000013       1.82485580    
   4.36999989       1.82883608    
   4.38000011       1.83281636    
   4.38999987       1.83679664    
   4.40000010       1.84077466    
   4.40999985       1.84475279    
   4.42000008       1.84872866    
   4.42999983       1.85270715    
   4.44000006       1.85668349    
   4.44999981       1.86065841    
   4.46000004       1.86463332    
   4.46999979       1.86860955    
   4.48000002       1.87258267    
   4.48999977       1.87655640    
   4.50000000       1.88052809    
   4.50999975       1.88450146    
   4.51999998       1.88847291    
   4.52999973       1.89244235    
   4.53999996       1.89641488    
   4.54999971       1.90038490    
   4.55999994       1.90435290    
   4.56999969       1.90832245    
   4.57999992       1.91229045    
   4.58999968       1.91625905    
   4.59999990       1.92022574    
   4.61000013       1.92419219    
   4.61999989       1.92815912    
   4.63000011       1.93212318    
   4.63999987       1.93608940    
   4.65000010       1.94005346    
   4.65999985       1.94401705    
   4.67000008       1.94798028    
   4.67999983       1.95194435    
   4.69000006       1.95590591    
   4.69999981       1.95986879    
   4.71000004       1.96383035    
   4.71999979       1.96779120    
   4.73000002       1.97175121    
   4.73999977       1.97571206    
   4.75000000       1.97967160    
   4.75999975       1.98362923    
   4.76999998       1.98758912    
   4.77999973       1.99154818    
   4.78999996       1.99550414    
   4.79999971       1.99946105    
   4.80999994       2.00341773    
   4.81999969       2.00737309    
   4.82999992       2.01132894    
   4.83999968       2.01528406    
   4.84999990       2.01923990    
   4.85999966       2.02319455    
   4.86999989       2.02714849    
   4.88000011       2.03110099    
   4.88999987       2.03505325    
   4.90000010       2.03900743    
   4.90999985       2.04295969    
   4.92000008       2.04691124    
   4.92999983       2.05086303    
   4.94000006       2.05481339    
   4.94999981       2.05876327    
   4.96000004       2.06271291    
   4.96999979       2.06666398    
   4.98000002       2.07061315    
   4.98999977       2.07455993    
   5.00000000       2.07850933    
   5.00999975       2.08245850    
   5.01999998       2.08640552    
   5.02999973       2.09035182    
   5.03999996       2.09430099    
   5.04999971       2.09824681    
   5.05999994       2.10219169    
   5.06999969       2.10613585    
   5.07999992       2.11008286    
   5.08999968       2.11402726    
   5.09999990       2.11797047    
   5.10999966       2.12191486    
   5.11999989       2.12585998    
   5.13000011       2.12980294    
   5.13999987       2.13374519    
   5.15000010       2.13768840    
   5.15999985       2.14162827    
   5.17000008       2.14557171    
   5.17999983       2.14951396    
   5.19000006       2.15345597    
   5.19999981       2.15739655    
   5.21000004       2.16133475    
   5.21999979       2.16527343    
   5.23000002       2.16921353    
   5.23999977       2.17315626    
   5.25000000       2.17709208    
   5.25999975       2.18103027    
   5.26999998       2.18496823    
   5.27999973       2.18890572    
   5.28999996       2.19284296    
   5.29999971       2.19678307    
   5.30999994       2.20071673    
   5.31999969       2.20465446    
   5.32999992       2.20859027    
   5.33999968       2.21252728    
   5.34999990       2.21646190    
   5.35999966       2.22039795    
   5.36999989       2.22433162    
   5.38000011       2.22826457    
   5.38999987       2.23219967    
   5.40000010       2.23613620    
   5.40999985       2.24006915    
   5.42000008       2.24400020    
   5.42999983       2.24793386    
   5.44000006       2.25186586    
   5.44999981       2.25579715    
   5.46000004       2.25972891    
   5.46999979       2.26365781    
   5.48000002       2.26759171    
   5.48999977       2.27152300    
   5.50000000       2.27545214    
   5.50999975       2.27938581    
