   9.99999978E-03  -2.08290612E-06
   1.99999996E-02  -6.91769901E-06
   2.99999993E-02  -1.01883797E-05
   3.99999991E-02  -1.35707915E-05
   4.99999970E-02  -1.70554613E-05
   5.99999987E-02  -2.05132910E-05
   7.00000003E-02  -2.36669184E-05
   7.99999982E-02  -2.72358666E-05
   8.99999961E-02  -3.06021902E-05
   9.99999940E-02  -3.39674116E-05
  0.109999999      -3.74612100E-05
  0.119999997      -4.06260697E-05
  0.129999995      -4.41466364E-05
  0.140000001      -4.74804438E-05
  0.149999991      -5.10386926E-05
  0.159999996      -5.43465467E-05
  0.170000002      -5.75416088E-05
  0.179999992      -6.04772213E-05
  0.189999998      -6.28249327E-05
  0.199999988      -6.48623682E-05
  0.209999993      -6.50398433E-05
  0.219999999      -6.23667729E-05
  0.229999989      -6.01710926E-05
  0.239999995      -4.69509614E-05
  0.250000000      -3.53877695E-05
  0.259999990      -2.09861228E-05
  0.269999981       1.78326263E-05
  0.280000001       1.01831843E-04
  0.289999992       1.12959955E-04
  0.299999982       1.63642588E-04
  0.310000002       2.64325790E-04
  0.319999993       4.63180622E-04
  0.329999983       7.62821990E-04
  0.340000004       7.38655333E-04
  0.349999994       8.53696198E-04
  0.359999985       1.04859204E-03
  0.370000005       1.36178790E-03
  0.379999995       1.89007842E-03
  0.389999986       2.84077786E-03
  0.399999976       3.37932538E-03
  0.409999996       3.33639071E-03
  0.419999987       3.55516630E-03
  0.429999977       3.90225532E-03
  0.439999998       4.38450184E-03
  0.449999988       5.04231639E-03
  0.459999979       5.95725887E-03
  0.469999999       7.28945294E-03
  0.479999989       9.36018769E-03
  0.489999980       1.27770137E-02
  0.500000000       1.48718767E-02
  0.509999990       1.41607253E-02
  0.519999981       1.43084265E-02
  0.529999971       1.47255585E-02
  0.539999962       1.53259942E-02
  0.550000012       1.60894133E-02
  0.560000002       1.70205832E-02
  0.569999993       1.81402769E-02
  0.579999983       1.94843188E-02
  0.589999974       2.11065318E-02
  0.599999964       2.30892636E-02
  0.610000014       2.55569108E-02
  0.620000005       2.87076831E-02
  0.629999995       3.28726470E-02
  0.639999986       3.86432745E-02
  0.649999976       4.71107215E-02
  0.659999967       5.95300943E-02
  0.669999957       6.20748959E-02
  0.680000007       6.05045408E-02
  0.689999998       6.01868369E-02
  0.699999988       6.03933893E-02
  0.709999979       6.09184504E-02
  0.719999969       6.16730936E-02
  0.729999959       6.26110062E-02
  0.740000010       6.37084544E-02
  0.750000000       6.49526045E-02
  0.759999990       6.63374513E-02
  0.769999981       6.78617135E-02
  0.779999971       6.95280433E-02
  0.789999962       7.13424683E-02
  0.799999952       7.33135939E-02
  0.810000002       7.54524171E-02
  0.819999993       7.77764767E-02
  0.829999983       8.03015977E-02
  0.839999974       8.30509365E-02
  0.849999964       8.60529616E-02
  0.859999955       8.93409327E-02
  0.870000005       9.29566175E-02
  0.879999995       9.69517753E-02
  0.889999986      0.101391017    
  0.899999976      0.106357105    
  0.909999967      0.111954957    
  0.919999957      0.118326098    
  0.930000007      0.125654429    
  0.939999998      0.134194121    
  0.949999988      0.144302279    
  0.959999979      0.156488076    
  0.969999969      0.171491072    
  0.979999959      0.190335348    
  0.989999950      0.213900849    
   1.00000000      0.236708045    
   1.00999999      0.241926029    
   1.01999998      0.244245872    
   1.02999997      0.245965138    
   1.03999996      0.247508988    
   1.04999995      0.249016061    
   1.05999994      0.250540912    
   1.06999993      0.252106547    
   1.07999992      0.253723681    
   1.09000003      0.255394876    
   1.10000002      0.257121205    
   1.11000001      0.258902222    
   1.12000000      0.260736346    
   1.13000000      0.262621850    
   1.13999999      0.264557660    
   1.14999998      0.266542554    
   1.15999997      0.268574297    
   1.16999996      0.270652562    
   1.17999995      0.272775441    
   1.18999994      0.274943024    
   1.19999993      0.277153909    
   1.20999992      0.279407978    
   1.22000003      0.281704336    
   1.23000002      0.284042269    
   1.24000001      0.286424160    
   1.25000000      0.288846701    
   1.25999999      0.291310310    
   1.26999998      0.293817937    
   1.27999997      0.296367049    
   1.28999996      0.298958421    
   1.29999995      0.301592320    
   1.30999994      0.304269999    
   1.31999993      0.306990921    
   1.32999992      0.309756786    
   1.33999991      0.312567472    
   1.35000002      0.315423608    
   1.36000001      0.318326473    
   1.37000000      0.321276665    
   1.38000000      0.324275792    
   1.38999999      0.327323049    
   1.39999998      0.330421925    
   1.40999997      0.333572000    
   1.41999996      0.336775064    
   1.42999995      0.340031564    
   1.43999994      0.343343735    
   1.44999993      0.346712857    
   1.45999992      0.350141078    
   1.46999991      0.353628606    
   1.48000002      0.357178152    
   1.49000001      0.360790759    
   1.50000000      0.364469856    
   1.50999999      0.368216008    
   1.51999998      0.372031689    
   1.52999997      0.375919312    
   1.53999996      0.379881114    
   1.54999995      0.383919835    
   1.55999994      0.388037324    
   1.56999993      0.392237365    
   1.57999992      0.396522164    
   1.58999991      0.400894552    
   1.59999990      0.405358940    
   1.61000001      0.409917504    
   1.62000000      0.414574206    
   1.63000000      0.419333220    
   1.63999999      0.424198210    
   1.64999998      0.429173201    
   1.65999997      0.434263557    
   1.66999996      0.439472586    
   1.67999995      0.444806665    
   1.68999994      0.450270772    
   1.69999993      0.455870211    
   1.70999992      0.461611301    
   1.71999991      0.467500478    
   1.73000002      0.473544419    
   1.74000001      0.479750365    
   1.75000000      0.486126631    
   1.75999999      0.492679179    
   1.76999998      0.499418378    
   1.77999997      0.506354034    
   1.78999996      0.513494849    
   1.79999995      0.520851910    
   1.80999994      0.528435230    
   1.81999993      0.536258638    
   1.82999992      0.544332385    
   1.83999991      0.552671373    
   1.84999990      0.561290205    
   1.86000001      0.570202112    
   1.87000000      0.579423487    
   1.88000000      0.588970840    
   1.88999999      0.598861217    
   1.89999998      0.609111667    
   1.90999997      0.619739830    
   1.91999996      0.630762935    
   1.92999995      0.642197549    
   1.93999994      0.654057503    
   1.94999993      0.666353106    
   1.95999992      0.679091156    
   1.96999991      0.692265630    
   1.97999990      0.705859482    
   1.99000001      0.719832182    
   2.00000000      0.734110117    
   2.00999999      0.748300016    
   2.01999998      0.761681318    
   2.02999997      0.774188876    
   2.03999996      0.785896897    
   2.04999995      0.796896279    
   2.05999994      0.807274580    
   2.06999993      0.817106009    
   2.07999992      0.826456726    
   2.08999991      0.835383654    
   2.09999990      0.843934119    
   2.10999990      0.852149844    
   2.11999989      0.860066056    
   2.12999988      0.867712379    
   2.13999987      0.875118375    
   2.14999986      0.882305920    
   2.15999985      0.889295697    
   2.16999984      0.896104038    
   2.18000007      0.902748942    
   2.19000006      0.909244299    
   2.20000005      0.915601671    
   2.21000004      0.921831727    
   2.22000003      0.927946985    
   2.23000002      0.933954120    
   2.24000001      0.939862549    
   2.25000000      0.945677578    
   2.25999999      0.951408684    
   2.26999998      0.957060456    
   2.27999997      0.962637484    
   2.28999996      0.968144357    
   2.29999995      0.973589838    
   2.30999994      0.978974164    
   2.31999993      0.984301805    
   2.32999992      0.989575326    
   2.33999991      0.994799554    
   2.34999990      0.999976337    
   2.35999990       1.00511026    
   2.36999989       1.01020229    
   2.37999988       1.01525390    
   2.38999987       1.02026975    
   2.39999986       1.02525043    
   2.40999985       1.03019643    
   2.41999984       1.03511250    
   2.42999983       1.03999817    
   2.44000006       1.04485619    
   2.45000005       1.04968500    
   2.46000004       1.05448949    
   2.47000003       1.05926907    
   2.48000002       1.06402588    
   2.49000001       1.06876028    
   2.50000000       1.07347298    
   2.50999999       1.07816577    
   2.51999998       1.08283877    
   2.52999997       1.08749318    
   2.53999996       1.09213138    
   2.54999995       1.09675074    
   2.55999994       1.10135520    
   2.56999993       1.10594368    
   2.57999992       1.11051667    
   2.58999991       1.11507535    
   2.59999990       1.11962080    
   2.60999990       1.12415326    
   2.61999989       1.12867022    
   2.62999988       1.13317716    
   2.63999987       1.13767266    
   2.64999986       1.14215577    
   2.65999985       1.14662695    
   2.66999984       1.15108943    
   2.67999983       1.15554047    
   2.69000006       1.15998185    
   2.70000005       1.16441309    
   2.71000004       1.16883552    
   2.72000003       1.17325020    
   2.73000002       1.17765582    
   2.74000001       1.18205225    
   2.75000000       1.18643224    
   2.75999999       1.19082177    
   2.76999998       1.19519413    
   2.77999997       1.19955921    
   2.78999996       1.20391941    
   2.79999995       1.20826995    
   2.80999994       1.21261477    
   2.81999993       1.21695328    
   2.82999992       1.22128475    
   2.83999991       1.22561085    
   2.84999990       1.22993147    
   2.85999990       1.23424506    
   2.86999989       1.23855293    
   2.87999988       1.24285519    
   2.88999987       1.24715328    
   2.89999986       1.25143969    
   2.90999985       1.25573337    
   2.91999984       1.26001453    
   2.92999983       1.26429307    
   2.93999982       1.26856518    
   2.95000005       1.27283347    
   2.96000004       1.27709663    
   2.97000003       1.28135514    
   2.98000002       1.28561008    
   2.99000001       1.28986132    
   3.00000000       1.29410779    
   3.00999999       1.29834950    
   3.01999998       1.30258858    
   3.02999997       1.30682445    
   3.03999996       1.31105494    
   3.04999995       1.31528187    
   3.05999994       1.31950653    
   3.06999993       1.32372725    
   3.07999992       1.32794464    
   3.08999991       1.33215845    
   3.09999990       1.33636928    
   3.10999990       1.34057570    
   3.11999989       1.34478056    
   3.12999988       1.34898150    
   3.13999987       1.35318196    
   3.14999986       1.35737526    
   3.15999985       1.36156750    
   3.16999984       1.36575651    
   3.17999983       1.36994374    
   3.18999982       1.37412870    
   3.19999981       1.37830949    
   3.21000004       1.38248765    
   3.22000003       1.38666391    
   3.23000002       1.39083850    
   3.24000001       1.39500988    
   3.25000000       1.39917862    
   3.25999999       1.40334499    
   3.26999998       1.40750802    
   3.27999997       1.41166914    
   3.28999996       1.41582942    
   3.29999995       1.41998708    
   3.30999994       1.42414176    
   3.31999993       1.42829573    
   3.32999992       1.43244481    
   3.33999991       1.43659365    
   3.34999990       1.44074035    
   3.35999990       1.44488573    
   3.36999989       1.44902790    
   3.37999988       1.45316863    
   3.38999987       1.45730829    
   3.39999986       1.46144485    
   3.40999985       1.46558070    
   3.41999984       1.46971285    
   3.42999983       1.47384453    
   3.43999982       1.47797394    
   3.44999981       1.48210132    
   3.46000004       1.48622799    
   3.47000003       1.49035251    
   3.48000002       1.49447489    
   3.49000001       1.49859631    
   3.50000000       1.50271571    
   3.50999999       1.50683403    
   3.51999998       1.51094937    
   3.52999997       1.51506436    
   3.53999996       1.51917708    
   3.54999995       1.52328837    
   3.55999994       1.52739906    
   3.56999993       1.53150821    
   3.57999992       1.53561521    
   3.58999991       1.53972065    
   3.59999990       1.54382586    
   3.60999990       1.54792821    
   3.61999989       1.55202949    
   3.62999988       1.55612922    
   3.63999987       1.56022906    
   3.64999986       1.56432545    
   3.65999985       1.56842113    
   3.66999984       1.57251751    
   3.67999983       1.57661247    
   3.68999982       1.58070326    
   3.69999981       1.58479428    
   3.70999980       1.58888555    
   3.72000003       1.59297287    
   3.73000002       1.59706116    
   3.74000001       1.60114706    
   3.75000000       1.60523200    
   3.75999999       1.60931599    
   3.76999998       1.61339831    
   3.77999997       1.61748016    
   3.78999996       1.62156010    
   3.79999995       1.62564003    
   3.80999994       1.62971842    
   3.81999993       1.63379562    
   3.82999992       1.63787115    
   3.83999991       1.64194679    
   3.84999990       1.64602172    
   3.85999990       1.65009272    
   3.86999989       1.65416598    
   3.87999988       1.65823746    
   3.88999987       1.66230595    
   3.89999986       1.66637540    
   3.90999985       1.67044401    
   3.91999984       1.67451108    
   3.92999983       1.67857623    
   3.93999982       1.68263721    
   3.94999981       1.68670595    
   3.95999980       1.69076657    
   3.97000003       1.69483078    
   3.98000002       1.69889283    
   3.99000001       1.70295084    
   4.00000000       1.70701146    
   4.00999975       1.71107006    
   4.01999998       1.71512723    
   4.02999973       1.71918368    
   4.03999996       1.72324049    
   4.04999971       1.72729599    
   4.05999994       1.73134971    
   4.06999969       1.73540378    
   4.07999992       1.73945594    
   4.08999968       1.74350727    
   4.09999990       1.74755883    
   4.11000013       1.75160897    
   4.11999989       1.75565732    
   4.13000011       1.75970674    
   4.13999987       1.76375508    
   4.15000010       1.76780212    
   4.15999985       1.77184832    
   4.17000008       1.77589262    
   4.17999983       1.77993882    
   4.19000006       1.78398085    
   4.19999981       1.78802550    
   4.21000004       1.79206705    
   4.21999979       1.79610896    
   4.23000002       1.80015004    
   4.23999977       1.80418992    
   4.25000000       1.80822897    
   4.25999975       1.81226838    
   4.26999998       1.81630719    
   4.27999973       1.82034349    
   4.28999996       1.82438099    
   4.29999971       1.82841647    
   4.30999994       1.83245218    
   4.31999969       1.83648717    
   4.32999992       1.84052110    
   4.33999968       1.84455395    
   4.34999990       1.84858751    
   4.36000013       1.85262001    
   4.36999989       1.85665047    
   4.38000011       1.86068118    
   4.38999987       1.86471033    
   4.40000010       1.86874068    
   4.40999985       1.87276983    
   4.42000008       1.87679625    
   4.42999983       1.88082373    
   4.44000006       1.88485193    
   4.44999981       1.88887846    
   4.46000004       1.89290297    
   4.46999979       1.89692938    
   4.48000002       1.90095377    
   4.48999977       1.90497875    
   4.50000000       1.90900123    
   4.50999975       1.91302550    
   4.51999998       1.91704762    
   4.52999973       1.92106855    
   4.53999996       1.92508972    
   4.54999971       1.92911041    
   4.55999994       1.93313110    
   4.56999969       1.93715060    
   4.57999992       1.94116771    
   4.58999968       1.94518733    
   4.59999990       1.94920659    
   4.61000013       1.95322180    
   4.61999989       1.95723915    
   4.63000011       1.96125579    
   4.63999987       1.96527088    
   4.65000010       1.96928680    
   4.65999985       1.97330022    
   4.67000008       1.97731566    
   4.67999983       1.98132873    
   4.69000006       1.98534131    
   4.69999981       1.98935330    
   4.71000004       1.99336684    
   4.71999979       1.99737847    
   4.73000002       2.00138855    
   4.73999977       2.00539947    
   4.75000000       2.00941133    
   4.75999975       2.01341867    
   4.76999998       2.01742887    
   4.77999973       2.02143788    
   4.78999996       2.02544522    
   4.79999971       2.02945161    
   4.80999994       2.03346014    
   4.81999969       2.03746676    
   4.82999992       2.04147220    
   4.83999968       2.04547977    
   4.84999990       2.04948545    
   4.85999966       2.05348945    
   4.86999989       2.05749369    
   4.88000011       2.06149769    
   4.88999987       2.06550002    
   4.90000010       2.06950521    
   4.90999985       2.07350707    
   4.92000008       2.07751083    
   4.92999983       2.08151102    
   4.94000006       2.08551431    
   4.94999981       2.08951473    
   4.96000004       2.09351540    
   4.96999979       2.09751511    
   4.98000002       2.10151482    
   4.98999977       2.10551476    
   5.00000000       2.10951281    
   5.00999975       2.11351037    
   5.01999998       2.11751080    
   5.02999973       2.12150788    
   5.03999996       2.12550640    
   5.04999971       2.12950158    
   5.05999994       2.13349962    
   5.06999969       2.13749242    
   5.07999992       2.14148998    
   5.08999968       2.14548516    
   5.09999990       2.14948130    
   5.10999966       2.15347505    
   5.11999989       2.15746927    
   5.13000011       2.16146135    
   5.13999987       2.16545415    
   5.15000010       2.16944957    
   5.15999985       2.17344189    
   5.17000008       2.17743301    
   5.17999983       2.18142605    
   5.19000006       2.18541813    
   5.19999981       2.18941045    
   5.21000004       2.19340086    
   5.21999979       2.19738960    
   5.23000002       2.20137882    
   5.23999977       2.20536804    
   5.25000000       2.20935678    
   5.25999975       2.21334743    
   5.26999998       2.21733785    
   5.27999973       2.22132373    
   5.28999996       2.22531295    
   5.29999971       2.22929883    
   5.30999994       2.23328805    
   5.31999969       2.23727512    
   5.32999992       2.24125934    
   5.33999968       2.24524689    
   5.34999990       2.24923158    
   5.35999966       2.25322008    
   5.36999989       2.25720406    
   5.38000011       2.26118922    
   5.38999987       2.26517200    
   5.40000010       2.26915741    
   5.40999985       2.27314162    
   5.42000008       2.27712560    
   5.42999983       2.28110552    
   5.44000006       2.28509021    
   5.44999981       2.28907228    
   5.46000004       2.29305315    
   5.46999979       2.29703951    
   5.48000002       2.30101824    
   5.48999977       2.30499768    
   5.50000000       2.30898356    
   5.50999975       2.31296253    
