   9.99999978E-03  -4.89066406E-06
   1.99999996E-02  -9.32564035E-06
   2.99999993E-02  -1.43950547E-05
   3.99999991E-02  -1.89930997E-05
   4.99999970E-02  -2.34786712E-05
   5.99999987E-02  -2.79487231E-05
   7.00000003E-02  -3.30871917E-05
   7.99999982E-02  -3.75699201E-05
   8.99999961E-02  -4.22927260E-05
   9.99999940E-02  -4.73016626E-05
  0.109999999      -5.20065223E-05
  0.119999997      -5.68000360E-05
  0.129999995      -6.13834418E-05
  0.140000001      -6.59544166E-05
  0.149999991      -7.03018377E-05
  0.159999996      -7.37045120E-05
  0.170000002      -7.62158161E-05
  0.179999992      -7.69797698E-05
  0.189999998      -7.17438670E-05
  0.199999988      -6.65985426E-05
  0.209999993      -4.46315971E-05
  0.219999999      -2.04150474E-05
  0.229999989       1.63197492E-05
  0.239999995       1.09904948E-04
  0.250000000       1.57754665E-04
  0.259999990       2.56023224E-04
  0.269999981       4.65764082E-04
  0.280000001       7.59903865E-04
  0.289999992       8.06593860E-04
  0.299999982       1.04852871E-03
  0.310000002       1.48471666E-03
  0.319999993       2.22824793E-03
  0.329999983       2.87629594E-03
  0.340000004       2.88713956E-03
  0.349999994       3.31770815E-03
  0.359999985       4.00809385E-03
  0.370000005       5.06693032E-03
  0.379999995       6.71147229E-03
  0.389999986       9.10171121E-03
  0.399999976       9.67893843E-03
  0.409999996       9.75651946E-03
  0.419999987       1.04120895E-02
  0.429999977       1.13998409E-02
  0.439999998       1.27422959E-02
  0.449999988       1.45392930E-02
  0.459999979       1.69746578E-02
  0.469999999       2.03647669E-02
  0.479999989       2.52084453E-02
  0.489999980       3.17390300E-02
  0.500000000       3.36866975E-02
  0.509999990       3.27124633E-02
  0.519999981       3.31629254E-02
  0.529999971       3.41425911E-02
  0.539999962       3.55009139E-02
  0.550000012       3.72032449E-02
  0.560000002       3.92605960E-02
  0.569999993       4.17141430E-02
  0.579999983       4.46327701E-02
  0.589999974       4.81181517E-02
  0.599999964       5.23197725E-02
  0.610000014       5.74533157E-02
  0.620000005       6.38410449E-02
  0.629999995       7.19695389E-02
  0.639999986       8.25655758E-02
  0.649999976       9.65062007E-02
  0.659999967      0.112643428    
  0.669999957      0.113914281    
  0.680000007      0.112081915    
  0.689999998      0.111903027    
  0.699999988      0.112457104    
  0.709999979      0.113495685    
  0.719999969      0.114898287    
  0.729999959      0.116596512    
  0.740000010      0.118559472    
  0.750000000      0.120766029    
  0.759999990      0.123208947    
  0.769999981      0.125885472    
  0.779999971      0.128799662    
  0.789999962      0.131960884    
  0.799999952      0.135381907    
  0.810000002      0.139081076    
  0.819999993      0.143080056    
  0.829999983      0.147406071    
  0.839999974      0.152092069    
  0.849999964      0.157178119    
  0.859999955      0.162712276    
  0.870000005      0.168752477    
  0.879999995      0.175368905    
  0.889999986      0.182648182    
  0.899999976      0.190696314    
  0.909999967      0.199645579    
  0.919999957      0.209661558    
  0.930000007      0.220954165    
  0.939999998      0.233790636    
  0.949999988      0.248512194    
  0.959999979      0.265542150    
  0.969999969      0.285366952    
  0.979999959      0.308355182    
  0.989999950      0.333856732    
   1.00000000      0.355162054    
   1.00999999      0.361908525    
   1.01999998      0.365728587    
   1.02999997      0.368730724    
   1.03999996      0.371416599    
   1.04999995      0.373978049    
   1.05999994      0.376501560    
   1.06999993      0.379030555    
   1.07999992      0.381590277    
   1.09000003      0.384192109    
   1.10000002      0.386843532    
   1.11000001      0.389547914    
   1.12000000      0.392307222    
   1.13000000      0.395123154    
   1.13999999      0.397994876    
   1.14999998      0.400922120    
   1.15999997      0.403905421    
   1.16999996      0.406943560    
   1.17999995      0.410037249    
   1.18999994      0.413184524    
   1.19999993      0.416386247    
   1.20999992      0.419641703    
   1.22000003      0.422949940    
   1.23000002      0.426312417    
   1.24000001      0.429727674    
   1.25000000      0.433197141    
   1.25999999      0.436718822    
   1.26999998      0.440296173    
   1.27999997      0.443926901    
   1.28999996      0.447612137    
   1.29999995      0.451352328    
   1.30999994      0.455147386    
   1.31999993      0.459000081    
   1.32999992      0.462908894    
   1.33999991      0.466875553    
   1.35000002      0.470900565    
   1.36000001      0.474985123    
   1.37000000      0.479130089    
   1.38000000      0.483336776    
   1.38999999      0.487605482    
   1.39999998      0.491938651    
   1.40999997      0.496336609    
   1.41999996      0.500801206    
   1.42999995      0.505333364    
   1.43999994      0.509934902    
   1.44999993      0.514607131    
   1.45999992      0.519353509    
   1.46999991      0.524172544    
   1.48000002      0.529068887    
   1.49000001      0.534043252    
   1.50000000      0.539098263    
   1.50999999      0.544234812    
   1.51999998      0.549455285    
   1.52999997      0.554765880    
   1.53999996      0.560162365    
   1.54999995      0.565652251    
   1.55999994      0.571235538    
   1.56999993      0.576917827    
   1.57999992      0.582699418    
   1.58999991      0.588585079    
   1.59999990      0.594576657    
   1.61000001      0.600679159    
   1.62000000      0.606894135    
   1.63000000      0.613226712    
   1.63999999      0.619679987    
   1.64999998      0.626258671    
   1.65999997      0.632966161    
   1.66999996      0.639807522    
   1.67999995      0.646787584    
   1.68999994      0.653909981    
   1.69999993      0.661181211    
   1.70999992      0.668604672    
   1.71999991      0.676188052    
   1.73000002      0.683936298    
   1.74000001      0.691855013    
   1.75000000      0.699950159    
   1.75999999      0.708229363    
   1.76999998      0.716699123    
   1.77999997      0.725365877    
   1.78999996      0.734238148    
   1.79999995      0.743322253    
   1.80999994      0.752627075    
   1.81999993      0.762160361    
   1.82999992      0.771930099    
   1.83999991      0.781943321    
   1.84999990      0.792213678    
   1.86000001      0.802744210    
   1.87000000      0.813545525    
   1.88000000      0.824624598    
   1.88999999      0.835988998    
   1.89999998      0.847646475    
   1.90999997      0.859594584    
   1.91999996      0.871854246    
   1.92999995      0.884410083    
   1.93999994      0.897265017    
   1.94999993      0.910409093    
   1.95999992      0.923831165    
   1.96999991      0.937507272    
   1.97999990      0.951400459    
   1.99000001      0.965460598    
   2.00000000      0.979610622    
   2.00999999      0.993472934    
   2.01999998       1.00656021    
   2.02999997       1.01888692    
   2.03999996       1.03053033    
   2.04999995       1.04157162    
   2.05999994       1.05208313    
   2.06999993       1.06212687    
   2.07999992       1.07175636    
   2.08999991       1.08101976    
   2.09999990       1.08995390    
   2.10999990       1.09859455    
   2.11999989       1.10697031    
   2.12999988       1.11510837    
   2.13999987       1.12303138    
   2.14999986       1.13075757    
   2.15999985       1.13830459    
   2.16999984       1.14568973    
   2.18000007       1.15292466    
   2.19000006       1.16002381    
   2.20000005       1.16699648    
   2.21000004       1.17385185    
   2.22000003       1.18059969    
   2.23000002       1.18724930    
   2.24000001       1.19380438    
   2.25000000       1.20027566    
   2.25999999       1.20666599    
   2.26999998       1.21298158    
   2.27999997       1.21922731    
   2.28999996       1.22540772    
   2.29999995       1.23153102    
   2.30999994       1.23759294    
   2.31999993       1.24360311    
   2.32999992       1.24956179    
   2.33999991       1.25547326    
   2.34999990       1.26134133    
   2.35999990       1.26716411    
   2.36999989       1.27294898    
   2.37999988       1.27869451    
   2.38999987       1.28440547    
   2.39999986       1.29008174    
   2.40999985       1.29572666    
   2.41999984       1.30134070    
   2.42999983       1.30692673    
   2.44000006       1.31248438    
   2.45000005       1.31801569    
   2.46000004       1.32352102    
   2.47000003       1.32900429    
   2.48000002       1.33446443    
   2.49000001       1.33990300    
   2.50000000       1.34532058    
   2.50999999       1.35071731    
   2.51999998       1.35609555    
   2.52999997       1.36145556    
   2.53999996       1.36679828    
   2.54999995       1.37212527    
   2.55999994       1.37743580    
   2.56999993       1.38273060    
   2.57999992       1.38801110    
   2.58999991       1.39327574    
   2.59999990       1.39852917    
   2.60999990       1.40376782    
   2.61999989       1.40899384    
   2.62999988       1.41420889    
   2.63999987       1.41941226    
   2.64999986       1.42460382    
   2.65999985       1.42978418    
   2.66999984       1.43495464    
   2.67999983       1.44011390    
   2.69000006       1.44526386    
   2.70000005       1.45040429    
   2.71000004       1.45553625    
   2.72000003       1.46065819    
   2.73000002       1.46577191    
   2.74000001       1.47087801    
   2.75000000       1.47597671    
   2.75999999       1.48106587    
   2.76999998       1.48614764    
   2.77999997       1.49122238    
   2.78999996       1.49629068    
   2.79999995       1.50135005    
   2.80999994       1.50640464    
   2.81999993       1.51145446    
   2.82999992       1.51649404    
   2.83999991       1.52152812    
   2.84999990       1.52655828    
   2.85999990       1.53158271    
   2.86999989       1.53659880    
   2.87999988       1.54161227    
   2.88999987       1.54661918    
   2.89999986       1.55162168    
   2.90999985       1.55661905    
   2.91999984       1.56160867    
   2.92999983       1.56659544    
   2.93999982       1.57157874    
   2.95000005       1.57655573    
   2.96000004       1.58152711    
   2.97000003       1.58649707    
   2.98000002       1.59146190    
   2.99000001       1.59642100    
   3.00000000       1.60137773    
   3.00999999       1.60632944    
   3.01999998       1.61127746    
   3.02999997       1.61622417    
   3.03999996       1.62116277    
   3.04999995       1.62610054    
   3.05999994       1.63103235    
   3.06999993       1.63596284    
   3.07999992       1.64089072    
   3.08999991       1.64581287    
   3.09999990       1.65073323    
   3.10999990       1.65565073    
   3.11999989       1.66056359    
   3.12999988       1.66547537    
   3.13999987       1.67038333    
   3.14999986       1.67528653    
   3.15999985       1.68018937    
   3.16999984       1.68508744    
   3.17999983       1.68998373    
   3.18999982       1.69487643    
   3.19999981       1.69976795    
   3.21000004       1.70465410    
   3.22000003       1.70954144    
   3.23000002       1.71442425    
   3.24000001       1.71930528    
   3.25000000       1.72418272    
   3.25999999       1.72905958    
   3.26999998       1.73393118    
   3.27999997       1.73880374    
   3.28999996       1.74367332    
   3.29999995       1.74853849    
   3.30999994       1.75340271    
   3.31999993       1.75826430    
   3.32999992       1.76312494    
   3.33999991       1.76798153    
   3.34999990       1.77283764    
   3.35999990       1.77769160    
   3.36999989       1.78254330    
   3.37999988       1.78739309    
   3.38999987       1.79223931    
   3.39999986       1.79708540    
   3.40999985       1.80192995    
   3.41999984       1.80677283    
   3.42999983       1.81161273    
   3.43999982       1.81645107    
   3.44999981       1.82128906    
   3.46000004       1.82612348    
   3.47000003       1.83095765    
   3.48000002       1.83578873    
   3.49000001       1.84061885    
   3.50000000       1.84544742    
   3.50999999       1.85027277    
   3.51999998       1.85509741    
   3.52999997       1.85992157    
   3.53999996       1.86474359    
   3.54999995       1.86956382    
   3.55999994       1.87438345    
   3.56999993       1.87919939    
   3.57999992       1.88401568    
   3.58999991       1.88883042    
   3.59999990       1.89364302    
   3.60999990       1.89845526    
   3.61999989       1.90326619    
   3.62999988       1.90807533    
   3.63999987       1.91287720    
   3.64999986       1.91768789    
   3.65999985       1.92249215    
   3.66999984       1.92729628    
   3.67999983       1.93209898    
   3.68999982       1.93689728    
   3.69999981       1.94169807    
   3.70999980       1.94649684    
   3.72000003       1.95129406    
   3.73000002       1.95609021    
   3.74000001       1.96088398    
   3.75000000       1.96567750    
   3.75999999       1.97047019    
   3.76999998       1.97525954    
   3.77999997       1.98005033    
   3.78999996       1.98483980    
   3.79999995       1.98962760    
   3.80999994       1.99441302    
   3.81999993       1.99919808    
   3.82999992       2.00398374    
   3.83999991       2.00876546    
   3.84999990       2.01354933    
   3.85999990       2.01832891    
   3.86999989       2.02311015    
   3.87999988       2.02788854    
   3.88999987       2.03266525    
   3.89999986       2.03744364    
   3.90999985       2.04221821    
   3.91999984       2.04699421    
   3.92999983       2.05176926    
   3.93999982       2.05654120    
   3.94999981       2.06131291    
   3.95999980       2.06608486    
   3.97000003       2.07085299    
   3.98000002       2.07562304    
   3.99000001       2.08039021    
   4.00000000       2.08515763    
   4.00999975       2.08992457    
   4.01999998       2.09469199    
   4.02999973       2.09945607    
   4.03999996       2.10421801    
   4.04999971       2.10898066    
   4.05999994       2.11374235    
   4.06999969       2.11850405    
   4.07999992       2.12326503    
   4.08999968       2.12802505    
   4.09999990       2.13278365    
   4.11000013       2.13753963    
   4.11999989       2.14229679    
   4.13000011       2.14705324    
   4.13999987       2.15180969    
   4.15000010       2.15656447    
   4.15999985       2.16131711    
   4.17000008       2.16606998    
   4.17999983       2.17082214    
   4.19000006       2.17557216    
   4.19999981       2.18032217    
   4.21000004       2.18507314    
   4.21999979       2.18982244    
   4.23000002       2.19457340    
   4.23999977       2.19931746    
   4.25000000       2.20406413    
   4.25999975       2.20881057    
   4.26999998       2.21355677    
   4.27999973       2.21830177    
   4.28999996       2.22304606    
   4.29999971       2.22778893    
   4.30999994       2.23252916    
   4.31999969       2.23727250    
   4.32999992       2.24201488    
   4.33999968       2.24675632    
   4.34999990       2.25149369    
   4.36000013       2.25623345    
   4.36999989       2.26097155    
   4.38000011       2.26570964    
   4.38999987       2.27044582    
   4.40000010       2.27517056    
   4.40999985       2.27991915    
   4.42000008       2.28465343    
   4.42999983       2.28938532    
   4.44000006       2.29412198    
   4.44999981       2.29885340    
   4.46000004       2.30358696    
   4.46999979       2.30831838    
   4.48000002       2.31305075    
   4.48999977       2.31778169    
   4.50000000       2.32251000    
   4.50999975       2.32724023    
   4.51999998       2.33197165    
   4.52999973       2.33669949    
   4.53999996       2.34142661    
   4.54999971       2.34615326    
   4.55999994       2.35088015    
   4.56999969       2.35560775    
   4.57999992       2.36033130    
   4.58999968       2.36505675    
   4.59999990       2.36978197    
   4.61000013       2.37450647    
   4.61999989       2.37922931    
   4.63000011       2.38395000    
   4.63999987       2.38867426    
   4.65000010       2.39339399    
   4.65999985       2.39811611    
   4.67000008       2.40283561    
   4.67999983       2.40755701    
   4.69000006       2.41227508    
   4.69999981       2.41699290    
   4.71000004       2.42171121    
   4.71999979       2.42643094    
   4.73000002       2.43114758    
   4.73999977       2.43586421    
   4.75000000       2.44058275    
   4.75999975       2.44529724    
   4.76999998       2.45001459    
   4.77999973       2.45472836    
   4.78999996       2.45943999    
   4.79999971       2.46415615    
   4.80999994       2.46887136    
   4.81999969       2.47358370    
   4.82999992       2.47829390    
   4.83999968       2.48300695    
   4.84999990       2.48771811    
   4.85999966       2.49242711    
   4.86999989       2.49713802    
   4.88000011       2.50184846    
   4.88999987       2.50655651    
   4.90000010       2.51126671    
   4.90999985       2.51597762    
   4.92000008       2.52068424    
   4.92999983       2.52539134    
   4.94000006       2.53009844    
   4.94999981       2.53480625    
   4.96000004       2.53951216    
   4.96999979       2.54421759    
   4.98000002       2.54892349    
   4.98999977       2.55362725    
   5.00000000       2.55833340    
   5.00999975       2.56303763    
   5.01999998       2.56774235    
   5.02999973       2.57244468    
   5.03999996       2.57714701    
   5.04999971       2.58184958    
   5.05999994       2.58655334    
   5.06999969       2.59125328    
   5.07999992       2.59595251    
   5.08999968       2.60065794    
   5.09999990       2.60535359    
   5.10999966       2.61005807    
   5.11999989       2.61475492    
   5.13000011       2.61945319    
   5.13999987       2.62415242    
   5.15000010       2.62885284    
   5.15999985       2.63355064    
   5.17000008       2.63824606    
   5.17999983       2.64294267    
   5.19000006       2.64764166    
   5.19999981       2.65233779    
   5.21000004       2.65703368    
   5.21999979       2.66172957    
   5.23000002       2.66642499    
   5.23999977       2.67111802    
   5.25000000       2.67581487    
   5.25999975       2.68050790    
   5.26999998       2.68520284    
   5.27999973       2.68989611    
   5.28999996       2.69458938    
   5.29999971       2.69928074    
   5.30999994       2.70397305    
   5.31999969       2.70866513    
   5.32999992       2.71335697    
   5.33999968       2.71804810    
   5.34999990       2.72273922    
   5.35999966       2.72742748    
   5.36999989       2.73212242    
   5.38000011       2.73680949    
   5.38999987       2.74149776    
   5.40000010       2.74618864    
   5.40999985       2.75087667    
   5.42000008       2.75556564    
   5.42999983       2.76025367    
   5.44000006       2.76493979    
   5.44999981       2.76962996    
   5.46000004       2.77431583    
   5.46999979       2.77900338    
   5.48000002       2.78368926    
   5.48999977       2.78837562    
   5.50000000       2.79306102    
   5.50999975       2.79774523    
