   9.99999978E-03  -5.45144849E-06
   1.99999996E-02  -2.30883852E-05
   2.99999993E-02  -1.64184803E-05
   3.99999991E-02  -2.23597490E-05
   4.99999970E-02  -2.79489905E-05
   5.99999987E-02  -3.35068980E-05
   7.00000003E-02  -3.91547255E-05
   7.99999982E-02  -4.46349623E-05
   8.99999961E-02  -5.03226365E-05
   9.99999940E-02  -5.58449974E-05
  0.109999999      -6.14594537E-05
  0.119999997      -6.69871806E-05
  0.129999995      -7.22492550E-05
  0.140000001      -7.70836632E-05
  0.149999991      -8.06842509E-05
  0.159999996      -8.15073872E-05
  0.170000002      -7.87372555E-05
  0.179999992      -7.22128898E-05
  0.189999998      -4.64504046E-05
  0.199999988      -2.46979853E-05
  0.209999993       4.58288123E-05
  0.219999999       1.04410567E-04
  0.229999989       2.15242108E-04
  0.239999995       4.37424431E-04
  0.250000000       5.34403604E-04
  0.259999990       7.82474817E-04
  0.269999981       1.25459698E-03
  0.280000001       1.76838052E-03
  0.289999992       1.89449685E-03
  0.299999982       2.42447248E-03
  0.310000002       3.32643744E-03
  0.319999993       4.70488844E-03
  0.329999983       5.58465393E-03
  0.340000004       5.71825542E-03
  0.349999994       6.56127790E-03
  0.359999985       7.86975957E-03
  0.370000005       9.81120951E-03
  0.379999995       1.26567390E-02
  0.389999986       1.62308980E-02
  0.399999976       1.66701395E-02
  0.409999996       1.69559121E-02
  0.419999987       1.81057118E-02
  0.429999977       1.97902434E-02
  0.439999998       2.20468417E-02
  0.449999988       2.50232033E-02
  0.459999979       2.89761797E-02
  0.469999999       3.43026929E-02
  0.479999989       4.14755046E-02
  0.489999980       4.99870963E-02
  0.500000000       5.14901504E-02
  0.509999990       5.04511446E-02
  0.519999981       5.12351692E-02
  0.529999971       5.27561791E-02
  0.539999962       5.48194423E-02
  0.550000012       5.73798791E-02
  0.560000002       6.04538135E-02
  0.569999993       6.40964508E-02
  0.579999983       6.83995560E-02
  0.589999974       7.34970421E-02
  0.599999964       7.95784220E-02
  0.610000014       8.69099125E-02
  0.620000005       9.58665833E-02
  0.629999995      0.106967382    
  0.639999986      0.120864831    
  0.649999976      0.137949422    
  0.659999967      0.155312493    
  0.669999957      0.155915201    
  0.680000007      0.154154330    
  0.689999998      0.154169068    
  0.699999988      0.155067369    
  0.709999979      0.156553000    
  0.719999969      0.158487961    
  0.729999959      0.160798430    
  0.740000010      0.163443118    
  0.750000000      0.166399762    
  0.759999990      0.169657513    
  0.769999981      0.173215091    
  0.779999971      0.177076817    
  0.789999962      0.181253448    
  0.799999952      0.185760498    
  0.810000002      0.190618888    
  0.819999993      0.195854455    
  0.829999983      0.201498777    
  0.839999974      0.207590312    
  0.849999964      0.214174464    
  0.859999955      0.221305728    
  0.870000005      0.229049042    
  0.879999995      0.237481490    
  0.889999986      0.246696472    
  0.899999976      0.256806016    
  0.909999967      0.267946452    
  0.919999957      0.280282468    
  0.930000007      0.294014722    
  0.939999998      0.309384137    
  0.949999988      0.326675683    
  0.959999979      0.346198738    
  0.969999969      0.368216723    
  0.979999959      0.392687649    
  0.989999950      0.418318778    
   1.00000000      0.438635081    
   1.00999999      0.446205020    
   1.01999998      0.450943440    
   1.02999997      0.454786122    
   1.03999996      0.458247572    
   1.04999995      0.461537331    
   1.05999994      0.464756697    
   1.06999993      0.467960387    
   1.07999992      0.471178204    
   1.09000003      0.474428922    
   1.10000002      0.477722555    
   1.11000001      0.481066018    
   1.12000000      0.484463841    
   1.13000000      0.487917304    
   1.13999999      0.491428614    
   1.14999998      0.494998813    
   1.15999997      0.498627037    
   1.16999996      0.502314389    
   1.17999995      0.506061196    
   1.18999994      0.509866536    
   1.19999993      0.513730884    
   1.20999992      0.517653465    
   1.22000003      0.521636188    
   1.23000002      0.525678039    
   1.24000001      0.529777169    
   1.25000000      0.533936739    
   1.25999999      0.538154542    
   1.26999998      0.542434454    
   1.27999997      0.546773970    
   1.28999996      0.551173389    
   1.29999995      0.555634618    
   1.30999994      0.560157239    
   1.31999993      0.564742625    
   1.32999992      0.569391131    
   1.33999991      0.574102819    
   1.35000002      0.578880787    
   1.36000001      0.583723724    
   1.37000000      0.588634372    
   1.38000000      0.593612552    
   1.38999999      0.598659754    
   1.39999998      0.603736579    
   1.40999997      0.608966887    
   1.41999996      0.614229560    
   1.42999995      0.619565904    
   1.43999994      0.624979138    
   1.44999993      0.630469024    
   1.45999992      0.636038959    
   1.46999991      0.641688704    
   1.48000002      0.647422850    
   1.49000001      0.653240323    
   1.50000000      0.659145832    
   1.50999999      0.665138185    
   1.51999998      0.671222985    
   1.52999997      0.677400410    
   1.53999996      0.683672786    
   1.54999995      0.690044343    
   1.55999994      0.696515560    
   1.56999993      0.703090012    
   1.57999992      0.709769666    
   1.58999991      0.716559708    
   1.59999990      0.723461211    
   1.61000001      0.730477452    
   1.62000000      0.737611353    
   1.63000000      0.744866967    
   1.63999999      0.752248347    
   1.64999998      0.759757221    
   1.65999997      0.767400920    
   1.66999996      0.775178075    
   1.67999995      0.783097327    
   1.68999994      0.791160583    
   1.69999993      0.799374163    
   1.70999992      0.807739139    
   1.71999991      0.816264570    
   1.73000002      0.824952602    
   1.74000001      0.833807707    
   1.75000000      0.842836559    
   1.75999999      0.852044106    
   1.76999998      0.861435056    
   1.77999997      0.871015787    
   1.78999996      0.880791605    
   1.79999995      0.890767217    
   1.80999994      0.900948763    
   1.81999993      0.911343217    
   1.82999992      0.921954572    
   1.83999991      0.932789028    
   1.84999990      0.943850696    
   1.86000001      0.955145657    
   1.87000000      0.966678023    
   1.88000000      0.978450060    
   1.88999999      0.990466535    
   1.89999998       1.00272632    
   1.90999997       1.01522994    
   1.91999996       1.02797484    
   1.92999995       1.04095590    
   1.93999994       1.05416250    
   1.94999993       1.06758308    
   1.95999992       1.08119571    
   1.96999991       1.09497070    
   1.97999990       1.10887253    
   1.99000001       1.12284863    
   2.00000000       1.13682616    
   2.00999999       1.15044856    
   2.01999998       1.16332436    
   2.02999997       1.17549896    
   2.03999996       1.18705046    
   2.04999995       1.19805813    
   2.05999994       1.20858169    
   2.06999993       1.21868098    
   2.07999992       1.22840285    
   2.08999991       1.23779023    
   2.09999990       1.24687684    
   2.10999990       1.25569403    
   2.11999989       1.26426923    
   2.12999988       1.27262354    
   2.13999987       1.28077936    
   2.14999986       1.28875351    
   2.15999985       1.29656327    
   2.16999984       1.30422068    
   2.18000007       1.31173933    
   2.19000006       1.31912935    
   2.20000005       1.32640123    
   2.21000004       1.33356452    
   2.22000003       1.34062791    
   2.23000002       1.34759760    
   2.24000001       1.35447896    
   2.25000000       1.36128151    
   2.25999999       1.36800790    
   2.26999998       1.37466300    
   2.27999997       1.38125229    
   2.28999996       1.38778031    
   2.29999995       1.39425218    
   2.30999994       1.40066683    
   2.31999993       1.40703249    
   2.32999992       1.41335154    
   2.33999991       1.41962171    
   2.34999990       1.42585075    
   2.35999990       1.43203986    
   2.36999989       1.43819177    
   2.37999988       1.44430673    
   2.38999987       1.45038712    
   2.39999986       1.45643413    
   2.40999985       1.46245277    
   2.41999984       1.46843994    
   2.42999983       1.47440052    
   2.44000006       1.48033500    
   2.45000005       1.48624384    
   2.46000004       1.49212730    
   2.47000003       1.49799109    
   2.48000002       1.50383055    
   2.49000001       1.50965083    
   2.50000000       1.51544964    
   2.50999999       1.52123046    
   2.51999998       1.52699029    
   2.52999997       1.53273582    
   2.53999996       1.53846300    
   2.54999995       1.54417527    
   2.55999994       1.54987252    
   2.56999993       1.55555284    
   2.57999992       1.56122100    
   2.58999991       1.56687474    
   2.59999990       1.57251358    
   2.60999990       1.57814121    
   2.61999989       1.58375728    
   2.62999988       1.58936143    
   2.63999987       1.59495378    
   2.64999986       1.60053492    
   2.65999985       1.60610628    
   2.66999984       1.61166859    
   2.67999983       1.61721909    
   2.69000006       1.62276006    
   2.70000005       1.62829256    
   2.71000004       1.63381684    
   2.72000003       1.63932955    
   2.73000002       1.64483869    
   2.74000001       1.65033555    
   2.75000000       1.65582728    
   2.75999999       1.66131032    
   2.76999998       1.66678643    
   2.77999997       1.67225528    
   2.78999996       1.67771649    
   2.79999995       1.68317151    
   2.80999994       1.68862057    
   2.81999993       1.69406366    
   2.82999992       1.69949830    
   2.83999991       1.70492923    
   2.84999990       1.71035242    
   2.85999990       1.71577251    
   2.86999989       1.72118616    
   2.87999988       1.72659409    
   2.88999987       1.73199594    
   2.89999986       1.73739398    
   2.90999985       1.74278724    
   2.91999984       1.74817502    
   2.92999983       1.75355935    
   2.93999982       1.75893831    
   2.95000005       1.76431286    
   2.96000004       1.76968145    
   2.97000003       1.77504659    
   2.98000002       1.78040838    
   2.99000001       1.78576660    
   3.00000000       1.79111981    
   3.00999999       1.79646981    
   3.01999998       1.80181611    
   3.02999997       1.80715764    
   3.03999996       1.81249559    
   3.04999995       1.81783140    
   3.05999994       1.82316256    
   3.06999993       1.82849050    
   3.07999992       1.83381510    
   3.08999991       1.83913648    
   3.09999990       1.84445536    
   3.10999990       1.84977019    
   3.11999989       1.85508204    
   3.12999988       1.86039138    
   3.13999987       1.86569858    
   3.14999986       1.87100172    
   3.15999985       1.87630236    
   3.16999984       1.88160002    
   3.17999983       1.88689566    
   3.18999982       1.89218664    
   3.19999981       1.89747763    
   3.21000004       1.90276480    
   3.22000003       1.90804994    
   3.23000002       1.91333222    
   3.24000001       1.91861224    
   3.25000000       1.92388904    
   3.25999999       1.92916358    
   3.26999998       1.93443727    
   3.27999997       1.93970752    
   3.28999996       1.94497740    
   3.29999995       1.95024109    
   3.30999994       1.95550549    
   3.31999993       1.96076727    
   3.32999992       1.96602643    
   3.33999991       1.97128582    
   3.34999990       1.97654128    
   3.35999990       1.98179352    
   3.36999989       1.98704612    
   3.37999988       1.99229610    
   3.38999987       1.99754393    
   3.39999986       2.00278997    
   3.40999985       2.00803232    
   3.41999984       2.01327634    
   3.42999983       2.01851797    
   3.43999982       2.02375603    
   3.44999981       2.02899337    
   3.46000004       2.03422880    
   3.47000003       2.03946257    
   3.48000002       2.04469323    
   3.49000001       2.04992509    
   3.50000000       2.05515480    
   3.50999999       2.06038189    
   3.51999998       2.06560612    
   3.52999997       2.07083082    
   3.53999996       2.07605290    
   3.54999995       2.08127594    
   3.55999994       2.08649445    
   3.56999993       2.09171200    
   3.57999992       2.09692860    
   3.58999991       2.10214520    
   3.59999990       2.10735631    
   3.60999990       2.11256766    
   3.61999989       2.11777973    
   3.62999988       2.12298918    
   3.63999987       2.12819624    
   3.64999986       2.13340735    
   3.65999985       2.13860989    
   3.66999984       2.14381766    
   3.67999983       2.14901853    
   3.68999982       2.15422130    
   3.69999981       2.15942144    
   3.70999980       2.16462040    
   3.72000003       2.16981983    
   3.73000002       2.17501593    
   3.74000001       2.18021369    
   3.75000000       2.18540645    
   3.75999999       2.19059896    
   3.76999998       2.19579268    
   3.77999997       2.20098233    
   3.78999996       2.20617342    
   3.79999995       2.21136141    
   3.80999994       2.21654963    
   3.81999993       2.22173738    
   3.82999992       2.22692108    
   3.83999991       2.23210621    
   3.84999990       2.23729014    
   3.85999990       2.24247074    
   3.86999989       2.24765134    
   3.87999988       2.25283504    
   3.88999987       2.25801253    
   3.89999986       2.26319003    
   3.90999985       2.26836634    
   3.91999984       2.27354527    
   3.92999983       2.27872014    
   3.93999982       2.28389478    
   3.94999981       2.28906775    
   3.95999980       2.29423904    
   3.97000003       2.29941249    
   3.98000002       2.30458260    
   3.99000001       2.30975318    
   4.00000000       2.31491995    
   4.00999975       2.32008672    
   4.01999998       2.32525420    
   4.02999973       2.33042264    
   4.03999996       2.33558679    
   4.04999971       2.34074974    
   4.05999994       2.34591413    
   4.06999969       2.35107803    
   4.07999992       2.35623908    
   4.08999968       2.36140251    
   4.09999990       2.36655831    
   4.11000013       2.37172079    
   4.11999989       2.37687707    
   4.13000011       2.38203454    
   4.13999987       2.38719225    
   4.15000010       2.39234853    
   4.15999985       2.39750075    
   4.17000008       2.40265799    
   4.17999983       2.40780997    
   4.19000006       2.41296577    
   4.19999981       2.41811466    
   4.21000004       2.42326713    
   4.21999979       2.42841721    
   4.23000002       2.43356824    
   4.23999977       2.43871570    
   4.25000000       2.44386554    
   4.25999975       2.44901299    
   4.26999998       2.45415974    
   4.27999973       2.45930719    
   4.28999996       2.46445322    
   4.29999971       2.46959615    
   4.30999994       2.47474074    
   4.31999969       2.47988653    
   4.32999992       2.48502779    
   4.33999968       2.49016714    
   4.34999990       2.49531174    
   4.36000013       2.50045276    
   4.36999989       2.50559402    
   4.38000011       2.51072812    
   4.38999987       2.51587057    
   4.40000010       2.52100706    
   4.40999985       2.52614546    
   4.42000008       2.53128123    
   4.42999983       2.53641772    
   4.44000006       2.54155374    
   4.44999981       2.54668903    
   4.46000004       2.55182314    
   4.46999979       2.55695629    
   4.48000002       2.56209111    
   4.48999977       2.56722140    
   4.50000000       2.57235503    
   4.50999975       2.57748556    
   4.51999998       2.58261490    
   4.52999973       2.58774924    
   4.53999996       2.59287572    
   4.54999971       2.59800506    
   4.55999994       2.60313296    
   4.56999969       2.60826182    
   4.57999992       2.61338854    
   4.58999968       2.61851454    
   4.59999990       2.62364054    
   4.61000013       2.62876487    
   4.61999989       2.63388944    
   4.63000011       2.63901544    
   4.63999987       2.64413977    
   4.65000010       2.64926195    
   4.65999985       2.65438652    
   4.67000008       2.65950799    
   4.67999983       2.66462731    
   4.69000006       2.66975045    
   4.69999981       2.67487073    
   4.71000004       2.67999125    
   4.71999979       2.68511033    
   4.73000002       2.69022870    
   4.73999977       2.69534564    
   4.75000000       2.70046353    
   4.75999975       2.70558214    
   4.76999998       2.71069980    
   4.77999973       2.71581578    
   4.78999996       2.72093248    
   4.79999971       2.72604585    
   4.80999994       2.73116183    
   4.81999969       2.73627734    
   4.82999992       2.74139071    
   4.83999968       2.74650574    
   4.84999990       2.75161648    
   4.85999966       2.75673103    
   4.86999989       2.76184225    
   4.88000011       2.76695347    
   4.88999987       2.77206492    
   4.90000010       2.77717614    
   4.90999985       2.78228569    
   4.92000008       2.78739500    
   4.92999983       2.79250550    
   4.94000006       2.79761171    
   4.94999981       2.80272031    
   4.96000004       2.80782938    
   4.96999979       2.81293845    
   4.98000002       2.81804562    
   4.98999977       2.82315159    
   5.00000000       2.82825780    
   5.00999975       2.83336401    
   5.01999998       2.83847070    
   5.02999973       2.84357405    
   5.03999996       2.84867907    
   5.04999971       2.85378289    
   5.05999994       2.85888457    
   5.06999969       2.86398673    
   5.07999992       2.86908960    
   5.08999968       2.87419367    
   5.09999990       2.87929296    
   5.10999966       2.88439417    
   5.11999989       2.88949680    
   5.13000011       2.89460039    
   5.13999987       2.89969826    
   5.15000010       2.90479898    
   5.15999985       2.90989900    
   5.17000008       2.91499877    
   5.17999983       2.92009568    
   5.19000006       2.92519569    
   5.19999981       2.93029308    
   5.21000004       2.93538952    
   5.21999979       2.94048667    
   5.23000002       2.94558001    
   5.23999977       2.95067883    
   5.25000000       2.95577550    
   5.25999975       2.96087003    
   5.26999998       2.96596789    
   5.27999973       2.97106099    
   5.28999996       2.97615671    
   5.29999971       2.98125100    
   5.30999994       2.98634243    
   5.31999969       2.99143553    
   5.32999992       2.99652934    
   5.33999968       3.00162387    
   5.34999990       3.00671697    
   5.35999966       3.01180696    
   5.36999989       3.01689935    
   5.38000011       3.02198958    
   5.38999987       3.02708220    
   5.40000010       3.03216958    
   5.40999985       3.03726268    
   5.42000008       3.04235148    
   5.42999983       3.04743958    
   5.44000006       3.05252981    
   5.44999981       3.05761909    
   5.46000004       3.06270695    
   5.46999979       3.06779480    
   5.48000002       3.07288098    
   5.48999977       3.07797098    
   5.50000000       3.08305907    
   5.50999975       3.08814502    
