   9.99999978E-03  -6.15196586E-06
   1.99999996E-02  -1.23573627E-05
   2.99999993E-02  -1.85516037E-05
   3.99999991E-02  -2.46721193E-05
   4.99999970E-02  -3.06608781E-05
   5.99999987E-02  -3.69830523E-05
   7.00000003E-02  -4.30117798E-05
   7.99999982E-02  -4.91856808E-05
   8.99999961E-02  -5.54762883E-05
   9.99999940E-02  -6.15524332E-05
  0.109999999      -6.78559736E-05
  0.119999997      -7.36329166E-05
  0.129999995      -7.89881233E-05
  0.140000001      -8.32806254E-05
  0.149999991      -8.52560988E-05
  0.159999996      -8.06736134E-05
  0.170000002      -6.87019419E-05
  0.179999992      -5.10193167E-05
  0.189999998       3.25863220E-06
  0.199999988       4.78473194E-05
  0.209999993       1.80788964E-04
  0.219999999       2.77816202E-04
  0.229999989       4.83764306E-04
  0.239999995       8.42830981E-04
  0.250000000       9.94301285E-04
  0.259999990       1.41797087E-03
  0.269999981       2.16686307E-03
  0.280000001       2.86072912E-03
  0.289999992       3.09189456E-03
  0.299999982       3.92892025E-03
  0.310000002       5.29924920E-03
  0.319999993       7.23906001E-03
  0.329999983       8.26103799E-03
  0.340000004       8.55191424E-03
  0.349999994       9.80175193E-03
  0.359999985       1.17007904E-02
  0.370000005       1.44531643E-02
  0.379999995       1.83172915E-02
  0.389999986       2.27343552E-02
  0.399999976       2.30253600E-02
  0.409999996       2.35328972E-02
  0.419999987       2.51323730E-02
  0.429999977       2.74355132E-02
  0.439999998       3.04902699E-02
  0.449999988       3.44763510E-02
  0.459999979       3.96933481E-02
  0.469999999       4.65620346E-02
  0.479999989       5.54441139E-02
  0.489999980       6.51500151E-02
  0.500000000       6.62703514E-02
  0.509999990       6.52530566E-02
  0.519999981       6.63327649E-02
  0.529999971       6.83035403E-02
  0.539999962       7.09410906E-02
  0.550000012       7.41925687E-02
  0.560000002       7.80765861E-02
  0.569999993       8.26584473E-02
  0.579999983       8.80441591E-02
  0.589999974       9.43883061E-02
  0.599999964      0.101897687    
  0.610000014      0.110867105    
  0.620000005      0.121685199    
  0.629999995      0.134853676    
  0.639999986      0.150902331    
  0.649999976      0.169795290    
  0.659999967      0.187568158    
  0.669999957      0.187851042    
  0.680000007      0.186213464    
  0.689999998      0.186438978    
  0.699999988      0.187623680    
  0.709999979      0.189460814    
  0.719999969      0.191803709    
  0.729999959      0.194573253    
  0.740000010      0.197724804    
  0.750000000      0.201233983    
  0.759999990      0.205089077    
  0.769999981      0.209288165    
  0.779999971      0.213836297    
  0.789999962      0.218744665    
  0.799999952      0.224030763    
  0.810000002      0.229716316    
  0.819999993      0.235829666    
  0.829999983      0.242404372    
  0.839999974      0.249481395    
  0.849999964      0.257108390    
  0.859999955      0.265343040    
  0.870000005      0.274252176    
  0.879999995      0.283916205    
  0.889999986      0.294428706    
  0.899999976      0.305901855    
  0.909999967      0.318468839    
  0.919999957      0.332283467    
  0.930000007      0.347540468    
  0.939999998      0.364442080    
  0.949999988      0.383227289    
  0.959999979      0.404117107    
  0.969999969      0.427227199    
  0.979999959      0.452282578    
  0.989999950      0.477712154    
   1.00000000      0.497412413    
   1.00999999      0.505475163    
   1.01999998      0.510798693    
   1.02999997      0.515196681    
   1.03999996      0.519179881    
   1.04999995      0.522965908    
   1.05999994      0.526663005    
   1.06999993      0.530330360    
   1.07999992      0.534002483    
   1.09000003      0.537700772    
   1.10000002      0.541438103    
   1.11000001      0.545221984    
   1.12000000      0.549054086    
   1.13000000      0.552950263    
   1.13999999      0.556900024    
   1.14999998      0.560908854    
   1.15999997      0.564975977    
   1.16999996      0.569108188    
   1.17999995      0.573299527    
   1.18999994      0.577551961    
   1.19999993      0.581865549    
   1.20999992      0.586248994    
   1.22000003      0.590677917    
   1.23000002      0.595177591    
   1.24000001      0.599738538    
   1.25000000      0.604362726    
   1.25999999      0.609048486    
   1.26999998      0.613798440    
   1.27999997      0.618612170    
   1.28999996      0.623489499    
   1.29999995      0.628431499    
   1.30999994      0.633438349    
   1.31999993      0.638511360    
   1.32999992      0.643651307    
   1.33999991      0.648859262    
   1.35000002      0.654134333    
   1.36000001      0.659480333    
   1.37000000      0.664895177    
   1.38000000      0.670382023    
   1.38999999      0.675935566    
   1.39999998      0.681575418    
   1.40999997      0.687283695    
   1.41999996      0.693067849    
   1.42999995      0.698930502    
   1.43999994      0.704872489    
   1.44999993      0.710895777    
   1.45999992      0.717000544    
   1.46999991      0.723189771    
   1.48000002      0.729465604    
   1.49000001      0.735828936    
   1.50000000      0.742280900    
   1.50999999      0.748824954    
   1.51999998      0.755463421    
   1.52999997      0.762198448    
   1.53999996      0.769030392    
   1.54999995      0.775963545    
   1.55999994      0.782999098    
   1.56999993      0.790139735    
   1.57999992      0.797388911    
   1.58999991      0.804748654    
   1.59999990      0.812220931    
   1.61000001      0.819811463    
   1.62000000      0.827520609    
   1.63000000      0.835350931    
   1.63999999      0.843308568    
   1.64999998      0.851394475    
   1.65999997      0.859613299    
   1.66999996      0.867967725    
   1.67999995      0.876462042    
   1.68999994      0.885099947    
   1.69999993      0.893883884    
   1.70999992      0.902819753    
   1.71999991      0.911910474    
   1.73000002      0.921160817    
   1.74000001      0.930574715    
   1.75000000      0.940156281    
   1.75999999      0.949910522    
   1.76999998      0.959840894    
   1.77999997      0.969952703    
   1.78999996      0.980249465    
   1.79999995      0.990736246    
   1.80999994       1.00141692    
   1.81999993       1.01229596    
   1.82999992       1.02337778    
   1.83999991       1.03466487    
   1.84999990       1.04616022    
   1.86000001       1.05786717    
   1.87000000       1.06978929    
   1.88000000       1.08192348    
   1.88999999       1.09427381    
   1.89999998       1.10683584    
   1.90999997       1.11960900    
   1.91999996       1.13258588    
   1.92999995       1.14575732    
   1.93999994       1.15911305    
   1.94999993       1.17263651    
   1.95999992       1.18630195    
   1.96999991       1.20008373    
   1.97999990       1.21394193    
   1.99000001       1.22782350    
   2.00000000       1.24166512    
   2.00999999       1.25512111    
   2.01999998       1.26785302    
   2.02999997       1.27992010    
   2.03999996       1.29140055    
   2.04999995       1.30236804    
   2.05999994       1.31288183    
   2.06999993       1.32299697    
   2.07999992       1.33275926    
   2.08999991       1.34220457    
   2.09999990       1.35136771    
   2.10999990       1.36027527    
   2.11999989       1.36895514    
   2.12999988       1.37742770    
   2.13999987       1.38571131    
   2.14999986       1.39382267    
   2.15999985       1.40177739    
   2.16999984       1.40958846    
   2.18000007       1.41726720    
   2.19000006       1.42482257    
   2.20000005       1.43226850    
   2.21000004       1.43960893    
   2.22000003       1.44685256    
   2.23000002       1.45400906    
   2.24000001       1.46108019    
   2.25000000       1.46807623    
   2.25999999       1.47499728    
   2.26999998       1.48185313    
   2.27999997       1.48864508    
   2.28999996       1.49537921    
   2.29999995       1.50205696    
   2.30999994       1.50868273    
   2.31999993       1.51525939    
   2.32999992       1.52179003    
   2.33999991       1.52827561    
   2.34999990       1.53472292    
   2.35999990       1.54112935    
   2.36999989       1.54750049    
   2.37999988       1.55383527    
   2.38999987       1.56014013    
   2.39999986       1.56641042    
   2.40999985       1.57265270    
   2.41999984       1.57886577    
   2.42999983       1.58505273    
   2.44000006       1.59121382    
   2.45000005       1.59735155    
   2.46000004       1.60346520    
   2.47000003       1.60955751    
   2.48000002       1.61562812    
   2.49000001       1.62167835    
   2.50000000       1.62771094    
   2.50999999       1.63372242    
   2.51999998       1.63971722    
   2.52999997       1.64569628    
   2.53999996       1.65165865    
   2.54999995       1.65760493    
   2.55999994       1.66353738    
   2.56999993       1.66945374    
   2.57999992       1.67535758    
   2.58999991       1.68124795    
   2.59999990       1.68712616    
   2.60999990       1.69298995    
   2.61999989       1.69884443    
   2.62999988       1.70468605    
   2.63999987       1.71051788    
   2.64999986       1.71633804    
   2.65999985       1.72214735    
   2.66999984       1.72794867    
   2.67999983       1.73373878    
   2.69000006       1.73952127    
   2.70000005       1.74529469    
   2.71000004       1.75105822    
   2.72000003       1.75681353    
   2.73000002       1.76256144    
   2.74000001       1.76830149    
   2.75000000       1.77403331    
   2.75999999       1.77975857    
   2.76999998       1.78547788    
   2.77999997       1.79118848    
   2.78999996       1.79689169    
   2.79999995       1.80259025    
   2.80999994       1.80828202    
   2.81999993       1.81396687    
   2.82999992       1.81964874    
   2.83999991       1.82532191    
   2.84999990       1.83098948    
   2.85999990       1.83665144    
   2.86999989       1.84230864    
   2.87999988       1.84796095    
   2.88999987       1.85360825    
   2.89999986       1.85925031    
   2.90999985       1.86488855    
   2.91999984       1.87052190    
   2.92999983       1.87614858    
   2.93999982       1.88177264    
   2.95000005       1.88739192    
   2.96000004       1.89300692    
   2.97000003       1.89861703    
   2.98000002       1.90422463    
   2.99000001       1.90982711    
   3.00000000       1.91542625    
   3.00999999       1.92102289    
   3.01999998       1.92661357    
   3.02999997       1.93220150    
   3.03999996       1.93778634    
   3.04999995       1.94336712    
   3.05999994       1.94894564    
   3.06999993       1.95451987    
   3.07999992       1.96009135    
   3.08999991       1.96565878    
   3.09999990       1.97122455    
   3.10999990       1.97678673    
   3.11999989       1.98234487    
   3.12999988       1.98790085    
   3.13999987       1.99345422    
   3.14999986       1.99900508    
   3.15999985       2.00455141    
   3.16999984       2.01009798    
   3.17999983       2.01563931    
   3.18999982       2.02117872    
   3.19999981       2.02671671    
   3.21000004       2.03225207    
   3.22000003       2.03778315    
   3.23000002       2.04331255    
   3.24000001       2.04884052    
   3.25000000       2.05436540    
   3.25999999       2.05988789    
   3.26999998       2.06540775    
   3.27999997       2.07092714    
   3.28999996       2.07644367    
   3.29999995       2.08195662    
   3.30999994       2.08746958    
   3.31999993       2.09297872    
   3.32999992       2.09848785    
   3.33999991       2.10399294    
   3.34999990       2.10949445    
   3.35999990       2.11499906    
   3.36999989       2.12049890    
   3.37999988       2.12599730    
   3.38999987       2.13149357    
   3.39999986       2.13698649    
   3.40999985       2.14248085    
   3.41999984       2.14796996    
   3.42999983       2.15345788    
   3.43999982       2.15894699    
   3.44999981       2.16443396    
   3.46000004       2.16991639    
   3.47000003       2.17540002    
   3.48000002       2.18087935    
   3.49000001       2.18635798    
   3.50000000       2.19183683    
   3.50999999       2.19731259    
   3.51999998       2.20278573    
   3.52999997       2.20826006    
   3.53999996       2.21373248    
   3.54999995       2.21920037    
   3.55999994       2.22467089    
   3.56999993       2.23013854    
   3.57999992       2.23560381    
   3.58999991       2.24106765    
   3.59999990       2.24653053    
   3.60999990       2.25199103    
   3.61999989       2.25745296    
   3.62999988       2.26291156    
   3.63999987       2.26836681    
   3.64999986       2.27382541    
   3.65999985       2.27927971    
   3.66999984       2.28473258    
   3.67999983       2.29018569    
   3.68999982       2.29563713    
   3.69999981       2.30108571    
   3.70999980       2.30653477    
   3.72000003       2.31198454    
   3.73000002       2.31743002    
   3.74000001       2.32287383    
   3.75000000       2.32831812    
   3.75999999       2.33375978    
   3.76999998       2.33920312    
   3.77999997       2.34464383    
   3.78999996       2.35008454    
   3.79999995       2.35551977    
   3.80999994       2.36095810    
   3.81999993       2.36639667    
   3.82999992       2.37183213    
   3.83999991       2.37726426    
   3.84999990       2.38269734    
   3.85999990       2.38812947    
   3.86999989       2.39355898    
   3.87999988       2.39899039    
   3.88999987       2.40442061    
   3.89999986       2.40984678    
   3.90999985       2.41527414    
   3.91999984       2.42069888    
   3.92999983       2.42612553    
   3.93999982       2.43154788    
   3.94999981       2.43697262    
   3.95999980       2.44239569    
   3.97000003       2.44781733    
   3.98000002       2.45323586    
   3.99000001       2.45865750    
   4.00000000       2.46407628    
   4.00999975       2.46949458    
   4.01999998       2.47490931    
   4.02999973       2.48032522    
   4.03999996       2.48574162    
   4.04999971       2.49115610    
   4.05999994       2.49656749    
   4.06999969       2.50198150    
   4.07999992       2.50739288    
   4.08999968       2.51280546    
   4.09999990       2.51821399    
   4.11000013       2.52362347    
   4.11999989       2.52903104    
   4.13000011       2.53443980    
   4.13999987       2.53984451    
   4.15000010       2.54525304    
   4.15999985       2.55065775    
   4.17000008       2.55606294    
   4.17999983       2.56146240    
   4.19000006       2.56686997    
   4.19999981       2.57227254    
   4.21000004       2.57767153    
   4.21999979       2.58307171    
   4.23000002       2.58847237    
   4.23999977       2.59387255    
   4.25000000       2.59927106    
   4.25999975       2.60466933    
   4.26999998       2.61006641    
   4.27999973       2.61546135    
   4.28999996       2.62085891    
   4.29999971       2.62625122    
   4.30999994       2.63164854    
   4.31999969       2.63704014    
   4.32999992       2.64243388    
   4.33999968       2.64782548    
   4.34999990       2.65321732    
   4.36000013       2.65860868    
   4.36999989       2.66399908    
   4.38000011       2.66938734    
   4.38999987       2.67477775    
   4.40000010       2.68016481    
   4.40999985       2.68555379    
   4.42000008       2.69094038    
   4.42999983       2.69632745    
   4.44000006       2.70171356    
   4.44999981       2.70709705    
   4.46000004       2.71248126    
   4.46999979       2.71786666    
   4.48000002       2.72324872    
   4.48999977       2.72863173    
   4.50000000       2.73401451    
   4.50999975       2.73939610    
   4.51999998       2.74477625    
   4.52999973       2.75015783    
   4.53999996       2.75553679    
   4.54999971       2.76091528    
   4.55999994       2.76629329    
   4.56999969       2.77167320    
   4.57999992       2.77705073    
   4.58999968       2.78242731    
   4.59999990       2.78780270    
   4.61000013       2.79318333    
   4.61999989       2.79855466    
   4.63000011       2.80393004    
   4.63999987       2.80930448    
   4.65000010       2.81467700    
   4.65999985       2.82005095    
   4.67000008       2.82542229    
   4.67999983       2.83079672    
   4.69000006       2.83616567    
   4.69999981       2.84153819    
   4.71000004       2.84690809    
   4.71999979       2.85227919    
   4.73000002       2.85764813    
   4.73999977       2.86301613    
   4.75000000       2.86838484    
   4.75999975       2.87375140    
   4.76999998       2.87911820    
   4.77999973       2.88448715    
   4.78999996       2.88985324    
   4.79999971       2.89521742    
   4.80999994       2.90058327    
   4.81999969       2.90594840    
   4.82999992       2.91131234    
   4.83999968       2.91667652    
   4.84999990       2.92204261    
   4.85999966       2.92740321    
   4.86999989       2.93276596    
   4.88000011       2.93812728    
   4.88999987       2.94348907    
   4.90000010       2.94885015    
   4.90999985       2.95420957    
   4.92000008       2.95957136    
   4.92999983       2.96493149    
   4.94000006       2.97028828    
   4.94999981       2.97564721    
   4.96000004       2.98100758    
   4.96999979       2.98636508    
   4.98000002       2.99172473    
   4.98999977       2.99707985    
   5.00000000       3.00243592    
   5.00999975       3.00779080    
   5.01999998       3.01314759    
   5.02999973       3.01850319    
   5.03999996       3.02385759    
   5.04999971       3.02921295    
   5.05999994       3.03456569    
   5.06999969       3.03992105    
   5.07999992       3.04527378    
   5.08999968       3.05062747    
   5.09999990       3.05597425    
   5.10999966       3.06132913    
   5.11999989       3.06668115    
   5.13000011       3.07203197    
   5.13999987       3.07738280    
   5.15000010       3.08273578    
   5.15999985       3.08808398    
   5.17000008       3.09343266    
   5.17999983       3.09878039    
   5.19000006       3.10413051    
   5.19999981       3.10947871    
   5.21000004       3.11482501    
   5.21999979       3.12017322    
   5.23000002       3.12552309    
   5.23999977       3.13086891    
   5.25000000       3.13621426    
   5.25999975       3.14156318    
   5.26999998       3.14690757    
   5.27999973       3.15225244    
   5.28999996       3.15759850    
   5.29999971       3.16293979    
   5.30999994       3.16828609    
   5.31999969       3.17362809    
   5.32999992       3.17897224    
   5.33999968       3.18431449    
   5.34999990       3.18965673    
   5.35999966       3.19500113    
   5.36999989       3.20034242    
   5.38000011       3.20568490    
   5.38999987       3.21102309    
   5.40000010       3.21636653    
   5.40999985       3.22170806    
   5.42000008       3.22704506    
   5.42999983       3.23238707    
   5.44000006       3.23772621    
   5.44999981       3.24306607    
   5.46000004       3.24840331    
   5.46999979       3.25374222    
   5.48000002       3.25908041    
   5.48999977       3.26441717    
   5.50000000       3.26975560    
   5.50999975       3.27509427    
