   9.99999978E-03  -6.96714642E-06
   1.99999996E-02  -1.41441178E-05
   2.99999993E-02  -1.78193332E-05
   3.99999991E-02  -2.84238558E-05
   4.99999970E-02  -3.57326062E-05
   5.99999987E-02  -4.23342717E-05
   7.00000003E-02  -4.97976580E-05
   7.99999982E-02  -5.68195755E-05
   8.99999961E-02  -6.41264123E-05
   9.99999940E-02  -7.11849498E-05
  0.109999999      -7.78915564E-05
  0.119999997      -8.37921980E-05
  0.129999995      -8.74979742E-05
  0.140000001      -8.65146139E-05
  0.149999991      -7.79399052E-05
  0.159999996      -5.25505893E-05
  0.170000002      -1.30814442E-06
  0.179999992       5.91041389E-05
  0.189999998       2.10261191E-04
  0.199999988       3.39624647E-04
  0.209999993       6.67013403E-04
  0.219999999       8.78523977E-04
  0.229999989       1.38889183E-03
  0.239999995       2.10089074E-03
  0.250000000       2.42017070E-03
  0.259999990       3.35913221E-03
  0.269999981       4.81471699E-03
  0.280000001       5.87206986E-03
  0.289999992       6.44579064E-03
  0.299999982       8.10275041E-03
  0.310000002       1.06334705E-02
  0.319999993       1.37717351E-02
  0.329999983       1.50034074E-02
  0.340000004       1.57684628E-02
  0.349999994       1.80261601E-02
  0.359999985       2.13339832E-02
  0.370000005       2.59258561E-02
  0.379999995       3.19086164E-02
  0.389999986       3.77393439E-02
  0.399999976       3.77348326E-02
  0.409999996       3.88112329E-02
  0.419999987       4.14394028E-02
  0.429999977       4.51212823E-02
  0.439999998       4.99205925E-02
  0.449999988       5.60579188E-02
  0.459999979       6.38798252E-02
  0.469999999       7.37591833E-02
  0.479999989       8.56765732E-02
  0.489999980       9.70729068E-02
  0.500000000       9.74966809E-02
  0.509999990       9.66631025E-02
  0.519999981       9.83993858E-02
  0.529999971      0.101312600    
  0.539999962      0.105127051    
  0.550000012      0.109776378    
  0.560000002      0.115281776    
  0.569999993      0.121722154    
  0.579999983      0.129223317    
  0.589999974      0.137961730    
  0.599999964      0.148174033    
  0.610000014      0.160163239    
  0.620000005      0.174301773    
  0.629999995      0.190986305    
  0.639999986      0.210427642    
  0.649999976      0.231781796    
  0.659999967      0.249693483    
  0.669999957      0.249702811    
  0.680000007      0.248449728    
  0.689999998      0.249157161    
  0.699999988      0.250937968    
  0.709999979      0.253472298    
  0.719999969      0.256603569    
  0.729999959      0.260246068    
  0.740000010      0.264350295    
  0.750000000      0.268888593    
  0.759999990      0.273847729    
  0.769999981      0.279225409    
  0.779999971      0.285026729    
  0.789999962      0.291263700    
  0.799999952      0.297954947    
  0.810000002      0.305123299    
  0.819999993      0.312800556    
  0.829999983      0.321021438    
  0.839999974      0.329828799    
  0.849999964      0.339272946    
  0.859999955      0.349412024    
  0.870000005      0.360315114    
  0.879999995      0.372058153    
  0.889999986      0.384733319    
  0.899999976      0.398443669    
  0.909999967      0.413308501    
  0.919999957      0.429460943    
  0.930000007      0.447047144    
  0.939999998      0.466218442    
  0.949999988      0.487108678    
  0.959999979      0.509792268    
  0.969999969      0.534158707    
  0.979999959      0.559627950    
  0.989999950      0.584388137    
   1.00000000      0.603141665    
   1.00999999      0.611953199    
   1.01999998      0.618217170    
   1.02999997      0.623536408    
   1.03999996      0.628404140    
   1.04999995      0.633041561    
   1.05999994      0.637563825    
   1.06999993      0.642036140    
   1.07999992      0.646498859    
   1.09000003      0.650977314    
   1.10000002      0.655485749    
   1.11000001      0.660035908    
   1.12000000      0.664635420    
   1.13000000      0.669288576    
   1.13999999      0.674000204    
   1.14999998      0.678770065    
   1.15999997      0.683601141    
   1.16999996      0.688496292    
   1.17999995      0.693454146    
   1.18999994      0.698476195    
   1.19999993      0.703562915    
   1.20999992      0.708714604    
   1.22000003      0.713932276    
   1.23000002      0.719215930    
   1.24000001      0.724564433    
   1.25000000      0.729980171    
   1.25999999      0.735462487    
   1.26999998      0.741013169    
   1.27999997      0.746632516    
   1.28999996      0.752318442    
   1.29999995      0.758073926    
   1.30999994      0.763899982    
   1.31999993      0.769796133    
   1.32999992      0.775763750    
   1.33999991      0.781802893    
   1.35000002      0.787914813    
   1.36000001      0.794100404    
   1.37000000      0.800361454    
   1.38000000      0.806697607    
   1.38999999      0.813108683    
   1.39999998      0.819601238    
   1.40999997      0.826172292    
   1.41999996      0.832823098    
   1.42999995      0.839555323    
   1.43999994      0.846370816    
   1.44999993      0.853271008    
   1.45999992      0.860257208    
   1.46999991      0.867330611    
   1.48000002      0.874493778    
   1.49000001      0.881747663    
   1.50000000      0.889093995    
   1.50999999      0.896534562    
   1.51999998      0.904071987    
   1.52999997      0.911706924    
   1.53999996      0.919441700    
   1.54999995      0.927279770    
   1.55999994      0.935220718    
   1.56999993      0.943268836    
   1.57999992      0.951425135    
   1.58999991      0.959692597    
   1.59999990      0.968074322    
   1.61000001      0.976571023    
   1.62000000      0.985185266    
   1.63000000      0.993921161    
   1.63999999       1.00278008    
   1.64999998       1.01176655    
   1.65999997       1.02087998    
   1.66999996       1.03012621    
   1.67999995       1.03950620    
   1.68999994       1.04902375    
   1.69999993       1.05868125    
   1.70999992       1.06848252    
   1.71999991       1.07842910    
   1.73000002       1.08852494    
   1.74000001       1.09877419    
   1.75000000       1.10917699    
   1.75999999       1.11973751    
   1.76999998       1.13045967    
   1.77999997       1.14134467    
   1.78999996       1.15239561    
   1.79999995       1.16361392    
   1.80999994       1.17500293    
   1.81999993       1.18656349    
   1.82999992       1.19829762    
   1.83999991       1.21020663    
   1.84999990       1.22228897    
   1.86000001       1.23454678    
   1.87000000       1.24697745    
   1.88000000       1.25957966    
   1.88999999       1.27234817    
   1.89999998       1.28528047    
   1.90999997       1.29836690    
   1.91999996       1.31160021    
   1.92999995       1.32496822    
   1.93999994       1.33845580    
   1.94999993       1.35204363    
   1.95999992       1.36570609    
   1.96999991       1.37941647    
   1.97999990       1.39313376    
   1.99000001       1.40681505    
   2.00000000       1.42039955    
   2.00999999       1.43356967    
   2.01999998       1.44605529    
   2.02999997       1.45793116    
   2.03999996       1.46927977    
   2.04999995       1.48016596    
   2.05999994       1.49064052    
   2.06999993       1.50075471    
   2.07999992       1.51055801    
   2.08999991       1.52007341    
   2.09999990       1.52933395    
   2.10999990       1.53836310    
   2.11999989       1.54718649    
   2.12999988       1.55582142    
   2.13999987       1.56428397    
   2.14999986       1.57259214    
   2.15999985       1.58075559    
   2.16999984       1.58878863    
   2.18000007       1.59670198    
   2.19000006       1.60450315    
   2.20000005       1.61220253    
   2.21000004       1.61980498    
   2.22000003       1.62732100    
   2.23000002       1.63475442    
   2.24000001       1.64211071    
   2.25000000       1.64939773    
   2.25999999       1.65661633    
   2.26999998       1.66377306    
   2.27999997       1.67087352    
   2.28999996       1.67791629    
   2.29999995       1.68491256    
   2.30999994       1.69185519    
   2.31999993       1.69875646    
   2.32999992       1.70561206    
   2.33999991       1.71242952    
   2.34999990       1.71920764    
   2.35999990       1.72595131    
   2.36999989       1.73265946    
   2.37999988       1.73933423    
   2.38999987       1.74598169    
   2.39999986       1.75259817    
   2.40999985       1.75918674    
   2.41999984       1.76575053    
   2.42999983       1.77228773    
   2.44000006       1.77880251    
   2.45000005       1.78529406    
   2.46000004       1.79176319    
   2.47000003       1.79821289    
   2.48000002       1.80464280    
   2.49000001       1.81105232    
   2.50000000       1.81744647    
   2.50999999       1.82382202    
   2.51999998       1.83018053    
   2.52999997       1.83652413    
   2.53999996       1.84285283    
   2.54999995       1.84916711    
   2.55999994       1.85546505    
   2.56999993       1.86175215    
   2.57999992       1.86802626    
   2.58999991       1.87428653    
   2.59999990       1.88053584    
   2.60999990       1.88677382    
   2.61999989       1.89299905    
   2.62999988       1.89921641    
   2.63999987       1.90542114    
   2.64999986       1.91161716    
   2.65999985       1.91780353    
   2.66999984       1.92398107    
   2.67999983       1.93014812    
   2.69000006       1.93630850    
   2.70000005       1.94246078    
   2.71000004       1.94860315    
   2.72000003       1.95473778    
   2.73000002       1.96086812    
   2.74000001       1.96698678    
   2.75000000       1.97310054    
   2.75999999       1.97920632    
   2.76999998       1.98530698    
   2.77999997       1.99139965    
   2.78999996       1.99748623    
   2.79999995       2.00356650    
   2.80999994       2.00964284    
   2.81999993       2.01571083    
   2.82999992       2.02177620    
   2.83999991       2.02783370    
   2.84999990       2.03388691    
   2.85999990       2.03993511    
   2.86999989       2.04597807    
   2.87999988       2.05201483    
   2.88999987       2.05804825    
   2.89999986       2.06407619    
   2.90999985       2.07010126    
   2.91999984       2.07612109    
   2.92999983       2.08213758    
   2.93999982       2.08814692    
   2.95000005       2.09415650    
   2.96000004       2.10015869    
   2.97000003       2.10615849    
   2.98000002       2.11215305    
   2.99000001       2.11814666    
   3.00000000       2.12413263    
   3.00999999       2.13011789    
   3.01999998       2.13609934    
   3.02999997       2.14207625    
   3.03999996       2.14805126    
   3.04999995       2.15402126    
   3.05999994       2.15998983    
   3.06999993       2.16595459    
   3.07999992       2.17191792    
   3.08999991       2.17787313    
   3.09999990       2.18383217    
   3.10999990       2.18978405    
   3.11999989       2.19573593    
   3.12999988       2.20168304    
   3.13999987       2.20762777    
   3.14999986       2.21356988    
   3.15999985       2.21951175    
   3.16999984       2.22544694    
   3.17999983       2.23138237    
   3.18999982       2.23731422    
   3.19999981       2.24324393    
   3.21000004       2.24917054    
   3.22000003       2.25509620    
   3.23000002       2.26102090    
   3.24000001       2.26693964    
   3.25000000       2.27285862    
   3.25999999       2.27877498    
   3.26999998       2.28468633    
   3.27999997       2.29060292    
   3.28999996       2.29651117    
   3.29999995       2.30241656    
   3.30999994       2.30832505    
   3.31999993       2.31422615    
   3.32999992       2.32012844    
   3.33999991       2.32603073    
   3.34999990       2.33192754    
   3.35999990       2.33782697    
   3.36999989       2.34371877    
   3.37999988       2.34961224    
   3.38999987       2.35550094    
   3.39999986       2.36139297    
   3.40999985       2.36728120    
   3.41999984       2.37316370    
   3.42999983       2.37905025    
   3.43999982       2.38493204    
   3.44999981       2.39081216    
   3.46000004       2.39669633    
   3.47000003       2.40257311    
   3.48000002       2.40845037    
   3.49000001       2.41432238    
   3.50000000       2.42019463    
   3.50999999       2.42606783    
   3.51999998       2.43193769    
   3.52999997       2.43780541    
   3.53999996       2.44367480    
   3.54999995       2.44954014    
   3.55999994       2.45540619    
   3.56999993       2.46126938    
   3.57999992       2.46713090    
   3.58999991       2.47298908    
   3.59999990       2.47885108    
   3.60999990       2.48470831    
   3.61999989       2.49056697    
   3.62999988       2.49642086    
   3.63999987       2.50227618    
   3.64999986       2.50812817    
   3.65999985       2.51398087    
   3.66999984       2.51983261    
   3.67999983       2.52567887    
   3.68999982       2.53152752    
   3.69999981       2.53737569    
   3.70999980       2.54322195    
   3.72000003       2.54906464    
   3.73000002       2.55490947    
   3.74000001       2.56075311    
   3.75000000       2.56659317    
   3.75999999       2.57243514    
   3.76999998       2.57827377    
   3.77999997       2.58411145    
   3.78999996       2.58994770    
   3.79999995       2.59578466    
   3.80999994       2.60161781    
   3.81999993       2.60745335    
   3.82999992       2.61328554    
   3.83999991       2.61911869    
   3.84999990       2.62494707    
   3.85999990       2.63077545    
   3.86999989       2.63660574    
   3.87999988       2.64243340    
   3.88999987       2.64826035    
   3.89999986       2.65408850    
   3.90999985       2.65991092    
   3.91999984       2.66573334    
   3.92999983       2.67156005    
   3.93999982       2.67738056    
   3.94999981       2.68320465    
   3.95999980       2.68902349    
   3.97000003       2.69484663    
   3.98000002       2.70066214    
   3.99000001       2.70647955    
   4.00000000       2.71229649    
   4.00999975       2.71811175    
   4.01999998       2.72392869    
   4.02999973       2.72974086    
   4.03999996       2.73555398    
   4.04999971       2.74136782    
   4.05999994       2.74717927    
   4.06999969       2.75298953    
   4.07999992       2.75880194    
   4.08999968       2.76460934    
   4.09999990       2.77041960    
   4.11000013       2.77622676    
   4.11999989       2.78203535    
   4.13000011       2.78784060    
   4.13999987       2.79364753    
   4.15000010       2.79945230    
   4.15999985       2.80525517    
   4.17000008       2.81105924    
   4.17999983       2.81686068    
   4.19000006       2.82266235    
   4.19999981       2.82846546    
   4.21000004       2.83426428    
   4.21999979       2.84006310    
   4.23000002       2.84586143    
   4.23999977       2.85166025    
   4.25000000       2.85745788    
   4.25999975       2.86325502    
   4.26999998       2.86905169    
   4.27999973       2.87484741    
   4.28999996       2.88064003    
   4.29999971       2.88643694    
   4.30999994       2.89223027    
   4.31999969       2.89802241    
   4.32999992       2.90381408    
   4.33999968       2.90960455    
   4.34999990       2.91539383    
   4.36000013       2.92118621    
   4.36999989       2.92697358    
   4.38000011       2.93276286    
   4.38999987       2.93855119    
   4.40000010       2.94433999    
   4.40999985       2.95012641    
   4.42000008       2.95591331    
   4.42999983       2.96169806    
   4.44000006       2.96748352    
   4.44999981       2.97326994    
   4.46000004       2.97905183    
   4.46999979       2.98483586    
   4.48000002       2.99061680    
   4.48999977       2.99639797    
   4.50000000       3.00217843    
   4.50999975       3.00795937    
   4.51999998       3.01374149    
   4.52999973       3.01952004    
   4.53999996       3.02529907    
   4.54999971       3.03108144    
   4.55999994       3.03685808    
   4.56999969       3.04263687    
   4.57999992       3.04841113    
   4.58999968       3.05418849    
   4.59999990       3.05996585    
   4.61000013       3.06573892    
   4.61999989       3.07151341    
   4.63000011       3.07728791    
   4.63999987       3.08306336    
   4.65000010       3.08883548    
   4.65999985       3.09460783    
   4.67000008       3.10038066    
   4.67999983       3.10615134    
   4.69000006       3.11192274    
   4.69999981       3.11769176    
   4.71000004       3.12346363    
   4.71999979       3.12923241    
   4.73000002       3.13500071    
   4.73999977       3.14077067    
   4.75000000       3.14653707    
   4.75999975       3.15230322    
   4.76999998       3.15807080    
   4.77999973       3.16383672    
   4.78999996       3.16960359    
   4.79999971       3.17536926    
   4.80999994       3.18113589    
   4.81999969       3.18689895    
   4.82999992       3.19266438    
   4.83999968       3.19842672    
   4.84999990       3.20418859    
   4.85999966       3.20995164    
   4.86999989       3.21571207    
   4.88000011       3.22147489    
   4.88999987       3.22723818    
   4.90000010       3.23299694    
   4.90999985       3.23875809    
   4.92000008       3.24451637    
   4.92999983       3.25027823    
   4.94000006       3.25603700    
   4.94999981       3.26179528    
   4.96000004       3.26755548    
   4.96999979       3.27331281    
   4.98000002       3.27906704    
   4.98999977       3.28482580    
   5.00000000       3.29058027    
   5.00999975       3.29633808    
   5.01999998       3.30209303    
   5.02999973       3.30784726    
   5.03999996       3.31360245    
   5.04999971       3.31935525    
   5.05999994       3.32510877    
   5.06999969       3.33086395    
   5.07999992       3.33661580    
   5.08999968       3.34236741    
   5.09999990       3.34812045    
   5.10999966       3.35387349    
   5.11999989       3.35962367    
   5.13000011       3.36537480    
   5.13999987       3.37112546    
   5.15000010       3.37687612    
   5.15999985       3.38262415    
   5.17000008       3.38837385    
   5.17999983       3.39412308    
   5.19000006       3.39987326    
   5.19999981       3.40562057    
   5.21000004       3.41136765    
   5.21999979       3.41711497    
   5.23000002       3.42286158    
   5.23999977       3.42860866    
   5.25000000       3.43435478    
   5.25999975       3.44010091    
   5.26999998       3.44584703    
   5.27999973       3.45158911    
   5.28999996       3.45733523    
   5.29999971       3.46308017    
   5.30999994       3.46882677    
   5.31999969       3.47456789    
   5.32999992       3.48031044    
   5.33999968       3.48605442    
   5.34999990       3.49179888    
   5.35999966       3.49754143    
   5.36999989       3.50327826    
   5.38000011       3.50902128    
   5.38999987       3.51476407    
   5.40000010       3.52050591    
   5.40999985       3.52624440    
   5.42000008       3.53198504    
   5.42999983       3.53772402    
   5.44000006       3.54346132    
   5.44999981       3.54920244    
   5.46000004       3.55494261    
   5.46999979       3.56067824    
   5.48000002       3.56641555    
   5.48999977       3.57215309    
   5.50000000       3.57789373    
   5.50999975       3.58362865    
