   9.99999978E-03  -8.25841744E-06
   1.99999996E-02  -1.68829629E-05
   2.99999993E-02  -2.49321092E-05
   3.99999991E-02  -3.32138370E-05
   4.99999970E-02  -4.16176881E-05
   5.99999987E-02  -5.00066562E-05
   7.00000003E-02  -5.80891938E-05
   7.99999982E-02  -6.61059457E-05
   8.99999961E-02  -7.45486250E-05
   9.99999940E-02  -8.24133895E-05
  0.109999999      -8.78240244E-05
  0.119999997      -8.92585667E-05
  0.129999995      -8.01403876E-05
  0.140000001      -5.38672502E-05
  0.149999991      -1.64206358E-06
  0.159999996       9.72684793E-05
  0.170000002       2.81597313E-04
  0.179999992       4.84591845E-04
  0.189999998       8.91562144E-04
  0.199999988       1.28425087E-03
  0.209999993       2.07839906E-03
  0.219999999       2.58694799E-03
  0.229999989       3.85696907E-03
  0.239999995       5.23914723E-03
  0.250000000       6.00674609E-03
  0.259999990       8.11143313E-03
  0.269999981       1.09079983E-02
  0.280000001       1.25029627E-02
  0.289999992       1.39375990E-02
  0.299999982       1.72754135E-02
  0.310000002       2.19371151E-02
  0.319999993       2.68593356E-02
  0.329999983       2.83346772E-02
  0.340000004       3.01640611E-02
  0.349999994       3.43219899E-02
  0.359999985       4.01455313E-02
  0.370000005       4.77842577E-02
  0.379999995       5.68399876E-02
  0.389999986       6.42069355E-02
  0.399999976       6.39034957E-02
  0.409999996       6.60801008E-02
  0.419999987       7.04763681E-02
  0.429999977       7.64463544E-02
  0.439999998       8.40503052E-02
  0.449999988       9.35291871E-02
  0.459999979      0.105187356    
  0.469999999      0.119167753    
  0.479999989      0.134681612    
  0.489999980      0.147484034    
  0.500000000      0.147181004    
  0.509999990      0.146865427    
  0.519999981      0.149686351    
  0.529999971      0.154057860    
  0.539999962      0.159643769    
  0.550000012      0.166357815    
  0.560000002      0.174218893    
  0.569999993      0.183313742    
  0.579999983      0.193778276    
  0.589999974      0.205797091    
  0.599999964      0.219602838    
  0.610000014      0.235463962    
  0.620000005      0.253651559    
  0.629999995      0.274326622    
  0.639999986      0.297197610    
  0.649999976      0.320495844    
  0.659999967      0.337979317    
  0.669999957      0.338114440    
  0.680000007      0.337611705    
  0.689999998      0.339123815    
  0.699999988      0.341812372    
  0.709999979      0.345358610    
  0.719999969      0.349599808    
  0.729999959      0.354446232    
  0.740000010      0.359843791    
  0.750000000      0.365762740    
  0.759999990      0.372187585    
  0.769999981      0.379111081    
  0.779999971      0.386548281    
  0.789999962      0.394500583    
  0.799999952      0.402990043    
  0.810000002      0.412039101    
  0.819999993      0.421678901    
  0.829999983      0.431944877    
  0.839999974      0.442877859    
  0.849999964      0.454525709    
  0.859999955      0.466943353    
  0.870000005      0.480192482    
  0.879999995      0.494341880    
  0.889999986      0.509468496    
  0.899999976      0.525655091    
  0.909999967      0.542992294    
  0.919999957      0.561570942    
  0.930000007      0.581477880    
  0.939999998      0.602778018    
  0.949999988      0.625489414    
  0.959999979      0.649521112    
  0.969999969      0.674560845    
  0.979999959      0.699815512    
  0.989999950      0.723454833    
   1.00000000      0.741228640    
   1.00999999      0.750821769    
   1.01999998      0.758129537    
   1.02999997      0.764513195    
   1.03999996      0.770428240    
   1.04999995      0.776089907    
   1.05999994      0.781614244    
   1.06999993      0.787072003    
   1.07999992      0.792505860    
   1.09000003      0.797943830    
   1.10000002      0.803403378    
   1.11000001      0.808899045    
   1.12000000      0.814439356    
   1.13000000      0.820030391    
   1.13999999      0.825677454    
   1.14999998      0.831383109    
   1.15999997      0.837150037    
   1.16999996      0.842980027    
   1.17999995      0.848875761    
   1.18999994      0.854837298    
   1.19999993      0.860864401    
   1.20999992      0.866959989    
   1.22000003      0.873117328    
   1.23000002      0.879354715    
   1.24000001      0.885655642    
   1.25000000      0.892025173    
   1.25999999      0.898465693    
   1.26999998      0.904977262    
   1.27999997      0.911559999    
   1.28999996      0.918213904    
   1.29999995      0.924939692    
   1.30999994      0.931739450    
   1.31999993      0.938613117    
   1.32999992      0.945558965    
   1.33999991      0.952582538    
   1.35000002      0.959678829    
   1.36000001      0.966854155    
   1.37000000      0.974105775    
   1.38000000      0.981436193    
   1.38999999      0.988845885    
   1.39999998      0.996335149    
   1.40999997       1.00390613    
   1.41999996       1.01156032    
   1.42999995       1.01929748    
   1.43999994       1.02711928    
   1.44999993       1.03502619    
   1.45999992       1.04302156    
   1.46999991       1.05110419    
   1.48000002       1.05927873    
   1.49000001       1.06754208    
   1.50000000       1.07589865    
   1.50999999       1.08435035    
   1.51999998       1.09289610    
   1.52999997       1.10153890    
   1.53999996       1.11028183    
   1.54999995       1.11912394    
   1.55999994       1.12806737    
   1.56999993       1.13711548    
   1.57999992       1.14626837    
   1.58999991       1.15552771    
   1.59999990       1.16489673    
   1.61000001       1.17437518    
   1.62000000       1.18396688    
   1.63000000       1.19367242    
   1.63999999       1.20349324    
   1.64999998       1.21343243    
   1.65999997       1.22348988    
   1.66999996       1.23367155    
   1.67999995       1.24397552    
   1.68999994       1.25440383    
   1.69999993       1.26495934    
   1.70999992       1.27564299    
   1.71999991       1.28645813    
   1.73000002       1.29740357    
   1.74000001       1.30848408    
   1.75000000       1.31969583    
   1.75999999       1.33104730    
   1.76999998       1.34253240    
   1.77999997       1.35415781    
   1.78999996       1.36592007    
   1.79999995       1.37782145    
   1.80999994       1.38985980    
   1.81999993       1.40203691    
   1.82999992       1.41435122    
   1.83999991       1.42680013    
   1.84999990       1.43938327    
   1.86000001       1.45209646    
   1.87000000       1.46493471    
   1.88000000       1.47789419    
   1.88999999       1.49096859    
   1.89999998       1.50415063    
   1.90999997       1.51743114    
   1.91999996       1.53079653    
   1.92999995       1.54423594    
   1.93999994       1.55773115    
   1.94999993       1.57126105    
   1.95999992       1.58480501    
   1.96999991       1.59833252    
   1.97999990       1.61181128    
   1.99000001       1.62520027    
   2.00000000       1.63845026    
   2.00999999       1.65127397    
   2.01999998       1.66346455    
   2.02999997       1.67511308    
   2.03999996       1.68629193    
   2.04999995       1.69706213    
   2.05999994       1.70747292    
   2.06999993       1.71756804    
   2.07999992       1.72738361    
   2.08999991       1.73694909    
   2.09999990       1.74628949    
   2.10999990       1.75542915    
   2.11999989       1.76438379    
   2.12999988       1.77317405    
   2.13999987       1.78181136    
   2.14999986       1.79031169    
   2.15999985       1.79868412    
   2.16999984       1.80694127    
   2.18000007       1.81509185    
   2.19000006       1.82314157    
   2.20000005       1.83110094    
   2.21000004       1.83897316    
   2.22000003       1.84677160    
   2.23000002       1.85449374    
   2.24000001       1.86214781    
   2.25000000       1.86974001    
   2.25999999       1.87727010    
   2.26999998       1.88474560    
   2.27999997       1.89216876    
   2.28999996       1.89954221    
   2.29999995       1.90687215    
   2.30999994       1.91415870    
   2.31999993       1.92140293    
   2.32999992       1.92860746    
   2.33999991       1.93577909    
   2.34999990       1.94291353    
   2.35999990       1.95001721    
   2.36999989       1.95708966    
   2.37999988       1.96413386    
   2.38999987       1.97114944    
   2.39999986       1.97813916    
   2.40999985       1.98510528    
   2.41999984       1.99204612    
   2.42999983       1.99896407    
   2.44000006       2.00586200    
   2.45000005       2.01273751    
   2.46000004       2.01959634    
   2.47000003       2.02643299    
   2.48000002       2.03325415    
   2.49000001       2.04005814    
   2.50000000       2.04684734    
   2.50999999       2.05361938    
   2.51999998       2.06037593    
   2.52999997       2.06711817    
   2.53999996       2.07384801    
   2.54999995       2.08056355    
   2.55999994       2.08726525    
   2.56999993       2.09395671    
   2.57999992       2.10063720    
   2.58999991       2.10730529    
   2.59999990       2.11396456    
   2.60999990       2.12061000    
   2.61999989       2.12724805    
   2.62999988       2.13387442    
   2.63999987       2.14049315    
   2.64999986       2.14710188    
   2.65999985       2.15370417    
   2.66999984       2.16029549    
   2.67999983       2.16688037    
   2.69000006       2.17345643    
   2.70000005       2.18002439    
   2.71000004       2.18658638    
   2.72000003       2.19314218    
   2.73000002       2.19968247    
   2.74000001       2.20622945    
   2.75000000       2.21276402    
   2.75999999       2.21929145    
   2.76999998       2.22581482    
   2.77999997       2.23233056    
   2.78999996       2.23883939    
   2.79999995       2.24534702    
   2.80999994       2.25184751    
   2.81999993       2.25834012    
   2.82999992       2.26483035    
   2.83999991       2.27131438    
   2.84999990       2.27779484    
   2.85999990       2.28427124    
   2.86999989       2.29073954    
   2.87999988       2.29720354    
   2.88999987       2.30366540    
   2.89999986       2.31012297    
   2.90999985       2.31657887    
   2.91999984       2.32302785    
   2.92999983       2.32947397    
   2.93999982       2.33591676    
   2.95000005       2.34235239    
   2.96000004       2.34878755    
   2.97000003       2.35522056    
   2.98000002       2.36164546    
   2.99000001       2.36807060    
   3.00000000       2.37449121    
   3.00999999       2.38090920    
   3.01999998       2.38732290    
   3.02999997       2.39373374    
   3.03999996       2.40014291    
   3.04999995       2.40654731    
   3.05999994       2.41295123    
   3.06999993       2.41934872    
   3.07999992       2.42574549    
   3.08999991       2.43213987    
   3.09999990       2.43853164    
   3.10999990       2.44492221    
   3.11999989       2.45130730    
   3.12999988       2.45769024    
   3.13999987       2.46407485    
   3.14999986       2.47045159    
   3.15999985       2.47683001    
   3.16999984       2.48320222    
   3.17999983       2.48957491    
   3.18999982       2.49594426    
   3.19999981       2.50231051    
   3.21000004       2.50867820    
   3.22000003       2.51504040    
   3.23000002       2.52140307    
   3.24000001       2.52776051    
   3.25000000       2.53412056    
   3.25999999       2.54047370    
   3.26999998       2.54682589    
   3.27999997       2.55317640    
   3.28999996       2.55952764    
   3.29999995       2.56587434    
   3.30999994       2.57222176    
   3.31999993       2.57856297    
   3.32999992       2.58490705    
   3.33999991       2.59124756    
   3.34999990       2.59758472    
   3.35999990       2.60392094    
   3.36999989       2.61025715    
   3.37999988       2.61659026    
   3.38999987       2.62292409    
   3.39999986       2.62925267    
   3.40999985       2.63558269    
   3.41999984       2.64190698    
   3.42999983       2.64823508    
   3.43999982       2.65456176    
   3.44999981       2.66088176    
   3.46000004       2.66720462    
   3.47000003       2.67352414    
   3.48000002       2.67984176    
   3.49000001       2.68616033    
   3.50000000       2.69247508    
   3.50999999       2.69878745    
   3.51999998       2.70510411    
   3.52999997       2.71141458    
   3.53999996       2.71772289    
   3.54999995       2.72403216    
   3.55999994       2.73034167    
   3.56999993       2.73664594    
   3.57999992       2.74295473    
   3.58999991       2.74925542    
   3.59999990       2.75556064    
   3.60999990       2.76185989    
   3.61999989       2.76816249    
   3.62999988       2.77445865    
   3.63999987       2.78075910    
   3.64999986       2.78705525    
   3.65999985       2.79334927    
   3.66999984       2.79964447    
   3.67999983       2.80593944    
   3.68999982       2.81223035    
   3.69999981       2.81852150    
   3.70999980       2.82481146    
   3.72000003       2.83110142    
   3.73000002       2.83739042    
   3.74000001       2.84367633    
   3.75000000       2.84996200    
   3.75999999       2.85624504    
   3.76999998       2.86253095    
   3.77999997       2.86881328    
   3.78999996       2.87509561    
   3.79999995       2.88137627    
   3.80999994       2.88765478    
   3.81999993       2.89393401    
   3.82999992       2.90021443    
   3.83999991       2.90649080    
   3.84999990       2.91276503    
   3.85999990       2.91904211    
   3.86999989       2.92531657    
   3.87999988       2.93158889    
   3.88999987       2.93786001    
   3.89999986       2.94413090    
   3.90999985       2.95040488    
   3.91999984       2.95667243    
   3.92999983       2.96294165    
   3.93999982       2.96921086    
   3.94999981       2.97547770    
   3.95999980       2.98174310    
   3.97000003       2.98800802    
   3.98000002       2.99427390    
   3.99000001       3.00053835    
   4.00000000       3.00679851    
   4.00999975       3.01306176    
   4.01999998       3.01932502    
   4.02999973       3.02558446    
   4.03999996       3.03184342    
   4.04999971       3.03810167    
   4.05999994       3.04436207    
   4.06999969       3.05061722    
   4.07999992       3.05687523    
   4.08999968       3.06313157    
   4.09999990       3.06938624    
   4.11000013       3.07564068    
   4.11999989       3.08189487    
   4.13000011       3.08814907    
   4.13999987       3.09440184    
   4.15000010       3.10065055    
   4.15999985       3.10690427    
   4.17000008       3.11315322    
   4.17999983       3.11940169    
   4.19000006       3.12565017    
   4.19999981       3.13189816    
   4.21000004       3.13814569    
   4.21999979       3.14439106    
   4.23000002       3.15063715    
   4.23999977       3.15688300    
   4.25000000       3.16312742    
   4.25999975       3.16937232    
   4.26999998       3.17561531    
   4.27999973       3.18185759    
   4.28999996       3.18809867    
   4.29999971       3.19434190    
   4.30999994       3.20058250    
   4.31999969       3.20682192    
   4.32999992       3.21306252    
   4.33999968       3.21929884    
   4.34999990       3.22553873    
   4.36000013       3.23177576    
   4.36999989       3.23801351    
   4.38000011       3.24425077    
   4.38999987       3.25048375    
   4.40000010       3.25671697    
   4.40999985       3.26295447    
   4.42000008       3.26918602    
   4.42999983       3.27542186    
   4.44000006       3.28164959    
   4.44999981       3.28788519    
   4.46000004       3.29412007    
   4.46999979       3.30034924    
   4.48000002       3.30657935    
   4.48999977       3.31280804    
   4.50000000       3.31903982    
   4.50999975       3.32526517    
   4.51999998       3.33149433    
   4.52999973       3.33772254    
   4.53999996       3.34395123    
   4.54999971       3.35017514    
   4.55999994       3.35640097    
   4.56999969       3.36262727    
   4.57999992       3.36885095    
   4.58999968       3.37507391    
   4.59999990       3.38129950    
   4.61000013       3.38752365    
   4.61999989       3.39374828    
   4.63000011       3.39996719    
   4.63999987       3.40618896    
   4.65000010       3.41241169    
   4.65999985       3.41863155    
   4.67000008       3.42485213    
   4.67999983       3.43107295    
   4.69000006       3.43728971    
   4.69999981       3.44350791    
   4.71000004       3.44972801    
   4.71999979       3.45594573    
   4.73000002       3.46216249    
   4.73999977       3.46837950    
   4.75000000       3.47459579    
   4.75999975       3.48080993    
   4.76999998       3.48702669    
   4.77999973       3.49324036    
   4.78999996       3.49945760    
   4.79999971       3.50566936    
   4.80999994       3.51188135    
   4.81999969       3.51809669    
   4.82999992       3.52430844    
   4.83999968       3.53051901    
   4.84999990       3.53673077    
   4.85999966       3.54294181    
   4.86999989       3.54915380    
   4.88000011       3.55536246    
   4.88999987       3.56157398    
   4.90000010       3.56778455    
   4.90999985       3.57399082    
   4.92000008       3.58019924    
   4.92999983       3.58640647    
   4.94000006       3.59261155    
   4.94999981       3.59882116    
   4.96000004       3.60502744    
   4.96999979       3.61123252    
   4.98000002       3.61743784    
   4.98999977       3.62364650    
   5.00000000       3.62984920    
   5.00999975       3.63605309    
   5.01999998       3.64225841    
   5.02999973       3.64845967    
   5.03999996       3.65466404    
   5.04999971       3.66086531    
   5.05999994       3.66706967    
   5.06999969       3.67327189    
   5.07999992       3.67947364    
   5.08999968       3.68567419    
   5.09999990       3.69187474    
   5.10999966       3.69807339    
   5.11999989       3.70427561    
   5.13000011       3.71047640    
   5.13999987       3.71667576    
   5.15000010       3.72287488    
   5.15999985       3.72907162    
   5.17000008       3.73527145    
   5.17999983       3.74146843    
   5.19000006       3.74766755    
   5.19999981       3.75386333    
   5.21000004       3.76005888    
   5.21999979       3.76625371    
   5.23000002       3.77245021    
   5.23999977       3.77864623    
   5.25000000       3.78484154    
   5.25999975       3.79103756    
   5.26999998       3.79722977    
   5.27999973       3.80342269    
   5.28999996       3.80961609    
   5.29999971       3.81580734    
   5.30999994       3.82200098    
   5.31999969       3.82819295    
   5.32999992       3.83438873    
   5.33999968       3.84057689    
   5.34999990       3.84677005    
   5.35999966       3.85296202    
   5.36999989       3.85915422    
   5.38000011       3.86534286    
   5.38999987       3.87153053    
   5.40000010       3.87772393    
   5.40999985       3.88391113    
   5.42000008       3.89010000    
   5.42999983       3.89628696    
   5.44000006       3.90247679    
   5.44999981       3.90866208    
   5.46000004       3.91484904    
   5.46999979       3.92103696    
   5.48000002       3.92722297    
   5.48999977       3.93341184    
   5.50000000       3.93959856    
   5.50999975       3.94578195    
