   9.99999978E-03  -8.31925900E-06
   1.99999996E-02  -1.72238470E-05
   2.99999993E-02  -2.53358594E-05
   3.99999991E-02  -3.37054116E-05
   4.99999970E-02  -4.23075762E-05
   5.99999987E-02  -5.08603989E-05
   7.00000003E-02  -5.89357624E-05
   7.99999982E-02  -6.72233000E-05
   8.99999961E-02  -7.55344663E-05
   9.99999940E-02  -8.27379408E-05
  0.109999999      -8.84823166E-05
  0.119999997      -8.84922192E-05
  0.129999995      -7.64121869E-05
  0.140000001      -4.44411307E-05
  0.149999991       1.70879430E-05
  0.159999996       1.30364206E-04
  0.170000002       3.40242899E-04
  0.179999992       5.70919772E-04
  0.189999998       1.02152955E-03
  0.199999988       1.46376202E-03
  0.209999993       2.33323011E-03
  0.219999999       2.89468933E-03
  0.229999989       4.29065945E-03
  0.239999995       5.76950144E-03
  0.250000000       6.61987578E-03
  0.259999990       8.90677795E-03
  0.269999981       1.18948417E-02
  0.280000001       1.35608381E-02
  0.289999992       1.51386466E-02
  0.299999982       1.87307429E-02
  0.310000002       2.36943327E-02
  0.319999993       2.88401190E-02
  0.329999983       3.03482004E-02
  0.340000004       3.23443078E-02
  0.349999994       3.67785729E-02
  0.359999985       4.29562405E-02
  0.370000005       5.10046035E-02
  0.379999995       6.04408570E-02
  0.389999986       6.79664239E-02
  0.399999976       6.76422119E-02
  0.409999996       6.99798390E-02
  0.419999987       7.46215358E-02
  0.429999977       8.09028074E-02
  0.439999998       8.88813883E-02
  0.449999988       9.87958163E-02
  0.459999979      0.110938288    
  0.469999999      0.125410601    
  0.479999989      0.141319051    
  0.489999980      0.154240191    
  0.500000000      0.153871492    
  0.509999990      0.153639361    
  0.519999981      0.156607553    
  0.529999971      0.161170825    
  0.539999962      0.166986004    
  0.550000012      0.173964173    
  0.560000002      0.182123557    
  0.569999993      0.191550583    
  0.579999983      0.202382252    
  0.589999974      0.214799911    
  0.599999964      0.229034916    
  0.610000014      0.245347768    
  0.620000005      0.263992101    
  0.629999995      0.285096645    
  0.639999986      0.308306754    
  0.649999976      0.331760973    
  0.659999967      0.349170357    
  0.669999957      0.349351257    
  0.680000007      0.348955214    
  0.689999998      0.350576043    
  0.699999988      0.353383034    
  0.709999979      0.357057124    
  0.719999969      0.361437678    
  0.729999959      0.366432965    
  0.740000010      0.371989161    
  0.750000000      0.378075957    
  0.759999990      0.384678274    
  0.769999981      0.391788095    
  0.779999971      0.399420410    
  0.789999962      0.407576710    
  0.799999952      0.416277915    
  0.810000002      0.425547838    
  0.819999993      0.435416728    
  0.829999983      0.445919663    
  0.839999974      0.457096606    
  0.849999964      0.468995690    
  0.859999955      0.481670409    
  0.870000005      0.495181948    
  0.879999995      0.509596586    
  0.889999986      0.524989545    
  0.899999976      0.541441917    
  0.909999967      0.559038579    
  0.919999957      0.577866137    
  0.930000007      0.598002493    
  0.939999998      0.619504809    
  0.949999988      0.642376661    
  0.959999979      0.666511774    
  0.969999969      0.691578209    
  0.979999959      0.716769874    
  0.989999950      0.740268350    
   1.00000000      0.757939219    
   1.00999999      0.767614722    
   1.01999998      0.775036752    
   1.02999997      0.781539559    
   1.03999996      0.787573040    
   1.04999995      0.793351889    
   1.05999994      0.798992038    
   1.06999993      0.804563642    
   1.07999992      0.810109556    
   1.09000003      0.815658331    
   1.10000002      0.821228623    
   1.11000001      0.826833487    
   1.12000000      0.832483470    
   1.13000000      0.838183343    
   1.13999999      0.843939006    
   1.14999998      0.849753559    
   1.15999997      0.855628967    
   1.16999996      0.861567855    
   1.17999995      0.867571175    
   1.18999994      0.873640776    
   1.19999993      0.879777610    
   1.20999992      0.885981321    
   1.22000003      0.892247081    
   1.23000002      0.898594201    
   1.24000001      0.905005038    
   1.25000000      0.911484301    
   1.25999999      0.918034315    
   1.26999998      0.924655974    
   1.27999997      0.931348860    
   1.28999996      0.938113153    
   1.29999995      0.944950402    
   1.30999994      0.951860011    
   1.31999993      0.958844781    
   1.32999992      0.965902328    
   1.33999991      0.973036289    
   1.35000002      0.980245769    
   1.36000001      0.987531364    
   1.37000000      0.994895816    
   1.38000000       1.00233793    
   1.38999999       1.00986016    
   1.39999998       1.01746237    
   1.40999997       1.02514517    
   1.41999996       1.03291214    
   1.42999995       1.04076111    
   1.43999994       1.04869401    
   1.44999993       1.05671513    
   1.45999992       1.06482220    
   1.46999991       1.07301712    
   1.48000002       1.08130336    
   1.49000001       1.08967865    
   1.50000000       1.09814727    
   1.50999999       1.10670924    
   1.51999998       1.11536646    
   1.52999997       1.12411964    
   1.53999996       1.13297200    
   1.54999995       1.14192355    
   1.55999994       1.15097642    
   1.56999993       1.16013336    
   1.57999992       1.16939306    
   1.58999991       1.17875946    
   1.59999990       1.18823385    
   1.61000001       1.19781828    
   1.62000000       1.20751393    
   1.63000000       1.21732390    
   1.63999999       1.22724617    
   1.64999998       1.23728573    
   1.65999997       1.24744391    
   1.66999996       1.25772297    
   1.67999995       1.26812315    
   1.68999994       1.27864730    
   1.69999993       1.28929555    
   1.70999992       1.30006969    
   1.71999991       1.31097293    
   1.73000002       1.32200658    
   1.74000001       1.33317053    
   1.75000000       1.34446526    
   1.75999999       1.35589337    
   1.76999998       1.36745751    
   1.77999997       1.37915337    
   1.78999996       1.39098537    
   1.79999995       1.40295315    
   1.80999994       1.41505277    
   1.81999993       1.42728949    
   1.82999992       1.43965662    
   1.83999991       1.45215619    
   1.84999990       1.46478343    
   1.86000001       1.47753072    
   1.87000000       1.49040806    
   1.88000000       1.50339806    
   1.88999999       1.51649570    
   1.89999998       1.52969539    
   1.90999997       1.54298639    
   1.91999996       1.55635798    
   1.92999995       1.56979585    
   1.93999994       1.58328331    
   1.94999993       1.59680045    
   1.95999992       1.61032355    
   1.96999991       1.62382531    
   1.97999990       1.63727224    
   1.99000001       1.65062380    
   2.00000000       1.66383696    
   2.00999999       1.67661977    
   2.01999998       1.68877733    
   2.02999997       1.70040071    
   2.03999996       1.71155894    
   2.04999995       1.72231531    
   2.05999994       1.73271656    
   2.06999993       1.74280858    
   2.07999992       1.75262499    
   2.08999991       1.76219523    
   2.09999990       1.77154326    
   2.10999990       1.78069258    
   2.11999989       1.78966153    
   2.12999988       1.79846656    
   2.13999987       1.80712223    
   2.14999986       1.81564283    
   2.15999985       1.82403612    
   2.16999984       1.83231759    
   2.18000007       1.84049249    
   2.19000006       1.84856915    
   2.20000005       1.85655570    
   2.21000004       1.86445749    
   2.22000003       1.87228560    
   2.23000002       1.88003838    
   2.24000001       1.88772357    
   2.25000000       1.89534879    
   2.25999999       1.90291166    
   2.26999998       1.91042268    
   2.27999997       1.91788149    
   2.28999996       1.92529047    
   2.29999995       1.93265653    
   2.30999994       1.93997920    
   2.31999993       1.94726050    
   2.32999992       1.95450377    
   2.33999991       1.96171188    
   2.34999990       1.96888697    
   2.35999990       1.97602975    
   2.36999989       1.98314130    
   2.37999988       1.99022508    
   2.38999987       1.99728179    
   2.39999986       2.00431156    
   2.40999985       2.01131654    
   2.41999984       2.01830077    
   2.42999983       2.02525949    
   2.44000006       2.03219914    
   2.45000005       2.03911781    
   2.46000004       2.04601765    
   2.47000003       2.05289865    
   2.48000002       2.05976105    
   2.49000001       2.06660867    
   2.50000000       2.07343960    
   2.50999999       2.08025622    
   2.51999998       2.08705425    
   2.52999997       2.09384418    
   2.53999996       2.10061550    
   2.54999995       2.10737514    
   2.55999994       2.11412501    
   2.56999993       2.12086010    
   2.57999992       2.12758327    
   2.58999991       2.13429570    
   2.59999990       2.14099884    
   2.60999990       2.14768958    
   2.61999989       2.15437293    
   2.62999988       2.16104650    
   2.63999987       2.16770959    
   2.64999986       2.17436457    
   2.65999985       2.18101144    
   2.66999984       2.18765044    
   2.67999983       2.19427943    
   2.69000006       2.20090079    
   2.70000005       2.20751619    
   2.71000004       2.21412086    
   2.72000003       2.22072339    
   2.73000002       2.22731566    
   2.74000001       2.23390293    
   2.75000000       2.24048471    
   2.75999999       2.24705982    
   2.76999998       2.25362754    
   2.77999997       2.26019144    
   2.78999996       2.26675200    
   2.79999995       2.27330089    
   2.80999994       2.27984786    
   2.81999993       2.28638864    
   2.82999992       2.29292607    
   2.83999991       2.29945636    
   2.84999990       2.30598235    
   2.85999990       2.31250811    
   2.86999989       2.31902361    
   2.87999988       2.32553768    
   2.88999987       2.33204794    
   2.89999986       2.33855104    
   2.90999985       2.34505224    
   2.91999984       2.35154819    
   2.92999983       2.35804296    
   2.93999982       2.36453199    
   2.95000005       2.37101769    
   2.96000004       2.37749815    
   2.97000003       2.38397717    
   2.98000002       2.39045143    
   2.99000001       2.39692307    
   3.00000000       2.40339422    
   3.00999999       2.40985799    
   3.01999998       2.41632128    
   3.02999997       2.42277956    
   3.03999996       2.42923546    
   3.04999995       2.43569040    
   3.05999994       2.44214106    
   3.06999993       2.44858813    
   3.07999992       2.45503235    
   3.08999991       2.46147466    
   3.09999990       2.46791315    
   3.10999990       2.47435021    
   3.11999989       2.48078585    
   3.12999988       2.48721838    
   3.13999987       2.49364543    
   3.14999986       2.50007486    
   3.15999985       2.50649834    
   3.16999984       2.51292205    
   3.17999983       2.51934361    
   3.18999982       2.52575755    
   3.19999981       2.53217745    
   3.21000004       2.53858900    
   3.22000003       2.54500341    
   3.23000002       2.55141068    
   3.24000001       2.55781889    
   3.25000000       2.56422544    
   3.25999999       2.57062960    
   3.26999998       2.57702899    
   3.27999997       2.58342814    
   3.28999996       2.58982873    
   3.29999995       2.59622359    
   3.30999994       2.60262036    
   3.31999993       2.60901356    
   3.32999992       2.61540294    
   3.33999991       2.62179065    
   3.34999990       2.62817812    
   3.35999990       2.63456392    
   3.36999989       2.64094853    
   3.37999988       2.64732790    
   3.38999987       2.65370917    
   3.39999986       2.66009283    
   3.40999985       2.66646791    
   3.41999984       2.67284441    
   3.42999983       2.67921901    
   3.43999982       2.68559313    
   3.44999981       2.69196391    
   3.46000004       2.69833589    
   3.47000003       2.70470405    
   3.48000002       2.71107173    
   3.49000001       2.71743631    
   3.50000000       2.72380209    
   3.50999999       2.73016524    
   3.51999998       2.73652554    
   3.52999997       2.74288797    
   3.53999996       2.74924588    
   3.54999995       2.75560451    
   3.55999994       2.76196313    
   3.56999993       2.76831889    
   3.57999992       2.77467155    
   3.58999991       2.78102422    
   3.59999990       2.78737760    
   3.60999990       2.79372501    
   3.61999989       2.80007505    
   3.62999988       2.80642724    
   3.63999987       2.81276941    
   3.64999986       2.81911969    
   3.65999985       2.82546091    
   3.66999984       2.83180404    
   3.67999983       2.83814955    
   3.68999982       2.84448934    
   3.69999981       2.85082912    
   3.70999980       2.85716820    
   3.72000003       2.86350775    
   3.73000002       2.86984563    
   3.74000001       2.87618351    
   3.75000000       2.88251662    
   3.75999999       2.88884974    
   3.76999998       2.89518452    
   3.77999997       2.90151620    
   3.78999996       2.90784621    
   3.79999995       2.91417718    
   3.80999994       2.92050815    
   3.81999993       2.92683506    
   3.82999992       2.93316245    
   3.83999991       2.93948698    
   3.84999990       2.94581437    
   3.85999990       2.95214033    
   3.86999989       2.95846462    
   3.87999988       2.96478367    
   3.88999987       2.97110677    
   3.89999986       2.97742653    
   3.90999985       2.98374557    
   3.91999984       2.99006820    
   3.92999983       2.99638510    
   3.93999982       3.00270033    
   3.94999981       3.00902033    
   3.95999980       3.01533341    
   3.97000003       3.02164888    
   3.98000002       3.02796507    
   3.99000001       3.03427768    
   4.00000000       3.04058743    
   4.00999975       3.04689956    
   4.01999998       3.05321097    
   4.02999973       3.05952191    
   4.03999996       3.06583166    
   4.04999971       3.07213950    
   4.05999994       3.07844615    
   4.06999969       3.08475423    
   4.07999992       3.09106231    
   4.08999968       3.09736371    
   4.09999990       3.10367131    
   4.11000013       3.10997438    
   4.11999989       3.11627817    
   4.13000011       3.12258101    
   4.13999987       3.12888265    
   4.15000010       3.13518381    
   4.15999985       3.14148355    
   4.17000008       3.14778233    
   4.17999983       3.15408301    
   4.19000006       3.16038060    
   4.19999981       3.16668034    
   4.21000004       3.17297602    
   4.21999979       3.17927146    
   4.23000002       3.18556643    
   4.23999977       3.19185948    
   4.25000000       3.19815707    
   4.25999975       3.20445085    
   4.26999998       3.21074295    
   4.27999973       3.21703386    
   4.28999996       3.22332525    
   4.29999971       3.22961521    
   4.30999994       3.23590684    
   4.31999969       3.24219584    
   4.32999992       3.24848795    
   4.33999968       3.25477529    
   4.34999990       3.26106048    
   4.36000013       3.26734900    
   4.36999989       3.27363658    
   4.38000011       3.27992201    
   4.38999987       3.28620577    
   4.40000010       3.29249239    
   4.40999985       3.29877591    
   4.42000008       3.30506015    
   4.42999983       3.31134200    
   4.44000006       3.31762362    
   4.44999981       3.32390666    
   4.46000004       3.33018756    
   4.46999979       3.33646727    
   4.48000002       3.34275007    
   4.48999977       3.34902906    
   4.50000000       3.35530686    
   4.50999975       3.36158395    
   4.51999998       3.36786342    
   4.52999973       3.37413812    
   4.53999996       3.38041759    
   4.54999971       3.38669443    
   4.55999994       3.39296842    
   4.56999969       3.39924288    
   4.57999992       3.40551925    
   4.58999968       3.41179156    
   4.59999990       3.41806483    
   4.61000013       3.42433691    
   4.61999989       3.43061066    
   4.63000011       3.43688345    
   4.63999987       3.44315457    
   4.65000010       3.44942665    
   4.65999985       3.45570040    
   4.67000008       3.46196747    
   4.67999983       3.46823621    
   4.69000006       3.47450590    
   4.69999981       3.48077273    
   4.71000004       3.48703909    
   4.71999979       3.49330759    
   4.73000002       3.49957323    
   4.73999977       3.50583696    
   4.75000000       3.51210499    
   4.75999975       3.51837230    
   4.76999998       3.52463651    
   4.77999973       3.53090119    
   4.78999996       3.53716469    
   4.79999971       3.54342747    
   4.80999994       3.54969335    
   4.81999969       3.55595469    
   4.82999992       3.56221533    
   4.83999968       3.56847763    
   4.84999990       3.57473803    
   4.85999966       3.58100104    
   4.86999989       3.58726096    
   4.88000011       3.59352136    
   4.88999987       3.59977841    
   4.90000010       3.60603809    
   4.90999985       3.61229849    
   4.92000008       3.61855459    
   4.92999983       3.62481260    
   4.94000006       3.63107252    
   4.94999981       3.63732839    
   4.96000004       3.64358401    
   4.96999979       3.64983964    
   4.98000002       3.65609407    
   4.98999977       3.66235065    
   5.00000000       3.66860437    
   5.00999975       3.67485929    
   5.01999998       3.68111157    
   5.02999973       3.68736482    
   5.03999996       3.69362068    
   5.04999971       3.69987392    
   5.05999994       3.70612431    
   5.06999969       3.71237469    
   5.07999992       3.71862721    
   5.08999968       3.72487783    
   5.09999990       3.73112941    
   5.10999966       3.73737884    
   5.11999989       3.74362993    
   5.13000011       3.74987745    
   5.13999987       3.75612664    
   5.15000010       3.76237583    
   5.15999985       3.76862121    
   5.17000008       3.77487230    
   5.17999983       3.78111863    
   5.19000006       3.78736782    
   5.19999981       3.79361200    
   5.21000004       3.79985952    
   5.21999979       3.80610323    
   5.23000002       3.81234908    
   5.23999977       3.81859398    
   5.25000000       3.82484055    
   5.25999975       3.83108306    
   5.26999998       3.83732915    
   5.27999973       3.84357190    
   5.28999996       3.84981418    
   5.29999971       3.85605931    
   5.30999994       3.86230326    
   5.31999969       3.86854267    
   5.32999992       3.87478638    
   5.33999968       3.88102555    
   5.34999990       3.88726592    
   5.35999966       3.89350843    
   5.36999989       3.89975023    
   5.38000011       3.90598798    
   5.38999987       3.91222668    
   5.40000010       3.91846728    
   5.40999985       3.92470884    
   5.42000008       3.93094635    
   5.42999983       3.93718457    
   5.44000006       3.94342184    
   5.44999981       3.94965959    
   5.46000004       3.95589566    
   5.46999979       3.96213317    
   5.48000002       3.96836925    
   5.48999977       3.97460794    
   5.50000000       3.98084235    
   5.50999975       3.98707700    
