   9.99999978E-03  -9.11415646E-06
   1.99999996E-02  -1.87063397E-05
   2.99999993E-02  -2.77211220E-05
   3.99999991E-02  -3.69861882E-05
   4.99999970E-02  -4.65782432E-05
   5.99999987E-02  -5.57777785E-05
   7.00000003E-02  -6.50685106E-05
   7.99999982E-02  -7.38223025E-05
   8.99999961E-02  -8.24359959E-05
   9.99999940E-02  -8.84062611E-05
  0.109999999      -8.71838492E-05
  0.119999997      -7.13401678E-05
  0.129999995      -2.52019236E-05
  0.140000001       6.68705543E-05
  0.149999991       2.20038230E-04
  0.159999996       4.66245663E-04
  0.170000002       9.05689725E-04
  0.179999992       1.39278674E-03
  0.189999998       2.19888706E-03
  0.199999988       3.08270217E-03
  0.209999993       4.53971000E-03
  0.219999999       5.55538805E-03
  0.229999989       7.95120560E-03
  0.239999995       1.01214433E-02
  0.250000000       1.16411801E-02
  0.259999990       1.53600099E-02
  0.269999981       1.96967721E-02
  0.280000001       2.18606945E-02
  0.289999992       2.45789234E-02
  0.299999982       3.00562046E-02
  0.310000002       3.71347405E-02
  0.319999993       4.37070020E-02
  0.329999983       4.54716496E-02
  0.340000004       4.87350449E-02
  0.349999994       5.51630184E-02
  0.359999985       6.38222769E-02
  0.370000005       7.46349692E-02
  0.379999995       8.64761621E-02
  0.389999986       9.48828012E-02
  0.399999976       9.45332944E-02
  0.409999996       9.80372429E-02
  0.419999987      0.104396805    
  0.429999977      0.112808891    
  0.439999998      0.123317473    
  0.449999988      0.136115894    
  0.459999979      0.151378617    
  0.469999999      0.168894172    
  0.479999989      0.187082127    
  0.489999980      0.200558856    
  0.500000000      0.199905857    
  0.509999990      0.200304195    
  0.519999981      0.204284742    
  0.529999971      0.210135207    
  0.539999962      0.217470005    
  0.550000012      0.226182684    
  0.560000002      0.236283332    
  0.569999993      0.247854128    
  0.579999983      0.261023432    
  0.589999974      0.275959998    
  0.599999964      0.292860657    
  0.610000014      0.311922014    
  0.620000005      0.333274066    
  0.629999995      0.356822342    
  0.639999986      0.381844491    
  0.649999976      0.405980825    
  0.659999967      0.422877759    
  0.669999957      0.423477530    
  0.680000007      0.423825443    
  0.689999998      0.426185727    
  0.699999988      0.429778993    
  0.709999979      0.434296638    
  0.719999969      0.439578325    
  0.729999959      0.445532113    
  0.740000010      0.452102870    
  0.750000000      0.459257185    
  0.759999990      0.466979444    
  0.769999981      0.475264162    
  0.779999971      0.484114110    
  0.789999962      0.493539870    
  0.799999952      0.503557801    
  0.810000002      0.514189661    
  0.819999993      0.525463879    
  0.829999983      0.537415445    
  0.839999974      0.550070226    
  0.849999964      0.563483000    
  0.859999955      0.577695489    
  0.870000005      0.592761338    
  0.879999995      0.608735561    
  0.889999986      0.625677824    
  0.899999976      0.643649399    
  0.909999967      0.662707508    
  0.919999957      0.682905853    
  0.930000007      0.704276741    
  0.939999998      0.726819873    
  0.949999988      0.750464261    
  0.959999979      0.775019705    
  0.969999969      0.800061166    
  0.979999959      0.824734211    
  0.989999950      0.847334504    
   1.00000000      0.864418149    
   1.00999999      0.874569476    
   1.01999998      0.882663131    
   1.02999997      0.889876842    
   1.03999996      0.896626532    
   1.04999995      0.903117657    
   1.05999994      0.909461915    
   1.06999993      0.915730059    
   1.07999992      0.921965957    
   1.09000003      0.928198636    
   1.10000002      0.934447765    
   1.11000001      0.940729201    
   1.12000000      0.947051227    
   1.13000000      0.953420877    
   1.13999999      0.959844887    
   1.14999998      0.966326594    
   1.15999997      0.972868443    
   1.16999996      0.979473710    
   1.17999995      0.986143589    
   1.18999994      0.992878735    
   1.19999993      0.999680758    
   1.20999992       1.00655186    
   1.22000003       1.01349127    
   1.23000002       1.02049935    
   1.24000001       1.02757859    
   1.25000000       1.03472853    
   1.25999999       1.04194546    
   1.26999998       1.04923868    
   1.27999997       1.05660236    
   1.28999996       1.06403935    
   1.29999995       1.07154894    
   1.30999994       1.07913280    
   1.31999993       1.08678889    
   1.32999992       1.09452164    
   1.33999991       1.10232925    
   1.35000002       1.11021423    
   1.36000001       1.11817610    
   1.37000000       1.12621510    
   1.38000000       1.13433182    
   1.38999999       1.14252853    
   1.39999998       1.15080500    
   1.40999997       1.15916157    
   1.41999996       1.16760230    
   1.42999995       1.17612183    
   1.43999994       1.18472862    
   1.44999993       1.19341815    
   1.45999992       1.20219433    
   1.46999991       1.21105683    
   1.48000002       1.22000563    
   1.49000001       1.22904515    
   1.50000000       1.23817420    
   1.50999999       1.24739242    
   1.51999998       1.25670540    
   1.52999997       1.26611054    
   1.53999996       1.27560961    
   1.54999995       1.28520536    
   1.55999994       1.29489827    
   1.56999993       1.30468786    
   1.57999992       1.31457698    
   1.58999991       1.32456720    
   1.59999990       1.33465922    
   1.61000001       1.34485304    
   1.62000000       1.35515153    
   1.63000000       1.36555827    
   1.63999999       1.37606966    
   1.64999998       1.38668835    
   1.65999997       1.39741623    
   1.66999996       1.40825415    
   1.67999995       1.41920352    
   1.68999994       1.43026388    
   1.69999993       1.44143832    
   1.70999992       1.45272553    
   1.71999991       1.46412587    
   1.73000002       1.47564089    
   1.74000001       1.48727274    
   1.75000000       1.49901986    
   1.75999999       1.51088214    
   1.76999998       1.52285886    
   1.77999997       1.53495073    
   1.78999996       1.54715550    
   1.79999995       1.55947340    
   1.80999994       1.57190394    
   1.81999993       1.58444309    
   1.82999992       1.59708929    
   1.83999991       1.60983932    
   1.84999990       1.62269032    
   1.86000001       1.63563550    
   1.87000000       1.64866960    
   1.88000000       1.66178942    
   1.88999999       1.67498684    
   1.89999998       1.68825006    
   1.90999997       1.70157087    
   1.91999996       1.71493590    
   1.92999995       1.72833240    
   1.93999994       1.74174285    
   1.94999993       1.75514925    
   1.95999992       1.76852691    
   1.96999991       1.78185213    
   1.97999990       1.79509473    
   1.99000001       1.80821908    
   2.00000000       1.82118583    
   2.00999999       1.83372903    
   2.01999998       1.84568667    
   2.02999997       1.85714817    
   2.03999996       1.86818671    
   2.04999995       1.87885606    
   2.05999994       1.88920677    
   2.06999993       1.89927375    
   2.07999992       1.90908837    
   2.08999991       1.91867888    
   2.09999990       1.92806923    
   2.10999990       1.93727756    
   2.11999989       1.94632161    
   2.12999988       1.95521653    
   2.13999987       1.96397591    
   2.14999986       1.97261035    
   2.15999985       1.98113060    
   2.16999984       1.98954725    
   2.18000007       1.99786878    
   2.19000006       2.00609851    
   2.20000005       2.01424742    
   2.21000004       2.02231479    
   2.22000003       2.03031898    
   2.23000002       2.03825259    
   2.24000001       2.04612660    
   2.25000000       2.05394197    
   2.25999999       2.06170297    
   2.26999998       2.06941533    
   2.27999997       2.07707953    
   2.28999996       2.08469892    
   2.29999995       2.09227729    
   2.30999994       2.09981799    
   2.31999993       2.10731792    
   2.32999992       2.11478591    
   2.33999991       2.12222219    
   2.34999990       2.12962341    
   2.35999990       2.13699961    
   2.36999989       2.14434648    
   2.37999988       2.15166640    
   2.38999987       2.15896130    
   2.39999986       2.16623354    
   2.40999985       2.17348170    
   2.41999984       2.18070841    
   2.42999983       2.18791533    
   2.44000006       2.19510245    
   2.45000005       2.20227242    
   2.46000004       2.20942450    
   2.47000003       2.21655512    
   2.48000002       2.22367573    
   2.49000001       2.23077655    
   2.50000000       2.23786569    
   2.50999999       2.24493837    
   2.51999998       2.25199842    
   2.52999997       2.25904632    
   2.53999996       2.26608109    
   2.54999995       2.27310371    
   2.55999994       2.28011560    
   2.56999993       2.28711534    
   2.57999992       2.29410410    
   2.58999991       2.30108404    
   2.59999990       2.30805349    
   2.60999990       2.31501341    
   2.61999989       2.32196617    
   2.62999988       2.32890606    
   2.63999987       2.33583927    
   2.64999986       2.34276772    
   2.65999985       2.34968519    
   2.66999984       2.35659742    
   2.67999983       2.36349821    
   2.69000006       2.37039375    
   2.70000005       2.37728405    
   2.71000004       2.38416553    
   2.72000003       2.39104295    
   2.73000002       2.39791131    
   2.74000001       2.40477538    
   2.75000000       2.41163588    
   2.75999999       2.41848540    
   2.76999998       2.42533231    
   2.77999997       2.43217230    
   2.78999996       2.43900895    
   2.79999995       2.44584298    
   2.80999994       2.45266700    
   2.81999993       2.45948672    
   2.82999992       2.46630669    
   2.83999991       2.47311759    
   2.84999990       2.47992682    
   2.85999990       2.48672819    
   2.86999989       2.49352956    
   2.87999988       2.50032544    
   2.88999987       2.50711751    
   2.89999986       2.51390576    
   2.90999985       2.52068949    
   2.91999984       2.52746892    
   2.92999983       2.53424573    
   2.93999982       2.54101872    
   2.95000005       2.54778910    
   2.96000004       2.55455637    
   2.97000003       2.56132197    
   2.98000002       2.56807995    
   2.99000001       2.57483768    
   3.00000000       2.58159208    
   3.00999999       2.58834410    
   3.01999998       2.59509301    
   3.02999997       2.60183907    
   3.03999996       2.60858130    
   3.04999995       2.61532116    
   3.05999994       2.62205911    
   3.06999993       2.62879229    
   3.07999992       2.63552499    
   3.08999991       2.64225698    
   3.09999990       2.64898443    
   3.10999990       2.65570951    
   3.11999989       2.66243196    
   3.12999988       2.66915321    
   3.13999987       2.67587185    
   3.14999986       2.68258691    
   3.15999985       2.68930221    
   3.16999984       2.69601226    
   3.17999983       2.70272446    
   3.18999982       2.70943022    
   3.19999981       2.71613574    
   3.21000004       2.72284055    
   3.22000003       2.72954416    
   3.23000002       2.73624039    
   3.24000001       2.74293971    
   3.25000000       2.74963832    
   3.25999999       2.75633144    
   3.26999998       2.76302481    
   3.27999997       2.76971292    
   3.28999996       2.77640343    
   3.29999995       2.78308940    
   3.30999994       2.78977752    
   3.31999993       2.79645991    
   3.32999992       2.80314207    
   3.33999991       2.80982399    
   3.34999990       2.81650352    
   3.35999990       2.82318044    
   3.36999989       2.82985830    
   3.37999988       2.83652973    
   3.38999987       2.84320140    
   3.39999986       2.84987402    
   3.40999985       2.85654521    
   3.41999984       2.86321449    
   3.42999983       2.86988378    
   3.43999982       2.87654686    
   3.44999981       2.88321209    
   3.46000004       2.88987565    
   3.47000003       2.89653683    
   3.48000002       2.90319872    
   3.49000001       2.90985703    
   3.50000000       2.91651464    
   3.50999999       2.92317271    
   3.51999998       2.92982626    
   3.52999997       2.93647766    
   3.53999996       2.94313216    
   3.54999995       2.94978523    
   3.55999994       2.95643806    
   3.56999993       2.96308780    
   3.57999992       2.96973562    
   3.58999991       2.97638226    
   3.59999990       2.98302341    
   3.60999990       2.98967314    
   3.61999989       2.99631572    
   3.62999988       3.00296068    
   3.63999987       3.00960135    
   3.64999986       3.01624179    
   3.65999985       3.02288175    
   3.66999984       3.02951646    
   3.67999983       3.03615499    
   3.68999982       3.04279137    
   3.69999981       3.04942608    
   3.70999980       3.05606222    
   3.72000003       3.06269598    
   3.73000002       3.06932807    
   3.74000001       3.07595825    
   3.75000000       3.08258915    
   3.75999999       3.08921742    
   3.76999998       3.09584546    
   3.77999997       3.10247302    
   3.78999996       3.10910249    
   3.79999995       3.11572647    
   3.80999994       3.12235141    
   3.81999993       3.12897348    
   3.82999992       3.13559675    
   3.83999991       3.14221883    
   3.84999990       3.14883971    
   3.85999990       3.15546107    
   3.86999989       3.16207933    
   3.87999988       3.16869807    
   3.88999987       3.17531633    
   3.89999986       3.18193126    
   3.90999985       3.18854761    
   3.91999984       3.19516397    
   3.92999983       3.20177674    
   3.93999982       3.20839119    
   3.94999981       3.21500540    
   3.95999980       3.22161722    
   3.97000003       3.22822738    
   3.98000002       3.23483753    
   3.99000001       3.24144697    
   4.00000000       3.24805617    
   4.00999975       3.25466490    
   4.01999998       3.26127195    
   4.02999973       3.26787853    
   4.03999996       3.27448392    
   4.04999971       3.28108859    
   4.05999994       3.28769183    
   4.06999969       3.29429364    
   4.07999992       3.30089831    
   4.08999968       3.30749989    
   4.09999990       3.31410384    
   4.11000013       3.32070470    
   4.11999989       3.32730365    
   4.13000011       3.33390236    
   4.13999987       3.34050369    
   4.15000010       3.34709930    
   4.15999985       3.35369563    
   4.17000008       3.36029124    
   4.17999983       3.36688805    
   4.19000006       3.37348485    
   4.19999981       3.38007689    
   4.21000004       3.38667202    
   4.21999979       3.39326692    
   4.23000002       3.39985847    
   4.23999977       3.40644765    
   4.25000000       3.41304278    
   4.25999975       3.41963243    
   4.26999998       3.42622185    
   4.27999973       3.43281054    
   4.28999996       3.43939972    
   4.29999971       3.44598746    
   4.30999994       3.45257759    
   4.31999969       3.45916367    
   4.32999992       3.46575022    
   4.33999968       3.47233629    
   4.34999990       3.47892070    
   4.36000013       3.48550534    
   4.36999989       3.49208975    
   4.38000011       3.49867344    
   4.38999987       3.50525546    
   4.40000010       3.51183772    
   4.40999985       3.51841927    
   4.42000008       3.52499819    
   4.42999983       3.53157949    
   4.44000006       3.53816080    
   4.44999981       3.54473972    
   4.46000004       3.55131698    
   4.46999979       3.55789852    
   4.48000002       3.56447744    
   4.48999977       3.57105255    
   4.50000000       3.57762957    
   4.50999975       3.58420587    
   4.51999998       3.59078097    
   4.52999973       3.59735441    
   4.53999996       3.60393071    
   4.54999971       3.61050439    
   4.55999994       3.61707640    
   4.56999969       3.62365031    
   4.57999992       3.63022161    
   4.58999968       3.63679314    
   4.59999990       3.64336634    
   4.61000013       3.64993787    
   4.61999989       3.65650773    
   4.63000011       3.66307783    
   4.63999987       3.66964579    
   4.65000010       3.67621589    
   4.65999985       3.68278337    
   4.67000008       3.68935037    
   4.67999983       3.69591856    
   4.69000006       3.70248652    
   4.69999981       3.70905256    
   4.71000004       3.71561742    
   4.71999979       3.72218370    
   4.73000002       3.72874951    
   4.73999977       3.73531389    
   4.75000000       3.74187779    
   4.75999975       3.74844122    
   4.76999998       3.75500417    
   4.77999973       3.76156616    
   4.78999996       3.76812792    
   4.79999971       3.77468801    
   4.80999994       3.78125143    
   4.81999969       3.78781104    
   4.82999992       3.79437304    
   4.83999968       3.80093265    
   4.84999990       3.80749154    
   4.85999966       3.81405258    
   4.86999989       3.82060719    
   4.88000011       3.82716775    
   4.88999987       3.83372617    
   4.90000010       3.84028459    
   4.90999985       3.84683967    
   4.92000008       3.85339499    
   4.92999983       3.85995150    
   4.94000006       3.86650705    
   4.94999981       3.87306237    
   4.96000004       3.87961793    
   4.96999979       3.88617110    
   4.98000002       3.89272594    
   4.98999977       3.89928055    
   5.00000000       3.90583229    
   5.00999975       3.91238475    
   5.01999998       3.91893721    
   5.02999973       3.92548895    
   5.03999996       3.93204117    
   5.04999971       3.93858838    
   5.05999994       3.94514322    
   5.06999969       3.95169163    
   5.07999992       3.95824289    
   5.08999968       3.96479177    
   5.09999990       3.97133970    
   5.10999966       3.97788739    
   5.11999989       3.98443770    
   5.13000011       3.99098444    
   5.13999987       3.99753261    
   5.15000010       4.00407887    
   5.15999985       4.01062632    
   5.17000008       4.01717281    
   5.17999983       4.02372122    
   5.19000006       4.03026247    
   5.19999981       4.03680706    
   5.21000004       4.04335403    
   5.21999979       4.04989862    
   5.23000002       4.05644131    
   5.23999977       4.06298494    
   5.25000000       4.06952953    
   5.25999975       4.07607222    
   5.26999998       4.08261538    
   5.27999973       4.08915567    
   5.28999996       4.09569645    
   5.29999971       4.10224056    
   5.30999994       4.10878134    
   5.31999969       4.11532450    
   5.32999992       4.12186289    
   5.33999968       4.12840462    
   5.34999990       4.13494301    
   5.35999966       4.14148426    
   5.36999989       4.14801931    
   5.38000011       4.15455961    
   5.38999987       4.16109943    
   5.40000010       4.16763592    
   5.40999985       4.17417192    
   5.42000008       4.18071127    
   5.42999983       4.18724918    
   5.44000006       4.19378757    
   5.44999981       4.20032215    
   5.46000004       4.20685816    
   5.46999979       4.21339130    
   5.48000002       4.21992445    
   5.48999977       4.22646189    
   5.50000000       4.23300028    
   5.50999975       4.23953485    
