   9.99999978E-03  -9.32891544E-06
   1.99999996E-02  -1.88468439E-05
   2.99999993E-02  -2.80062613E-05
   3.99999991E-02  -3.77568613E-05
   4.99999970E-02  -4.73502187E-05
   5.99999987E-02  -5.66268318E-05
   7.00000003E-02  -6.60717124E-05
   7.99999982E-02  -7.49508254E-05
   8.99999961E-02  -8.34416714E-05
   9.99999940E-02  -8.87146743E-05
  0.109999999      -8.55488834E-05
  0.119999997      -6.49313297E-05
  0.129999995      -9.13667463E-06
  0.140000001       9.89230321E-05
  0.149999991       2.75833008E-04
  0.159999996       5.54643339E-04
  0.170000002       1.04852591E-03
  0.179999992       1.59858237E-03
  0.189999998       2.48254137E-03
  0.199999988       3.47101293E-03
  0.209999993       5.05151507E-03
  0.219999999       6.17267005E-03
  0.229999989       8.78255535E-03
  0.239999995       1.10882716E-02
  0.250000000       1.27610415E-02
  0.259999990       1.67777929E-02
  0.269999981       2.13732850E-02
  0.280000001       2.36354358E-02
  0.289999992       2.65987888E-02
  0.299999982       3.24566811E-02
  0.310000002       3.99396122E-02
  0.319999993       4.67616543E-02
  0.329999983       4.85834293E-02
  0.340000004       5.21083511E-02
  0.349999994       5.89295961E-02
  0.359999985       6.80655390E-02
  0.370000005       7.93881789E-02
  0.379999995       9.16459784E-02
  0.389999986      0.100187548    
  0.399999976       9.98546928E-02
  0.409999996      0.103589460    
  0.419999987      0.110271350    
  0.429999977      0.119091719    
  0.439999998      0.130069703    
  0.449999988      0.143392578    
  0.459999979      0.159207284    
  0.469999999      0.177239046    
  0.479999989      0.195786849    
  0.489999980      0.209331483    
  0.500000000      0.208653137    
  0.509999990      0.209180042    
  0.519999981      0.213352039    
  0.529999971      0.219440460    
  0.539999962      0.227052987    
  0.550000012      0.236078814    
  0.560000002      0.246528596    
  0.569999993      0.258479953    
  0.579999983      0.272060126    
  0.589999974      0.287433922    
  0.599999964      0.304789782    
  0.610000014      0.324310064    
  0.620000005      0.346102118    
  0.629999995      0.370030999    
  0.639999986      0.395313501    
  0.649999976      0.419521302    
  0.659999967      0.436325878    
  0.669999957      0.437020242    
  0.680000007      0.437510133    
  0.689999998      0.440008372    
  0.699999988      0.443746358    
  0.709999979      0.448416442    
  0.719999969      0.453859836    
  0.729999959      0.459984630    
  0.740000010      0.466733217    
  0.750000000      0.474075526    
  0.759999990      0.481993288    
  0.769999981      0.490481883    
  0.779999971      0.499542981    
  0.789999962      0.509187818    
  0.799999952      0.519430816    
  0.810000002      0.530295193    
  0.819999993      0.541807115    
  0.829999983      0.553998351    
  0.839999974      0.566905081    
  0.849999964      0.580568552    
  0.859999955      0.595035017    
  0.870000005      0.610354125    
  0.879999995      0.626579881    
  0.889999986      0.643769443    
  0.899999976      0.661978960    
  0.909999967      0.681263208    
  0.919999957      0.701667666    
  0.930000007      0.723217428    
  0.939999998      0.745904505    
  0.949999988      0.769645751    
  0.959999979      0.794237018    
  0.969999969      0.819244206    
  0.979999959      0.843809247    
  0.989999950      0.866252482    
   1.00000000      0.883242846    
   1.00999999      0.893469453    
   1.01999998      0.901674271    
   1.02999997      0.909005761    
   1.03999996      0.915875077    
   1.04999995      0.922485471    
   1.05999994      0.928948820    
   1.06999993      0.935334563    
   1.07999992      0.941687286    
   1.09000003      0.948036969    
   1.10000002      0.954401851    
   1.11000001      0.960797966    
   1.12000000      0.967234373    
   1.13000000      0.973719656    
   1.13999999      0.980256975    
   1.14999998      0.986853004    
   1.15999997      0.993507206    
   1.16999996       1.00022614    
   1.17999995       1.00700843    
   1.18999994       1.01385736    
   1.19999993       1.02077317    
   1.20999992       1.02775621    
   1.22000003       1.03480840    
   1.23000002       1.04193020    
   1.24000001       1.04912174    
   1.25000000       1.05638421    
   1.25999999       1.06371605    
   1.26999998       1.07112312    
   1.27999997       1.07859969    
   1.28999996       1.08614838    
   1.29999995       1.09377134    
   1.30999994       1.10146809    
   1.31999993       1.10923803    
   1.32999992       1.11708415    
   1.33999991       1.12500489    
   1.35000002       1.13300216    
   1.36000001       1.14107621    
   1.37000000       1.14922762    
   1.38000000       1.15745795    
   1.38999999       1.16576695    
   1.39999998       1.17415476    
   1.40999997       1.18262494    
   1.41999996       1.19117427    
   1.42999995       1.19980812    
   1.43999994       1.20852554    
   1.44999993       1.21732521    
   1.45999992       1.22621071    
   1.46999991       1.23518276    
   1.48000002       1.24424398    
   1.49000001       1.25339115    
   1.50000000       1.26262724    
   1.50999999       1.27195358    
   1.51999998       1.28137255    
   1.52999997       1.29088485    
   1.53999996       1.30048919    
   1.54999995       1.31018782    
   1.55999994       1.31998456    
   1.56999993       1.32987666    
   1.57999992       1.33986783    
   1.58999991       1.34995985    
   1.59999990       1.36014974    
   1.61000001       1.37044215    
   1.62000000       1.38083887    
   1.63000000       1.39133787    
   1.63999999       1.40194261    
   1.64999998       1.41265357    
   1.65999997       1.42347252    
   1.66999996       1.43439782    
   1.67999995       1.44543278    
   1.68999994       1.45657587    
   1.69999993       1.46783209    
   1.70999992       1.47919846    
   1.71999991       1.49067700    
   1.73000002       1.50226784    
   1.74000001       1.51396942    
   1.75000000       1.52578378    
   1.75999999       1.53771079    
   1.76999998       1.54974961    
   1.77999997       1.56190085    
   1.78999996       1.57416236    
   1.79999995       1.58653176    
   1.80999994       1.59900749    
   1.81999993       1.61158979    
   1.82999992       1.62427449    
   1.83999991       1.63705850    
   1.84999990       1.64993823    
   1.86000001       1.66290843    
   1.87000000       1.67596555    
   1.88000000       1.68909979    
   1.88999999       1.70230484    
   1.89999998       1.71557200    
   1.90999997       1.72889102    
   1.91999996       1.74224889    
   1.92999995       1.75563300    
   1.93999994       1.76902485    
   1.94999993       1.78240705    
   1.95999992       1.79575801    
   1.96999991       1.80905104    
   1.97999990       1.82225740    
   1.99000001       1.83534217    
   2.00000000       1.84826660    
   2.00999999       1.86076963    
   2.01999998       1.87269378    
   2.02999997       1.88412762    
   2.03999996       1.89514577    
   2.04999995       1.90580189    
   2.05999994       1.91614151    
   2.06999993       1.92620313    
   2.07999992       1.93601763    
   2.08999991       1.94561207    
   2.09999990       1.95500815    
   2.10999990       1.96422660    
   2.11999989       1.97328138    
   2.12999988       1.98219132    
   2.13999987       1.99096715    
   2.14999986       1.99962068    
   2.15999985       2.00816131    
   2.16999984       2.01659966    
   2.18000007       2.02494407    
   2.19000006       2.03319883    
   2.20000005       2.04137373    
   2.21000004       2.04947090    
   2.22000003       2.05750370    
   2.23000002       2.06546712    
   2.24000001       2.07336950    
   2.25000000       2.08121824    
   2.25999999       2.08901119    
   2.26999998       2.09675503    
   2.27999997       2.10445356    
   2.28999996       2.11210942    
   2.29999995       2.11972308    
   2.30999994       2.12729716    
   2.31999993       2.13483620    
   2.32999992       2.14234042    
   2.33999991       2.14981222    
   2.34999990       2.15725183    
   2.35999990       2.16466522    
   2.36999989       2.17205048    
   2.37999988       2.17940712    
   2.38999987       2.18674350    
   2.39999986       2.19405341    
   2.40999985       2.20134354    
   2.41999984       2.20861149    
   2.42999983       2.21585917    
   2.44000006       2.22308826    
   2.45000005       2.23029661    
   2.46000004       2.23748875    
   2.47000003       2.24466658    
   2.48000002       2.25182486    
   2.49000001       2.25897098    
   2.50000000       2.26610255    
   2.50999999       2.27321744    
   2.51999998       2.28032088    
   2.52999997       2.28741050    
   2.53999996       2.29448962    
   2.54999995       2.30155444    
   2.55999994       2.30861092    
   2.56999993       2.31565452    
   2.57999992       2.32268929    
   2.58999991       2.32971096    
   2.59999990       2.33672571    
   2.60999990       2.34372973    
   2.61999989       2.35072708    
   2.62999988       2.35771275    
   2.63999987       2.36469221    
   2.64999986       2.37166190    
   2.65999985       2.37862563    
   2.66999984       2.38558054    
   2.67999983       2.39252782    
   2.69000006       2.39947200    
   2.70000005       2.40640593    
   2.71000004       2.41333246    
   2.72000003       2.42025423    
   2.73000002       2.42716908    
   2.74000001       2.43407750    
   2.75000000       2.44098258    
   2.75999999       2.44788074    
   2.76999998       2.45477414    
   2.77999997       2.46166182    
   2.78999996       2.46854305    
   2.79999995       2.47541976    
   2.80999994       2.48229289    
   2.81999993       2.48916221    
   2.82999992       2.49602842    
   2.83999991       2.50288510    
   2.84999990       2.50973892    
   2.85999990       2.51658988    
   2.86999989       2.52343631    
   2.87999988       2.53027773    
   2.88999987       2.53711987    
   2.89999986       2.54395223    
   2.90999985       2.55078292    
   2.91999984       2.55761242    
   2.92999983       2.56443548    
   2.93999982       2.57125545    
   2.95000005       2.57807422    
   2.96000004       2.58488727    
   2.97000003       2.59169817    
   2.98000002       2.59850693    
   2.99000001       2.60531139    
   3.00000000       2.61211395    
   3.00999999       2.61891222    
   3.01999998       2.62570834    
   3.02999997       2.63250089    
   3.03999996       2.63929319    
   3.04999995       2.64607859    
   3.05999994       2.65286565    
   3.06999993       2.65964770    
   3.07999992       2.66642785    
   3.08999991       2.67320681    
   3.09999990       2.67998266    
   3.10999990       2.68675566    
   3.11999989       2.69352794    
   3.12999988       2.70029449    
   3.13999987       2.70706201    
   3.14999986       2.71382570    
   3.15999985       2.72058773    
   3.16999984       2.72734785    
   3.17999983       2.73410630    
   3.18999982       2.74086237    
   3.19999981       2.74761319    
   3.21000004       2.75436664    
   3.22000003       2.76111627    
   3.23000002       2.76786423    
   3.24000001       2.77461290    
   3.25000000       2.78135586    
   3.25999999       2.78809929    
   3.26999998       2.79483962    
   3.27999997       2.80157971    
   3.28999996       2.80831718    
   3.29999995       2.81505370    
   3.30999994       2.82178712    
   3.31999993       2.82851815    
   3.32999992       2.83525229    
   3.33999991       2.84197855    
   3.34999990       2.84870744    
   3.35999990       2.85543251    
   3.36999989       2.86215854    
   3.37999988       2.86888194    
   3.38999987       2.87560225    
   3.39999986       2.88232279    
   3.40999985       2.88904214    
   3.41999984       2.89575744    
   3.42999983       2.90247464    
   3.43999982       2.90918946    
   3.44999981       2.91590309    
   3.46000004       2.92261863    
   3.47000003       2.92932439    
   3.48000002       2.93603587    
   3.49000001       2.94274354    
   3.50000000       2.94944978    
   3.50999999       2.95615578    
   3.51999998       2.96285892    
   3.52999997       2.96955752    
   3.53999996       2.97626638    
   3.54999995       2.98296738    
   3.55999994       2.98966289    
   3.56999993       2.99636245    
   3.57999992       3.00306058    
   3.58999991       3.00975680    
   3.59999990       3.01645064    
   3.60999990       3.02314258    
   3.61999989       3.02983880    
   3.62999988       3.03652835    
   3.63999987       3.04321718    
   3.64999986       3.04990673    
   3.65999985       3.05659652    
   3.66999984       3.06327987    
   3.67999983       3.06996989    
   3.68999982       3.07665563    
   3.69999981       3.08334088    
   3.70999980       3.09002423    
   3.72000003       3.09670591    
   3.73000002       3.10338879    
   3.74000001       3.11006927    
   3.75000000       3.11674643    
   3.75999999       3.12342763    
   3.76999998       3.13010454    
   3.77999997       3.13678145    
   3.78999996       3.14345789    
   3.79999995       3.15013123    
   3.80999994       3.15680361    
   3.81999993       3.16347837    
   3.82999992       3.17015028    
   3.83999991       3.17682171    
   3.84999990       3.18349218    
   3.85999990       3.19016242    
   3.86999989       3.19682956    
   3.87999988       3.20349789    
   3.88999987       3.21016526    
   3.89999986       3.21683359    
   3.90999985       3.22349405    
   3.91999984       3.23016071    
   3.92999983       3.23682332    
   3.93999982       3.24348903    
   3.94999981       3.25015020    
   3.95999980       3.25680804    
   3.97000003       3.26347017    
   3.98000002       3.27013063    
   3.99000001       3.27678895    
   4.00000000       3.28344440    
   4.00999975       3.29010320    
   4.01999998       3.29675961    
   4.02999973       3.30341601    
   4.03999996       3.31007218    
   4.04999971       3.31672502    
   4.05999994       3.32337976    
   4.06999969       3.33003211    
   4.07999992       3.33668351    
   4.08999968       3.34333611    
   4.09999990       3.34998488    
   4.11000013       3.35663748    
   4.11999989       3.36328578    
   4.13000011       3.36993527    
   4.13999987       3.37658143    
   4.15000010       3.38323212    
   4.15999985       3.38987684    
   4.17000008       3.39652276    
   4.17999983       3.40316820    
   4.19000006       3.40981221    
   4.19999981       3.41645598    
   4.21000004       3.42309904    
   4.21999979       3.42974138    
   4.23000002       3.43638444    
   4.23999977       3.44302607    
   4.25000000       3.44966650    
   4.25999975       3.45630813    
   4.26999998       3.46294618    
   4.27999973       3.46958542    
   4.28999996       3.47622585    
   4.29999971       3.48286152    
   4.30999994       3.48949933    
   4.31999969       3.49613619    
   4.32999992       3.50277019    
   4.33999968       3.50940561    
   4.34999990       3.51603818    
   4.36000013       3.52267599    
   4.36999989       3.52930927    
   4.38000011       3.53594232    
   4.38999987       3.54257250    
   4.40000010       3.54920483    
   4.40999985       3.55583644    
   4.42000008       3.56246781    
   4.42999983       3.56909776    
   4.44000006       3.57572436    
   4.44999981       3.58235598    
   4.46000004       3.58898473    
   4.46999979       3.59561038    
   4.48000002       3.60223651    
   4.48999977       3.60886693    
   4.50000000       3.61549377    
   4.50999975       3.62211990    
   4.51999998       3.62874365    
   4.52999973       3.63535976    
   4.53999996       3.64199209    
   4.54999971       3.64861751    
   4.55999994       3.65523911    
   4.56999969       3.66186047    
   4.57999992       3.66848445    
   4.58999968       3.67510366    
   4.59999990       3.68172598    
   4.61000013       3.68834352    
   4.61999989       3.69496775    
   4.63000011       3.70158434    
   4.63999987       3.70820379    
   4.65000010       3.71482229    
   4.65999985       3.72144341    
   4.67000008       3.72805953    
   4.67999983       3.73467517    
   4.69000006       3.74129248    
   4.69999981       3.74790931    
   4.71000004       3.75452352    
   4.71999979       3.76113629    
   4.73000002       3.76775360    
   4.73999977       3.77436876    
   4.75000000       3.78098273    
   4.75999975       3.78759456    
   4.76999998       3.79420829    
   4.77999973       3.80082011    
   4.78999996       3.80743217    
   4.79999971       3.81404185    
   4.80999994       3.82065368    
   4.81999969       3.82726145    
   4.82999992       3.83387470    
   4.83999968       3.84048319    
   4.84999990       3.84709334    
   4.85999966       3.85370111    
   4.86999989       3.86030841    
   4.88000011       3.86691618    
   4.88999987       3.87352467    
   4.90000010       3.88013268    
   4.90999985       3.88673759    
   4.92000008       3.89334583    
   4.92999983       3.89994860    
   4.94000006       3.90655494    
   4.94999981       3.91315961    
   4.96000004       3.91976500    
   4.96999979       3.92636704    
   4.98000002       3.93297052    
   4.98999977       3.93957472    
   5.00000000       3.94617820    
   5.00999975       3.95278049    
   5.01999998       3.95938182    
   5.02999973       3.96598315    
   5.03999996       3.97258401    
   5.04999971       3.97918415    
   5.05999994       3.98578596    
   5.06999969       3.99238420    
   5.07999992       3.99898386    
   5.08999968       4.00558567    
   5.09999990       4.01218319    
   5.10999966       4.01877832    
   5.11999989       4.02537584    
   5.13000011       4.03197527    
   5.13999987       4.03857136    
   5.15000010       4.04516792    
   5.15999985       4.05175877    
   5.17000008       4.05836010    
   5.17999983       4.06495667    
   5.19000006       4.07155228    
   5.19999981       4.07814693    
   5.21000004       4.08474493    
   5.21999979       4.09133863    
   5.23000002       4.09792995    
   5.23999977       4.10452461    
   5.25000000       4.11111975    
   5.25999975       4.11770678    
   5.26999998       4.12430143    
   5.27999973       4.13089705    
   5.28999996       4.13748598    
   5.29999971       4.14407730    
   5.30999994       4.15066862    
   5.31999969       4.15725565    
   5.32999992       4.16384935    
   5.33999968       4.17044115    
   5.34999990       4.17703009    
   5.35999966       4.18361712    
   5.36999989       4.19020605    
   5.38000011       4.19679642    
   5.38999987       4.20338202    
   5.40000010       4.20997000    
   5.40999985       4.21655893    
   5.42000008       4.22314930    
   5.42999983       4.22972775    
   5.44000006       4.23631859    
   5.44999981       4.24290562    
   5.46000004       4.24949217    
   5.46999979       4.25607777    
   5.48000002       4.26265907    
   5.48999977       4.26924467    
   5.50000000       4.27582788    
   5.50999975       4.28241253    
