   9.99999978E-03  -9.54418829E-06
   1.99999996E-02  -1.91922372E-05
   2.99999993E-02  -2.84124817E-05
   3.99999991E-02  -3.84009945E-05
   4.99999970E-02  -4.80627496E-05
   5.99999987E-02  -5.75409067E-05
   7.00000003E-02  -6.70854861E-05
   7.99999982E-02  -8.03412404E-05
   8.99999961E-02  -8.43846574E-05
   9.99999940E-02  -8.87960196E-05
  0.109999999      -8.31784491E-05
  0.119999997      -5.68369214E-05
  0.129999995       9.94606489E-06
  0.140000001       1.36499497E-04
  0.149999991       3.10935604E-04
  0.159999996       6.55853422E-04
  0.170000002       1.21011469E-03
  0.179999992       1.83052639E-03
  0.189999998       2.79883808E-03
  0.199999988       3.90325557E-03
  0.209999993       5.61558967E-03
  0.219999999       6.85306313E-03
  0.229999989       9.69237462E-03
  0.239999995       1.21399583E-02
  0.250000000       1.39801679E-02
  0.259999990       1.83140449E-02
  0.269999981       2.31781807E-02
  0.280000001       2.55440883E-02
  0.289999992       2.87708100E-02
  0.299999982       3.50301415E-02
  0.310000002       4.29325625E-02
  0.319999993       5.00071943E-02
  0.329999983       5.18916324E-02
  0.340000004       5.56942001E-02
  0.349999994       6.29275590E-02
  0.359999985       7.25587904E-02
  0.370000005       8.44066665E-02
  0.379999995       9.70839784E-02
  0.389999986      0.105755620    
  0.399999976      0.105446927    
  0.409999996      0.109423704    
  0.419999987      0.116446555    
  0.429999977      0.125683397    
  0.439999998      0.137144461    
  0.449999988      0.151003689    
  0.459999979      0.167378008    
  0.469999999      0.185927033    
  0.479999989      0.204827040    
  0.489999980      0.218433022    
  0.500000000      0.217737108    
  0.509999990      0.218400031    
  0.519999981      0.222770184    
  0.529999971      0.229103312    
  0.539999962      0.237000540    
  0.550000012      0.246347219    
  0.560000002      0.257152051    
  0.569999993      0.269490749    
  0.579999983      0.283486992    
  0.589999974      0.299301863    
  0.599999964      0.317114651    
  0.610000014      0.337093174    
  0.620000005      0.359319836    
  0.629999995      0.383620054    
  0.639999986      0.409150362    
  0.649999976      0.433418423    
  0.659999967      0.450129509    
  0.669999957      0.450925171    
  0.680000007      0.451562732    
  0.689999998      0.454202831    
  0.699999988      0.458089262    
  0.709999979      0.462915689    
  0.719999969      0.468523979    
  0.729999959      0.474821597    
  0.740000010      0.481752753    
  0.750000000      0.489285231    
  0.759999990      0.497401088    
  0.769999981      0.506094813    
  0.779999971      0.515369296    
  0.789999962      0.525234580    
  0.799999952      0.535705268    
  0.810000002      0.546802104    
  0.819999993      0.558553159    
  0.829999983      0.570987523    
  0.839999974      0.584142387    
  0.849999964      0.598056316    
  0.859999955      0.612774491    
  0.870000005      0.628345549    
  0.879999995      0.644820273    
  0.889999986      0.662252069    
  0.899999976      0.680690110    
  0.909999967      0.700198293    
  0.919999957      0.720793962    
  0.930000007      0.742524147    
  0.939999998      0.765344739    
  0.949999988      0.789174199    
  0.959999979      0.813792408    
  0.969999969      0.838756621    
  0.979999959      0.863207757    
  0.989999950      0.885493875    
   1.00000000      0.902391493    
   1.00999999      0.912692904    
   1.01999998      0.921006680    
   1.02999997      0.928455174    
   1.03999996      0.935441017    
   1.04999995      0.942174315    
   1.05999994      0.948757589    
   1.06999993      0.955261827    
   1.07999992      0.961733043    
   1.09000003      0.968199134    
   1.10000002      0.974680364    
   1.11000001      0.981191993    
   1.12000000      0.987743318    
   1.13000000      0.994342923    
   1.13999999       1.00099552    
   1.14999998       1.00770557    
   1.15999997       1.01447427    
   1.16999996       1.02130604    
   1.17999995       1.02820277    
   1.18999994       1.03516543    
   1.19999993       1.04219437    
   1.20999992       1.04929197    
   1.22000003       1.05645704    
   1.23000002       1.06369245    
   1.24000001       1.07099724    
   1.25000000       1.07837152    
   1.25999999       1.08581889    
   1.26999998       1.09333825    
   1.27999997       1.10092866    
   1.28999996       1.10859191    
   1.29999995       1.11632669    
   1.30999994       1.12413776    
   1.31999993       1.13202131    
   1.32999992       1.13997972    
   1.33999991       1.14801395    
   1.35000002       1.15612483    
   1.36000001       1.16431117    
   1.37000000       1.17257512    
   1.38000000       1.18091714    
   1.38999999       1.18933856    
   1.39999998       1.19783926    
   1.40999997       1.20642006    
   1.41999996       1.21508217    
   1.42999995       1.22382498    
   1.43999994       1.23265350    
   1.44999993       1.24156547    
   1.45999992       1.25056100    
   1.46999991       1.25964236    
   1.48000002       1.26880980    
   1.49000001       1.27806544    
   1.50000000       1.28741038    
   1.50999999       1.29684353    
   1.51999998       1.30636847    
   1.52999997       1.31598532    
   1.53999996       1.32569444    
   1.54999995       1.33549869    
   1.55999994       1.34539700    
   1.56999993       1.35539114    
   1.57999992       1.36548138    
   1.58999991       1.37567163    
   1.59999990       1.38596129    
   1.61000001       1.39635038    
   1.62000000       1.40683925    
   1.63000000       1.41743422    
   1.63999999       1.42813158    
   1.64999998       1.43893182    
   1.65999997       1.44983840    
   1.66999996       1.46084964    
   1.67999995       1.47196889    
   1.68999994       1.48319626    
   1.69999993       1.49453044    
   1.70999992       1.50597441    
   1.71999991       1.51752818    
   1.73000002       1.52919018    
   1.74000001       1.54096222    
   1.75000000       1.55284238    
   1.75999999       1.56483388    
   1.76999998       1.57693303    
   1.77999997       1.58913934    
   1.78999996       1.60145354    
   1.79999995       1.61387169    
   1.80999994       1.62639272    
   1.81999993       1.63901639    
   1.82999992       1.65173852    
   1.83999991       1.66455460    
   1.84999990       1.67746103    
   1.86000001       1.69045508    
   1.87000000       1.70352626    
   1.88000000       1.71667445    
   1.88999999       1.72988808    
   1.89999998       1.74315715    
   1.90999997       1.75647306    
   1.91999996       1.76982307    
   1.92999995       1.78319263    
   1.93999994       1.79656672    
   1.94999993       1.80992246    
   1.95999992       1.82324445    
   1.96999991       1.83650458    
   1.97999990       1.84967387    
   1.99000001       1.86271763    
   2.00000000       1.87560022    
   2.00999999       1.88806319    
   2.01999998       1.89995289    
   2.02999997       1.91136181    
   2.03999996       1.92235720    
   2.04999995       1.93299878    
   2.05999994       1.94333076    
   2.06999993       1.95338678    
   2.07999992       1.96320128    
   2.08999991       1.97279882    
   2.09999990       1.98219979    
   2.10999990       1.99142694    
   2.11999989       2.00049448    
   2.12999988       2.00941896    
   2.13999987       2.01821089    
   2.14999986       2.02688313    
   2.15999985       2.03544331    
   2.16999984       2.04390430    
   2.18000007       2.05226946    
   2.19000006       2.06055045    
   2.20000005       2.06875134    
   2.21000004       2.07687593    
   2.22000003       2.08493686    
   2.23000002       2.09293032    
   2.24000001       2.10086417    
   2.25000000       2.10874271    
   2.25999999       2.11656713    
   2.26999998       2.12434673    
   2.27999997       2.13207626    
   2.28999996       2.13976598    
   2.29999995       2.14741659    
   2.30999994       2.15502453    
   2.31999993       2.16260147    
   2.32999992       2.17014027    
   2.33999991       2.17764974    
   2.34999990       2.18512869    
   2.35999990       2.19257927    
   2.36999989       2.20000148    
   2.37999988       2.20740080    
   2.38999987       2.21477461    
   2.39999986       2.22212625    
   2.40999985       2.22945499    
   2.41999984       2.23676181    
   2.42999983       2.24404955    
   2.44000006       2.25132108    
   2.45000005       2.25857186    
   2.46000004       2.26580596    
   2.47000003       2.27302384    
   2.48000002       2.28022480    
   2.49000001       2.28740716    
   2.50000000       2.29458618    
   2.50999999       2.30174422    
   2.51999998       2.30888915    
   2.52999997       2.31602144    
   2.53999996       2.32314467    
   2.54999995       2.33024979    
   2.55999994       2.33735275    
   2.56999993       2.34444022    
   2.57999992       2.35151887    
   2.58999991       2.35858536    
   2.59999990       2.36564398    
   2.60999990       2.37269330    
   2.61999989       2.37973166    
   2.62999988       2.38676476    
   2.63999987       2.39378881    
   2.64999986       2.40080118    
   2.65999985       2.40781069    
   2.66999984       2.41481304    
   2.67999983       2.42180562    
   2.69000006       2.42879272    
   2.70000005       2.43577409    
   2.71000004       2.44274426    
   2.72000003       2.44971132    
   2.73000002       2.45667458    
   2.74000001       2.46362758    
   2.75000000       2.47057724    
   2.75999999       2.47752285    
   2.76999998       2.48446178    
   2.77999997       2.49139619    
   2.78999996       2.49832559    
   2.79999995       2.50524831    
   2.80999994       2.51216793    
   2.81999993       2.51908207    
   2.82999992       2.52599239    
   2.83999991       2.53289604    
   2.84999990       2.53980017    
   2.85999990       2.54669738    
   2.86999989       2.55358958    
   2.87999988       2.56047773    
   2.88999987       2.56736231    
   2.89999986       2.57424784    
   2.90999985       2.58112383    
   2.91999984       2.58799815    
   2.92999983       2.59487009    
   2.93999982       2.60173917    
   2.95000005       2.60860348    
   2.96000004       2.61546469    
   2.97000003       2.62232184    
   2.98000002       2.62917876    
   2.99000001       2.63603115    
   3.00000000       2.64287901    
   3.00999999       2.64972544    
   3.01999998       2.65657067    
   3.02999997       2.66341162    
   3.03999996       2.67024803    
   3.04999995       2.67708516    
   3.05999994       2.68391705    
   3.06999993       2.69074869    
   3.07999992       2.69757724    
   3.08999991       2.70440269    
   3.09999990       2.71122622    
   3.10999990       2.71804667    
   3.11999989       2.72486663    
   3.12999988       2.73168087    
   3.13999987       2.73849559    
   3.14999986       2.74530911    
   3.15999985       2.75211740    
   3.16999984       2.75892687    
   3.17999983       2.76573372    
   3.18999982       2.77253485    
   3.19999981       2.77933693    
   3.21000004       2.78613734    
   3.22000003       2.79293561    
   3.23000002       2.79973412    
   3.24000001       2.80652714    
   3.25000000       2.81332254    
   3.25999999       2.82011294    
   3.26999998       2.82690120    
   3.27999997       2.83368802    
   3.28999996       2.84047365    
   3.29999995       2.84725833    
   3.30999994       2.85403943    
   3.31999993       2.86082077    
   3.32999992       2.86760211    
   3.33999991       2.87438130    
   3.34999990       2.88115621    
   3.35999990       2.88792896    
   3.36999989       2.89470434    
   3.37999988       2.90147543    
   3.38999987       2.90824389    
   3.39999986       2.91501498    
   3.40999985       2.92178226    
   3.41999984       2.92854738    
   3.42999983       2.93531275    
   3.43999982       2.94207716    
   3.44999981       2.94883823    
   3.46000004       2.95559812    
   3.47000003       2.96235991    
   3.48000002       2.96911573    
   3.49000001       2.97587252    
   3.50000000       2.98262978    
   3.50999999       2.98938203    
   3.51999998       2.99613953    
   3.52999997       3.00288939    
   3.53999996       3.00963640    
   3.54999995       3.01638913    
   3.55999994       3.02313876    
   3.56999993       3.02988386    
   3.57999992       3.03663015    
   3.58999991       3.04337502    
   3.59999990       3.05011892    
   3.60999990       3.05686235    
   3.61999989       3.06360579    
   3.62999988       3.07034373    
   3.63999987       3.07708383    
   3.64999986       3.08382034    
   3.65999985       3.09055972    
   3.66999984       3.09729075    
   3.67999983       3.10403323    
   3.68999982       3.11076784    
   3.69999981       3.11749554    
   3.70999980       3.12423253    
   3.72000003       3.13096237    
   3.73000002       3.13769293    
   3.74000001       3.14442325    
   3.75000000       3.15115166    
   3.75999999       3.15787983    
   3.76999998       3.16460609    
   3.77999997       3.17133236    
   3.78999996       3.17805552    
   3.79999995       3.18478131    
   3.80999994       3.19150281    
   3.81999993       3.19822550    
   3.82999992       3.20494485    
   3.83999991       3.21166682    
   3.84999990       3.21838737    
   3.85999990       3.22510505    
   3.86999989       3.23182249    
   3.87999988       3.23853946    
   3.88999987       3.24525785    
   3.89999986       3.25197196    
   3.90999985       3.25868535    
   3.91999984       3.26539660    
   3.92999983       3.27211165    
   3.93999982       3.27882409    
   3.94999981       3.28553534    
   3.95999980       3.29224515    
   3.97000003       3.29895496    
   3.98000002       3.30566430    
   3.99000001       3.31237078    
   4.00000000       3.31908011    
   4.00999975       3.32578468    
   4.01999998       3.33249235    
   4.02999973       3.33919978    
   4.03999996       3.34590006    
   4.04999971       3.35260463    
   4.05999994       3.35930777    
   4.06999969       3.36601162    
   4.07999992       3.37271237    
   4.08999968       3.37941504    
   4.09999990       3.38611412    
   4.11000013       3.39281225    
   4.11999989       3.39951181    
   4.13000011       3.40620852    
   4.13999987       3.41290736    
   4.15000010       3.41960382    
   4.15999985       3.42630100    
   4.17000008       3.43299508    
   4.17999983       3.43968987    
   4.19000006       3.44638658    
   4.19999981       3.45307970    
   4.21000004       3.45976901    
   4.21999979       3.46646380    
   4.23000002       3.47315478    
   4.23999977       3.47984600    
   4.25000000       3.48653436    
   4.25999975       3.49322653    
   4.26999998       3.49991488    
   4.27999973       3.50660157    
   4.28999996       3.51328897    
   4.29999971       3.51997685    
   4.30999994       3.52666378    
   4.31999969       3.53335190    
   4.32999992       3.54003668    
   4.33999968       3.54671884    
   4.34999990       3.55340385    
   4.36000013       3.56008911    
   4.36999989       3.56677175    
   4.38000011       3.57345319    
   4.38999987       3.58013558    
   4.40000010       3.58681703    
   4.40999985       3.59349656    
   4.42000008       3.60017848    
   4.42999983       3.60685754    
   4.44000006       3.61353660    
   4.44999981       3.62021494    
   4.46000004       3.62688947    
   4.46999979       3.63356996    
   4.48000002       3.64024663    
   4.48999977       3.64692545    
   4.50000000       3.65359759    
   4.50999975       3.66027355    
   4.51999998       3.66694713    
   4.52999973       3.67361522    
   4.53999996       3.68029571    
   4.54999971       3.68696880    
   4.55999994       3.69364262    
   4.56999969       3.70031404    
   4.57999992       3.70698619    
   4.58999968       3.71365547    
   4.59999990       3.72032666    
   4.61000013       3.72699690    
   4.61999989       3.73366809    
   4.63000011       3.74033594    
   4.63999987       3.74700475    
   4.65000010       3.75367355    
   4.65999985       3.76034164    
   4.67000008       3.76700997    
   4.67999983       3.77367258    
   4.69000006       3.78034306    
   4.69999981       3.78700471    
   4.71000004       3.79367185    
   4.71999979       3.80033779    
   4.73000002       3.80699897    
   4.73999977       3.81366515    
   4.75000000       3.82032871    
   4.75999975       3.82699060    
   4.76999998       3.83365250    
   4.77999973       3.84031391    
   4.78999996       3.84697556    
   4.79999971       3.85363793    
   4.80999994       3.86029816    
   4.81999969       3.86695957    
   4.82999992       3.87361693    
   4.83999968       3.88027644    
   4.84999990       3.88693476    
   4.85999966       3.89359403    
   4.86999989       3.90024924    
   4.88000011       3.90690899    
   4.88999987       3.91356635    
   4.90000010       3.92022228    
   4.90999985       3.92688084    
   4.92000008       3.93353462    
   4.92999983       3.94018912    
   4.94000006       3.94684386    
   4.94999981       3.95349860    
   4.96000004       3.96015453    
   4.96999979       3.96680474    
   4.98000002       3.97345901    
   4.98999977       3.98011374    
   5.00000000       3.98676395    
   5.00999975       3.99341607    
   5.01999998       4.00007057    
   5.02999973       4.00671911    
   5.03999996       4.01337147    
   5.04999971       4.02002287    
   5.05999994       4.02667046    
   5.06999969       4.03332043    
   5.07999992       4.03997087    
   5.08999968       4.04661751    
   5.09999990       4.05326986    
   5.10999966       4.05991507    
   5.11999989       4.06656218    
   5.13000011       4.07321167    
   5.13999987       4.07985830    
   5.15000010       4.08650255    
   5.15999985       4.09314680    
   5.17000008       4.09979630    
   5.17999983       4.10644197    
   5.19000006       4.11308765    
   5.19999981       4.11973190    
   5.21000004       4.12637377    
   5.21999979       4.13301802    
   5.23000002       4.13966274    
   5.23999977       4.14630651    
   5.25000000       4.15294933    
   5.25999975       4.15959406    
   5.26999998       4.16623354    
   5.27999973       4.17287540    
   5.28999996       4.17951822    
   5.29999971       4.18615723    
   5.30999994       4.19279480    
   5.31999969       4.19943619    
   5.32999992       4.20608044    
   5.33999968       4.21272087    
   5.34999990       4.21935463    
   5.35999966       4.22599411    
   5.36999989       4.23263550    
   5.38000011       4.23927164    
   5.38999987       4.24591112    
   5.40000010       4.25254536    
   5.40999985       4.25918818    
   5.42000008       4.26582098    
   5.42999983       4.27245760    
   5.44000006       4.27909565    
   5.44999981       4.28572941    
   5.46000004       4.29236364    
   5.46999979       4.29900122    
   5.48000002       4.30563498    
   5.48999977       4.31226873    
   5.50000000       4.31890202    
   5.50999975       4.32553577    
