   9.99999978E-03  -9.49845980E-06
   1.99999996E-02  -2.03547352E-05
   2.99999993E-02  -3.00957327E-05
   3.99999991E-02  -4.07140396E-05
   4.99999970E-02  -5.09221645E-05
   5.99999987E-02  -6.10817442E-05
   7.00000003E-02  -7.11429602E-05
   7.99999982E-02  -8.01924398E-05
   8.99999961E-02  -8.64923786E-05
   9.99999940E-02  -8.48763157E-05
  0.109999999      -6.33847085E-05
  0.119999997      -1.45693775E-06
  0.129999995       1.30004599E-04
  0.140000001       3.61646526E-04
  0.149999991       7.16378854E-04
  0.159999996       1.22746511E-03
  0.170000002       2.09221919E-03
  0.179999992       3.08760488E-03
  0.189999998       4.46634740E-03
  0.199999988       6.16838271E-03
  0.209999993       8.49838275E-03
  0.219999999       1.03310198E-02
  0.229999989       1.42576518E-02
  0.239999995       1.73426382E-02
  0.250000000       2.00197436E-02
  0.259999990       2.58286707E-02
  0.269999981       3.18657421E-02
  0.280000001       3.47230546E-02
  0.289999992       3.91855985E-02
  0.299999982       4.72817086E-02
  0.310000002       5.70079684E-02
  0.319999993       6.51184544E-02
  0.329999983       6.73220828E-02
  0.340000004       7.24078640E-02
  0.349999994       8.14876854E-02
  0.359999985       9.32920352E-02
  0.370000005      0.107361607    
  0.379999995      0.121734165    
  0.389999986      0.130899787    
  0.399999976      0.130773008    
  0.409999996      0.135837972    
  0.419999987      0.144356698    
  0.429999977      0.155398801    
  0.439999998      0.168925643    
  0.449999988      0.185041934    
  0.459999979      0.203719243    
  0.469999999      0.224326998    
  0.479999989      0.244553640    
  0.489999980      0.258345485    
  0.500000000      0.257663578    
  0.509999990      0.258946568    
  0.519999981      0.264179707    
  0.529999971      0.271560520    
  0.539999962      0.280665755    
  0.550000012      0.291364968    
  0.560000002      0.303654402    
  0.569999993      0.317598462    
  0.579999983      0.333306789    
  0.589999974      0.350914687    
  0.599999964      0.370561272    
  0.610000014      0.392349035    
  0.620000005      0.416251361    
  0.629999995      0.441931248    
  0.639999986      0.468320310    
  0.649999976      0.492717117    
  0.659999967      0.509051383    
  0.669999957      0.510323346    
  0.680000007      0.511602759    
  0.689999998      0.514858544    
  0.699999988      0.519375920    
  0.709999979      0.524863005    
  0.719999969      0.531162679    
  0.729999959      0.538183570    
  0.740000010      0.545869291    
  0.750000000      0.554186642    
  0.759999990      0.563114524    
  0.769999981      0.572653711    
  0.779999971      0.582799554    
  0.789999962      0.593559563    
  0.799999952      0.604947984    
  0.810000002      0.616985679    
  0.819999993      0.629693031    
  0.829999983      0.643100679    
  0.839999974      0.657238364    
  0.849999964      0.672141135    
  0.859999955      0.687846661    
  0.870000005      0.704396069    
  0.879999995      0.721829891    
  0.889999986      0.740188360    
  0.899999976      0.759511709    
  0.909999967      0.779827476    
  0.919999957      0.801153958    
  0.930000007      0.823477209    
  0.939999998      0.846743345    
  0.949999988      0.870822906    
  0.959999979      0.895456493    
  0.969999969      0.920171201    
  0.979999959      0.944114745    
  0.989999950      0.965756118    
   1.00000000      0.982297242    
   1.00999999      0.992887914    
   1.01999998       1.00162923    
   1.02999997       1.00954401    
   1.03999996       1.01701117    
   1.04999995       1.02422178    
   1.05999994       1.03128421    
   1.06999993       1.03826761    
   1.07999992       1.04521239    
   1.09000003       1.05215144    
   1.10000002       1.05910349    
   1.11000001       1.06608224    
   1.12000000       1.07310021    
   1.13000000       1.08016407    
   1.13999999       1.08727980    
   1.14999998       1.09445119    
   1.15999997       1.10168123    
   1.16999996       1.10897326    
   1.17999995       1.11632919    
   1.18999994       1.12375212    
   1.19999993       1.13123882    
   1.20999992       1.13879347    
   1.22000003       1.14641714    
   1.23000002       1.15410924    
   1.24000001       1.16187119    
   1.25000000       1.16970336    
   1.25999999       1.17760515    
   1.26999998       1.18558109    
   1.27999997       1.19362712    
   1.28999996       1.20174468    
   1.29999995       1.20993495    
   1.30999994       1.21819973    
   1.31999993       1.22653687    
   1.32999992       1.23494887    
   1.33999991       1.24343395    
   1.35000002       1.25199378    
   1.36000001       1.26063216    
   1.37000000       1.26934493    
   1.38000000       1.27813530    
   1.38999999       1.28700292    
   1.39999998       1.29594815    
   1.40999997       1.30497241    
   1.41999996       1.31407666    
   1.42999995       1.32326031    
   1.43999994       1.33252537    
   1.44999993       1.34187257    
   1.45999992       1.35130179    
   1.46999991       1.36081362    
   1.48000002       1.37040949    
   1.49000001       1.38009214    
   1.50000000       1.38985920    
   1.50999999       1.39971197    
   1.51999998       1.40965235    
   1.52999997       1.41968083    
   1.53999996       1.42979825    
   1.54999995       1.44000459    
   1.55999994       1.45030284    
   1.56999993       1.46069276    
   1.57999992       1.47117388    
   1.58999991       1.48174715    
   1.59999990       1.49241459    
   1.61000001       1.50317657    
   1.62000000       1.51403213    
   1.63000000       1.52498603    
   1.63999999       1.53603470    
   1.64999998       1.54718101    
   1.65999997       1.55842364    
   1.66999996       1.56976354    
   1.67999995       1.58120394    
   1.68999994       1.59274054    
   1.69999993       1.60437655    
   1.70999992       1.61611128    
   1.71999991       1.62794352    
   1.73000002       1.63987589    
   1.74000001       1.65190387    
   1.75000000       1.66402948    
   1.75999999       1.67625308    
   1.76999998       1.68856823    
   1.77999997       1.70097995    
   1.78999996       1.71348286    
   1.79999995       1.72607636    
   1.80999994       1.73875737    
   1.81999993       1.75152206    
   1.82999992       1.76436698    
   1.83999991       1.77729058    
   1.84999990       1.79028785    
   1.86000001       1.80334878    
   1.87000000       1.81647229    
   1.88000000       1.82965040    
   1.88999999       1.84287310    
   1.89999998       1.85613358    
   1.90999997       1.86941957    
   1.91999996       1.88271785    
   1.92999995       1.89601731    
   1.93999994       1.90930033    
   1.94999993       1.92255032    
   1.95999992       1.93574452    
   1.96999991       1.94886279    
   1.97999990       1.96187651    
   1.99000001       1.97475600    
   2.00000000       1.98746824    
   2.00999999       1.99976647    
   2.01999998       2.01152182    
   2.02999997       2.02282310    
   2.03999996       2.03373885    
   2.04999995       2.04432225    
   2.05999994       2.05461454    
   2.06999993       2.06465101    
   2.07999992       2.07446146    
   2.08999991       2.08407092    
   2.09999990       2.09349585    
   2.10999990       2.10275745    
   2.11999989       2.11187053    
   2.12999988       2.12085056    
   2.13999987       2.12970662    
   2.14999986       2.13845134    
   2.15999985       2.14709234    
   2.16999984       2.15563822    
   2.18000007       2.16409683    
   2.19000006       2.17247558    
   2.20000005       2.18077803    
   2.21000004       2.18901324    
   2.22000003       2.19718266    
   2.23000002       2.20529485    
   2.24000001       2.21334910    
   2.25000000       2.22135353    
   2.25999999       2.22930646    
   2.26999998       2.23721194    
   2.27999997       2.24507904    
   2.28999996       2.25289989    
   2.29999995       2.26068926    
   2.30999994       2.26844287    
   2.31999993       2.27615952    
   2.32999992       2.28384733    
   2.33999991       2.29150295    
   2.34999990       2.29913259    
   2.35999990       2.30673504    
   2.36999989       2.31431031    
   2.37999988       2.32186341    
   2.38999987       2.32939386    
   2.39999986       2.33690286    
   2.40999985       2.34438992    
   2.41999984       2.35185790    
   2.42999983       2.35930872    
   2.44000006       2.36674166    
   2.45000005       2.37415552    
   2.46000004       2.38155413    
   2.47000003       2.38893986    
   2.48000002       2.39630699    
   2.49000001       2.40365887    
   2.50000000       2.41100454    
   2.50999999       2.41833472    
   2.51999998       2.42565012    
   2.52999997       2.43295407    
   2.53999996       2.44024801    
   2.54999995       2.44753194    
   2.55999994       2.45480561    
   2.56999993       2.46206546    
   2.57999992       2.46932173    
   2.58999991       2.47656274    
   2.59999990       2.48379636    
   2.60999990       2.49102187    
   2.61999989       2.49823999    
   2.62999988       2.50545025    
   2.63999987       2.51265287    
   2.64999986       2.51984715    
   2.65999985       2.52703261    
   2.66999984       2.53421330    
   2.67999983       2.54138827    
   2.69000006       2.54855680    
   2.70000005       2.55571675    
   2.71000004       2.56287074    
   2.72000003       2.57001996    
   2.73000002       2.57716537    
   2.74000001       2.58430457    
   2.75000000       2.59143567    
   2.75999999       2.59856248    
   2.76999998       2.60568619    
   2.77999997       2.61280441    
   2.78999996       2.61991763    
   2.79999995       2.62702751    
   2.80999994       2.63413072    
   2.81999993       2.64123154    
   2.82999992       2.64832950    
   2.83999991       2.65541697    
   2.84999990       2.66250944    
   2.85999990       2.66959047    
   2.86999989       2.67666960    
   2.87999988       2.68374705    
   2.88999987       2.69082117    
   2.89999986       2.69788980    
   2.90999985       2.70495605    
   2.91999984       2.71201801    
   2.92999983       2.71907759    
   2.93999982       2.72613335    
   2.95000005       2.73318768    
   2.96000004       2.74023795    
   2.97000003       2.74728441    
   2.98000002       2.75432801    
   2.99000001       2.76136994    
   3.00000000       2.76840997    
   3.00999999       2.77544427    
   3.01999998       2.78247786    
   3.02999997       2.78950930    
   3.03999996       2.79653811    
   3.04999995       2.80356550    
   3.05999994       2.81058860    
   3.06999993       2.81760955    
   3.07999992       2.82462716    
   3.08999991       2.83164477    
   3.09999990       2.83866191    
   3.10999990       2.84567261    
   3.11999989       2.85268116    
   3.12999988       2.85968947    
   3.13999987       2.86669827    
   3.14999986       2.87370110    
   3.15999985       2.88070273    
   3.16999984       2.88770294    
   3.17999983       2.89470053    
   3.18999982       2.90169549    
   3.19999981       2.90869403    
   3.21000004       2.91568446    
   3.22000003       2.92267704    
   3.23000002       2.92966366    
   3.24000001       2.93665218    
   3.25000000       2.94363832    
   3.25999999       2.95062113    
   3.26999998       2.95760632    
   3.27999997       2.96458387    
   3.28999996       2.97156382    
   3.29999995       2.97854257    
   3.30999994       2.98551893    
   3.31999993       2.99249148    
   3.32999992       2.99946547    
   3.33999991       3.00643706    
   3.34999990       3.01340771    
   3.35999990       3.02037907    
   3.36999989       3.02734303    
   3.37999988       3.03430867    
   3.38999987       3.04127383    
   3.39999986       3.04823589    
   3.40999985       3.05519629    
   3.41999984       3.06215906    
   3.42999983       3.06912208    
   3.43999982       3.07607627    
   3.44999981       3.08303285    
   3.46000004       3.08999038    
   3.47000003       3.09694576    
   3.48000002       3.10389519    
   3.49000001       3.11085105    
   3.50000000       3.11779761    
   3.50999999       3.12474751    
   3.51999998       3.13169789    
   3.52999997       3.13864279    
   3.53999996       3.14558840    
   3.54999995       3.15253186    
   3.55999994       3.15947795    
   3.56999993       3.16641879    
   3.57999992       3.17335987    
   3.58999991       3.18030190    
   3.59999990       3.18724155    
   3.60999990       3.19417763    
   3.61999989       3.20111632    
   3.62999988       3.20805454    
   3.63999987       3.21499014    
   3.64999986       3.22192359    
   3.65999985       3.22885656    
   3.66999984       3.23578858    
   3.67999983       3.24271727    
   3.68999982       3.24964857    
   3.69999981       3.25657988    
   3.70999980       3.26350904    
   3.72000003       3.27043581    
   3.73000002       3.27736235    
   3.74000001       3.28428793    
   3.75000000       3.29121375    
   3.75999999       3.29813528    
   3.76999998       3.30505824    
   3.77999997       3.31198263    
   3.78999996       3.31890202    
   3.79999995       3.32582426    
   3.80999994       3.33274102    
   3.81999993       3.33966136    
   3.82999992       3.34657860    
   3.83999991       3.35349560    
   3.84999990       3.36041331    
   3.85999990       3.36732864    
   3.86999989       3.37424111    
   3.87999988       3.38115954    
   3.88999987       3.38806677    
   3.89999986       3.39498162    
   3.90999985       3.40189362    
   3.91999984       3.40880275    
   3.92999983       3.41571212    
   3.93999982       3.42262316    
   3.94999981       3.42953038    
   3.95999980       3.43643761    
   3.97000003       3.44334483    
   3.98000002       3.45024872    
   3.99000001       3.45715499    
   4.00000000       3.46406078    
   4.00999975       3.47096348    
   4.01999998       3.47786760    
   4.02999973       3.48476887    
   4.03999996       3.49167180    
   4.04999971       3.49857306    
   4.05999994       3.50547338    
   4.06999969       3.51237321    
   4.07999992       3.51926970    
   4.08999968       3.52616787    
   4.09999990       3.53306603    
   4.11000013       3.53996348    
   4.11999989       3.54685926    
   4.13000011       3.55375481    
   4.13999987       3.56064892    
   4.15000010       3.56754375    
   4.15999985       3.57443857    
   4.17000008       3.58133173    
   4.17999983       3.58822322    
   4.19000006       3.59511566    
   4.19999981       3.60200620    
   4.21000004       3.60889626    
   4.21999979       3.61578488    
   4.23000002       3.62267494    
   4.23999977       3.62956405    
   4.25000000       3.63645196    
   4.25999975       3.64333725    
   4.26999998       3.65022683    
   4.27999973       3.65711117    
   4.28999996       3.66399717    
   4.29999971       3.67088103    
   4.30999994       3.67776728    
   4.31999969       3.68465185    
   4.32999992       3.69153571    
   4.33999968       3.69841599    
   4.34999990       3.70529842    
   4.36000013       3.71218157    
   4.36999989       3.71906328    
   4.38000011       3.72594142    
   4.38999987       3.73282290    
   4.40000010       3.73970008    
   4.40999985       3.74657989    
   4.42000008       3.75345874    
   4.42999983       3.76033592    
   4.44000006       3.76721239    
   4.44999981       3.77408910    
   4.46000004       3.78096533    
   4.46999979       3.78783894    
   4.48000002       3.79471588    
   4.48999977       3.80158925    
   4.50000000       3.80846357    
   4.50999975       3.81533718    
   4.51999998       3.82221031    
   4.52999973       3.82907581    
   4.53999996       3.83595562    
   4.54999971       3.84282708    
   4.55999994       3.84969640    
   4.56999969       3.85656524    
   4.57999992       3.86343741    
   4.58999968       3.87030649    
   4.59999990       3.87717772    
   4.61000013       3.88404417    
   4.61999989       3.89091420    
   4.63000011       3.89777994    
   4.63999987       3.90464520    
   4.65000010       3.91151381    
   4.65999985       3.91837859    
   4.67000008       3.92524457    
   4.67999983       3.93210959    
   4.69000006       3.93897367    
   4.69999981       3.94583821    
   4.71000004       3.95270157    
   4.71999979       3.95956612    
   4.73000002       3.96642876    
   4.73999977       3.97328806    
   4.75000000       3.98015094    
   4.75999975       3.98701143    
   4.76999998       3.99387479    
   4.77999973       4.00073242    
   4.78999996       4.00758934    
   4.79999971       4.01445055    
   4.80999994       4.02131271    
   4.81999969       4.02817154    
   4.82999992       4.03502798    
   4.83999968       4.04188585    
   4.84999990       4.04874229    
   4.85999966       4.05559874    
   4.86999989       4.06245422    
   4.88000011       4.06931114    
   4.88999987       4.07616901    
   4.90000010       4.08302402    
   4.90999985       4.08987904    
   4.92000008       4.09673357    
   4.92999983       4.10358858    
   4.94000006       4.11043930    
   4.94999981       4.11729288    
   4.96000004       4.12414265    
   4.96999979       4.13099718    
   4.98000002       4.13785076    
   4.98999977       4.14470148    
   5.00000000       4.15155554    
   5.00999975       4.15840435    
   5.01999998       4.16525364    
   5.02999973       4.17210245    
   5.03999996       4.17895079    
   5.04999971       4.18580246    
   5.05999994       4.19265032    
   5.06999969       4.19950056    
   5.07999992       4.20634651    
   5.08999968       4.21319389    
   5.09999990       4.22004080    
   5.10999966       4.22688770    
   5.11999989       4.23373175    
   5.13000011       4.24058390    
   5.13999987       4.24742556    
   5.15000010       4.25427246    
   5.15999985       4.26111603    
   5.17000008       4.26796007    
   5.17999983       4.27480507    
   5.19000006       4.28164482    
   5.19999981       4.28849173    
   5.21000004       4.29533482    
   5.21999979       4.30217886    
   5.23000002       4.30902100    
   5.23999977       4.31586266    
   5.25000000       4.32270050    
   5.25999975       4.32954550    
   5.26999998       4.33638382    
   5.27999973       4.34322739    
   5.28999996       4.35006762    
   5.29999971       4.35690641    
   5.30999994       4.36374474    
   5.31999969       4.37058640    
   5.32999992       4.37742519    
   5.33999968       4.38426208    
   5.34999990       4.39109993    
   5.35999966       4.39793730    
   5.36999989       4.40477371    
   5.38000011       4.41161346    
   5.38999987       4.41844654    
   5.40000010       4.42528152    
   5.40999985       4.43212032    
   5.42000008       4.43895626    
   5.42999983       4.44579172    
   5.44000006       4.45262480    
   5.44999981       4.45946312    
   5.46000004       4.46629858    
   5.46999979       4.47313118    
   5.48000002       4.47996235    
   5.48999977       4.48679924    
   5.50000000       4.49362898    
   5.50999975       4.50045872    
