   9.99999978E-03  -1.16639621E-05
   1.99999996E-02  -2.26665306E-05
   2.99999993E-02  -3.42635722E-05
   3.99999991E-02  -4.59227813E-05
   4.99999970E-02  -5.70441007E-05
   5.99999987E-02  -6.85027699E-05
   7.00000003E-02  -7.87455429E-05
   7.99999982E-02  -8.41810834E-05
   8.99999961E-02  -7.37193259E-05
   9.99999940E-02  -2.38021803E-05
  0.109999999       9.36892029E-05
  0.119999997       3.52686329E-04
  0.129999995       7.98686349E-04
  0.140000001       1.50363974E-03
  0.149999991       2.51288409E-03
  0.159999996       3.80012114E-03
  0.170000002       5.76539570E-03
  0.179999992       8.19538720E-03
  0.189999998       1.08748376E-02
  0.199999988       1.46894045E-02
  0.209999993       1.87855158E-02
  0.219999999       2.27132756E-02
  0.229999989       2.97723953E-02
  0.239999995       3.45545039E-02
  0.250000000       3.99881266E-02
  0.259999990       4.98830639E-02
  0.269999981       5.87218478E-02
  0.280000001       6.30148426E-02
  0.289999992       7.11972043E-02
  0.299999982       8.40898156E-02
  0.310000002       9.81260538E-02
  0.319999993      0.108382151    
  0.329999983      0.111711189    
  0.340000004      0.120336846    
  0.349999994      0.134132311    
  0.359999985      0.151161790    
  0.370000005      0.170173109    
  0.379999995      0.187892735    
  0.389999986      0.197934836    
  0.399999976      0.198707283    
  0.409999996      0.206577569    
  0.419999987      0.218753725    
  0.429999977      0.234062731    
  0.439999998      0.252306521    
  0.449999988      0.273356110    
  0.459999979      0.296780825    
  0.469999999      0.321282983    
  0.479999989      0.343677521    
  0.489999980      0.357638687    
  0.500000000      0.357475966    
  0.509999990      0.360398859    
  0.519999981      0.367701799    
  0.529999971      0.377511591    
  0.539999962      0.389348835    
  0.550000012      0.403041005    
  0.560000002      0.418554693    
  0.569999993      0.435913801    
  0.579999983      0.455175459    
  0.589999974      0.476396412    
  0.599999964      0.499609053    
  0.610000014      0.524749756    
  0.620000005      0.551560402    
  0.629999995      0.579390705    
  0.639999986      0.606820881    
  0.649999976      0.630991101    
  0.659999967      0.646632433    
  0.669999957      0.649195850    
  0.680000007      0.652014196    
  0.689999998      0.656714380    
  0.699999988      0.662682354    
  0.709999979      0.669653594    
  0.719999969      0.677481651    
  0.729999959      0.686079681    
  0.740000010      0.695389688    
  0.750000000      0.705377936    
  0.759999990      0.716023862    
  0.769999981      0.727317214    
  0.779999971      0.739253640    
  0.789999962      0.751839221    
  0.799999952      0.765079498    
  0.810000002      0.778987586    
  0.819999993      0.793579876    
  0.829999983      0.808874011    
  0.839999974      0.824889958    
  0.849999964      0.841649115    
  0.859999955      0.859175086    
  0.870000005      0.877488375    
  0.879999995      0.896606922    
  0.889999986      0.916544497    
  0.899999976      0.937306821    
  0.909999967      0.958883524    
  0.919999957      0.981246352    
  0.930000007       1.00433195    
  0.939999998       1.02802706    
  0.949999988       1.05214524    
  0.959999979       1.07638013    
  0.969999969       1.10024559    
  0.979999959       1.12296188    
  0.989999950       1.14328074    
   1.00000000       1.15916133    
   1.00999999       1.17027581    
   1.01999998       1.17982721    
   1.02999997       1.18864453    
   1.03999996       1.19705105    
   1.04999995       1.20521617    
   1.05999994       1.21323895    
   1.06999993       1.22118247    
   1.07999992       1.22908735    
   1.09000003       1.23698437    
   1.10000002       1.24488878    
   1.11000001       1.25282061    
   1.12000000       1.26078582    
   1.13000000       1.26879311    
   1.13999999       1.27685022    
   1.14999998       1.28495967    
   1.15999997       1.29312539    
   1.16999996       1.30135357    
   1.17999995       1.30964041    
   1.18999994       1.31799042    
   1.19999993       1.32640529    
   1.20999992       1.33488560    
   1.22000003       1.34343207    
   1.23000002       1.35204458    
   1.24000001       1.36072600    
   1.25000000       1.36947310    
   1.25999999       1.37829030    
   1.26999998       1.38717520    
   1.27999997       1.39613056    
   1.28999996       1.40515518    
   1.29999995       1.41424799    
   1.30999994       1.42341363    
   1.31999993       1.43264806    
   1.32999992       1.44195223    
   1.33999991       1.45132911    
   1.35000002       1.46077645    
   1.36000001       1.47029698    
   1.37000000       1.47988856    
   1.38000000       1.48955131    
   1.38999999       1.49928951    
   1.39999998       1.50909948    
   1.40999997       1.51898336    
   1.41999996       1.52894092    
   1.42999995       1.53897226    
   1.43999994       1.54907906    
   1.44999993       1.55926025    
   1.45999992       1.56951714    
   1.46999991       1.57985198    
   1.48000002       1.59025919    
   1.49000001       1.60074484    
   1.50000000       1.61130917    
   1.50999999       1.62195003    
   1.51999998       1.63266766    
   1.52999997       1.64346337    
   1.53999996       1.65433824    
   1.54999995       1.66529179    
   1.55999994       1.67632449    
   1.56999993       1.68743491    
   1.57999992       1.69862592    
   1.58999991       1.70989776    
   1.59999990       1.72124791    
   1.61000001       1.73267710    
   1.62000000       1.74418819    
   1.63000000       1.75577664    
   1.63999999       1.76744688    
   1.64999998       1.77919507    
   1.65999997       1.79102290    
   1.66999996       1.80293047    
   1.67999995       1.81491697    
   1.68999994       1.82698059    
   1.69999993       1.83912039    
   1.70999992       1.85133743    
   1.71999991       1.86362958    
   1.73000002       1.87599719    
   1.74000001       1.88843584    
   1.75000000       1.90094686    
   1.75999999       1.91352642    
   1.76999998       1.92616665    
   1.77999997       1.93888569    
   1.78999996       1.95166147    
   1.79999995       1.96449482    
   1.80999994       1.97738600    
   1.81999993       1.99032724    
   1.82999992       2.00331736    
   1.83999991       2.01635075    
   1.84999990       2.02942324    
   1.86000001       2.04252768    
   1.87000000       2.05565739    
   1.88000000       2.06880498    
   1.88999999       2.08196068    
   1.89999998       2.09511924    
   1.90999997       2.10826802    
   1.91999996       2.12139559    
   1.92999995       2.13448954    
   1.93999994       2.14753628    
   1.94999993       2.16051722    
   1.95999992       2.17342138    
   1.96999991       2.18622279    
   1.97999990       2.19890285    
   1.99000001       2.21143675    
   2.00000000       2.22379613    
   2.00999999       2.23577285    
   2.01999998       2.24725938    
   2.02999997       2.25835252    
   2.03999996       2.26910710    
   2.04999995       2.27957559    
   2.05999994       2.28979445    
   2.06999993       2.29979014    
   2.07999992       2.30959105    
   2.08999991       2.31921983    
   2.09999990       2.32869220    
   2.10999990       2.33802176    
   2.11999989       2.34722662    
   2.12999988       2.35631394    
   2.13999987       2.36529708    
   2.14999986       2.37417960    
   2.15999985       2.38297653    
   2.16999984       2.39169359    
   2.18000007       2.40033245    
   2.19000006       2.40890384    
   2.20000005       2.41740942    
   2.21000004       2.42585564    
   2.22000003       2.43424845    
   2.23000002       2.44258785    
   2.24000001       2.45087981    
   2.25000000       2.45912766    
   2.25999999       2.46733236    
   2.26999998       2.47549939    
   2.27999997       2.48362780    
   2.28999996       2.49172044    
   2.29999995       2.49978137    
   2.30999994       2.50781131    
   2.31999993       2.51581383    
   2.32999992       2.52379036    
   2.33999991       2.53173804    
   2.34999990       2.53966570    
   2.35999990       2.54756451    
   2.36999989       2.55544424    
   2.37999988       2.56330371    
   2.38999987       2.57114458    
   2.39999986       2.57896686    
   2.40999985       2.58676863    
   2.41999984       2.59455705    
   2.42999983       2.60232782    
   2.44000006       2.61008143    
   2.45000005       2.61782384    
   2.46000004       2.62555099    
   2.47000003       2.63326597    
   2.48000002       2.64096665    
   2.49000001       2.64865756    
   2.50000000       2.65633440    
   2.50999999       2.66400075    
   2.51999998       2.67165709    
   2.52999997       2.67930365    
   2.53999996       2.68693900    
   2.54999995       2.69456792    
   2.55999994       2.70218444    
   2.56999993       2.70979381    
   2.57999992       2.71739411    
   2.58999991       2.72498798    
   2.59999990       2.73257446    
   2.60999990       2.74015069    
   2.61999989       2.74772382    
   2.62999988       2.75528669    
   2.63999987       2.76284289    
   2.64999986       2.77039576    
   2.65999985       2.77794027    
   2.66999984       2.78548050    
   2.67999983       2.79301214    
   2.69000006       2.80054045    
   2.70000005       2.80806589    
   2.71000004       2.81558061    
   2.72000003       2.82309294    
   2.73000002       2.83060002    
   2.74000001       2.83810306    
   2.75000000       2.84560084    
   2.75999999       2.85309553    
   2.76999998       2.86058354    
   2.77999997       2.86807108    
   2.78999996       2.87555289    
   2.79999995       2.88302922    
   2.80999994       2.89050198    
   2.81999993       2.89797020    
   2.82999992       2.90543818    
   2.83999991       2.91289997    
   2.84999990       2.92036152    
   2.85999990       2.92781687    
   2.86999989       2.93526959    
   2.87999988       2.94271827    
   2.88999987       2.95016599    
   2.89999986       2.95760918    
   2.90999985       2.96504974    
   2.91999984       2.97248697    
   2.92999983       2.97992206    
   2.93999982       2.98735571    
   2.95000005       2.99478388    
   2.96000004       3.00221300    
   2.97000003       3.00963783    
   2.98000002       3.01705837    
   2.99000001       3.02447701    
   3.00000000       3.03189564    
   3.00999999       3.03931093    
   3.01999998       3.04672313    
   3.02999997       3.05413079    
   3.03999996       3.06153989    
   3.04999995       3.06894660    
   3.05999994       3.07635283    
   3.06999993       3.08375502    
   3.07999992       3.09115386    
   3.08999991       3.09855247    
   3.09999990       3.10595012    
   3.10999990       3.11334133    
   3.11999989       3.12073445    
   3.12999988       3.12812471    
   3.13999987       3.13551402    
   3.14999986       3.14289856    
   3.15999985       3.15028620    
   3.16999984       3.15766931    
   3.17999983       3.16505194    
   3.18999982       3.17243457    
   3.19999981       3.17981052    
   3.21000004       3.18718839    
   3.22000003       3.19456315    
   3.23000002       3.20193648    
   3.24000001       3.20931005    
   3.25000000       3.21668100    
   3.25999999       3.22404861    
   3.26999998       3.23141980    
   3.27999997       3.23878741    
   3.28999996       3.24615121    
   3.29999995       3.25351572    
   3.30999994       3.26087737    
   3.31999993       3.26823783    
   3.32999992       3.27559829    
   3.33999991       3.28295684    
   3.34999990       3.29031324    
   3.35999990       3.29766822    
   3.36999989       3.30502629    
   3.37999988       3.31237888    
   3.38999987       3.31973243    
   3.39999986       3.32708216    
   3.40999985       3.33443236    
   3.41999984       3.34178114    
   3.42999983       3.34913087    
   3.43999982       3.35647702    
   3.44999981       3.36382055    
   3.46000004       3.37116408    
   3.47000003       3.37850928    
   3.48000002       3.38585138    
   3.49000001       3.39319086    
   3.50000000       3.40053368    
   3.50999999       3.40787053    
   3.51999998       3.41521072    
   3.52999997       3.42254543    
   3.53999996       3.42988110    
   3.54999995       3.43721652    
   3.55999994       3.44454956    
   3.56999993       3.45188427    
   3.57999992       3.45921397    
   3.58999991       3.46654725    
   3.59999990       3.47387695    
   3.60999990       3.48120475    
   3.61999989       3.48853183    
   3.62999988       3.49585867    
   3.63999987       3.50318789    
   3.64999986       3.51051450    
   3.65999985       3.51783752    
   3.66999984       3.52516699    
   3.67999983       3.53248215    
   3.68999982       3.53980470    
   3.69999981       3.54712725    
   3.70999980       3.55444908    
   3.72000003       3.56176758    
   3.73000002       3.56908655    
   3.74000001       3.57640219    
   3.75000000       3.58371854    
   3.75999999       3.59103441    
   3.76999998       3.59835100    
   3.77999997       3.60566473    
   3.78999996       3.61297703    
   3.79999995       3.62029171    
   3.80999994       3.62760258    
   3.81999993       3.63491893    
   3.82999992       3.64222312    
   3.83999991       3.64953327    
   3.84999990       3.65684414    
   3.85999990       3.66415310    
   3.86999989       3.67146087    
   3.87999988       3.67876792    
   3.88999987       3.68607259    
   3.89999986       3.69338131    
   3.90999985       3.70068383    
   3.91999984       3.70798850    
   3.92999983       3.71529126    
   3.93999982       3.72259450    
   3.94999981       3.72989273    
   3.95999980       3.73719501    
   3.97000003       3.74449682    
   3.98000002       3.75179577    
   3.99000001       3.75909734    
   4.00000000       3.76639462    
   4.00999975       3.77369070    
   4.01999998       3.78098679    
   4.02999973       3.78828454    
   4.03999996       3.79558063    
   4.04999971       3.80287361    
   4.05999994       3.81016994    
   4.06999969       3.81746411    
   4.07999992       3.82475686    
   4.08999968       3.83205080    
   4.09999990       3.83934069    
   4.11000013       3.84663153    
   4.11999989       3.85392189    
   4.13000011       3.86121178    
   4.13999987       3.86850238    
   4.15000010       3.87579179    
   4.15999985       3.88308048    
   4.17000008       3.89036655    
   4.17999983       3.89765286    
   4.19000006       3.90494227    
   4.19999981       3.91222596    
   4.21000004       3.91951251    
   4.21999979       3.92679834    
   4.23000002       3.93408108    
   4.23999977       3.94136548    
   4.25000000       3.94865036    
   4.25999975       3.95593357    
   4.26999998       3.96321392    
   4.27999973       3.97049332    
   4.28999996       3.97777486    
   4.29999971       3.98505521    
   4.30999994       3.99233532    
   4.31999969       3.99961185    
   4.32999992       4.00689220    
   4.33999968       4.01417208    
   4.34999990       4.02145147    
   4.36000013       4.02872562    
   4.36999989       4.03600168    
   4.38000011       4.04327869    
   4.38999987       4.05055332    
   4.40000010       4.05782795    
   4.40999985       4.06510401    
   4.42000008       4.07237911    
   4.42999983       4.07965136    
   4.44000006       4.08692265    
   4.44999981       4.09419012    
   4.46000004       4.10146475    
   4.46999979       4.10873604    
   4.48000002       4.11600733    
   4.48999977       4.12327719    
   4.50000000       4.13054657    
   4.50999975       4.13781357    
   4.51999998       4.14508772    
   4.52999973       4.15235710    
   4.53999996       4.15962458    
   4.54999971       4.16689110    
   4.55999994       4.17415905    
   4.56999969       4.18142509    
   4.57999992       4.18868828    
   4.58999968       4.19595766    
   4.59999990       4.20322084    
   4.61000013       4.21048594    
   4.61999989       4.21775103    
   4.63000011       4.22501564    
   4.63999987       4.23227835    
   4.65000010       4.23953724    
   4.65999985       4.24680138    
   4.67000008       4.25406313    
   4.67999983       4.26132441    
   4.69000006       4.26858377    
   4.69999981       4.27584648    
   4.71000004       4.28310585    
   4.71999979       4.29036331    
   4.73000002       4.29762650    
   4.73999977       4.30488110    
   4.75000000       4.31214046    
   4.75999975       4.31940079    
   4.76999998       4.32665730    
   4.77999973       4.33391476    
   4.78999996       4.34116983    
   4.79999971       4.34842396    
   4.80999994       4.35568094    
   4.81999969       4.36293888    
   4.82999992       4.37019396    
   4.83999968       4.37744379    
   4.84999990       4.38470316    
   4.85999966       4.39195585    
   4.86999989       4.39920378    
   4.88000011       4.40645981    
   4.88999987       4.41371346    
   4.90000010       4.42096519    
   4.90999985       4.42822075    
   4.92000008       4.43546820    
   4.92999983       4.44271708    
   4.94000006       4.44996548    
   4.94999981       4.45721865    
   4.96000004       4.46446657    
   4.96999979       4.47171926    
   4.98000002       4.47896671    
   4.98999977       4.48621464    
   5.00000000       4.49346256    
   5.00999975       4.50070763    
   5.01999998       4.50795746    
   5.02999973       4.51520586    
   5.03999996       4.52245235    
   5.04999971       4.52969503    
   5.05999994       4.53693724    
   5.06999969       4.54418707    
   5.07999992       4.55143118    
   5.08999968       4.55868006    
   5.09999990       4.56592274    
   5.10999966       4.57316446    
   5.11999989       4.58041143    
   5.13000011       4.58765173    
   5.13999987       4.59489441    
   5.15000010       4.60213566    
   5.15999985       4.60938072    
   5.17000008       4.61661911    
   5.17999983       4.62386274    
   5.19000006       4.63110781    
   5.19999981       4.63834143    
   5.21000004       4.64558506    
   5.21999979       4.65282154    
   5.23000002       4.66006136    
   5.23999977       4.66730213    
   5.25000000       4.67454433    
   5.25999975       4.68177986    
   5.26999998       4.68901968    
   5.27999973       4.69625759    
   5.28999996       4.70349407    
   5.29999971       4.71072865    
   5.30999994       4.71796894    
   5.31999969       4.72520685    
   5.32999992       4.73243713    
   5.33999968       4.73967457    
   5.34999990       4.74691296    
   5.35999966       4.75414181    
   5.36999989       4.76138210    
   5.38000011       4.76861668    
   5.38999987       4.77585173    
   5.40000010       4.78308201    
   5.40999985       4.79032087    
   5.42000008       4.79755402    
   5.42999983       4.80478477    
   5.44000006       4.81201506    
   5.44999981       4.81924534    
   5.46000004       4.82648134    
   5.46999979       4.83371401    
   5.48000002       4.84094381    
   5.48999977       4.84817457    
   5.50000000       4.85540533    
   5.50999975       4.86263418    
