   9.99999978E-03  -1.16962956E-05
   1.99999996E-02  -2.39291912E-05
   2.99999993E-02  -3.54996555E-05
   3.99999991E-02  -4.76002751E-05
   4.99999970E-02  -5.95542188E-05
   5.99999987E-02  -7.12793553E-05
   7.00000003E-02  -8.05713426E-05
   7.99999982E-02  -8.02762079E-05
   8.99999961E-02  -5.02264811E-05
   9.99999940E-02   4.62174139E-05
  0.109999999       2.50702782E-04
  0.119999997       6.70814363E-04
  0.129999995       1.35213137E-03
  0.140000001       2.39556702E-03
  0.149999991       3.85762099E-03
  0.159999996       5.65904798E-03
  0.170000002       8.27564299E-03
  0.179999992       1.16051445E-02
  0.189999998       1.50061520E-02
  0.199999988       2.00580209E-02
  0.209999993       2.50401981E-02
  0.219999999       3.02078240E-02
  0.229999989       3.88185568E-02
  0.239999995       4.44328785E-02
  0.250000000       5.13983853E-02
  0.259999990       6.32549301E-02
  0.269999981       7.32909814E-02
  0.280000001       7.83750638E-02
  0.289999992       8.84347633E-02
  0.299999982      0.103548408    
  0.310000002      0.119381018    
  0.319999993      0.130465448    
  0.329999983      0.134456649    
  0.340000004      0.144786581    
  0.349999994      0.160714060    
  0.359999985      0.179976165    
  0.370000005      0.200942531    
  0.379999995      0.219849184    
  0.389999986      0.230215847    
  0.399999976      0.231557205    
  0.409999996      0.240713224    
  0.419999987      0.254487932    
  0.429999977      0.271603137    
  0.439999998      0.291774929    
  0.449999988      0.314753830    
  0.459999979      0.339926630    
  0.469999999      0.365739793    
  0.479999989      0.388755739    
  0.489999980      0.402750731    
  0.500000000      0.402982593    
  0.509999990      0.406669497    
  0.519999981      0.414869070    
  0.529999971      0.425695419    
  0.539999962      0.438648224    
  0.550000012      0.453543246    
  0.560000002      0.470323294    
  0.569999993      0.488993526    
  0.579999983      0.509582996    
  0.589999974      0.532115340    
  0.599999964      0.556569874    
  0.610000014      0.582816362    
  0.620000005      0.610509396    
  0.629999995      0.638898909    
  0.639999986      0.666481793    
  0.649999976      0.690425873    
  0.659999967      0.705852032    
  0.669999957      0.709012270    
  0.680000007      0.712494135    
  0.689999998      0.717807353    
  0.699999988      0.724380672    
  0.709999979      0.731960654    
  0.719999969      0.740406871    
  0.729999959      0.749633729    
  0.740000010      0.759583771    
  0.750000000      0.770223022    
  0.759999990      0.781529605    
  0.769999981      0.793492198    
  0.779999971      0.806104958    
  0.789999962      0.819368958    
  0.799999952      0.833290219    
  0.810000002      0.847878754    
  0.819999993      0.863144934    
  0.829999983      0.879104316    
  0.839999974      0.895771861    
  0.849999964      0.913163185    
  0.859999955      0.931294322    
  0.870000005      0.950177789    
  0.879999995      0.969823241    
  0.889999986      0.990233243    
  0.899999976       1.01140249    
  0.909999967       1.03330815    
  0.919999957       1.05590403    
  0.930000007       1.07911134    
  0.939999998       1.10280597    
  0.949999988       1.12678134    
  0.959999979       1.15072799    
  0.969999969       1.17416739    
  0.979999959       1.19636619    
  0.989999950       1.21618414    
   1.00000000       1.23183429    
   1.00999999       1.24312496    
   1.01999998       1.25296021    
   1.02999997       1.26210260    
   1.03999996       1.27084994    
   1.04999995       1.27936721    
   1.05999994       1.28774643    
   1.06999993       1.29604793    
   1.07999992       1.30431223    
   1.09000003       1.31256616    
   1.10000002       1.32082796    
   1.11000001       1.32911539    
   1.12000000       1.33743644    
   1.13000000       1.34579980    
   1.13999999       1.35420990    
   1.14999998       1.36267292    
   1.15999997       1.37119114    
   1.16999996       1.37976646    
   1.17999995       1.38840294    
   1.18999994       1.39710224    
   1.19999993       1.40586352    
   1.20999992       1.41468704    
   1.22000003       1.42357886    
   1.23000002       1.43253314    
   1.24000001       1.44155586    
   1.25000000       1.45064330    
   1.25999999       1.45979774    
   1.26999998       1.46902061    
   1.27999997       1.47831249    
   1.28999996       1.48766816    
   1.29999995       1.49709499    
   1.30999994       1.50658822    
   1.31999993       1.51615131    
   1.32999992       1.52578354    
   1.33999991       1.53548360    
   1.35000002       1.54525363    
   1.36000001       1.55509353    
   1.37000000       1.56500196    
   1.38000000       1.57498121    
   1.38999999       1.58503127    
   1.39999998       1.59515190    
   1.40999997       1.60534275    
   1.41999996       1.61560488    
   1.42999995       1.62593985    
   1.43999994       1.63634431    
   1.44999993       1.64682102    
   1.45999992       1.65736914    
   1.46999991       1.66798997    
   1.48000002       1.67868543    
   1.49000001       1.68945003    
   1.50000000       1.70029032    
   1.50999999       1.71120381    
   1.51999998       1.72218835    
   1.52999997       1.73324907    
   1.53999996       1.74438286    
   1.54999995       1.75558996    
   1.55999994       1.76687109    
   1.56999993       1.77822423    
   1.57999992       1.78965330    
   1.58999991       1.80115569    
   1.59999990       1.81273174    
   1.61000001       1.82438195    
   1.62000000       1.83610547    
   1.63000000       1.84790087    
   1.63999999       1.85977137    
   1.64999998       1.87171268    
   1.65999997       1.88372529    
   1.66999996       1.89581037    
   1.67999995       1.90796590    
   1.68999994       1.92019033    
   1.69999993       1.93248498    
   1.70999992       1.94484532    
   1.71999991       1.95727253    
   1.73000002       1.96976542    
   1.74000001       1.98232102    
   1.75000000       1.99493766    
   1.75999999       2.00761294    
   1.76999998       2.02034712    
   1.77999997       2.03313518    
   1.78999996       2.04597330    
   1.79999995       2.05885983    
   1.80999994       2.07179379    
   1.81999993       2.08476615    
   1.82999992       2.09777427    
   1.83999991       2.11081529    
   1.84999990       2.12388253    
   1.86000001       2.13696885    
   1.87000000       2.15007067    
   1.88000000       2.16317463    
   1.88999999       2.17628026    
   1.89999998       2.18937349    
   1.90999997       2.20244527    
   1.91999996       2.21548820    
   1.92999995       2.22848463    
   1.93999994       2.24142480    
   1.94999993       2.25429296    
   1.95999992       2.26707339    
   1.96999991       2.27974844    
   1.97999990       2.29229569    
   1.99000001       2.30469680    
   2.00000000       2.31692386    
   2.00999999       2.32877851    
   2.01999998       2.34016991    
   2.02999997       2.35118508    
   2.03999996       2.36188388    
   2.04999995       2.37231135    
   2.05999994       2.38250041    
   2.06999993       2.39248276    
   2.07999992       2.40228581    
   2.08999991       2.41192055    
   2.09999990       2.42140961    
   2.10999990       2.43076873    
   2.11999989       2.44000578    
   2.12999988       2.44913340    
   2.13999987       2.45816231    
   2.14999986       2.46710014    
   2.15999985       2.47595286    
   2.16999984       2.48473263    
   2.18000007       2.49344087    
   2.19000006       2.50208306    
   2.20000005       2.51066470    
   2.21000004       2.51919317    
   2.22000003       2.52766728    
   2.23000002       2.53609228    
   2.24000001       2.54447389    
   2.25000000       2.55280972    
   2.25999999       2.56110978    
   2.26999998       2.56936932    
   2.27999997       2.57759738    
   2.28999996       2.58579397    
   2.29999995       2.59395862    
   2.30999994       2.60209107    
   2.31999993       2.61020112    
   2.32999992       2.61828375    
   2.33999991       2.62634063    
   2.34999990       2.63437748    
   2.35999990       2.64239216    
   2.36999989       2.65038466    
   2.37999988       2.65835929    
   2.38999987       2.66631341    
   2.39999986       2.67425108    
   2.40999985       2.68217516    
   2.41999984       2.69008160    
   2.42999983       2.69797182    
   2.44000006       2.70584965    
   2.45000005       2.71371031    
   2.46000004       2.72156072    
   2.47000003       2.72939897    
   2.48000002       2.73722649    
   2.49000001       2.74504113    
   2.50000000       2.75284266    
   2.50999999       2.76063776    
   2.51999998       2.76841760    
   2.52999997       2.77619386    
   2.53999996       2.78395677    
   2.54999995       2.79171467    
   2.55999994       2.79946208    
   2.56999993       2.80720067    
   2.57999992       2.81493402    
   2.58999991       2.82265735    
   2.59999990       2.83037424    
   2.60999990       2.83808517    
   2.61999989       2.84578872    
   2.62999988       2.85348463    
   2.63999987       2.86117554    
   2.64999986       2.86886120    
   2.65999985       2.87653899    
   2.66999984       2.88421345    
   2.67999983       2.89188385    
   2.69000006       2.89954495    
   2.70000005       2.90720391    
   2.71000004       2.91485572    
   2.72000003       2.92250347    
   2.73000002       2.93014908    
   2.74000001       2.93778610    
   2.75000000       2.94542122    
   2.75999999       2.95305252    
   2.76999998       2.96068096    
   2.77999997       2.96830392    
   2.78999996       2.97591233    
   2.79999995       2.98353648    
   2.80999994       2.99114943    
   2.81999993       2.99876046    
   2.82999992       3.00636458    
   2.83999991       3.01396704    
   2.84999990       3.02156544    
   2.85999990       3.02915907    
   2.86999989       3.03674960    
   2.87999988       3.04434252    
   2.88999987       3.05192876    
   2.89999986       3.05951381    
   2.90999985       3.06709504    
   2.91999984       3.07467127    
   2.92999983       3.08224750    
   2.93999982       3.08981991    
   2.95000005       3.09739089    
   2.96000004       3.10495853    
   2.97000003       3.11252642    
   2.98000002       3.12009168    
   2.99000001       3.12765145    
   3.00000000       3.13521242    
   3.00999999       3.14276648    
   3.01999998       3.15032244    
   3.02999997       3.15787601    
   3.03999996       3.16542339    
   3.04999995       3.17297482    
   3.05999994       3.18051958    
   3.06999993       3.18806767    
   3.07999992       3.19561005    
   3.08999991       3.20315146    
   3.09999990       3.21068907    
   3.10999990       3.21822691    
   3.11999989       3.22576165    
   3.12999988       3.23329496    
   3.13999987       3.24082804    
   3.14999986       3.24835944    
   3.15999985       3.25588608    
   3.16999984       3.26341605    
   3.17999983       3.27093959    
   3.18999982       3.27846432    
   3.19999981       3.28598785    
   3.21000004       3.29351330    
   3.22000003       3.30102825    
   3.23000002       3.30854869    
   3.24000001       3.31606412    
   3.25000000       3.32358146    
   3.25999999       3.33109355    
   3.26999998       3.33860564    
   3.27999997       3.34611964    
   3.28999996       3.35362840    
   3.29999995       3.36113620    
   3.30999994       3.36864686    
   3.31999993       3.37615085    
   3.32999992       3.38365674    
   3.33999991       3.39116192    
   3.34999990       3.39866066    
   3.35999990       3.40616560    
   3.36999989       3.41366482    
   3.37999988       3.42116332    
   3.38999987       3.42866254    
   3.39999986       3.43615842    
   3.40999985       3.44365287    
   3.41999984       3.45114589    
   3.42999983       3.45864129    
   3.43999982       3.46613312    
   3.44999981       3.47362399    
   3.46000004       3.48111415    
   3.47000003       3.48860264    
   3.48000002       3.49609232    
   3.49000001       3.50357699    
   3.50000000       3.51106501    
   3.50999999       3.51854992    
   3.51999998       3.52603483    
   3.52999997       3.53351665    
   3.53999996       3.54099512    
   3.54999995       3.54847884    
   3.55999994       3.55596042    
   3.56999993       3.56344008    
   3.57999992       3.57091761    
   3.58999991       3.57839465    
   3.59999990       3.58587146    
   3.60999990       3.59334779    
   3.61999989       3.60082269    
   3.62999988       3.60829592    
   3.63999987       3.61576939    
   3.64999986       3.62324214    
   3.65999985       3.63071251    
   3.66999984       3.63818765    
   3.67999983       3.64565325    
   3.68999982       3.65311766    
   3.69999981       3.66058731    
   3.70999980       3.66805410    
   3.72000003       3.67552257    
   3.73000002       3.68298531    
   3.74000001       3.69045067    
   3.75000000       3.69791555    
   3.75999999       3.70538116    
   3.76999998       3.71284223    
   3.77999997       3.72030330    
   3.78999996       3.72776270    
   3.79999995       3.73522782    
   3.80999994       3.74268341    
   3.81999993       3.75014091    
   3.82999992       3.75760245    
   3.83999991       3.76505589    
   3.84999990       3.77251244    
   3.85999990       3.77996731    
   3.86999989       3.78742170    
   3.87999988       3.79487777    
   3.88999987       3.80233073    
   3.89999986       3.80978274    
   3.90999985       3.81723809    
   3.91999984       3.82468724    
   3.92999983       3.83213663    
   3.93999982       3.83958673    
   3.94999981       3.84703636    
   3.95999980       3.85448527    
   3.97000003       3.86193252    
   3.98000002       3.86938143    
   3.99000001       3.87682700    
   4.00000000       3.88427305    
   4.00999975       3.89171958    
   4.01999998       3.89916468    
   4.02999973       3.90660501    
   4.03999996       3.91405129    
   4.04999971       3.92149329    
   4.05999994       3.92893672    
   4.06999969       3.93637872    
   4.07999992       3.94382000    
   4.08999968       3.95125961    
   4.09999990       3.95869923    
   4.11000013       3.96613812    
   4.11999989       3.97357821    
   4.13000011       3.98101425    
   4.13999987       3.98845196    
   4.15000010       3.99588919    
   4.15999985       4.00332499    
   4.17000008       4.01076126    
   4.17999983       4.01819181    
   4.19000006       4.02563143    
   4.19999981       4.03306532    
   4.21000004       4.04049921    
   4.21999979       4.04792833    
   4.23000002       4.05536509    
   4.23999977       4.06279469    
   4.25000000       4.07022476    
   4.25999975       4.07765293    
   4.26999998       4.08508539    
   4.27999973       4.09251499    
   4.28999996       4.09994030    
   4.29999971       4.10737276    
   4.30999994       4.11480045    
   4.31999969       4.12223053    
   4.32999992       4.12965441    
   4.33999968       4.13708115    
   4.34999990       4.14450788    
   4.36000013       4.15193033    
   4.36999989       4.15935755    
   4.38000011       4.16678524    
   4.38999987       4.17420626    
   4.40000010       4.18162823    
   4.40999985       4.18905115    
   4.42000008       4.19647360    
   4.42999983       4.20389271    
   4.44000006       4.21131706    
   4.44999981       4.21873522    
   4.46000004       4.22615719    
   4.46999979       4.23357821    
   4.48000002       4.24099541    
   4.48999977       4.24841595    
   4.50000000       4.25583172    
   4.50999975       4.26324940    
   4.51999998       4.27066994    
   4.52999973       4.27808189    
   4.53999996       4.28550386    
   4.54999971       4.29291725    
   4.55999994       4.30033398    
   4.56999969       4.30774689    
   4.57999992       4.31516027    
   4.58999968       4.32257605    
   4.59999990       4.32999039    
   4.61000013       4.33740377    
   4.61999989       4.34481716    
   4.63000011       4.35222721    
   4.63999987       4.35963964    
   4.65000010       4.36705065    
   4.65999985       4.37446594    
   4.67000008       4.38187456    
   4.67999983       4.38928604    
   4.69000006       4.39668894    
   4.69999981       4.40410280    
   4.71000004       4.41151142    
   4.71999979       4.41891766    
   4.73000002       4.42632246    
   4.73999977       4.43373156    
   4.75000000       4.44114065    
   4.75999975       4.44854593    
   4.76999998       4.45595407    
   4.77999973       4.46335602    
   4.78999996       4.47076082    
   4.79999971       4.47817039    
   4.80999994       4.48557138    
   4.81999969       4.49297619    
   4.82999992       4.50038290    
   4.83999968       4.50778103    
   4.84999990       4.51518440    
   4.85999966       4.52258682    
   4.86999989       4.52998924    
   4.88000011       4.53739309    
   4.88999987       4.54479074    
   4.90000010       4.55218983    
   4.90999985       4.55959463    
   4.92000008       4.56699228    
   4.92999983       4.57439184    
   4.94000006       4.58179235    
   4.94999981       4.58918619    
   4.96000004       4.59658575    
   4.96999979       4.60398531    
   4.98000002       4.61138535    
   4.98999977       4.61878204    
   5.00000000       4.62617588    
   5.00999975       4.63357115    
   5.01999998       4.64097261    
   5.02999973       4.64836788    
   5.03999996       4.65576267    
   5.04999971       4.66315699    
   5.05999994       4.67055225    
   5.06999969       4.67794228    
   5.07999992       4.68534136    
   5.08999968       4.69273424    
   5.09999990       4.70012665    
   5.10999966       4.70751762    
   5.11999989       4.71490812    
   5.13000011       4.72230101    
   5.13999987       4.72969246    
   5.15000010       4.73708391    
   5.15999985       4.74447536    
   5.17000008       4.75187016    
   5.17999983       4.75925636    
   5.19000006       4.76664782    
   5.19999981       4.77403545    
   5.21000004       4.78142405    
   5.21999979       4.78881359    
   5.23000002       4.79620409    
   5.23999977       4.80359077    
   5.25000000       4.81098080    
   5.25999975       4.81836748    
   5.26999998       4.82575274    
   5.27999973       4.83313894    
   5.28999996       4.84052706    
   5.29999971       4.84791327    
   5.30999994       4.85529995    
   5.31999969       4.86268330    
   5.32999992       4.87007141    
   5.33999968       4.87745523    
   5.34999990       4.88483906    
   5.35999966       4.89221859    
   5.36999989       4.89960527    
   5.38000011       4.90698814    
   5.38999987       4.91437054    
   5.40000010       4.92175674    
   5.40999985       4.92913866    
   5.42000008       4.93652105    
   5.42999983       4.94390106    
   5.44000006       4.95128345    
   5.44999981       4.95866156    
   5.46000004       4.96604586    
   5.46999979       4.97342920    
   5.48000002       4.98080444    
   5.48999977       4.98818493    
   5.50000000       4.99556541    
   5.50999975       5.00294018    
