   9.99999978E-03  -1.28695665E-05
   1.99999996E-02  -2.58737673E-05
   2.99999993E-02  -3.98585289E-05
   3.99999991E-02  -5.16213404E-05
   4.99999970E-02  -6.43129533E-05
   5.99999987E-02  -7.53565255E-05
   7.00000003E-02  -7.58364040E-05
   7.99999982E-02  -3.85131279E-05
   8.99999961E-02   9.47466251E-05
   9.99999940E-02   4.07942658E-04
  0.109999999       9.87048494E-04
  0.119999997       2.02629319E-03
  0.129999995       3.55435605E-03
  0.140000001       5.75909251E-03
  0.149999991       8.72579496E-03
  0.159999996       1.21941539E-02
  0.170000002       1.66948121E-02
  0.179999992       2.27198880E-02
  0.189999998       2.81462930E-02
  0.199999988       3.66695821E-02
  0.209999993       4.39172424E-02
  0.219999999       5.26101366E-02
  0.229999989       6.49839416E-02
  0.239999995       7.27360919E-02
  0.250000000       8.38196501E-02
  0.259999990      0.100307077    
  0.269999981      0.112961724    
  0.280000001      0.120222628    
  0.289999992      0.134961247    
  0.299999982      0.155159190    
  0.310000002      0.174756274    
  0.319999993      0.187560275    
  0.329999983      0.193409964    
  0.340000004      0.207813680    
  0.349999994      0.228555351    
  0.359999985      0.252596289    
  0.370000005      0.277465463    
  0.379999995      0.298553675    
  0.389999986      0.309651166    
  0.399999976      0.312596589    
  0.409999996      0.324704617    
  0.419999987      0.342005998    
  0.429999977      0.362984866    
  0.439999998      0.387139589    
  0.449999988      0.413937122    
  0.459999979      0.442375094    
  0.469999999      0.470433503    
  0.479999989      0.494361818    
  0.489999980      0.508459389    
  0.500000000      0.509856999    
  0.509999990      0.515322328    
  0.519999981      0.525497317    
  0.529999971      0.538498998    
  0.539999962      0.553789794    
  0.550000012      0.571147561    
  0.560000002      0.590472162    
  0.569999993      0.611717820    
  0.579999983      0.634848833    
  0.589999974      0.659805596    
  0.599999964      0.686460197    
  0.610000014      0.714549065    
  0.620000005      0.743574142    
  0.629999995      0.772627711    
  0.639999986      0.800131679    
  0.649999976      0.823444903    
  0.659999967      0.838549018    
  0.669999957      0.843069375    
  0.680000007      0.848006606    
  0.689999998      0.854655445    
  0.699999988      0.862527072    
  0.709999979      0.871395230    
  0.719999969      0.881133616    
  0.729999959      0.891658127    
  0.740000010      0.902915597    
  0.750000000      0.914885402    
  0.759999990      0.927496850    
  0.769999981      0.940781474    
  0.779999971      0.954714239    
  0.789999962      0.969292879    
  0.799999952      0.984515071    
  0.810000002       1.00038302    
  0.819999993       1.01690197    
  0.829999983       1.03407693    
  0.839999974       1.05190957    
  0.849999964       1.07040942    
  0.859999955       1.08957160    
  0.870000005       1.10939896    
  0.879999995       1.12987900    
  0.889999986       1.15099919    
  0.899999976       1.17272735    
  0.909999967       1.19501936    
  0.919999957       1.21780550    
  0.930000007       1.24098194    
  0.939999998       1.26440108    
  0.949999988       1.28784394    
  0.959999979       1.31100965    
  0.969999969       1.33345354    
  0.979999959       1.35454679    
  0.989999950       1.37336850    
   1.00000000       1.38857400    
   1.00999999       1.40018249    
   1.01999998       1.41054821    
   1.02999997       1.42030525    
   1.03999996       1.42971230    
   1.04999995       1.43891168    
   1.05999994       1.44798481    
   1.06999993       1.45698678    
   1.07999992       1.46595550    
   1.09000003       1.47491443    
   1.10000002       1.48388267    
   1.11000001       1.49287510    
   1.12000000       1.50189710    
   1.13000000       1.51096022    
   1.13999999       1.52006853    
   1.14999998       1.52922559    
   1.15999997       1.53843594    
   1.16999996       1.54770255    
   1.17999995       1.55702507    
   1.18999994       1.56640756    
   1.19999993       1.57584989    
   1.20999992       1.58535171    
   1.22000003       1.59491527    
   1.23000002       1.60454035    
   1.24000001       1.61422849    
   1.25000000       1.62397957    
   1.25999999       1.63379443    
   1.26999998       1.64366996    
   1.27999997       1.65360987    
   1.28999996       1.66361511    
   1.29999995       1.67368269    
   1.30999994       1.68381369    
   1.31999993       1.69400895    
   1.32999992       1.70426714    
   1.33999991       1.71458912    
   1.35000002       1.72497642    
   1.36000001       1.73542559    
   1.37000000       1.74594164    
   1.38000000       1.75651944    
   1.38999999       1.76716161    
   1.39999998       1.77786958    
   1.40999997       1.78864002    
   1.41999996       1.79947507    
   1.42999995       1.81037295    
   1.43999994       1.82133555    
   1.44999993       1.83236217    
   1.45999992       1.84345198    
   1.46999991       1.85460532    
   1.48000002       1.86582637    
   1.49000001       1.87710810    
   1.50000000       1.88845527    
   1.50999999       1.89986479    
   1.51999998       1.91133702    
   1.52999997       1.92287302    
   1.53999996       1.93447244    
   1.54999995       1.94613457    
   1.55999994       1.95785511    
   1.56999993       1.96964455    
   1.57999992       1.98149216    
   1.58999991       1.99340236    
   1.59999990       2.00537133    
   1.61000001       2.01740313    
   1.62000000       2.02949381    
   1.63000000       2.04164052    
   1.63999999       2.05384922    
   1.64999998       2.06611395    
   1.65999997       2.07843351    
   1.66999996       2.09080887    
   1.67999995       2.10323930    
   1.68999994       2.11572218    
   1.69999993       2.12825656    
   1.70999992       2.14083958    
   1.71999991       2.15347242    
   1.73000002       2.16615129    
   1.74000001       2.17887282    
   1.75000000       2.19163704    
   1.75999999       2.20443988    
   1.76999998       2.21728253    
   1.77999997       2.23015785    
   1.78999996       2.24305964    
   1.79999995       2.25599241    
   1.80999994       2.26894999    
   1.81999993       2.28192377    
   1.82999992       2.29491377    
   1.83999991       2.30791259    
   1.84999990       2.32091451    
   1.86000001       2.33391547    
   1.87000000       2.34690952    
   1.88000000       2.35988855    
   1.88999999       2.37284446    
   1.89999998       2.38577127    
   1.90999997       2.39865494    
   1.91999996       2.41149163    
   1.92999995       2.42426801    
   1.93999994       2.43697262    
   1.94999993       2.44959116    
   1.95999992       2.46211505    
   1.96999991       2.47452521    
   1.97999990       2.48680425    
   1.99000001       2.49893570    
   2.00000000       2.51090026    
   2.00999999       2.52252030    
   2.01999998       2.53372264    
   2.02999997       2.54459167    
   2.03999996       2.55517864    
   2.04999995       2.56552982    
   2.05999994       2.57567406    
   2.06999993       2.58563375    
   2.07999992       2.59543300    
   2.08999991       2.60508990    
   2.09999990       2.61461949    
   2.10999990       2.62402940    
   2.11999989       2.63333917    
   2.12999988       2.64254975    
   2.13999987       2.65167594    
   2.14999986       2.66072321    
   2.15999985       2.66969538    
   2.16999984       2.67860150    
   2.18000007       2.68744469    
   2.19000006       2.69623637    
   2.20000005       2.70497012    
   2.21000004       2.71365738    
   2.22000003       2.72229695    
   2.23000002       2.73089838    
   2.24000001       2.73945880    
   2.25000000       2.74797845    
   2.25999999       2.75646520    
   2.26999998       2.76492071    
   2.27999997       2.77334476    
   2.28999996       2.78174138    
   2.29999995       2.79011393    
   2.30999994       2.79845905    
   2.31999993       2.80678034    
   2.32999992       2.81507754    
   2.33999991       2.82335711    
   2.34999990       2.83161378    
   2.35999990       2.83985519    
   2.36999989       2.84807658    
   2.37999988       2.85628033    
   2.38999987       2.86446810    
   2.39999986       2.87264204    
   2.40999985       2.88080168    
   2.41999984       2.88894558    
   2.42999983       2.89707804    
   2.44000006       2.90520000    
   2.45000005       2.91330695    
   2.46000004       2.92140341    
   2.47000003       2.92948842    
   2.48000002       2.93756342    
   2.49000001       2.94562960    
   2.50000000       2.95368505    
   2.50999999       2.96173525    
   2.51999998       2.96977067    
   2.52999997       2.97780132    
   2.53999996       2.98582292    
   2.54999995       2.99383855    
   2.55999994       3.00184679    
   2.56999993       3.00984621    
   2.57999992       3.01783895    
   2.58999991       3.02582812    
   2.59999990       3.03380680    
   2.60999990       3.04178309    
   2.61999989       3.04975200    
   2.62999988       3.05771494    
   2.63999987       3.06567335    
   2.64999986       3.07359672    
   2.65999985       3.08157444    
   2.66999984       3.08951545    
   2.67999983       3.09745502    
   2.69000006       3.10539055    
   2.70000005       3.11331964    
   2.71000004       3.12124395    
   2.72000003       3.12916517    
   2.73000002       3.13708115    
   2.74000001       3.14499474    
   2.75000000       3.15290642    
   2.75999999       3.16081309    
   2.76999998       3.16871309    
   2.77999997       3.17661262    
   2.78999996       3.18450761    
   2.79999995       3.19240141    
   2.80999994       3.20028925    
   2.81999993       3.20817804    
   2.82999992       3.21606255    
   2.83999991       3.22394371    
   2.84999990       3.23182130    
   2.85999990       3.23969483    
   2.86999989       3.24756551    
   2.87999988       3.25543642    
   2.88999987       3.26330447    
   2.89999986       3.27116919    
   2.90999985       3.27903271    
   2.91999984       3.28689170    
   2.92999983       3.29475164    
   2.93999982       3.30260515    
   2.95000005       3.31045818    
   2.96000004       3.31830883    
   2.97000003       3.32616043    
   2.98000002       3.33400750    
   2.99000001       3.34185290    
   3.00000000       3.34969616    
   3.00999999       3.35753727    
   3.01999998       3.36537719    
   3.02999997       3.37321734    
   3.03999996       3.38105035    
   3.04999995       3.38888502    
   3.05999994       3.39671803    
   3.06999993       3.40454793    
   3.07999992       3.41237617    
   3.08999991       3.42020464    
   3.09999990       3.42803049    
   3.10999990       3.43585134    
   3.11999989       3.44367814    
   3.12999988       3.45149851    
   3.13999987       3.45931840    
   3.14999986       3.46713591    
   3.15999985       3.47495270    
   3.16999984       3.48276687    
   3.17999983       3.49058199    
   3.18999982       3.49839497    
   3.19999981       3.50620627    
   3.21000004       3.51401711    
   3.22000003       3.52182436    
   3.23000002       3.52963281    
   3.24000001       3.53743720    
   3.25000000       3.54524088    
   3.25999999       3.55304670    
   3.26999998       3.56084919    
   3.27999997       3.56865144    
   3.28999996       3.57644939    
   3.29999995       3.58424807    
   3.30999994       3.59204745    
   3.31999993       3.59984446    
   3.32999992       3.60763764    
   3.33999991       3.61543274    
   3.34999990       3.62322760    
   3.35999990       3.63101673    
   3.36999989       3.63881040    
   3.37999988       3.64659929    
   3.38999987       3.65438771    
   3.39999986       3.66217780    
   3.40999985       3.66996336    
   3.41999984       3.67774653    
   3.42999983       3.68553448    
   3.43999982       3.69331741    
   3.44999981       3.70110106    
   3.46000004       3.70888281    
   3.47000003       3.71666336    
   3.48000002       3.72444463    
   3.49000001       3.73222423    
   3.50000000       3.74000072    
   3.50999999       3.74778008    
   3.51999998       3.75555682    
   3.52999997       3.76333046    
   3.53999996       3.77110577    
   3.54999995       3.77888060    
   3.55999994       3.78665328    
   3.56999993       3.79442453    
   3.57999992       3.80219507    
   3.58999991       3.80996704    
   3.59999990       3.81773543    
   3.60999990       3.82550430    
   3.61999989       3.83327365    
   3.62999988       3.84104085    
   3.63999987       3.84880543    
   3.64999986       3.85657334    
   3.65999985       3.86433768    
   3.66999984       3.87210035    
   3.67999983       3.87986612    
   3.68999982       3.88762617    
   3.69999981       3.89538717    
   3.70999980       3.90314960    
   3.72000003       3.91091013    
   3.73000002       3.91866899    
   3.74000001       3.92642784    
   3.75000000       3.93418646    
   3.75999999       3.94194508    
   3.76999998       3.94970393    
   3.77999997       3.95745468    
   3.78999996       3.96521091    
   3.79999995       3.97296524    
   3.80999994       3.98072028    
   3.81999993       3.98847222    
   3.82999992       3.99622512    
   3.83999991       4.00397730    
   3.84999990       4.01173019    
   3.85999990       4.01947832    
   3.86999989       4.02722692    
   3.87999988       4.03497839    
   3.88999987       4.04272509    
   3.89999986       4.05047321    
   3.90999985       4.05821896    
   3.91999984       4.06596804    
   3.92999983       4.07371426    
   3.93999982       4.08145857    
   3.94999981       4.08920193    
   3.95999980       4.09694433    
   3.97000003       4.10469103    
   3.98000002       4.11243296    
   3.99000001       4.12017298    
   4.00000000       4.12791681    
   4.00999975       4.13565826    
   4.01999998       4.14339399    
   4.02999973       4.15113974    
   4.03999996       4.15887451    
   4.04999971       4.16661024    
   4.05999994       4.17435217    
   4.06999969       4.18208647    
   4.07999992       4.18982363    
   4.08999968       4.19756126    
   4.09999990       4.20529795    
   4.11000013       4.21303320    
   4.11999989       4.22076511    
   4.13000011       4.22849989    
   4.13999987       4.23623323    
   4.15000010       4.24396610    
   4.15999985       4.25169945    
   4.17000008       4.25943184    
   4.17999983       4.26715994    
   4.19000006       4.27489424    
   4.19999981       4.28262329    
   4.21000004       4.29035187    
   4.21999979       4.29808140    
   4.23000002       4.30580902    
   4.23999977       4.31353855    
   4.25000000       4.32126665    
   4.25999975       4.32899380    
   4.26999998       4.33671904    
   4.27999973       4.34444141    
   4.28999996       4.35216618    
   4.29999971       4.35989475    
   4.30999994       4.36761427    
   4.31999969       4.37534142    
   4.32999992       4.38306570    
   4.33999968       4.39078856    
   4.34999990       4.39850807    
   4.36000013       4.40623331    
   4.36999989       4.41395426    
   4.38000011       4.42167568    
   4.38999987       4.42939377    
   4.40000010       4.43711281    
   4.40999985       4.44483423    
   4.42000008       4.45255375    
   4.42999983       4.46027470    
   4.44000006       4.46799517    
   4.44999981       4.47570705    
   4.46000004       4.48342466    
   4.46999979       4.49113894    
   4.48000002       4.49885845    
   4.48999977       4.50657225    
   4.50000000       4.51429081    
   4.50999975       4.52200413    
   4.51999998       4.52971601    
   4.52999973       4.53742647    
   4.53999996       4.54514265    
   4.54999971       4.55285835    
   4.55999994       4.56056643    
   4.56999969       4.56828165    
   4.57999992       4.57599163    
   4.58999968       4.58370399    
   4.59999990       4.59141207    
   4.61000013       4.59912300    
   4.61999989       4.60683537    
   4.63000011       4.61454344    
   4.63999987       4.62225485    
   4.65000010       4.62995911    
   4.65999985       4.63766670    
   4.67000008       4.64537144    
   4.67999983       4.65308619    
   4.69000006       4.66078854    
   4.69999981       4.66849184    
   4.71000004       4.67620325    
   4.71999979       4.68391085    
   4.73000002       4.69160938    
   4.73999977       4.69931698    
   4.75000000       4.70701885    
   4.75999975       4.71472645    
   4.76999998       4.72242498    
   4.77999973       4.73013401    
   4.78999996       4.73783112    
   4.79999971       4.74553585    
   4.80999994       4.75323629    
   4.81999969       4.76093483    
   4.82999992       4.76863909    
   4.83999968       4.77633858    
   4.84999990       4.78404236    
   4.85999966       4.79174042    
   4.86999989       4.79943895    
   4.88000011       4.80713511    
   4.88999987       4.81483650    
   4.90000010       4.82253027    
   4.90999985       4.83023357    
   4.92000008       4.83792973    
   4.92999983       4.84562683    
   4.94000006       4.85332298    
   4.94999981       4.86101484    
   4.96000004       4.86871529    
   4.96999979       4.87640619    
   4.98000002       4.88410473    
   4.98999977       4.89180183    
   5.00000000       4.89949799    
   5.00999975       4.90718699    
   5.01999998       4.91488314    
   5.02999973       4.92257500    
   5.03999996       4.93026543    
   5.04999971       4.93796158    
   5.05999994       4.94565392    
   5.06999969       4.95334482    
   5.07999992       4.96103477    
   5.08999968       4.96872759    
   5.09999990       4.97641945    
   5.10999966       4.98410797    
   5.11999989       4.99179888    
   5.13000011       4.99949121    
   5.13999987       5.00718021    
   5.15000010       5.01486635    
   5.15999985       5.02255487    
   5.17000008       5.03024292    
   5.17999983       5.03792763    
   5.19000006       5.04561710    
   5.19999981       5.05330563    
   5.21000004       5.06099558    
   5.21999979       5.06867599    
   5.23000002       5.07636833    
   5.23999977       5.08405399    
   5.25000000       5.09174347    
   5.25999975       5.09942245    
   5.26999998       5.10710478    
   5.27999973       5.11479187    
   5.28999996       5.12247753    
   5.29999971       5.13015890    
   5.30999994       5.13784266    
   5.31999969       5.14552879    
   5.32999992       5.15320492    
   5.33999968       5.16089487    
   5.34999990       5.16857290    
   5.35999966       5.17625999    
   5.36999989       5.18393898    
   5.38000011       5.19161701    
   5.38999987       5.19930077    
   5.40000010       5.20698166    
   5.40999985       5.21466064    
   5.42000008       5.22234249    
   5.42999983       5.23002243    
   5.44000006       5.23769903    
   5.44999981       5.24537563    
   5.46000004       5.25305700    
   5.46999979       5.26073647    
   5.48000002       5.26841593    
   5.48999977       5.27609253    
   5.50000000       5.28376913    
   5.50999975       5.29144907    
