   9.99999978E-03  -1.38433697E-05
   1.99999996E-02  -2.78923508E-05
   2.99999993E-02  -4.15377763E-05
   3.99999991E-02  -5.55610968E-05
   4.99999970E-02  -6.82390164E-05
   5.99999987E-02  -7.03022743E-05
   7.00000003E-02  -2.28537065E-05
   7.99999982E-02   1.61367221E-04
   8.99999961E-02   6.20571023E-04
   9.99999940E-02   1.53546431E-03
  0.109999999       3.08489497E-03
  0.119999997       5.48124081E-03
  0.129999995       8.75939615E-03
  0.140000001       1.32041518E-02
  0.149999991       1.89546607E-02
  0.159999996       2.54518874E-02
  0.170000002       3.29388902E-02
  0.179999992       4.32684533E-02
  0.189999998       5.18660471E-02
  0.199999988       6.54753447E-02
  0.209999993       7.58617669E-02
  0.219999999       8.98474455E-02
  0.229999989      0.106829636    
  0.239999995      0.117616460    
  0.250000000      0.134438828    
  0.259999990      0.156375453    
  0.269999981      0.171955571    
  0.280000001      0.182435289    
  0.289999992      0.203103870    
  0.299999982      0.229024902    
  0.310000002      0.252446353    
  0.319999993      0.267133743    
  0.329999983      0.275708169    
  0.340000004      0.295027077    
  0.349999994      0.321136296    
  0.359999985      0.350103766    
  0.370000005      0.378609806    
  0.379999995      0.401561290    
  0.389999986      0.413631082    
  0.399999976      0.418866456    
  0.409999996      0.434379816    
  0.419999987      0.455519050    
  0.429999977      0.480507523    
  0.439999998      0.508578539    
  0.449999988      0.538879871    
  0.459999979      0.570039988    
  0.469999999      0.599703968    
  0.479999989      0.624119282    
  0.489999980      0.638467729    
  0.500000000      0.641561747    
  0.509999990      0.649125099    
  0.519999981      0.661474884    
  0.529999971      0.676767766    
  0.539999962      0.694439173    
  0.550000012      0.714224875    
  0.560000002      0.735972345    
  0.569999993      0.759578109    
  0.579999983      0.784930348    
  0.589999974      0.811881125    
  0.599999964      0.840199709    
  0.610000014      0.869506061    
  0.620000005      0.899188578    
  0.629999995      0.928265691    
  0.639999986      0.955208421    
  0.649999976      0.977714360    
  0.659999967      0.992658615    
  0.669999957      0.998729527    
  0.680000007       1.00526762    
  0.689999998       1.01336956    
  0.699999988       1.02262902    
  0.709999979       1.03285015    
  0.719999969       1.04392052    
  0.729999959       1.05576062    
  0.740000010       1.06832159    
  0.750000000       1.08156323    
  0.759999990       1.09546173    
  0.769999981       1.10999739    
  0.779999971       1.12515748    
  0.789999962       1.14093041    
  0.799999952       1.15731061    
  0.810000002       1.17429316    
  0.819999993       1.19187140    
  0.829999983       1.21004128    
  0.839999974       1.22879863    
  0.849999964       1.24813235    
  0.859999955       1.26803184    
  0.870000005       1.28848088    
  0.879999995       1.30945385    
  0.889999986       1.33091617    
  0.899999976       1.35282958    
  0.909999967       1.37511957    
  0.919999957       1.39770842    
  0.930000007       1.42047668    
  0.939999998       1.44326997    
  0.949999988       1.46587491    
  0.959999979       1.48801172    
  0.969999969       1.50929844    
  0.979999959       1.52921546    
  0.989999950       1.54705441    
   1.00000000       1.56183636    
   1.00999999       1.57370782    
   1.01999998       1.58454561    
   1.02999997       1.59486628    
   1.03999996       1.60488582    
   1.04999995       1.61472440    
   1.05999994       1.62445414    
   1.06999993       1.63412321    
   1.07999992       1.64376485    
   1.09000003       1.65339863    
   1.10000002       1.66304445    
   1.11000001       1.67271078    
   1.12000000       1.68241048    
   1.13000000       1.69214416    
   1.13999999       1.70192397    
   1.14999998       1.71174848    
   1.15999997       1.72162259    
   1.16999996       1.73154950    
   1.17999995       1.74152911    
   1.18999994       1.75156319    
   1.19999993       1.76165307    
   1.20999992       1.77179956    
   1.22000003       1.78200233    
   1.23000002       1.79226148    
   1.24000001       1.80257964    
   1.25000000       1.81295490    
   1.25999999       1.82338762    
   1.26999998       1.83387923    
   1.27999997       1.84442806    
   1.28999996       1.85503328    
   1.29999995       1.86569726    
   1.30999994       1.87641847    
   1.31999993       1.88719594    
   1.32999992       1.89803314    
   1.33999991       1.90892589    
   1.35000002       1.91987562    
   1.36000001       1.93088281    
   1.37000000       1.94194531    
   1.38000000       1.95306611    
   1.38999999       1.96424210    
   1.39999998       1.97547352    
   1.40999997       1.98675942    
   1.41999996       1.99810421    
   1.42999995       2.00950336    
   1.43999994       2.02095699    
   1.44999993       2.03246427    
   1.45999992       2.04402685    
   1.46999991       2.05564213    
   1.48000002       2.06731367    
   1.49000001       2.07903528    
   1.50000000       2.09081197    
   1.50999999       2.10264182    
   1.51999998       2.11452222    
   1.52999997       2.12645364    
   1.53999996       2.13843656    
   1.54999995       2.15046859    
   1.55999994       2.16255403    
   1.56999993       2.17468500    
   1.57999992       2.18686652    
   1.58999991       2.19909716    
   1.59999990       2.21137261    
   1.61000001       2.22368813    
   1.62000000       2.23606157    
   1.63000000       2.24847078    
   1.63999999       2.26092362    
   1.64999998       2.27341938    
   1.65999997       2.28595543    
   1.66999996       2.29852962    
   1.67999995       2.31114078    
   1.68999994       2.32378674    
   1.69999993       2.33647156    
   1.70999992       2.34918499    
   1.71999991       2.36192942    
   1.73000002       2.37470174    
   1.74000001       2.38750219    
   1.75000000       2.40032268    
   1.75999999       2.41316414    
   1.76999998       2.42602468    
   1.77999997       2.43890190    
   1.78999996       2.45178866    
   1.79999995       2.46468186    
   1.80999994       2.47758174    
   1.81999993       2.49048114    
   1.82999992       2.50337696    
   1.83999991       2.51626301    
   1.84999990       2.52913499    
   1.86000001       2.54198694    
   1.87000000       2.55481434    
   1.88000000       2.56760836    
   1.88999999       2.58036494    
   1.89999998       2.59307814    
   1.90999997       2.60573506    
   1.91999996       2.61832881    
   1.92999995       2.63085365    
   1.93999994       2.64329553    
   1.94999993       2.65564919    
   1.95999992       2.66789794    
   1.96999991       2.68003321    
   1.97999990       2.69203949    
   1.99000001       2.70390224    
   2.00000000       2.71560884    
   2.00999999       2.72700310    
   2.01999998       2.73801684    
   2.02999997       2.74876237    
   2.03999996       2.75925303    
   2.04999995       2.76953626    
   2.05999994       2.77963924    
   2.06999993       2.78958797    
   2.07999992       2.79939485    
   2.08999991       2.80907989    
   2.09999990       2.81865525    
   2.10999990       2.82812858    
   2.11999989       2.83751440    
   2.12999988       2.84681630    
   2.13999987       2.85604405    
   2.14999986       2.86520529    
   2.15999985       2.87430096    
   2.16999984       2.88334250    
   2.18000007       2.89232874    
   2.19000006       2.90126801    
   2.20000005       2.91016054    
   2.21000004       2.91900945    
   2.22000003       2.92782259    
   2.23000002       2.93659782    
   2.24000001       2.94533920    
   2.25000000       2.95404983    
   2.25999999       2.96272922    
   2.26999998       2.97138309    
   2.27999997       2.98000789    
   2.28999996       2.98861289    
   2.29999995       2.99719143    
   2.30999994       3.00575137    
   2.31999993       3.01429009    
   2.32999992       3.02280855    
   2.33999991       3.03130698    
   2.34999990       3.03979182    
   2.35999990       3.04826164    
   2.36999989       3.05671334    
   2.37999988       3.06515217    
   2.38999987       3.07357502    
   2.39999986       3.08198547    
   2.40999985       3.09038544    
   2.41999984       3.09877229    
   2.42999983       3.10714865    
   2.44000006       3.11551499    
   2.45000005       3.12386942    
   2.46000004       3.13221622    
   2.47000003       3.14055204    
   2.48000002       3.14887881    
   2.49000001       3.15719867    
   2.50000000       3.16551018    
   2.50999999       3.17381358    
   2.51999998       3.18211102    
   2.52999997       3.19039726    
   2.53999996       3.19867873    
   2.54999995       3.20695543    
   2.55999994       3.21522403    
   2.56999993       3.22348976    
   2.57999992       3.23174596    
   2.58999991       3.23999810    
   2.59999990       3.24824548    
   2.60999990       3.25648665    
   2.61999989       3.26472378    
   2.62999988       3.27295589    
   2.63999987       3.28118181    
   2.64999986       3.28940678    
   2.65999985       3.29762626    
   2.66999984       3.30583906    
   2.67999983       3.31404829    
   2.69000006       3.32225776    
   2.70000005       3.33045959    
   2.71000004       3.33865905    
   2.72000003       3.34685588    
   2.73000002       3.35504675    
   2.74000001       3.36323571    
   2.75000000       3.37142229    
   2.75999999       3.37960410    
   2.76999998       3.38778520    
   2.77999997       3.39596057    
   2.78999996       3.40413666    
   2.79999995       3.41230869    
   2.80999994       3.42047644    
   2.81999993       3.42864227    
   2.82999992       3.43680596    
   2.83999991       3.44496608    
   2.84999990       3.45312452    
   2.85999990       3.46128082    
   2.86999989       3.46943378    
   2.87999988       3.47758842    
   2.88999987       3.48573971    
   2.89999986       3.49388671    
   2.90999985       3.50202870    
   2.91999984       3.51017261    
   2.92999983       3.51831508    
   2.93999982       3.52645612    
   2.95000005       3.53459334    
   2.96000004       3.54272699    
   2.97000003       3.55086374    
   2.98000002       3.55899572    
   2.99000001       3.56712675    
   3.00000000       3.57525635    
   3.00999999       3.58338356    
   3.01999998       3.59150672    
   3.02999997       3.59963131    
   3.03999996       3.60775423    
   3.04999995       3.61587644    
   3.05999994       3.62399435    
   3.06999993       3.63211346    
   3.07999992       3.64022970    
   3.08999991       3.64834356    
   3.09999990       3.65645957    
   3.10999990       3.66457129    
   3.11999989       3.67268300    
   3.12999988       3.68079185    
   3.13999987       3.68889904    
   3.14999986       3.69700623    
   3.15999985       3.70511079    
   3.16999984       3.71321630    
   3.17999983       3.72131991    
   3.18999982       3.72942066    
   3.19999981       3.73751998    
   3.21000004       3.74562097    
   3.22000003       3.75372124    
   3.23000002       3.76181769    
   3.24000001       3.76991510    
   3.25000000       3.77800965    
   3.25999999       3.78610206    
   3.26999998       3.79419661    
   3.27999997       3.80228615    
   3.28999996       3.81037760    
   3.29999995       3.81846976    
   3.30999994       3.82655811    
   3.31999993       3.83464384    
   3.32999992       3.84273124    
   3.33999991       3.85081601    
   3.34999990       3.85890126    
   3.35999990       3.86698604    
   3.36999989       3.87506795    
   3.37999988       3.88314962    
   3.38999987       3.89123011    
   3.39999986       3.89931226    
   3.40999985       3.90739083    
   3.41999984       3.91546965    
   3.42999983       3.92354536    
   3.43999982       3.93162251    
   3.44999981       3.93969893    
   3.46000004       3.94777250    
   3.47000003       3.95584536    
   3.48000002       3.96392083    
   3.49000001       3.97199249    
   3.50000000       3.98006320    
   3.50999999       3.98813486    
   3.51999998       3.99620414    
   3.52999997       4.00427341    
   3.53999996       4.01234102    
   3.54999995       4.02040720    
   3.55999994       4.02847385    
   3.56999993       4.03653908    
   3.57999992       4.04460669    
   3.58999991       4.05266953    
   3.59999990       4.06073236    
   3.60999990       4.06879330    
   3.61999989       4.07685852    
   3.62999988       4.08491421    
   3.63999987       4.09297991    
   3.64999986       4.10103750    
   3.65999985       4.10909748    
   3.66999984       4.11715412    
   3.67999983       4.12521410    
   3.68999982       4.13326979    
   3.69999981       4.14132500    
   3.70999980       4.14938402    
   3.72000003       4.15743542    
   3.73000002       4.16549253    
   3.74000001       4.17354345    
   3.75000000       4.18159723    
   3.75999999       4.18964720    
   3.76999998       4.19770098    
   3.77999997       4.20575809    
   3.78999996       4.21380377    
   3.79999995       4.22185230    
   3.80999994       4.22989893    
   3.81999993       4.23795128    
   3.82999992       4.24599314    
   3.83999991       4.25404310    
   3.84999990       4.26208735    
   3.85999990       4.27013493    
   3.86999989       4.27817869    
   3.87999988       4.28622723    
   3.88999987       4.29426765    
   3.89999986       4.30231142    
   3.90999985       4.31035423    
   3.91999984       4.31839657    
   3.92999983       4.32643747    
   3.93999982       4.33447838    
   3.94999981       4.34251022    
   3.95999980       4.35055256    
   3.97000003       4.35859871    
   3.98000002       4.36663532    
   3.99000001       4.37467432    
   4.00000000       4.38271046    
   4.00999975       4.39074087    
   4.01999998       4.39878225    
   4.02999973       4.40681696    
   4.03999996       4.41485691    
   4.04999971       4.42288637    
   4.05999994       4.43092442    
   4.06999969       4.43895435    
   4.07999992       4.44698572    
   4.08999968       4.45502043    
   4.09999990       4.46305180    
   4.11000013       4.47108030    
   4.11999989       4.47911263    
   4.13000011       4.48714256    
   4.13999987       4.49517632    
   4.15000010       4.50320148    
   4.15999985       4.51123047    
   4.17000008       4.51926041    
   4.17999983       4.52728748    
   4.19000006       4.53531265    
   4.19999981       4.54333925    
   4.21000004       4.55136871    
   4.21999979       4.55939245    
   4.23000002       4.56742001    
   4.23999977       4.57544518    
   4.25000000       4.58346796    
   4.25999975       4.59148884    
   4.26999998       4.59951115    
   4.27999973       4.60753250    
   4.28999996       4.61555672    
   4.29999971       4.62357903    
   4.30999994       4.63159895    
   4.31999969       4.63962221    
   4.32999992       4.64763641    
   4.33999968       4.65565681    
   4.34999990       4.66368103    
   4.36000013       4.67169809    
   4.36999989       4.67971134    
   4.38000011       4.68773079    
   4.38999987       4.69575119    
   4.40000010       4.70376682    
   4.40999985       4.71178150    
   4.42000008       4.71980190    
   4.42999983       4.72781229    
   4.44000006       4.73582697    
   4.44999981       4.74384165    
   4.46000004       4.75185966    
   4.46999979       4.75986862    
   4.48000002       4.76788712    
   4.48999977       4.77589893    
   4.50000000       4.78390932    
   4.50999975       4.79191971    
   4.51999998       4.79993200    
   4.52999973       4.80794477    
   4.53999996       4.81595612    
   4.54999971       4.82396412    
   4.55999994       4.83197546    
   4.56999969       4.83998108    
   4.57999992       4.84799051    
   4.58999968       4.85599756    
   4.59999990       4.86400414    
   4.61000013       4.87201405    
   4.61999989       4.88002062    
   4.63000011       4.88803053    
   4.63999987       4.89603758    
   4.65000010       4.90404034    
   4.65999985       4.91204548    
   4.67000008       4.92005205    
   4.67999983       4.92805624    
   4.69000006       4.93605947    
   4.69999981       4.94405794    
   4.71000004       4.95206738    
   4.71999979       4.96006632    
   4.73000002       4.96807384    
   4.73999977       4.97607231    
   4.75000000       4.98407602    
   4.75999975       4.99207735    
   4.76999998       5.00007725    
   4.77999973       5.00807238    
   4.78999996       5.01607323    
   4.79999971       5.02407742    
   4.80999994       5.03207445    
   4.81999969       5.04007769    
   4.82999992       5.04807520    
   4.83999968       5.05607414    
   4.84999990       5.06407166    
   4.85999966       5.07206345    
   4.86999989       5.08006334    
   4.88000011       5.08805704    
   4.88999987       5.09605503    
   4.90000010       5.10404873    
   4.90999985       5.11204767    
   4.92000008       5.12004280    
   4.92999983       5.12803507    
   4.94000006       5.13603115    
   4.94999981       5.14402437    
   4.96000004       5.15201759    
   4.96999979       5.16001225    
   4.98000002       5.16800213    
   4.98999977       5.17599297    
   5.00000000       5.18398714    
   5.00999975       5.19197607    
   5.01999998       5.19997025    
   5.02999973       5.20796490    
   5.03999996       5.21595001    
   5.04999971       5.22394657    
   5.05999994       5.23193169    
   5.06999969       5.23992205    
   5.07999992       5.24791336    
   5.08999968       5.25590038    
   5.09999990       5.26388693    
   5.10999966       5.27188015    
   5.11999989       5.27986765    
   5.13000011       5.28785563    
   5.13999987       5.29583979    
   5.15000010       5.30382538    
   5.15999985       5.31181002    
   5.17000008       5.31980038    
   5.17999983       5.32778358    
   5.19000006       5.33577108    
   5.19999981       5.34375381    
   5.21000004       5.35173941    
   5.21999979       5.35972118    
   5.23000002       5.36770678    
   5.23999977       5.37569332    
   5.25000000       5.38367510    
   5.25999975       5.39165974    
   5.26999998       5.39964104    
   5.27999973       5.40762472    
   5.28999996       5.41560507    
   5.29999971       5.42359066    
   5.30999994       5.43157053    
   5.31999969       5.43955326    
   5.32999992       5.44753218    
   5.33999968       5.45551348    
   5.34999990       5.46349478    
   5.35999966       5.47147226    
   5.36999989       5.47945166    
   5.38000011       5.48743153    
   5.38999987       5.49541283    
   5.40000010       5.50338984    
   5.40999985       5.51136637    
   5.42000008       5.51934624    
   5.42999983       5.52732611    
   5.44000006       5.53529835    
   5.44999981       5.54327488    
   5.46000004       5.55124855    
   5.46999979       5.55923033    
   5.48000002       5.56720304    
   5.48999977       5.57517910    
   5.50000000       5.58315420    
   5.50999975       5.59112930    
