   9.99999978E-03  -1.42328736E-05
   1.99999996E-02  -2.65264407E-05
   2.99999993E-02  -4.24776590E-05
   3.99999991E-02  -5.68398827E-05
   4.99999970E-02  -6.88267755E-05
   5.99999987E-02  -6.08536720E-05
   7.00000003E-02   2.74833856E-05
   7.99999982E-02   3.22235632E-04
   8.99999961E-02   9.98971635E-04
   9.99999940E-02   2.28584721E-03
  0.109999999       4.40990413E-03
  0.119999997       7.53314653E-03
  0.129999995       1.17215337E-02
  0.140000001       1.72825400E-02
  0.149999991       2.43724398E-02
  0.159999996       3.23193707E-02
  0.170000002       4.11402620E-02
  0.179999992       5.33430390E-02
  0.189999998       6.33553565E-02
  0.199999988       7.90572688E-02
  0.209999993       9.07466561E-02
  0.219999999      0.106947184    
  0.229999989      0.125632241    
  0.239999995      0.137696221    
  0.250000000      0.156808466    
  0.259999990      0.180692315    
  0.269999981      0.197324917    
  0.280000001      0.209154308    
  0.289999992      0.232050687    
  0.299999982      0.259959430    
  0.310000002      0.284619212    
  0.319999993      0.299994558    
  0.329999983      0.309690833    
  0.340000004      0.330802381    
  0.349999994      0.358770162    
  0.359999985      0.389328212    
  0.370000005      0.418939590    
  0.379999995      0.442425698    
  0.389999986      0.454901129    
  0.399999976      0.461057276    
  0.409999996      0.477780998    
  0.419999987      0.500226974    
  0.429999977      0.526529372    
  0.439999998      0.555827856    
  0.449999988      0.587164938    
  0.459999979      0.619061112    
  0.469999999      0.649095118    
  0.479999989      0.673585653    
  0.489999980      0.688067615    
  0.500000000      0.691845298    
  0.509999990      0.700171292    
  0.519999981      0.713273227    
  0.529999971      0.729335546    
  0.539999962      0.747783899    
  0.550000012      0.768339276    
  0.560000002      0.790834308    
  0.569999993      0.815139472    
  0.579999983      0.841122687    
  0.589999974      0.868605554    
  0.599999964      0.897325933    
  0.610000014      0.926873446    
  0.620000005      0.956608534    
  0.629999995      0.985549450    
  0.639999986       1.01220453    
  0.649999976       1.03441393    
  0.659999967       1.04934001    
  0.669999957       1.05596340    
  0.680000007       1.06305754    
  0.689999998       1.07166302    
  0.699999988       1.08139491    
  0.709999979       1.09207404    
  0.719999969       1.10358763    
  0.729999959       1.11585987    
  0.740000010       1.12884212    
  0.750000000       1.14249563    
  0.759999990       1.15679598    
  0.769999981       1.17172015    
  0.779999971       1.18725264    
  0.789999962       1.20338535    
  0.799999952       1.22010660    
  0.810000002       1.23740792    
  0.819999993       1.25528359    
  0.829999983       1.27372301    
  0.839999974       1.29271817    
  0.849999964       1.31225789    
  0.859999955       1.33232439    
  0.870000005       1.35289645    
  0.879999995       1.37394750    
  0.889999986       1.39543760    
  0.899999976       1.41731751    
  0.909999967       1.43951797    
  0.919999957       1.46195257    
  0.930000007       1.48450196    
  0.939999998       1.50700843    
  0.949999988       1.52927268    
  0.959999979       1.55101871    
  0.969999969       1.57188976    
  0.979999959       1.59140563    
  0.989999950       1.60892129    
   1.00000000       1.62356436    
   1.00999999       1.63550806    
   1.01999998       1.64648867    
   1.02999997       1.65698338    
   1.03999996       1.66719377    
   1.04999995       1.67723393    
   1.05999994       1.68717158    
   1.06999993       1.69705260    
   1.07999992       1.70690691    
   1.09000003       1.71675646    
   1.10000002       1.72661602    
   1.11000001       1.73649502    
   1.12000000       1.74641180    
   1.13000000       1.75636184    
   1.13999999       1.76635587    
   1.14999998       1.77639210    
   1.15999997       1.78647995    
   1.16999996       1.79661489    
   1.17999995       1.80680299    
   1.18999994       1.81704342    
   1.19999993       1.82733917    
   1.20999992       1.83768737    
   1.22000003       1.84809268    
   1.23000002       1.85855305    
   1.24000001       1.86906779    
   1.25000000       1.87963939    
   1.25999999       1.89026666    
   1.26999998       1.90094852    
   1.27999997       1.91168725    
   1.28999996       1.92248011    
   1.29999995       1.93332827    
   1.30999994       1.94423306    
   1.31999993       1.95519137    
   1.32999992       1.96620417    
   1.33999991       1.97727239    
   1.35000002       1.98839581    
   1.36000001       1.99957097    
   1.37000000       2.01080251    
   1.38000000       2.02208638    
   1.38999999       2.03342414    
   1.39999998       2.04481292    
   1.40999997       2.05625439    
   1.41999996       2.06774974    
   1.42999995       2.07929587    
   1.43999994       2.09089446    
   1.44999993       2.10254455    
   1.45999992       2.11424422    
   1.46999991       2.12599659    
   1.48000002       2.13779736    
   1.49000001       2.14964652    
   1.50000000       2.16154623    
   1.50999999       2.17349386    
   1.51999998       2.18549013    
   1.52999997       2.19753242    
   1.53999996       2.20962429    
   1.54999995       2.22176099    
   1.55999994       2.23394156    
   1.56999993       2.24616647    
   1.57999992       2.25843763    
   1.58999991       2.27075338    
   1.59999990       2.28310847    
   1.61000001       2.29550576    
   1.62000000       2.30794024    
   1.63000000       2.32041860    
   1.63999999       2.33292890    
   1.64999998       2.34547687    
   1.65999997       2.35806370    
   1.66999996       2.37068200    
   1.67999995       2.38333035    
   1.68999994       2.39601445    
   1.69999993       2.40872121    
   1.70999992       2.42145872    
   1.71999991       2.43421936    
   1.73000002       2.44700265    
   1.74000001       2.45980430    
   1.75000000       2.47262216    
   1.75999999       2.48546219    
   1.76999998       2.49830890    
   1.77999997       2.51116490    
   1.78999996       2.52402806    
   1.79999995       2.53689218    
   1.80999994       2.54975605    
   1.81999993       2.56261063    
   1.82999992       2.57545996    
   1.83999991       2.58829522    
   1.84999990       2.60110784    
   1.86000001       2.61389804    
   1.87000000       2.62665796    
   1.88000000       2.63937235    
   1.88999999       2.65205669    
   1.89999998       2.66468883    
   1.90999997       2.67726159    
   1.91999996       2.68977022    
   1.92999995       2.70220470    
   1.93999994       2.71455765    
   1.94999993       2.72681570    
   1.95999992       2.73897243    
   1.96999991       2.75101376    
   1.97999990       2.76292872    
   1.99000001       2.77470613    
   2.00000000       2.78632760    
   2.00999999       2.79764891    
   2.01999998       2.80861783    
   2.02999997       2.81931138    
   2.03999996       2.82977104    
   2.04999995       2.84003568    
   2.05999994       2.85012817    
   2.06999993       2.86007404    
   2.07999992       2.86988640    
   2.08999991       2.87958407    
   2.09999990       2.88917589    
   2.10999990       2.89867425    
   2.11999989       2.90808725    
   2.12999988       2.91742086    
   2.13999987       2.92668653    
   2.14999986       2.93588614    
   2.15999985       2.94502616    
   2.16999984       2.95411372    
   2.18000007       2.96314740    
   2.19000006       2.97213483    
   2.20000005       2.98108339    
   2.21000004       2.98999119    
   2.22000003       2.99886131    
   2.23000002       3.00769901    
   2.24000001       3.01650214    
   2.25000000       3.02527666    
   2.25999999       3.03402162    
   2.26999998       3.04274225    
   2.27999997       3.05143523    
   2.28999996       3.06011009    
   2.29999995       3.06876183    
   2.30999994       3.07739067    
   2.31999993       3.08600330    
   2.32999992       3.09459496    
   2.33999991       3.10317135    
   2.34999990       3.11173201    
   2.35999990       3.12027764    
   2.36999989       3.12880874    
   2.37999988       3.13732529    
   2.38999987       3.14583182    
   2.39999986       3.15432096    
   2.40999985       3.16280007    
   2.41999984       3.17126775    
   2.42999983       3.17972827    
   2.44000006       3.18817735    
   2.45000005       3.19661546    
   2.46000004       3.20504308    
   2.47000003       3.21346378    
   2.48000002       3.22187877    
   2.49000001       3.23028255    
   2.50000000       3.23868012    
   2.50999999       3.24706912    
   2.51999998       3.25545406    
   2.52999997       3.26382732    
   2.53999996       3.27219820    
   2.54999995       3.28056026    
   2.55999994       3.28891754    
   2.56999993       3.29726791    
   2.57999992       3.30561495    
   2.58999991       3.31395769    
   2.59999990       3.32229352    
   2.60999990       3.33062577    
   2.61999989       3.33895206    
   2.62999988       3.34727478    
   2.63999987       3.35559201    
   2.64999986       3.36390805    
   2.65999985       3.37221742    
   2.66999984       3.38052106    
   2.67999983       3.38882256    
   2.69000006       3.39712262    
   2.70000005       3.40541744    
   2.71000004       3.41370726    
   2.72000003       3.42199779    
   2.73000002       3.43028116    
   2.74000001       3.43856192    
   2.75000000       3.44684124    
   2.75999999       3.45511723    
   2.76999998       3.46339059    
   2.77999997       3.47165942    
   2.78999996       3.47992754    
   2.79999995       3.48819208    
   2.80999994       3.49645567    
   2.81999993       3.50471497    
   2.82999992       3.51297140    
   2.83999991       3.52122641    
   2.84999990       3.52948093    
   2.85999990       3.53773046    
   2.86999989       3.54597688    
   2.87999988       3.55422354    
   2.88999987       3.56247139    
   2.89999986       3.57071304    
   2.90999985       3.57895422    
   2.91999984       3.58719087    
   2.92999983       3.59542775    
   2.93999982       3.60366273    
   2.95000005       3.61189556    
   2.96000004       3.62012768    
   2.97000003       3.62835717    
   2.98000002       3.63658333    
   2.99000001       3.64481115    
   3.00000000       3.65303397    
   3.00999999       3.66125703    
   3.01999998       3.66947985    
   3.02999997       3.67770100    
   3.03999996       3.68591666    
   3.04999995       3.69413567    
   3.05999994       3.70235085    
   3.06999993       3.71056509    
   3.07999992       3.71877527    
   3.08999991       3.72698712    
   3.09999990       3.73519707    
   3.10999990       3.74340582    
   3.11999989       3.75161648    
   3.12999988       3.75982189    
   3.13999987       3.76802564    
   3.14999986       3.77622986    
   3.15999985       3.78443003    
   3.16999984       3.79263067    
   3.17999983       3.80083203    
   3.18999982       3.80903077    
   3.19999981       3.81722927    
   3.21000004       3.82542515    
   3.22000003       3.83362222    
   3.23000002       3.84181523    
   3.24000001       3.85000825    
   3.25000000       3.85820055    
   3.25999999       3.86639333    
   3.26999998       3.87458301    
   3.27999997       3.88277292    
   3.28999996       3.89096355    
   3.29999995       3.89914560    
   3.30999994       3.90733314    
   3.31999993       3.91551781    
   3.32999992       3.92370272    
   3.33999991       3.93188691    
   3.34999990       3.94006848    
   3.35999990       3.94824791    
   3.36999989       3.95642734    
   3.37999988       3.96461058    
   3.38999987       3.97278523    
   3.39999986       3.98096609    
   3.40999985       3.98914313    
   3.41999984       3.99731684    
   3.42999983       4.00549269    
   3.43999982       4.01366806    
   3.44999981       4.02184248    
   3.46000004       4.03001356    
   3.47000003       4.03818560    
   3.48000002       4.04635620    
   3.49000001       4.05452728    
   3.50000000       4.06269646    
   3.50999999       4.07086277    
   3.51999998       4.07903099    
   3.52999997       4.08720064    
   3.53999996       4.09536171    
   3.54999995       4.10353184    
   3.55999994       4.11169720    
   3.56999993       4.11986256    
   3.57999992       4.12801933    
   3.58999991       4.13618374    
   3.59999990       4.14434528    
   3.60999990       4.15250492    
   3.61999989       4.16066599    
   3.62999988       4.16882610    
   3.63999987       4.17698574    
   3.64999986       4.18514252    
   3.65999985       4.19330025    
   3.66999984       4.20145464    
   3.67999983       4.20961714    
   3.68999982       4.21777058    
   3.69999981       4.22592545    
   3.70999980       4.23407602    
   3.72000003       4.24222946    
   3.73000002       4.25037718    
   3.74000001       4.25853539    
   3.75000000       4.26668549    
   3.75999999       4.27483511    
   3.76999998       4.28298473    
   3.77999997       4.29113770    
   3.78999996       4.29928446    
   3.79999995       4.30743074    
   3.80999994       4.31557894    
   3.81999993       4.32372618    
   3.82999992       4.33187294    
   3.83999991       4.34001732    
   3.84999990       4.34815931    
   3.85999990       4.35630703    
   3.86999989       4.36444902    
   3.87999988       4.37259197    
   3.88999987       4.38073587    
   3.89999986       4.38887453    
   3.90999985       4.39701891    
   3.91999984       4.40515709    
   3.92999983       4.41329861    
   3.93999982       4.42143536    
   3.94999981       4.42957449    
   3.95999980       4.43771744    
   3.97000003       4.44585276    
   3.98000002       4.45398903    
   3.99000001       4.46212530    
   4.00000000       4.47026396    
   4.00999975       4.47839403    
   4.01999998       4.48653173    
   4.02999973       4.49467087    
   4.03999996       4.50280285    
   4.04999971       4.51093531    
   4.05999994       4.51907158    
   4.06999969       4.52720118    
   4.07999992       4.53532934    
   4.08999968       4.54346275    
   4.09999990       4.55159283    
   4.11000013       4.55972242    
   4.11999989       4.56785297    
   4.13000011       4.57598400    
   4.13999987       4.58410978    
   4.15000010       4.59223700    
   4.15999985       4.60036421    
   4.17000008       4.60849190    
   4.17999983       4.61661768    
   4.19000006       4.62474489    
   4.19999981       4.63287210    
   4.21000004       4.64099216    
   4.21999979       4.64911842    
   4.23000002       4.65724516    
   4.23999977       4.66536999    
   4.25000000       4.67349100    
   4.25999975       4.68161249    
   4.26999998       4.68973637    
   4.27999973       4.69785309    
   4.28999996       4.70597792    
   4.29999971       4.71409750    
   4.30999994       4.72221661    
   4.31999969       4.73033953    
   4.32999992       4.73845577    
   4.33999968       4.74657393    
   4.34999990       4.75469303    
   4.36000013       4.76281071    
   4.36999989       4.77092791    
   4.38000011       4.77904940    
   4.38999987       4.78715992    
   4.40000010       4.79527807    
   4.40999985       4.80339050    
   4.42000008       4.81150675    
   4.42999983       4.81962538    
   4.44000006       4.82773829    
   4.44999981       4.83585072    
   4.46000004       4.84396172    
   4.46999979       4.85207891    
   4.48000002       4.86018848    
   4.48999977       4.86829996    
   4.50000000       4.87641096    
   4.50999975       4.88452101    
   4.51999998       4.89263725    
   4.52999973       4.90074396    
   4.53999996       4.90884590    
   4.54999971       4.91695976    
   4.55999994       4.92507267    
   4.56999969       4.93318176    
   4.57999992       4.94128561    
   4.58999968       4.94939184    
   4.59999990       4.95750093    
   4.61000013       4.96560526    
   4.61999989       4.97371054    
   4.63000011       4.98181963    
   4.63999987       4.98992205    
   4.65000010       4.99803257    
   4.65999985       5.00613499    
   4.67000008       5.01423931    
   4.67999983       5.02234030    
   4.69000006       5.03044653    
   4.69999981       5.03854752    
   4.71000004       5.04664946    
   4.71999979       5.05475044    
   4.73000002       5.06285620    
   4.73999977       5.07095671    
   4.75000000       5.07905531    
   4.75999975       5.08715630    
   4.76999998       5.09525967    
   4.77999973       5.10335255    
   4.78999996       5.11145544    
   4.79999971       5.11955070    
   4.80999994       5.12764883    
   4.81999969       5.13574886    
   4.82999992       5.14384651    
   4.83999968       5.15194464    
   4.84999990       5.16004372    
   4.85999966       5.16813660    
   4.86999989       5.17623615    
   4.88000011       5.18433094    
   4.88999987       5.19243002    
   4.90000010       5.20052004    
   4.90999985       5.20861769    
   4.92000008       5.21671152    
   4.92999983       5.22480488    
   4.94000006       5.23290014    
   4.94999981       5.24098873    
   4.96000004       5.24908018    
   4.96999979       5.25717545    
   4.98000002       5.26526880    
   4.98999977       5.27335739    
   5.00000000       5.28145266    
   5.00999975       5.28954411    
   5.01999998       5.29763460    
   5.02999973       5.30572176    
   5.03999996       5.31381321    
   5.04999971       5.32190275    
   5.05999994       5.32999039    
   5.06999969       5.33807945    
   5.07999992       5.34617043    
   5.08999968       5.35425854    
   5.09999990       5.36234379    
   5.10999966       5.37043047    
   5.11999989       5.37851810    
   5.13000011       5.38660526    
   5.13999987       5.39469194    
   5.15000010       5.40277481    
   5.15999985       5.41086197    
   5.17000008       5.41895056    
   5.17999983       5.42703295    
   5.19000006       5.43511581    
   5.19999981       5.44320440    
   5.21000004       5.45129061    
   5.21999979       5.45937157    
   5.23000002       5.46745777    
   5.23999977       5.47553778    
   5.25000000       5.48361588    
   5.25999975       5.49170065    
   5.26999998       5.49978590    
   5.27999973       5.50786924    
   5.28999996       5.51594687    
   5.29999971       5.52402353    
   5.30999994       5.53210735    
   5.31999969       5.54019165    
   5.32999992       5.54827070    
   5.33999968       5.55635452    
   5.34999990       5.56443405    
   5.35999966       5.57251263    
   5.36999989       5.58058739    
   5.38000011       5.58866692    
   5.38999987       5.59674358    
   5.40000010       5.60481930    
   5.40999985       5.61290026    
   5.42000008       5.62098122    
   5.42999983       5.62905407    
   5.44000006       5.63712835    
   5.44999981       5.64520645    
   5.46000004       5.65328074    
   5.46999979       5.66135502    
   5.48000002       5.66943073    
   5.48999977       5.67750645    
   5.50000000       5.68557835    
   5.50999975       5.69365835    
