   9.99999978E-03  -1.41052324E-05
   1.99999996E-02  -5.78974214E-05
   2.99999993E-02  -4.58790528E-05
   3.99999991E-02  -6.01552019E-05
   4.99999970E-02  -5.37350716E-05
   5.99999987E-02   6.40982325E-05
   7.00000003E-02   5.10334678E-04
   7.99999982E-02   1.61169481E-03
   8.99999961E-02   3.67982057E-03
   9.99999940E-02   7.11506698E-03
  0.109999999       1.23491073E-02
  0.119999997       1.90315042E-02
  0.129999995       2.75389068E-02
  0.140000001       3.80861834E-02
  0.149999991       5.09088747E-02
  0.159999996       6.50614575E-02
  0.170000002       7.92476758E-02
  0.179999992       9.85374749E-02
  0.189999998      0.114251435    
  0.199999988      0.137394130    
  0.209999993      0.154010177    
  0.219999999      0.178227693    
  0.229999989      0.202403158    
  0.239999995      0.219295517    
  0.250000000      0.246280998    
  0.259999990      0.276151478    
  0.269999981      0.296225160    
  0.280000001      0.312992513    
  0.289999992      0.343081862    
  0.299999982      0.376875937    
  0.310000002      0.405013889    
  0.319999993      0.422713071    
  0.329999983      0.436409056    
  0.340000004      0.463146061    
  0.349999994      0.496537745    
  0.359999985      0.531483889    
  0.370000005      0.563872814    
  0.379999995      0.588743806    
  0.389999986      0.602744579    
  0.399999976      0.612100661    
  0.409999996      0.632545054    
  0.419999987      0.658801258    
  0.429999977      0.688752770    
  0.439999998      0.721265256    
  0.449999988      0.755098939    
  0.459999979      0.788541555    
  0.469999999      0.819136560    
  0.479999989      0.843623579    
  0.489999980      0.858692467    
  0.500000000      0.864847004    
  0.509999990      0.875594258    
  0.519999981      0.890963852    
  0.529999971      0.909254968    
  0.539999962      0.929871738    
  0.550000012      0.952501535    
  0.560000002      0.976921678    
  0.569999993       1.00294185    
  0.579999983       1.03036010    
  0.589999974       1.05892265    
  0.599999964       1.08829236    
  0.610000014       1.11799324    
  0.620000005       1.14736009    
  0.629999995       1.17545605    
  0.639999986       1.20098877    
  0.649999976       1.22224569    
  0.659999967       1.23721611    
  0.669999957       1.24554706    
  0.680000007       1.25435197    
  0.689999998       1.26448214    
  0.699999988       1.27563739    
  0.709999979       1.28766394    
  0.719999969       1.30046439    
  0.729999959       1.31397653    
  0.740000010       1.32814717    
  0.750000000       1.34294069    
  0.759999990       1.35832751    
  0.769999981       1.37428391    
  0.779999971       1.39079046    
  0.789999962       1.40782857    
  0.799999952       1.42538452    
  0.810000002       1.44344223    
  0.819999993       1.46198702    
  0.829999983       1.48099828    
  0.839999974       1.50046241    
  0.849999964       1.52035439    
  0.859999955       1.54064703    
  0.870000005       1.56131041    
  0.879999995       1.58230412    
  0.889999986       1.60358298    
  0.899999976       1.62508214    
  0.909999967       1.64673245    
  0.919999957       1.66843808    
  0.930000007       1.69008672    
  0.939999998       1.71153378    
  0.949999988       1.73259521    
  0.959999979       1.75304794    
  0.969999969       1.77259910    
  0.979999959       1.79088807    
  0.989999950       1.80744660    
   1.00000000       1.82167506    
   1.00999999       1.83379650    
   1.01999998       1.84515250    
   1.02999997       1.85611558    
   1.03999996       1.86684942    
   1.04999995       1.87744749    
   1.05999994       1.88796258    
   1.06999993       1.89843333    
   1.07999992       1.90888536    
   1.09000003       1.91933763    
   1.10000002       1.92980218    
   1.11000001       1.94029093    
   1.12000000       1.95080805    
   1.13000000       1.96136045    
   1.13999999       1.97195041    
   1.14999998       1.98258233    
   1.15999997       1.99325681    
   1.16999996       2.00398088    
   1.17999995       2.01475048    
   1.18999994       2.02556682    
   1.19999993       2.03643107    
   1.20999992       2.04734039    
   1.22000003       2.05830503    
   1.23000002       2.06931639    
   1.24000001       2.08037519    
   1.25000000       2.09148550    
   1.25999999       2.10264254    
   1.26999998       2.11384773    
   1.27999997       2.12510109    
   1.28999996       2.13640118    
   1.29999995       2.14775014    
   1.30999994       2.15914702    
   1.31999993       2.17058825    
   1.32999992       2.18207598    
   1.33999991       2.19361162    
   1.35000002       2.20519114    
   1.36000001       2.21681666    
   1.37000000       2.22848535    
   1.38000000       2.24019814    
   1.38999999       2.25195384    
   1.39999998       2.26375413    
   1.40999997       2.27559710    
   1.41999996       2.28747988    
   1.42999995       2.29940677    
   1.43999994       2.31137204    
   1.44999993       2.32338071    
   1.45999992       2.33542871    
   1.46999991       2.34751320    
   1.48000002       2.35963535    
   1.49000001       2.37179637    
   1.50000000       2.38399696    
   1.50999999       2.39623141    
   1.51999998       2.40850067    
   1.52999997       2.42080593    
   1.53999996       2.43314695    
   1.54999995       2.44551468    
   1.55999994       2.45792007    
   1.56999993       2.47035456    
   1.57999992       2.48281741    
   1.58999991       2.49531126    
   1.59999990       2.50783420    
   1.61000001       2.52038074    
   1.62000000       2.53295422    
   1.63000000       2.54552794    
   1.63999999       2.55817151    
   1.64999998       2.57081294    
   1.65999997       2.58347464    
   1.66999996       2.59615088    
   1.67999995       2.60884666    
   1.68999994       2.62156081    
   1.69999993       2.63428116    
   1.70999992       2.64701343    
   1.71999991       2.65975618    
   1.73000002       2.67250443    
   1.74000001       2.68525958    
   1.75000000       2.69801188    
   1.75999999       2.71076488    
   1.76999998       2.72351503    
   1.77999997       2.73625755    
   1.78999996       2.74899101    
   1.79999995       2.76171017    
   1.80999994       2.77441382    
   1.81999993       2.78709674    
   1.82999992       2.79975963    
   1.83999991       2.81239033    
   1.84999990       2.82499194    
   1.86000001       2.83755326    
   1.87000000       2.85007381    
   1.88000000       2.86254978    
   1.88999999       2.87497067    
   1.89999998       2.88733411    
   1.90999997       2.89963484    
   1.91999996       2.91186380    
   1.92999995       2.92401671    
   1.93999994       2.93608212    
   1.94999993       2.94805622    
   1.95999992       2.95993042    
   1.96999991       2.97169757    
   1.97999990       2.98334169    
   1.99000001       2.99486065    
   2.00000000       3.00624084    
   2.00999999       3.01735640    
   2.01999998       3.02816963    
   2.02999997       3.03874660    
   2.03999996       3.04913020    
   2.04999995       3.05934668    
   2.05999994       3.06942201    
   2.06999993       3.07936978    
   2.07999992       3.08921123    
   2.08999991       3.09895110    
   2.09999990       3.10860729    
   2.10999990       3.11818147    
   2.11999989       3.12768149    
   2.12999988       3.13712215    
   2.13999987       3.14650202    
   2.14999986       3.15582991    
   2.15999985       3.16510630    
   2.16999984       3.17433786    
   2.18000007       3.18352771    
   2.19000006       3.19267964    
   2.20000005       3.20179319    
   2.21000004       3.21087670    
   2.22000003       3.21992850    
   2.23000002       3.22895288    
   2.24000001       3.23794699    
   2.25000000       3.24691963    
   2.25999999       3.25586963    
   2.26999998       3.26479435    
   2.27999997       3.27370214    
   2.28999996       3.28258681    
   2.29999995       3.29145908    
   2.30999994       3.30030823    
   2.31999993       3.30914640    
   2.32999992       3.31796741    
   2.33999991       3.32677293    
   2.34999990       3.33556890    
   2.35999990       3.34434867    
   2.36999989       3.35311842    
   2.37999988       3.36187625    
   2.38999987       3.37062502    
   2.39999986       3.37936115    
   2.40999985       3.38808775    
   2.41999984       3.39680481    
   2.42999983       3.40551543    
   2.44000006       3.41421700    
   2.45000005       3.42290974    
   2.46000004       3.43159437    
   2.47000003       3.44027328    
   2.48000002       3.44894290    
   2.49000001       3.45760751    
   2.50000000       3.46626854    
   2.50999999       3.47491765    
   2.51999998       3.48356223    
   2.52999997       3.49220657    
   2.53999996       3.50084186    
   2.54999995       3.50946975    
   2.55999994       3.51808381    
   2.56999993       3.52671552    
   2.57999992       3.53533316    
   2.58999991       3.54394436    
   2.59999990       3.55255389    
   2.60999990       3.56115794    
   2.61999989       3.56975937    
   2.62999988       3.57835269    
   2.63999987       3.58694649    
   2.64999986       3.59553385    
   2.65999985       3.60411906    
   2.66999984       3.61270332    
   2.67999983       3.62127900    
   2.69000006       3.62985802    
   2.70000005       3.63843203    
   2.71000004       3.64700079    
   2.72000003       3.65556860    
   2.73000002       3.66413140    
   2.74000001       3.67269564    
   2.75000000       3.68125343    
   2.75999999       3.68981147    
   2.76999998       3.69836617    
   2.77999997       3.70691895    
   2.78999996       3.71546817    
   2.79999995       3.72401667    
   2.80999994       3.73256016    
   2.81999993       3.74110508    
   2.82999992       3.74964666    
   2.83999991       3.75818825    
   2.84999990       3.76672339    
   2.85999990       3.77525973    
   2.86999989       3.78379202    
   2.87999988       3.79232597    
   2.88999987       3.80085731    
   2.89999986       3.80938697    
   2.90999985       3.81791353    
   2.91999984       3.82643962    
   2.92999983       3.83496261    
   2.93999982       3.84348416    
   2.95000005       3.85200572    
   2.96000004       3.86052394    
   2.97000003       3.86904097    
   2.98000002       3.87755799    
   2.99000001       3.88607192    
   3.00000000       3.89458728    
   3.00999999       3.90309858    
   3.01999998       3.91160941    
   3.02999997       3.92011929    
   3.03999996       3.92862725    
   3.04999995       3.93713164    
   3.05999994       3.94563961    
   3.06999993       3.95414495    
   3.07999992       3.96264696    
   3.08999991       3.97114778    
   3.09999990       3.97964883    
   3.10999990       3.98814940    
   3.11999989       3.99665022    
   3.12999988       4.00514460    
   3.13999987       4.01364040    
   3.14999986       4.02213573    
   3.15999985       4.03062868    
   3.16999984       4.03912449    
   3.17999983       4.04761314    
   3.18999982       4.05610371    
   3.19999981       4.06459665    
   3.21000004       4.07308197    
   3.22000003       4.08157206    
   3.23000002       4.09005880    
   3.24000001       4.09854555    
   3.25000000       4.10702991    
   3.25999999       4.11551380    
   3.26999998       4.12399578    
   3.27999997       4.13248014    
   3.28999996       4.14096165    
   3.29999995       4.14943790    
   3.30999994       4.15791893    
   3.31999993       4.16639805    
   3.32999992       4.17488050    
   3.33999991       4.18335295    
   3.34999990       4.19183302    
   3.35999990       4.20030689    
   3.36999989       4.20878029    
   3.37999988       4.21725178    
   3.38999987       4.22572803    
   3.39999986       4.23420048    
   3.40999985       4.24266815    
   3.41999984       4.25113964    
   3.42999983       4.25960875    
   3.43999982       4.26807451    
   3.44999981       4.27654982    
   3.46000004       4.28501081    
   3.47000003       4.29348183    
   3.48000002       4.30194616    
   3.49000001       4.31041288    
   3.50000000       4.31887484    
   3.50999999       4.32733965    
   3.51999998       4.33580065    
   3.52999997       4.34426498    
   3.53999996       4.35272694    
   3.54999995       4.36118650    
   3.55999994       4.36964226    
   3.56999993       4.37810469    
   3.57999992       4.38656235    
   3.58999991       4.39501715    
   3.59999990       4.40347719    
   3.60999990       4.41193151    
   3.61999989       4.42039156    
   3.62999988       4.42884588    
   3.63999987       4.43729925    
   3.64999986       4.44575596    
   3.65999985       4.45420742    
   3.66999984       4.46265745    
   3.67999983       4.47111273    
   3.68999982       4.47956371    
   3.69999981       4.48801517    
   3.70999980       4.49646616    
   3.72000003       4.50491047    
   3.73000002       4.51336002    
   3.74000001       4.52181053    
   3.75000000       4.53025675    
   3.75999999       4.53870344    
   3.76999998       4.54715061    
   3.77999997       4.55559540    
   3.78999996       4.56404114    
   3.79999995       4.57248259    
   3.80999994       4.58093071    
   3.81999993       4.58936787    
   3.82999992       4.59781361    
   3.83999991       4.60625648    
   3.84999990       4.61469364    
   3.85999990       4.62313461    
   3.86999989       4.63157940    
   3.87999988       4.64001703    
   3.88999987       4.64845562    
   3.89999986       4.65689421    
   3.90999985       4.66533613    
   3.91999984       4.67377186    
   3.92999983       4.68220997    
   3.93999982       4.69064474    
   3.94999981       4.69907951    
   3.95999980       4.70751286    
   3.97000003       4.71594906    
   3.98000002       4.72438431    
   3.99000001       4.73281956    
   4.00000000       4.74125433    
   4.00999975       4.74968433    
   4.01999998       4.75811100    
   4.02999973       4.76654768    
   4.03999996       4.77497816    
   4.04999971       4.78340769    
   4.05999994       4.79183674    
   4.06999969       4.80026674    
   4.07999992       4.80869722    
   4.08999968       4.81712103    
   4.09999990       4.82553291    
   4.11000013       4.83397627    
   4.11999989       4.84240437    
   4.13000011       4.85083103    
   4.13999987       4.85925627    
   4.15000010       4.86768627    
   4.15999985       4.87610674    
   4.17000008       4.88453102    
   4.17999983       4.89295435    
   4.19000006       4.90138102    
   4.19999981       4.90980148    
   4.21000004       4.91822672    
   4.21999979       4.92664909    
   4.23000002       4.93507004    
   4.23999977       4.94348621    
   4.25000000       4.95191097    
   4.25999975       4.96032572    
   4.26999998       4.96874952    
   4.27999973       4.97716761    
   4.28999996       4.98558664    
   4.29999971       4.99400377    
   4.30999994       5.00241995    
   4.31999969       5.01083660    
   4.32999992       5.01925421    
   4.33999968       5.02766991    
   4.34999990       5.03608561    
   4.36000013       5.04450655    
   4.36999989       5.05291891    
   4.38000011       5.06133461    
   4.38999987       5.06974602    
   4.40000010       5.07815886    
   4.40999985       5.08656979    
   4.42000008       5.09498501    
   4.42999983       5.10339928    
   4.44000006       5.11180878    
   4.44999981       5.12022066    
   4.46000004       5.12863445    
   4.46999979       5.13703966    
   4.48000002       5.14544916    
   4.48999977       5.15386105    
   4.50000000       5.16227055    
   4.50999975       5.17067814    
   4.51999998       5.17909098    
   4.52999973       5.18749380    
   4.53999996       5.19590187    
   4.54999971       5.20430803    
   4.55999994       5.21271706    
   4.56999969       5.22112083    
   4.57999992       5.22952843    
   4.58999968       5.23793221    
   4.59999990       5.24634218    
   4.61000013       5.25474501    
   4.61999989       5.26314735    
   4.63000011       5.27155066    
   4.63999987       5.27995586    
   4.65000010       5.28835964    
   4.65999985       5.29676199    
   4.67000008       5.30515909    
   4.67999983       5.31356001    
   4.69000006       5.32196665    
   4.69999981       5.33036518    
   4.71000004       5.33876705    
   4.71999979       5.34716606    
   4.73000002       5.35556936    
   4.73999977       5.36396217    
   4.75000000       5.37236214    
   4.75999975       5.38076305    
   4.76999998       5.38915825    
   4.77999973       5.39755726    
   4.78999996       5.40595722    
   4.79999971       5.41435289    
   4.80999994       5.42274714    
   4.81999969       5.43114567    
   4.82999992       5.43953991    
   4.83999968       5.44793653    
   4.84999990       5.45633078    
   4.85999966       5.46472359    
   4.86999989       5.47312117    
   4.88000011       5.48151302    
   4.88999987       5.48990583    
   4.90000010       5.49829960    
   4.90999985       5.50668907    
   4.92000008       5.51508474    
   4.92999983       5.52348042    
   4.94000006       5.53186893    
   4.94999981       5.54025984    
   4.96000004       5.54864931    
   4.96999979       5.55704594    
   4.98000002       5.56542873    
   4.98999977       5.57381821    
   5.00000000       5.58221006    
   5.00999975       5.59060049    
   5.01999998       5.59898758    
   5.02999973       5.60737562    
   5.03999996       5.61576033    
   5.04999971       5.62414980    
   5.05999994       5.63254213    
   5.06999969       5.64092588    
   5.07999992       5.64931059    
   5.08999968       5.65769958    
   5.09999990       5.66608620    
   5.10999966       5.67446995    
   5.11999989       5.68285465    
   5.13000011       5.69123936    
   5.13999987       5.69962406    
   5.15000010       5.70801115    
   5.15999985       5.71639299    
   5.17000008       5.72477961    
   5.17999983       5.73316336    
   5.19000006       5.74154377    
   5.19999981       5.74992609    
   5.21000004       5.75830698    
   5.21999979       5.76669073    
   5.23000002       5.77506971    
   5.23999977       5.78345490    
   5.25000000       5.79183388    
   5.25999975       5.80021811    
   5.26999998       5.80858994    
   5.27999973       5.81697702    
   5.28999996       5.82535505    
   5.29999971       5.83373070    
   5.30999994       5.84211349    
   5.31999969       5.85049152    
   5.32999992       5.85887289    
   5.33999968       5.86724758    
   5.34999990       5.87563133    
   5.35999966       5.88400221    
   5.36999989       5.89238071    
   5.38000011       5.90075302    
   5.38999987       5.90913153    
   5.40000010       5.91751003    
   5.40999985       5.92588854    
   5.42000008       5.93426085    
   5.42999983       5.94263554    
   5.44000006       5.95101166    
   5.44999981       5.95938635    
   5.46000004       5.96776199    
   5.46999979       5.97613525    
   5.48000002       5.98450661    
   5.48999977       5.99288034    
   5.50000000       6.00125265    
   5.50999975       6.00962114    
