   9.99999978E-03  -1.54440531E-05
   1.99999996E-02  -3.12581979E-05
   2.99999993E-02  -4.66089186E-05
   3.99999991E-02  -6.01453903E-05
   4.99999970E-02  -4.46008053E-05
   5.99999987E-02   1.17171752E-04
   7.00000003E-02   6.91344612E-04
   7.99999982E-02   2.04891525E-03
   8.99999961E-02   4.52638697E-03
   9.99999940E-02   8.54933262E-03
  0.109999999       1.45921046E-02
  0.119999997       2.21394580E-02
  0.129999995       3.16732116E-02
  0.140000001       4.33511883E-02
  0.149999991       5.74267507E-02
  0.159999996       7.29315057E-02
  0.170000002       8.82548988E-02
  0.179999992      0.108940698    
  0.189999998      0.125854850    
  0.199999988      0.150390252    
  0.209999993      0.168000296    
  0.219999999      0.193736255    
  0.229999989      0.218869552    
  0.239999995      0.236725375    
  0.250000000      0.265138924    
  0.259999990      0.295998722    
  0.269999981      0.316692442    
  0.280000001      0.334407598    
  0.289999992      0.365732372    
  0.299999982      0.400460809    
  0.310000002      0.429129660    
  0.319999993      0.447260231    
  0.329999983      0.461706877    
  0.340000004      0.489386708    
  0.349999994      0.523630142    
  0.359999985      0.559213877    
  0.370000005      0.591973603    
  0.379999995      0.617042065    
  0.389999986      0.631345093    
  0.399999976      0.641289592    
  0.409999996      0.662348151    
  0.419999987      0.689199626    
  0.429999977      0.719691515    
  0.439999998      0.752645850    
  0.449999988      0.786785543    
  0.459999979      0.820377111    
  0.469999999      0.850981295    
  0.479999989      0.875436902    
  0.489999980      0.890631080    
  0.500000000      0.897224486    
  0.509999990      0.908387303    
  0.519999981      0.924129367    
  0.529999971      0.942766368    
  0.539999962      0.963710546    
  0.550000012      0.986637473    
  0.560000002       1.01131845    
  0.569999993       1.03755534    
  0.579999983       1.06513321    
  0.589999974       1.09378958    
  0.599999964       1.12317634    
  0.610000014       1.15281439    
  0.620000005       1.18204212    
  0.629999995       1.20993650    
  0.639999986       1.23524439    
  0.649999976       1.25633514    
  0.659999967       1.27132487    
  0.669999957       1.27994370    
  0.680000007       1.28903580    
  0.689999998       1.29941750    
  0.699999988       1.31080508    
  0.709999979       1.32304859    
  0.719999969       1.33605456    
  0.729999959       1.34975815    
  0.740000010       1.36411107    
  0.750000000       1.37907517    
  0.759999990       1.39461994    
  0.769999981       1.41072392    
  0.779999971       1.42736471    
  0.789999962       1.44452620    
  0.799999952       1.46218872    
  0.810000002       1.48033822    
  0.819999993       1.49895740    
  0.829999983       1.51802564    
  0.839999974       1.53752863    
  0.849999964       1.55743682    
  0.859999955       1.57772434    
  0.870000005       1.59835887    
  0.879999995       1.61929858    
  0.889999986       1.64049578    
  0.899999976       1.66189003    
  0.909999967       1.68340576    
  0.919999957       1.70495391    
  0.930000007       1.72641826    
  0.939999998       1.74765873    
  0.949999988       1.76849818    
  0.959999979       1.78871799    
  0.969999969       1.80804014    
  0.979999959       1.82612145    
  0.989999950       1.84252238    
   1.00000000       1.85668099    
   1.00999999       1.86882520    
   1.01999998       1.88023567    
   1.02999997       1.89126837    
   1.03999996       1.90208280    
   1.04999995       1.91276491    
   1.05999994       1.92336786    
   1.06999993       1.93392956    
   1.07999992       1.94447351    
   1.09000003       1.95501959    
   1.10000002       1.96557820    
   1.11000001       1.97615910    
   1.12000000       1.98677146    
   1.13000000       1.99741435    
   1.13999999       2.00809717    
   1.14999998       2.01882195    
   1.15999997       2.02958846    
   1.16999996       2.04040170    
   1.17999995       2.05125785    
   1.18999994       2.06216240    
   1.19999993       2.07311153    
   1.20999992       2.08410859    
   1.22000003       2.09515786    
   1.23000002       2.10625386    
   1.24000001       2.11739445    
   1.25000000       2.12858391    
   1.25999999       2.13982034    
   1.26999998       2.15110373    
   1.27999997       2.16242242    
   1.28999996       2.17381239    
   1.29999995       2.18523145    
   1.30999994       2.19669986    
   1.31999993       2.20821595    
   1.32999992       2.21977377    
   1.33999991       2.23137236    
   1.35000002       2.24302244    
   1.36000001       2.25471163    
   1.37000000       2.26644206    
   1.38000000       2.27821779    
   1.38999999       2.29003358    
   1.39999998       2.30189133    
   1.40999997       2.31378865    
   1.41999996       2.32572627    
   1.42999995       2.33770466    
   1.43999994       2.34972024    
   1.44999993       2.36177659    
   1.45999992       2.37386799    
   1.46999991       2.38599944    
   1.48000002       2.39816642    
   1.49000001       2.41036940    
   1.50000000       2.42260385    
   1.50999999       2.43487668    
   1.51999998       2.44718266    
   1.52999997       2.45951819    
   1.53999996       2.47188497    
   1.54999995       2.48428631    
   1.55999994       2.49671412    
   1.56999993       2.50917077    
   1.57999992       2.52165675    
   1.58999991       2.53416991    
   1.59999990       2.54670620    
   1.61000001       2.55926871    
   1.62000000       2.57185173    
   1.63000000       2.58446050    
   1.63999999       2.59708691    
   1.64999998       2.60972977    
   1.65999997       2.62239385    
   1.66999996       2.63507199    
   1.67999995       2.64776468    
   1.68999994       2.66046834    
   1.69999993       2.67318201    
   1.70999992       2.68590713    
   1.71999991       2.69863367    
   1.73000002       2.71136832    
   1.74000001       2.72410178    
   1.75000000       2.73683786    
   1.75999999       2.74956703    
   1.76999998       2.76229239    
   1.77999997       2.77500987    
   1.78999996       2.78771377    
   1.79999995       2.80040240    
   1.80999994       2.81307125    
   1.81999993       2.82571721    
   1.82999992       2.83833981    
   1.83999991       2.85093331    
   1.84999990       2.86349058    
   1.86000001       2.87601113    
   1.87000000       2.88848996    
   1.88000000       2.90091729    
   1.88999999       2.91329288    
   1.89999998       2.92560983    
   1.90999997       2.93785906    
   1.91999996       2.95004344    
   1.92999995       2.96214461    
   1.93999994       2.97416210    
   1.94999993       2.98608971    
   1.95999992       2.99791479    
   1.96999991       3.00963569    
   1.97999990       3.02123880    
   1.99000001       3.03271437    
   2.00000000       3.04405355    
   2.00999999       3.05513906    
   2.01999998       3.06592798    
   2.02999997       3.07648754    
   2.03999996       3.08685946    
   2.04999995       3.09707141    
   2.05999994       3.10714245    
   2.06999993       3.11709595    
   2.07999992       3.12694097    
   2.08999991       3.13669038    
   2.09999990       3.14635587    
   2.10999990       3.15594745    
   2.11999989       3.16546607    
   2.12999988       3.17492414    
   2.13999987       3.18432379    
   2.14999986       3.19367266    
   2.15999985       3.20297432    
   2.16999984       3.21223187    
   2.18000007       3.22144747    
   2.19000006       3.23062873    
   2.20000005       3.23977160    
   2.21000004       3.24888515    
   2.22000003       3.25796866    
   2.23000002       3.26702094    
   2.24000001       3.27605247    
   2.25000000       3.28506017    
   2.25999999       3.29404068    
   2.26999998       3.30300307    
   2.27999997       3.31194496    
   2.28999996       3.32086849    
   2.29999995       3.32977605    
   2.30999994       3.33866906    
   2.31999993       3.34754229    
   2.32999992       3.35640264    
   2.33999991       3.36524487    
   2.34999990       3.37408280    
   2.35999990       3.38290238    
   2.36999989       3.39171052    
   2.37999988       3.40051150    
   2.38999987       3.40930223    
   2.39999986       3.41807866    
   2.40999985       3.42684841    
   2.41999984       3.43560719    
   2.42999983       3.44436216    
   2.44000006       3.45310354    
   2.45000005       3.46184158    
   2.46000004       3.47056746    
   2.47000003       3.47928786    
   2.48000002       3.48800540    
   2.49000001       3.49671125    
   2.50000000       3.50541639    
   2.50999999       3.51411223    
   2.51999998       3.52280259    
   2.52999997       3.53148794    
   2.53999996       3.54017019    
   2.54999995       3.54884219    
   2.55999994       3.55750108    
   2.56999993       3.56618047    
   2.57999992       3.57484269    
   2.58999991       3.58350134    
   2.59999990       3.59215450    
   2.60999990       3.60080457    
   2.61999989       3.60944843    
   2.62999988       3.61809158    
   2.63999987       3.62672973    
   2.64999986       3.63536477    
   2.65999985       3.64399767    
   2.66999984       3.65262580    
   2.67999983       3.66124916    
   2.69000006       3.66987324    
   2.70000005       3.67849684    
   2.71000004       3.68711281    
   2.72000003       3.69572663    
   2.73000002       3.70433736    
   2.74000001       3.71294808    
   2.75000000       3.72155333    
   2.75999999       3.73015833    
   2.76999998       3.73875880    
   2.77999997       3.74735904    
   2.78999996       3.75595808    
   2.79999995       3.76455331    
   2.80999994       3.77314758    
   2.81999993       3.78173709    
   2.82999992       3.79032874    
   2.83999991       3.79891491    
   2.84999990       3.80749965    
   2.85999990       3.81608582    
   2.86999989       3.82466650    
   2.87999988       3.83324504    
   2.88999987       3.84182501    
   2.89999986       3.85040236    
   2.90999985       3.85897589    
   2.91999984       3.86755109    
   2.92999983       3.87612367    
   2.93999982       3.88469458    
   2.95000005       3.89326406    
   2.96000004       3.90182996    
   2.97000003       3.91039610    
   2.98000002       3.91896272    
   2.99000001       3.92752552    
   3.00000000       3.93608713    
   3.00999999       3.94464660    
   3.01999998       3.95320559    
   3.02999997       3.96176362    
   3.03999996       3.97031832    
   3.04999995       3.97887778    
   3.05999994       3.98742938    
   3.06999993       3.99598432    
   3.07999992       4.00453568    
   3.08999991       4.01308441    
   3.09999990       4.02163458    
   3.10999990       4.03018236    
   3.11999989       4.03873205    
   3.12999988       4.04727602    
   3.13999987       4.05582142    
   3.14999986       4.06436300    
   3.15999985       4.07290888    
   3.16999984       4.08145094    
   3.17999983       4.08999252    
   3.18999982       4.09853363    
   3.19999981       4.10707283    
   3.21000004       4.11560678    
   3.22000003       4.12414265    
   3.23000002       4.13267946    
   3.24000001       4.14121628    
   3.25000000       4.14974833    
   3.25999999       4.15828323    
   3.26999998       4.16681671    
   3.27999997       4.17534876    
   3.28999996       4.18387604    
   3.29999995       4.19240952    
   3.30999994       4.20093632    
   3.31999993       4.20946169    
   3.32999992       4.21798944    
   3.33999991       4.22651434    
   3.34999990       4.23504162    
   3.35999990       4.24356508    
   3.36999989       4.25208998    
   3.37999988       4.26061296    
   3.38999987       4.26913881    
   3.39999986       4.27765512    
   3.40999985       4.28617907    
   3.41999984       4.29469824    
   3.42999983       4.30321646    
   3.43999982       4.31173277    
   3.44999981       4.32025480    
   3.46000004       4.32876968    
   3.47000003       4.33728409    
   3.48000002       4.34579754    
   3.49000001       4.35431528    
   3.50000000       4.36282349    
   3.50999999       4.37133694    
   3.51999998       4.37985039    
   3.52999997       4.38836241    
   3.53999996       4.39687300    
   3.54999995       4.40538359    
   3.55999994       4.41389036    
   3.56999993       4.42240000    
   3.57999992       4.43090820    
   3.58999991       4.43941975    
   3.59999990       4.44792271    
   3.60999990       4.45642853    
   3.61999989       4.46493101    
   3.62999988       4.47343779    
   3.63999987       4.48194313    
   3.64999986       4.49044514    
   3.65999985       4.49894619    
   3.66999984       4.50745010    
   3.67999983       4.51595163    
   3.68999982       4.52445173    
   3.69999981       4.53295374    
   3.70999980       4.54145384    
   3.72000003       4.54994726    
   3.73000002       4.55844784    
   3.74000001       4.56694508    
   3.75000000       4.57544470    
   3.75999999       4.58393908    
   3.76999998       4.59243250    
   3.77999997       4.60092926    
   3.78999996       4.60942173    
   3.79999995       4.61791801    
   3.80999994       4.62641239    
   3.81999993       4.63490391    
   3.82999992       4.64339590    
   3.83999991       4.65188980    
   3.84999990       4.66038084    
   3.85999990       4.66887140    
   3.86999989       4.67736244    
   3.87999988       4.68584919    
   3.88999987       4.69433641    
   3.89999986       4.70282602    
   3.90999985       4.71131277    
   3.91999984       4.71980190    
   3.92999983       4.72828484    
   3.93999982       4.73677397    
   3.94999981       4.74526215    
   3.95999980       4.75374556    
   3.97000003       4.76222610    
   3.98000002       4.77071047    
   3.99000001       4.77919436    
   4.00000000       4.78767633    
   4.00999975       4.79615641    
   4.01999998       4.80463839    
   4.02999973       4.81312180    
   4.03999996       4.82160044    
   4.04999971       4.83008242    
   4.05999994       4.83856153    
   4.06999969       4.84704065    
   4.07999992       4.85551643    
   4.08999968       4.86399746    
   4.09999990       4.87247753    
   4.11000013       4.88094997    
   4.11999989       4.88942671    
   4.13000011       4.89790154    
   4.13999987       4.90637684    
   4.15000010       4.91485453    
   4.15999985       4.92332983    
   4.17000008       4.93180037    
   4.17999983       4.94027615    
   4.19000006       4.94874859    
   4.19999981       4.95722294    
   4.21000004       4.96569109    
   4.21999979       4.97416639    
   4.23000002       4.98263693    
   4.23999977       4.99110460    
   4.25000000       4.99957466    
   4.25999975       5.00804663    
   4.26999998       5.01651573    
   4.27999973       5.02498341    
   4.28999996       5.03345346    
   4.29999971       5.04192019    
   4.30999994       5.05038786    
   4.31999969       5.05885553    
   4.32999992       5.06732273    
   4.33999968       5.07578802    
   4.34999990       5.08425331    
   4.36000013       5.09271812    
   4.36999989       5.10118389    
   4.38000011       5.10964155    
   4.38999987       5.11811161    
   4.40000010       5.12657499    
   4.40999985       5.13503456    
   4.42000008       5.14349413    
   4.42999983       5.15195704    
   4.44000006       5.16042042    
   4.44999981       5.16888285    
   4.46000004       5.17738914    
   4.46999979       5.18580341    
   4.48000002       5.19426394    
   4.48999977       5.20272112    
   4.50000000       5.21118021    
   4.50999975       5.21964169    
   4.51999998       5.22809935    
   4.52999973       5.23655653    
   4.53999996       5.24501324    
   4.54999971       5.25346613    
   4.55999994       5.26192617    
   4.56999969       5.27037764    
   4.57999992       5.27883482    
   4.58999968       5.28729105    
   4.59999990       5.29574823    
   4.61000013       5.30420065    
   4.61999989       5.31265116    
   4.63000011       5.32110262    
   4.63999987       5.32955933    
   4.65000010       5.33801174    
   4.65999985       5.34646702    
   4.67000008       5.35491514    
   4.67999983       5.36336851    
   4.69000006       5.37181997    
   4.69999981       5.38027000    
   4.71000004       5.38872147    
   4.71999979       5.39717150    
   4.73000002       5.40562057    
   4.73999977       5.41406536    
   4.75000000       5.42251825    
   4.75999975       5.43096447    
   4.76999998       5.43941164    
   4.77999973       5.44786119    
   4.78999996       5.45630598    
   4.79999971       5.46475315    
   4.80999994       5.47319937    
   4.81999969       5.48164320    
   4.82999992       5.49008989    
   4.83999968       5.49853373    
   4.84999990       5.50698328    
   4.85999966       5.51541948    
   4.86999989       5.52387094    
   4.88000011       5.53231335    
   4.88999987       5.54075813    
   4.90000010       5.54920006    
   4.90999985       5.55763865    
   4.92000008       5.56608534    
   4.92999983       5.57452297    
   4.94000006       5.58296967    
   4.94999981       5.59140539    
   4.96000004       5.59984493    
   4.96999979       5.60828876    
   4.98000002       5.61672831    
   4.98999977       5.62516642    
   5.00000000       5.63360786    
   5.00999975       5.64204454    
   5.01999998       5.65048456    
   5.02999973       5.65892220    
   5.03999996       5.66735840    
   5.04999971       5.67579603    
   5.05999994       5.68423080    
   5.06999969       5.69266987    
   5.07999992       5.70110798    
   5.08999968       5.70954370    
   5.09999990       5.71798086    
   5.10999966       5.72641277    
   5.11999989       5.73485136    
   5.13000011       5.74328470    
   5.13999987       5.75172043    
   5.15000010       5.76015234    
   5.15999985       5.76858759    
   5.17000008       5.77702045    
   5.17999983       5.78545570    
   5.19000006       5.79388523    
   5.19999981       5.80231524    
   5.21000004       5.81075144    
   5.21999979       5.81917953    
   5.23000002       5.82761335    
   5.23999977       5.83604097    
   5.25000000       5.84447575    
   5.25999975       5.85290623    
   5.26999998       5.86133289    
   5.27999973       5.86976385    
   5.28999996       5.87819386    
   5.29999971       5.88662624    
   5.30999994       5.89505100    
   5.31999969       5.90348530    
   5.32999992       5.91190720    
   5.33999968       5.92033672    
   5.34999990       5.92876291    
   5.35999966       5.93718958    
   5.36999989       5.94561291    
   5.38000011       5.95404100    
   5.38999987       5.96247005    
   5.40000010       5.97089291    
   5.40999985       5.97932196    
   5.42000008       5.98774815    
   5.42999983       5.99616814    
   5.44000006       6.00459528    
   5.44999981       6.01301908    
   5.46000004       6.02144384    
   5.46999979       6.02987051    
   5.48000002       6.03828907    
   5.48999977       6.04671192    
   5.50000000       6.05513620    
   5.50999975       6.06355715    
