   9.99999978E-03  -1.55737234E-05
   1.99999996E-02  -3.14870158E-05
   2.99999993E-02  -4.71864842E-05
   3.99999991E-02  -5.99531522E-05
   4.99999970E-02  -3.12540833E-05
   5.99999987E-02   1.91294792E-04
   7.00000003E-02   9.24760068E-04
   7.99999982E-02   2.59356573E-03
   8.99999961E-02   5.55758178E-03
   9.99999940E-02   1.02602690E-02
  0.109999999       1.72180273E-02
  0.119999997       2.57355943E-02
  0.129999995       3.64050046E-02
  0.140000001       4.93161008E-02
  0.149999991       6.47403225E-02
  0.159999996       8.16990286E-02
  0.170000002       9.82406214E-02
  0.179999992      0.120380096    
  0.189999998      0.138574719    
  0.199999988      0.164538398    
  0.209999993      0.183197886    
  0.219999999      0.210494891    
  0.229999989      0.236594483    
  0.239999995      0.255460680    
  0.250000000      0.285323560    
  0.259999990      0.317161322    
  0.269999981      0.338490367    
  0.280000001      0.357185036    
  0.289999992      0.389742553    
  0.299999982      0.425377071    
  0.310000002      0.454563975    
  0.319999993      0.473139167    
  0.329999983      0.488356173    
  0.340000004      0.516970754    
  0.349999994      0.552039921    
  0.359999985      0.588226438    
  0.370000005      0.621326268    
  0.379999995      0.646581292    
  0.389999986      0.661201239    
  0.399999976      0.671747565    
  0.409999996      0.693413019    
  0.419999987      0.720841646    
  0.429999977      0.751845300    
  0.439999998      0.785207927    
  0.449999988      0.819614768    
  0.459999979      0.853322566    
  0.469999999      0.883913338    
  0.479999989      0.908329248    
  0.489999980      0.923655272    
  0.500000000      0.930697322    
  0.509999990      0.942277670    
  0.519999981      0.958384573    
  0.529999971      0.977360427    
  0.539999962      0.998616457    
  0.550000012       1.02182376    
  0.560000002       1.04674554    
  0.569999993       1.07317376    
  0.579999983       1.10088587    
  0.589999974       1.12960887    
  0.599999964       1.15898740    
  0.610000014       1.18853569    
  0.620000005       1.21759999    
  0.629999995       1.24527538    
  0.639999986       1.27034986    
  0.649999976       1.29127288    
  0.659999967       1.30628192    
  0.669999957       1.31519032    
  0.680000007       1.32456589    
  0.689999998       1.33519912    
  0.699999988       1.34681618    
  0.709999979       1.35927427    
  0.719999969       1.37247956    
  0.729999959       1.38637125    
  0.740000010       1.40089917    
  0.750000000       1.41602671    
  0.759999990       1.43172419    
  0.769999981       1.44796729    
  0.779999971       1.46473372    
  0.789999962       1.48200583    
  0.799999952       1.49976575    
  0.810000002       1.51799703    
  0.819999993       1.53667819    
  0.829999983       1.55579102    
  0.839999974       1.57531655    
  0.849999964       1.59522927    
  0.859999955       1.61549759    
  0.870000005       1.63609076    
  0.879999995       1.65696394    
  0.889999986       1.67806876    
  0.899999976       1.69934487    
  0.909999967       1.72071588    
  0.919999957       1.74209368    
  0.930000007       1.76336312    
  0.939999998       1.78438926    
  0.949999988       1.80499983    
  0.959999979       1.82498097    
  0.969999969       1.84407556    
  0.979999959       1.86195052    
  0.989999950       1.87819445    
   1.00000000       1.89228106    
   1.00999999       1.90444732    
   1.01999998       1.91590965    
   1.02999997       1.92700970    
   1.03999996       1.93790162    
   1.04999995       1.94866359    
   1.05999994       1.95935321    
   1.06999993       1.97000265    
   1.07999992       1.98063850    
   1.09000003       1.99127376    
   1.10000002       2.00192356    
   1.11000001       2.01259589    
   1.12000000       2.02329564    
   1.13000000       2.03403044    
   1.13999999       2.04480362    
   1.14999998       2.05561781    
   1.15999997       2.06647086    
   1.16999996       2.07737017    
   1.17999995       2.08831644    
   1.18999994       2.09930515    
   1.19999993       2.11033940    
   1.20999992       2.12141943    
   1.22000003       2.13254905    
   1.23000002       2.14372396    
   1.24000001       2.15494466    
   1.25000000       2.16621184    
   1.25999999       2.17752576    
   1.26999998       2.18888235    
   1.27999997       2.20028687    
   1.28999996       2.21173668    
   1.29999995       2.22322965    
   1.30999994       2.23476624    
   1.31999993       2.24634910    
   1.32999992       2.25797200    
   1.33999991       2.26963758    
   1.35000002       2.28134775    
   1.36000001       2.29309869    
   1.37000000       2.30488873    
   1.38000000       2.31672287    
   1.38999999       2.32859635    
   1.39999998       2.34050679    
   1.40999997       2.35245681    
   1.41999996       2.36444712    
   1.42999995       2.37647390    
   1.43999994       2.38853598    
   1.44999993       2.40063763    
   1.45999992       2.41277480    
   1.46999991       2.42494535    
   1.48000002       2.43714929    
   1.49000001       2.44938922    
   1.50000000       2.46166039    
   1.50999999       2.47396350    
   1.51999998       2.48629856    
   1.52999997       2.49866581    
   1.53999996       2.51106024    
   1.54999995       2.52348375    
   1.55999994       2.53593302    
   1.56999993       2.54841113    
   1.57999992       2.56091404    
   1.58999991       2.57344031    
   1.59999990       2.58598924    
   1.61000001       2.59856296    
   1.62000000       2.61115623    
   1.63000000       2.62376714    
   1.63999999       2.63639665    
   1.64999998       2.64904428    
   1.65999997       2.66170549    
   1.66999996       2.67438030    
   1.67999995       2.68706346    
   1.68999994       2.69976211    
   1.69999993       2.71246362    
   1.70999992       2.72517538    
   1.71999991       2.73788643    
   1.73000002       2.75060105    
   1.74000001       2.76331663    
   1.75000000       2.77602744    
   1.75999999       2.78873324    
   1.76999998       2.80143142    
   1.77999997       2.81411648    
   1.78999996       2.82678962    
   1.79999995       2.83944249    
   1.80999994       2.85207844    
   1.81999993       2.86468720    
   1.82999992       2.87726974    
   1.83999991       2.88982058    
   1.84999990       2.90233636    
   1.86000001       2.91481209    
   1.87000000       2.92724419    
   1.88000000       2.93962765    
   1.88999999       2.95195460    
   1.89999998       2.96422315    
   1.90999997       2.97642422    
   1.91999996       2.98855734    
   1.92999995       3.00060987    
   1.93999994       3.01257992    
   1.94999993       3.02446055    
   1.95999992       3.03623891    
   1.96999991       3.04790998    
   1.97999990       3.05946994    
   1.99000001       3.07090616    
   2.00000000       3.08220673    
   2.00999999       3.09325624    
   2.01999998       3.10402322    
   2.02999997       3.11456847    
   2.03999996       3.12493205    
   2.04999995       3.13513494    
   2.05999994       3.14520597    
   2.06999993       3.15516353    
   2.07999992       3.16501355    
   2.08999991       3.17477536    
   2.09999990       3.18445063    
   2.10999990       3.19405508    
   2.11999989       3.20359516    
   2.12999988       3.21307015    
   2.13999987       3.22248983    
   2.14999986       3.23186278    
   2.15999985       3.24118924    
   2.16999984       3.25047278    
   2.18000007       3.25971580    
   2.19000006       3.26892376    
   2.20000005       3.27809668    
   2.21000004       3.28724098    
   2.22000003       3.29635644    
   2.23000002       3.30544257    
   2.24000001       3.31450534    
   2.25000000       3.32354784    
   2.25999999       3.33256507    
   2.26999998       3.34156156    
   2.27999997       3.35054135    
   2.28999996       3.35950208    
   2.29999995       3.36844444    
   2.30999994       3.37737298    
   2.31999993       3.38628626    
   2.32999992       3.39518642    
   2.33999991       3.40407109    
   2.34999990       3.41294551    
   2.35999990       3.42180967    
   2.36999989       3.43065858    
   2.37999988       3.43949914    
   2.38999987       3.44832850    
   2.39999986       3.45714974    
   2.40999985       3.46596122    
   2.41999984       3.47476459    
   2.42999983       3.48355794    
   2.44000006       3.49234486    
   2.45000005       3.50112367    
   2.46000004       3.50989532    
   2.47000003       3.51866007    
   2.48000002       3.52742195    
   2.49000001       3.53617215    
   2.50000000       3.54491901    
   2.50999999       3.55366063    
   2.51999998       3.56239724    
   2.52999997       3.57112622    
   2.53999996       3.57985210    
   2.54999995       3.58857298    
   2.55999994       3.59728169    
   2.56999993       3.60599947    
   2.57999992       3.61470842    
   2.58999991       3.62341213    
   2.59999990       3.63211155    
   2.60999990       3.64080763    
   2.61999989       3.64950156    
   2.62999988       3.65818763    
   2.63999987       3.66687441    
   2.64999986       3.67555451    
   2.65999985       3.68423247    
   2.66999984       3.69291067    
   2.67999983       3.70158005    
   2.69000006       3.71025133    
   2.70000005       3.71891832    
   2.71000004       3.72752047    
   2.72000003       3.73624277    
   2.73000002       3.74490285    
   2.74000001       3.75355983    
   2.75000000       3.76221442    
   2.75999999       3.77086735    
   2.76999998       3.77951622    
   2.77999997       3.78816223    
   2.78999996       3.79680872    
   2.79999995       3.80545092    
   2.80999994       3.81409287    
   2.81999993       3.82273030    
   2.82999992       3.83136916    
   2.83999991       3.84000492    
   2.84999990       3.84863925    
   2.85999990       3.85727024    
   2.86999989       3.86589837    
   2.87999988       3.87452817    
   2.88999987       3.88315463    
   2.89999986       3.89178014    
   2.90999985       3.90040421    
   2.91999984       3.90902519    
   2.92999983       3.91764450    
   2.93999982       3.92626619    
   2.95000005       3.93488121    
   2.96000004       3.94349885    
   2.97000003       3.95211172    
   2.98000002       3.96072602    
   2.99000001       3.96933818    
   3.00000000       3.97794724    
   3.00999999       3.98655844    
   3.01999998       3.99516535    
   3.02999997       4.00377178    
   3.03999996       4.01237917    
   3.04999995       4.02098083    
   3.05999994       4.02958488    
   3.06999993       4.03818607    
   3.07999992       4.04679012    
   3.08999991       4.05538321    
   3.09999990       4.06398535    
   3.10999990       4.07258129    
   3.11999989       4.08117676    
   3.12999988       4.08977222    
   3.13999987       4.09836769    
   3.14999986       4.10696268    
   3.15999985       4.11555195    
   3.16999984       4.12414360    
   3.17999983       4.13273191    
   3.18999982       4.14132166    
   3.19999981       4.14991188    
   3.21000004       4.15849781    
   3.22000003       4.16708326    
   3.23000002       4.17566824    
   3.24000001       4.18425226    
   3.25000000       4.19283581    
   3.25999999       4.20141649    
   3.26999998       4.20999670    
   3.27999997       4.21858168    
   3.28999996       4.22715855    
   3.29999995       4.23573971    
   3.30999994       4.24431419    
   3.31999993       4.25289392    
   3.32999992       4.26146603    
   3.33999991       4.27004910    
   3.34999990       4.27862120    
   3.35999990       4.28719425    
   3.36999989       4.29576778    
   3.37999988       4.30433655    
   3.38999987       4.31290960    
   3.39999986       4.32148123    
   3.40999985       4.33004904    
   3.41999984       4.33861876    
   3.42999983       4.34718657    
   3.43999982       4.35575104    
   3.44999981       4.36432219    
   3.46000004       4.37289095    
   3.47000003       4.38145638    
   3.48000002       4.39001608    
   3.49000001       4.39857817    
   3.50000000       4.40714264    
   3.50999999       4.41570711    
   3.51999998       4.42426825    
   3.52999997       4.43283272    
   3.53999996       4.44139051    
   3.54999995       4.44994879    
   3.55999994       4.45850754    
   3.56999993       4.46706438    
   3.57999992       4.47562456    
   3.58999991       4.48417854    
   3.59999990       4.49273396    
   3.60999990       4.50129223    
   3.61999989       4.50984287    
   3.62999988       4.51839972    
   3.63999987       4.52695274    
   3.64999986       4.53550196    
   3.65999985       4.54405260    
   3.66999984       4.55260611    
   3.67999983       4.56115723    
   3.68999982       4.56971312    
   3.69999981       4.57826185    
   3.70999980       4.58680820    
   3.72000003       4.59535503    
   3.73000002       4.60390663    
   3.74000001       4.61245298    
   3.75000000       4.62099791    
   3.75999999       4.62954617    
   3.76999998       4.63808775    
   3.77999997       4.64663410    
   3.78999996       4.65518045    
   3.79999995       4.66372299    
   3.80999994       4.67226505    
   3.81999993       4.68080854    
   3.82999992       4.68934917    
   3.83999991       4.69788694    
   3.84999990       4.70643187    
   3.85999990       4.71497297    
   3.86999989       4.72350979    
   3.87999988       4.73204803    
   3.88999987       4.74058533    
   3.89999986       4.74912500    
   3.90999985       4.75766134    
   3.91999984       4.76619864    
   3.92999983       4.77473402    
   3.93999982       4.78327131    
   3.94999981       4.79180050    
   3.95999980       4.80033875    
   3.97000003       4.80887413    
   3.98000002       4.81741047    
   3.99000001       4.82594156    
   4.00000000       4.83447170    
   4.00999975       4.84300613    
   4.01999998       4.85153437    
   4.02999973       4.86006689    
   4.03999996       4.86859894    
   4.04999971       4.87712479    
   4.05999994       4.88565111    
   4.06999969       4.89417982    
   4.07999992       4.90271425    
   4.08999968       4.91123962    
   4.09999990       4.91976738    
   4.11000013       4.92829418    
   4.11999989       4.93682146    
   4.13000011       4.94534302    
   4.13999987       4.95387173    
   4.15000010       4.96239614    
   4.15999985       4.97092009    
   4.17000008       4.97944307    
   4.17999983       4.98796558    
   4.19000006       4.99648905    
   4.19999981       5.00501251    
   4.21000004       5.01353598    
   4.21999979       5.02205467    
   4.23000002       5.03057384    
   4.23999977       5.03909397    
   4.25000000       5.04761600    
   4.25999975       5.05613279    
   4.26999998       5.06465244    
   4.27999973       5.07316923    
   4.28999996       5.08168840    
   4.29999971       5.09020758    
   4.30999994       5.09872723    
   4.31999969       5.10724068    
   4.32999992       5.11575747    
   4.33999968       5.12427616    
   4.34999990       5.13278818    
   4.36000013       5.14130545    
   4.36999989       5.14982128    
   4.38000011       5.15832949    
   4.38999987       5.16684341    
   4.40000010       5.17535830    
   4.40999985       5.18386936    
   4.42000008       5.19237804    
   4.42999983       5.20089579    
   4.44000006       5.20940256    
   4.44999981       5.21791363    
   4.46000004       5.22642326    
   4.46999979       5.23493195    
   4.48000002       5.24344015    
   4.48999977       5.25195265    
   4.50000000       5.26046133    
   4.50999975       5.26897001    
   4.51999998       5.27748203    
   4.52999973       5.28598642    
   4.53999996       5.29449081    
   4.54999971       5.30299759    
   4.55999994       5.31150723    
   4.56999969       5.32001019    
   4.57999992       5.32851458    
   4.58999968       5.33702135    
   4.59999990       5.34552145    
   4.61000013       5.35402775    
   4.61999989       5.36253452    
   4.63000011       5.37103415    
   4.63999987       5.37953949    
   4.65000010       5.38804150    
   4.65999985       5.39654636    
   4.67000008       5.40504837    
   4.67999983       5.41354609    
   4.69000006       5.42204475    
   4.69999981       5.43054676    
   4.71000004       5.43904686    
   4.71999979       5.44754648    
   4.73000002       5.45604420    
   4.73999977       5.46454430    
   4.75000000       5.47304344    
   4.75999975       5.48153973    
   4.76999998       5.49003696    
   4.77999973       5.49853182    
   4.78999996       5.50703239    
   4.79999971       5.51552677    
   4.80999994       5.52402496    
   4.81999969       5.53251553    
   4.82999992       5.54101276    
   4.83999968       5.54950857    
   4.84999990       5.55800343    
   4.85999966       5.56649733    
   4.86999989       5.57498741    
   4.88000011       5.58348513    
   4.88999987       5.59197807    
   4.90000010       5.60046864    
   4.90999985       5.60896111    
   4.92000008       5.61745644    
   4.92999983       5.62594700    
   4.94000006       5.63443804    
   4.94999981       5.64292383    
   4.96000004       5.65141630    
   4.96999979       5.65990496    
   4.98000002       5.66839552    
   4.98999977       5.67688274    
   5.00000000       5.68537855    
   5.00999975       5.69386435    
   5.01999998       5.70235538    
   5.02999973       5.71084166    
   5.03999996       5.71932697    
   5.04999971       5.72781467    
   5.05999994       5.73630333    
   5.06999969       5.74478579    
   5.07999992       5.75327396    
   5.08999968       5.76176167    
   5.09999990       5.77024746    
   5.10999966       5.77872658    
   5.11999989       5.78721428    
   5.13000011       5.79570103    
   5.13999987       5.80418587    
   5.15000010       5.81266594    
   5.15999985       5.82115316    
   5.17000008       5.82963133    
   5.17999983       5.83811855    
   5.19000006       5.84659672    
   5.19999981       5.85507965    
   5.21000004       5.86356449    
   5.21999979       5.87204695    
   5.23000002       5.88052511    
   5.23999977       5.88900566    
   5.25000000       5.89748621    
   5.25999975       5.90596867    
   5.26999998       5.91444492    
   5.27999973       5.92292500    
   5.28999996       5.93140125    
   5.29999971       5.93988371    
   5.30999994       5.94836473    
   5.31999969       5.95684052    
   5.32999992       5.96531868    
   5.33999968       5.97379971    
   5.34999990       5.98227501    
   5.35999966       5.99074936    
   5.36999989       5.99922657    
   5.38000011       6.00770187    
   5.38999987       6.01618099    
   5.40000010       6.02465582    
   5.40999985       6.03312588    
   5.42000008       6.04160547    
   5.42999983       6.05007935    
   5.44000006       6.05855608    
   5.44999981       6.06702900    
   5.46000004       6.07550287    
   5.46999979       6.08397055    
   5.48000002       6.09244871    
   5.48999977       6.10091877    
   5.50000000       6.10939598    
   5.50999975       6.11786604    
