   9.99999978E-03  -1.69169834E-05
   1.99999996E-02  -3.41560371E-05
   2.99999993E-02  -4.88063488E-05
   3.99999991E-02   2.21717073E-06
   4.99999970E-02   4.73443040E-04
   5.99999987E-02   2.14058743E-03
   7.00000003E-02   5.91343502E-03
   7.99999982E-02   1.25509342E-02
   8.99999961E-02   2.24708635E-02
   9.99999940E-02   3.58068421E-02
  0.109999999       5.32369874E-02
  0.119999997       7.24107251E-02
  0.129999995       9.48937684E-02
  0.140000001      0.119807005    
  0.149999991      0.147602409    
  0.159999996      0.177767068    
  0.170000002      0.205380544    
  0.179999992      0.239048913    
  0.189999998      0.268523663    
  0.199999988      0.305076361    
  0.209999993      0.332692832    
  0.219999999      0.371569574    
  0.229999989      0.404513687    
  0.239999995      0.431644738    
  0.250000000      0.471650422    
  0.259999990      0.509709477    
  0.269999981      0.535868406    
  0.280000001      0.562024653    
  0.289999992      0.602585196    
  0.299999982      0.643498063    
  0.310000002      0.675738275    
  0.319999993      0.697766781    
  0.329999983      0.718696713    
  0.340000004      0.753196239    
  0.349999994      0.792905927    
  0.359999985      0.832041383    
  0.370000005      0.866544783    
  0.379999995      0.892826319    
  0.389999986      0.909995079    
  0.399999976      0.924947917    
  0.409999996      0.950407743    
  0.419999987      0.981096208    
  0.429999977       1.01466680    
  0.439999998       1.04971802    
  0.449999988       1.08481717    
  0.459999979       1.11826944    
  0.469999999       1.14804661    
  0.479999989       1.17195535    
  0.489999980       1.18837607    
  0.500000000       1.19873834    
  0.509999990       1.21316278    
  0.519999981       1.23156822    
  0.529999971       1.25251269    
  0.539999962       1.27543569    
  0.550000012       1.29998302    
  0.560000002       1.32588255    
  0.569999993       1.35287452    
  0.579999983       1.38069415    
  0.589999974       1.40903270    
  0.599999964       1.43751562    
  0.610000014       1.46568286    
  0.620000005       1.49295616    
  0.629999995       1.51856446    
  0.639999986       1.54180574    
  0.649999976       1.56149352    
  0.659999967       1.57667875    
  0.669999957       1.58754182    
  0.680000007       1.59882188    
  0.689999998       1.61110878    
  0.699999988       1.62420774    
  0.709999979       1.63800883    
  0.719999969       1.65244114    
  0.729999959       1.66744530    
  0.740000010       1.68297970    
  0.750000000       1.69900644    
  0.759999990       1.71549988    
  0.769999981       1.73242784    
  0.779999971       1.74976754    
  0.789999962       1.76749671    
  0.799999952       1.78558981    
  0.810000002       1.80402493    
  0.819999993       1.82277811    
  0.829999983       1.84182131    
  0.839999974       1.86113369    
  0.849999964       1.88067722    
  0.859999955       1.90042067    
  0.870000005       1.92032456    
  0.879999995       1.94034648    
  0.889999986       1.96043432    
  0.899999976       1.98052895    
  0.909999967       2.00056458    
  0.919999957       2.02045774    
  0.930000007       2.04012108    
  0.939999998       2.05944300    
  0.949999988       2.07829261    
  0.959999979       2.09652424    
  0.969999969       2.11395311    
  0.979999959       2.13037395    
  0.989999950       2.14552975    
   1.00000000       2.15911508    
   1.00999999       2.17135954    
   1.01999998       2.18310475    
   1.02999997       2.19459605    
   1.03999996       2.20594358    
   1.04999995       2.21720171    
   1.05999994       2.22840977    
   1.06999993       2.23959804    
   1.07999992       2.25077915    
   1.09000003       2.26196671    
   1.10000002       2.27316952    
   1.11000001       2.28439260    
   1.12000000       2.29564643    
   1.13000000       2.30692792    
   1.13999999       2.31824183    
   1.14999998       2.32959199    
   1.15999997       2.34097505    
   1.16999996       2.35239148    
   1.17999995       2.36385870    
   1.18999994       2.37535310    
   1.19999993       2.38688660    
   1.20999992       2.39845586    
   1.22000003       2.41006398    
   1.23000002       2.42171097    
   1.24000001       2.43339252    
   1.25000000       2.44510770    
   1.25999999       2.45685911    
   1.26999998       2.46864915    
   1.27999997       2.48047018    
   1.28999996       2.49232411    
   1.29999995       2.50421548    
   1.30999994       2.51613355    
   1.31999993       2.52808809    
   1.32999992       2.54007411    
   1.33999991       2.55208921    
   1.35000002       2.56413388    
   1.36000001       2.57621026    
   1.37000000       2.58831310    
   1.38000000       2.60044527    
   1.38999999       2.61260247    
   1.39999998       2.62478828    
   1.40999997       2.63700104    
   1.41999996       2.64923334    
   1.42999995       2.66149521    
   1.43999994       2.67378283    
   1.44999993       2.68608880    
   1.45999992       2.69841599    
   1.46999991       2.71076632    
   1.48000002       2.72313356    
   1.49000001       2.73552227    
   1.50000000       2.74793124    
   1.50999999       2.76035810    
   1.51999998       2.77279639    
   1.52999997       2.78525519    
   1.53999996       2.79772711    
   1.54999995       2.81021452    
   1.55999994       2.82271218    
   1.56999993       2.83521914    
   1.57999992       2.84773731    
   1.58999991       2.86026812    
   1.59999990       2.87280154    
   1.61000001       2.88534760    
   1.62000000       2.89789653    
   1.63000000       2.91044927    
   1.63999999       2.92300344    
   1.64999998       2.93555927    
   1.65999997       2.94811726    
   1.66999996       2.96067119    
   1.67999995       2.97322035    
   1.68999994       2.98576856    
   1.69999993       2.99830437    
   1.70999992       3.01083708    
   1.71999991       3.02335644    
   1.73000002       3.03586626    
   1.74000001       3.04835963    
   1.75000000       3.06083250    
   1.75999999       3.07328987    
   1.76999998       3.08572841    
   1.77999997       3.09843349    
   1.78999996       3.11053109    
   1.79999995       3.12288976    
   1.80999994       3.13521838    
   1.81999993       3.14751291    
   1.82999992       3.15976858    
   1.83999991       3.17199206    
   1.84999990       3.18416905    
   1.86000001       3.19629741    
   1.87000000       3.20837903    
   1.88000000       3.22040701    
   1.88999999       3.23238039    
   1.89999998       3.24428964    
   1.90999997       3.25613284    
   1.91999996       3.26791048    
   1.92999995       3.27961516    
   1.93999994       3.29123902    
   1.94999993       3.30278301    
   1.95999992       3.31423521    
   1.96999991       3.32559776    
   1.97999990       3.33686113    
   1.99000001       3.34801817    
   2.00000000       3.35906720    
   2.00999999       3.36991477    
   2.01999998       3.38053226    
   2.02999997       3.39098287    
   2.03999996       3.40128899    
   2.04999995       3.41147566    
   2.05999994       3.42155623    
   2.06999993       3.43154740    
   2.07999992       3.44146276    
   2.08999991       3.45130634    
   2.09999990       3.46108484    
   2.10999990       3.47080636    
   2.11999989       3.48047805    
   2.12999988       3.49010348    
   2.13999987       3.49968505    
   2.14999986       3.50923014    
   2.15999985       3.51873779    
   2.16999984       3.52821612    
   2.18000007       3.53766036    
   2.19000006       3.54707885    
   2.20000005       3.55647159    
   2.21000004       3.56584215    
   2.22000003       3.57518888    
   2.23000002       3.58451676    
   2.24000001       3.59382367    
   2.25000000       3.60311460    
   2.25999999       3.61238599    
   2.26999998       3.62164545    
   2.27999997       3.63089013    
   2.28999996       3.64011788    
   2.29999995       3.64933634    
   2.30999994       3.65853953    
   2.31999993       3.66773343    
   2.32999992       3.67691493    
   2.33999991       3.68608499    
   2.34999990       3.69525099    
   2.35999990       3.70440555    
   2.36999989       3.71354771    
   2.37999988       3.72268558    
   2.38999987       3.73181129    
   2.39999986       3.74093199    
   2.40999985       3.75004983    
   2.41999984       3.75915694    
   2.42999983       3.76826096    
   2.44000006       3.77735591    
   2.45000005       3.78644562    
   2.46000004       3.79553056    
   2.47000003       3.80460882    
   2.48000002       3.81368375    
   2.49000001       3.82275200    
   2.50000000       3.83181643    
   2.50999999       3.84087658    
   2.51999998       3.84993148    
   2.52999997       3.85898542    
   2.53999996       3.86803055    
   2.54999995       3.87707615    
   2.55999994       3.88611579    
   2.56999993       3.89515328    
   2.57999992       3.90418768    
   2.58999991       3.91321874    
   2.59999990       3.92224574    
   2.60999990       3.93126917    
   2.61999989       3.94029117    
   2.62999988       3.94930983    
   2.63999987       3.95832515    
   2.64999986       3.96734047    
   2.65999985       3.97634840    
   2.66999984       3.98535633    
   2.67999983       3.99436235    
   2.69000006       4.00336647    
   2.70000005       4.01236916    
   2.71000004       4.02136993    
   2.72000003       4.03036404    
   2.73000002       4.03936100    
   2.74000001       4.04835415    
   2.75000000       4.05734205    
   2.75999999       4.06633234    
   2.76999998       4.07532167    
   2.77999997       4.08430624    
   2.78999996       4.09328890    
   2.79999995       4.10226917    
   2.80999994       4.11125231    
   2.81999993       4.12022877    
   2.82999992       4.12920856    
   2.83999991       4.13818312    
   2.84999990       4.14715672    
   2.85999990       4.15612793    
   2.86999989       4.16510057    
   2.87999988       4.17407131    
   2.88999987       4.18304014    
   2.89999986       4.19200468    
   2.90999985       4.20097113    
   2.91999984       4.20993710    
   2.92999983       4.21889830    
   2.93999982       4.22785807    
   2.95000005       4.23682070    
   2.96000004       4.24577999    
   2.97000003       4.25473690    
   2.98000002       4.26369238    
   2.99000001       4.27264833    
   3.00000000       4.28160381    
   3.00999999       4.29055500    
   3.01999998       4.29951048    
   3.02999997       4.30845785    
   3.03999996       4.31740999    
   3.04999995       4.32636070    
   3.05999994       4.33530521    
   3.06999993       4.34425068    
   3.07999992       4.35319805    
   3.08999991       4.36214352    
   3.09999990       4.37108898    
   3.10999990       4.38002729    
   3.11999989       4.38897038    
   3.12999988       4.39791298    
   3.13999987       4.40685225    
   3.14999986       4.41579342    
   3.15999985       4.42472982    
   3.16999984       4.43366623    
   3.17999983       4.44260216    
   3.18999982       4.45153856    
   3.19999981       4.46047020    
   3.21000004       4.46940613    
   3.22000003       4.47833538    
   3.23000002       4.48726988    
   3.24000001       4.49619865    
   3.25000000       4.50513124    
   3.25999999       4.51405716    
   3.26999998       4.52298784    
   3.27999997       4.53191376    
   3.28999996       4.54084158    
   3.29999995       4.54976368    
   3.30999994       4.55869341    
   3.31999993       4.56761742    
   3.32999992       4.57653999    
   3.33999991       4.58546352    
   3.34999990       4.59438324    
   3.35999990       4.60330486    
   3.36999989       4.61222601    
   3.37999988       4.62114429    
   3.38999987       4.63006639    
   3.39999986       4.63898277    
   3.40999985       4.64790106    
   3.41999984       4.65681601    
   3.42999983       4.66573334    
   3.43999982       4.67464876    
   3.44999981       4.68356276    
   3.46000004       4.69247389    
   3.47000003       4.70139074    
   3.48000002       4.71030283    
   3.49000001       4.71921396    
   3.50000000       4.72812748    
   3.50999999       4.73703671    
   3.51999998       4.74594831    
   3.52999997       4.75485754    
   3.53999996       4.76376534    
   3.54999995       4.77267027    
   3.55999994       4.78157806    
   3.56999993       4.79048538    
   3.57999992       4.79938936    
   3.58999991       4.80829620    
   3.59999990       4.81719875    
   3.60999990       4.82610607    
   3.61999989       4.83500719    
   3.62999988       4.84390783    
   3.63999987       4.85281420    
   3.64999986       4.86171150    
   3.65999985       4.87061310    
   3.66999984       4.87951040    
   3.67999983       4.88840961    
   3.68999982       4.89731121    
   3.69999981       4.90620804    
   3.70999980       4.91510439    
   3.72000003       4.92400646    
   3.73000002       4.93290138    
   3.74000001       4.94179535    
   3.75000000       4.95069122    
   3.75999999       4.95958948    
   3.76999998       4.96848106    
   3.77999997       4.97737122    
   3.78999996       4.98626471    
   3.79999995       4.99515772    
   3.80999994       5.00405216    
   3.81999993       5.01293945    
   3.82999992       5.02183485    
   3.83999991       5.03072453    
   3.84999990       5.03960943    
   3.85999990       5.04849863    
   3.86999989       5.05738640    
   3.87999988       5.06627321    
   3.88999987       5.07516289    
   3.89999986       5.08405066    
   3.90999985       5.09293365    
   3.91999984       5.10182095    
   3.92999983       5.11070728    
   3.93999982       5.11958933    
   3.94999981       5.12847710    
   3.95999980       5.13735819    
   3.97000003       5.14623976    
   3.98000002       5.15512419    
   3.99000001       5.16400385    
   4.00000000       5.17288733    
   4.00999975       5.18176842    
   4.01999998       5.19064617    
   4.02999973       5.19952726    
   4.03999996       5.20840931    
   4.04999971       5.21728659    
   4.05999994       5.22616339    
   4.06999969       5.23504066    
   4.07999992       5.24391603    
   4.08999968       5.25279522    
   4.09999990       5.26167154    
   4.11000013       5.27054691    
   4.11999989       5.27942562    
   4.13000011       5.28829622    
   4.13999987       5.29716921    
   4.15000010       5.30604696    
   4.15999985       5.31491566    
   4.17000008       5.32378912    
   4.17999983       5.33266211    
   4.19000006       5.34153271    
   4.19999981       5.35040474    
   4.21000004       5.35927439    
   4.21999979       5.36814737    
   4.23000002       5.37701511    
   4.23999977       5.38588858    
   4.25000000       5.39475393    
   4.25999975       5.40362263    
   4.26999998       5.41249228    
   4.27999973       5.42135763    
   4.28999996       5.43022728    
   4.29999971       5.43909121    
   4.30999994       5.44795465    
   4.31999969       5.45682192    
   4.32999992       5.46568871    
   4.33999968       5.47454882    
   4.34999990       5.48341513    
   4.36000013       5.49228001    
   4.36999989       5.50114346    
   4.38000011       5.51000595    
   4.38999987       5.51887131    
   4.40000010       5.52773142    
   4.40999985       5.53659296    
   4.42000008       5.54545498    
   4.42999983       5.55431509    
   4.44000006       5.56317568    
   4.44999981       5.57203674    
   4.46000004       5.58089256    
   4.46999979       5.58975410    
   4.48000002       5.59861088    
   4.48999977       5.60747004    
   4.50000000       5.61632776    
   4.50999975       5.62518263    
   4.51999998       5.63404179    
   4.52999973       5.64289808    
   4.53999996       5.65175486    
   4.54999971       5.66060925    
   4.55999994       5.66946459    
   4.56999969       5.67831898    
   4.57999992       5.68717527    
   4.58999968       5.69602966    
   4.59999990       5.70488310    
   4.61000013       5.71373320    
   4.61999989       5.72258139    
   4.63000011       5.73143578    
   4.63999987       5.74029160    
   4.65000010       5.74914217    
   4.65999985       5.75799608    
   4.67000008       5.76684046    
   4.67999983       5.77569389    
   4.69000006       5.78454208    
   4.69999981       5.79338789    
   4.71000004       5.80223846    
   4.71999979       5.81108713    
   4.73000002       5.81994009    
   4.73999977       5.82878542    
   4.75000000       5.83763218    
   4.75999975       5.84647512    
   4.76999998       5.85532427    
   4.77999973       5.86417294    
   4.78999996       5.87301970    
   4.79999971       5.88186312    
   4.80999994       5.89070463    
   4.81999969       5.89955282    
   4.82999992       5.90839624    
   4.83999968       5.91724157    
   4.84999990       5.92608500    
   4.85999966       5.93492556    
   4.86999989       5.94376850    
   4.88000011       5.95261288    
   4.88999987       5.96145725    
   4.90000010       5.97029686    
   4.90999985       5.97913647    
   4.92000008       5.98797607    
   4.92999983       5.99681616    
   4.94000006       6.00565910    
   4.94999981       6.01449871    
   4.96000004       6.02333593    
   4.96999979       6.03217268    
   4.98000002       6.04101324    
   4.98999977       6.04984760    
   5.00000000       6.05868912    
   5.00999975       6.06752586    
   5.01999998       6.07636452    
   5.02999973       6.08519793    
   5.03999996       6.09403753    
   5.04999971       6.10287428    
   5.05999994       6.11170530    
   5.06999969       6.12054110    
   5.07999992       6.12937784    
   5.08999968       6.13821316    
   5.09999990       6.14705086    
   5.10999966       6.15588522    
   5.11999989       6.16471624    
   5.13000011       6.17354488    
   5.13999987       6.18238211    
   5.15000010       6.19121408    
   5.15999985       6.20004749    
   5.17000008       6.20887899    
   5.17999983       6.21771049    
   5.19000006       6.22654438    
   5.19999981       6.23537207    
   5.21000004       6.24420071    
   5.21999979       6.25302887    
   5.23000002       6.26186228    
   5.23999977       6.27069521    
   5.25000000       6.27951813    
   5.25999975       6.28835058    
   5.26999998       6.29718113    
   5.27999973       6.30600309    
   5.28999996       6.31483173    
   5.29999971       6.32366180    
   5.30999994       6.33248854    
   5.31999969       6.34131813    
   5.32999992       6.35014200    
   5.33999968       6.35897017    
   5.34999990       6.36779261    
   5.35999966       6.37662315    
   5.36999989       6.38544607    
   5.38000011       6.39427185    
   5.38999987       6.40309620    
   5.40000010       6.41191864    
   5.40999985       6.42074442    
   5.42000008       6.42957306    
   5.42999983       6.43839359    
   5.44000006       6.44721508    
   5.44999981       6.45603323    
   5.46000004       6.46485949    
   5.46999979       6.47368097    
   5.48000002       6.48250532    
   5.48999977       6.49132156    
   5.50000000       6.50014877    
   5.50999975       6.50896692    
