   9.99999978E-03  -1.76169069E-05
   1.99999996E-02  -3.52083516E-05
   2.99999993E-02  -4.04809762E-05
   3.99999991E-02   1.87203012E-04
   4.99999970E-02   1.48697605E-03
   5.99999987E-02   5.20303892E-03
   7.00000003E-02   1.25029627E-02
   7.99999982E-02   2.40770765E-02
   8.99999961E-02   4.02062833E-02
   9.99999940E-02   6.04070388E-02
  0.109999999       8.52315873E-02
  0.119999997      0.111777134    
  0.129999995      0.141864687    
  0.140000001      0.173956320    
  0.149999991      0.208627373    
  0.159999996      0.245958567    
  0.170000002      0.279748797    
  0.179999992      0.318753660    
  0.189999998      0.354165375    
  0.199999988      0.395199269    
  0.209999993      0.427421302    
  0.219999999      0.471068382    
  0.229999989      0.506861985    
  0.239999995      0.537939847    
  0.250000000      0.581761062    
  0.259999990      0.621918023    
  0.269999981      0.650277674    
  0.280000001      0.679646313    
  0.289999992      0.722842097    
  0.299999982      0.765166223    
  0.310000002      0.798321843    
  0.319999993      0.821932793    
  0.329999983      0.845250666    
  0.340000004      0.881582975    
  0.349999994      0.922369540    
  0.359999985      0.961885333    
  0.370000005      0.996384978    
  0.379999995       1.02292204    
  0.389999986       1.04128540    
  0.399999976       1.05808151    
  0.409999996       1.08473849    
  0.419999987       1.11619616    
  0.429999977       1.15013230    
  0.439999998       1.18512511    
  0.449999988       1.21977258    
  0.459999979       1.25250185    
  0.469999999       1.28153431    
  0.479999989       1.30508566    
  0.489999980       1.32201004    
  0.500000000       1.33380818    
  0.509999990       1.34932530    
  0.519999981       1.36847973    
  0.529999971       1.38995934    
  0.539999962       1.41321933    
  0.550000012       1.43791485    
  0.560000002       1.46376169    
  0.569999993       1.49050176    
  0.579999983       1.51785696    
  0.589999974       1.54552579    
  0.599999964       1.57315218    
  0.610000014       1.60030532    
  0.620000005       1.62647164    
  0.629999995       1.65103495    
  0.639999986       1.67327499    
  0.649999976       1.69238877    
  0.659999967       1.70762944    
  0.669999957       1.71925223    
  0.680000007       1.73125994    
  0.689999998       1.74415898    
  0.699999988       1.75778520    
  0.709999979       1.77204049    
  0.719999969       1.78686130    
  0.729999959       1.80219615    
  0.740000010       1.81800020    
  0.750000000       1.83424532    
  0.759999990       1.85089648    
  0.769999981       1.86792803    
  0.779999971       1.88531172    
  0.789999962       1.90302467    
  0.799999952       1.92104673    
  0.810000002       1.93934870    
  0.819999993       1.95790589    
  0.829999983       1.97669196    
  0.839999974       1.99567997    
  0.849999964       2.01483798    
  0.859999955       2.03413129    
  0.870000005       2.05352259    
  0.879999995       2.07296848    
  0.889999986       2.09241939    
  0.899999976       2.11182189    
  0.909999967       2.13111424    
  0.919999957       2.15022635    
  0.930000007       2.16907287    
  0.939999998       2.18756557    
  0.949999988       2.20559001    
  0.959999979       2.22302794    
  0.969999969       2.23972750    
  0.979999959       2.25552297    
  0.989999950       2.27021694    
   1.00000000       2.28357601    
   1.00999999       2.29581404    
   1.01999998       2.30763793    
   1.02999997       2.31924772    
   1.03999996       2.33073807    
   1.04999995       2.34215593    
   1.05999994       2.35353780    
   1.06999993       2.36490273    
   1.07999992       2.37626457    
   1.09000003       2.38763714    
   1.10000002       2.39902163    
   1.11000001       2.41043186    
   1.12000000       2.42186666    
   1.13000000       2.43332887    
   1.13999999       2.44481874    
   1.14999998       2.45634198    
   1.15999997       2.46789837    
   1.16999996       2.47948813    
   1.17999995       2.49110961    
   1.18999994       2.50276399    
   1.19999993       2.51445222    
   1.20999992       2.52616978    
   1.22000003       2.53792572    
   1.23000002       2.54971027    
   1.24000001       2.56152892    
   1.25000000       2.57337570    
   1.25999999       2.58525372    
   1.26999998       2.59716058    
   1.27999997       2.60910010    
   1.28999996       2.62106705    
   1.29999995       2.63306141    
   1.30999994       2.64508390    
   1.31999993       2.65713382    
   1.32999992       2.66920686    
   1.33999991       2.68130636    
   1.35000002       2.69343281    
   1.36000001       2.70558047    
   1.37000000       2.71775174    
   1.38000000       2.72994709    
   1.38999999       2.74215961    
   1.39999998       2.75439835    
   1.40999997       2.76665545    
   1.41999996       2.77893019    
   1.42999995       2.79122424    
   1.43999994       2.80353880    
   1.44999993       2.81586766    
   1.45999992       2.82821178    
   1.46999991       2.84057164    
   1.48000002       2.85294676    
   1.49000001       2.86533689    
   1.50000000       2.87773561    
   1.50999999       2.89014935    
   1.51999998       2.90257263    
   1.52999997       2.91500568    
   1.53999996       2.92744780    
   1.54999995       2.93989801    
   1.55999994       2.95234990    
   1.56999993       2.96481586    
   1.57999992       2.97728014    
   1.58999991       2.98975062    
   1.59999990       3.00222230    
   1.61000001       3.01469326    
   1.62000000       3.02716494    
   1.63000000       3.03963923    
   1.63999999       3.05210423    
   1.64999998       3.06456923    
   1.65999997       3.07702422    
   1.66999996       3.08947873    
   1.67999995       3.10191965    
   1.68999994       3.11435223    
   1.69999993       3.12677431    
   1.70999992       3.13917994    
   1.71999991       3.15157342    
   1.73000002       3.16394949    
   1.74000001       3.17630363    
   1.75000000       3.18864346    
   1.75999999       3.20095587    
   1.76999998       3.21324539    
   1.77999997       3.22551084    
   1.78999996       3.23774409    
   1.79999995       3.24994540    
   1.80999994       3.26211500    
   1.81999993       3.27425027    
   1.82999992       3.28634620    
   1.83999991       3.29840040    
   1.84999990       3.31041241    
   1.86000001       3.32237458    
   1.87000000       3.33429146    
   1.88000000       3.34615421    
   1.88999999       3.35796356    
   1.89999998       3.36971259    
   1.90999997       3.38139987    
   1.91999996       3.39301944    
   1.92999995       3.40456986    
   1.93999994       3.41604924    
   1.94999993       3.42745113    
   1.95999992       3.43877101    
   1.96999991       3.45000458    
   1.97999990       3.46114683    
   1.99000001       3.47219515    
   2.00000000       3.48314476    
   2.00999999       3.49391437    
   2.01999998       3.50448298    
   2.02999997       3.51490426    
   2.03999996       3.52519631    
   2.04999995       3.53538585    
   2.05999994       3.54548359    
   2.06999993       3.55549979    
   2.07999992       3.56544900    
   2.08999991       3.57533741    
   2.09999990       3.58516574    
   2.10999990       3.59495282    
   2.11999989       3.60468912    
   2.12999988       3.61438632    
   2.13999987       3.62404704    
   2.14999986       3.63367319    
   2.15999985       3.64326882    
   2.16999984       3.65283537    
   2.18000007       3.66237640    
   2.19000006       3.67189050    
   2.20000005       3.68138623    
   2.21000004       3.69086218    
   2.22000003       3.70031500    
   2.23000002       3.70974994    
   2.24000001       3.71917033    
   2.25000000       3.72857571    
   2.25999999       3.73796487    
   2.26999998       3.74733853    
   2.27999997       3.75670290    
   2.28999996       3.76605344    
   2.29999995       3.77539229    
   2.30999994       3.78472281    
   2.31999993       3.79403901    
   2.32999992       3.80335093    
   2.33999991       3.81264758    
   2.34999990       3.82193732    
   2.35999990       3.83122706    
   2.36999989       3.84050155    
   2.37999988       3.84977078    
   2.38999987       3.85903549    
   2.39999986       3.86828971    
   2.40999985       3.87753916    
   2.41999984       3.88678265    
   2.42999983       3.89602137    
   2.44000006       3.90525484    
   2.45000005       3.91448045    
   2.46000004       3.92370462    
   2.47000003       3.93292093    
   2.48000002       3.94213510    
   2.49000001       3.95134544    
   2.50000000       3.96055031    
   2.50999999       3.96975064    
   2.51999998       3.97894692    
   2.52999997       3.98814130    
   2.53999996       3.99733138    
   2.54999995       4.00651789    
   2.55999994       4.01570225    
   2.56999993       4.02488327    
   2.57999992       4.03406096    
   2.58999991       4.04323435    
   2.59999990       4.05240583    
   2.60999990       4.06157541    
   2.61999989       4.07074165    
   2.62999988       4.07990456    
   2.63999987       4.08906698    
   2.64999986       4.09822845    
   2.65999985       4.10738373    
   2.66999984       4.11653471    
   2.67999983       4.12568808    
   2.69000006       4.13483858    
   2.70000005       4.14398432    
   2.71000004       4.15313292    
   2.72000003       4.16227627    
   2.73000002       4.17141819    
   2.74000001       4.18055964    
   2.75000000       4.18969822    
   2.75999999       4.19883299    
   2.76999998       4.20796776    
   2.77999997       4.21710348    
   2.78999996       4.22623539    
   2.79999995       4.23536730    
   2.80999994       4.24449539    
   2.81999993       4.25362158    
   2.82999992       4.26274967    
   2.83999991       4.27186823    
   2.84999990       4.28099251    
   2.85999990       4.29011488    
   2.86999989       4.29923439    
   2.87999988       4.30835247    
   2.88999987       4.31746864    
   2.89999986       4.32658434    
   2.90999985       4.33569765    
   2.91999984       4.34481573    
   2.92999983       4.35392618    
   2.93999982       4.36303759    
   2.95000005       4.37214947    
   2.96000004       4.38125801    
   2.97000003       4.39036322    
   2.98000002       4.39946795    
   2.99000001       4.40857077    
   3.00000000       4.41768074    
   3.00999999       4.42678356    
   3.01999998       4.43588352    
   3.02999997       4.44498587    
   3.03999996       4.45408440    
   3.04999995       4.46318531    
   3.05999994       4.47228336    
   3.06999993       4.48137712    
   3.07999992       4.49047279    
   3.08999991       4.49956846    
   3.09999990       4.50865984    
   3.10999990       4.51775122    
   3.11999989       4.52684593    
   3.12999988       4.53593588    
   3.13999987       4.54502678    
   3.14999986       4.55411196    
   3.15999985       4.56320333    
   3.16999984       4.57229328    
   3.17999983       4.58137608    
   3.18999982       4.59046459    
   3.19999981       4.59954596    
   3.21000004       4.60863495    
   3.22000003       4.61771250    
   3.23000002       4.62679625    
   3.24000001       4.63587952    
   3.25000000       4.64495659    
   3.25999999       4.65403700    
   3.26999998       4.66311550    
   3.27999997       4.67219639    
   3.28999996       4.68126965    
   3.29999995       4.69034672    
   3.30999994       4.69942188    
   3.31999993       4.70849752    
   3.32999992       4.71757221    
   3.33999991       4.72664452    
   3.34999990       4.73571777    
   3.35999990       4.74478865    
   3.36999989       4.75386047    
   3.37999988       4.76293182    
   3.38999987       4.77200079    
   3.39999986       4.78106642    
   3.40999985       4.79013824    
   3.41999984       4.79920292    
   3.42999983       4.80826759    
   3.43999982       4.81733513    
   3.44999981       4.82640028    
   3.46000004       4.83546305    
   3.47000003       4.84453154    
   3.48000002       4.85358858    
   3.49000001       4.86265278    
   3.50000000       4.87171364    
   3.50999999       4.88077688    
   3.51999998       4.88983631    
   3.52999997       4.89889908    
   3.53999996       4.90795565    
   3.54999995       4.91701269    
   3.55999994       4.92607403    
   3.56999993       4.93512917    
   3.57999992       4.94418240    
   3.58999991       4.95324039    
   3.59999990       4.96229553    
   3.60999990       4.97134733    
   3.61999989       4.98040295    
   3.62999988       4.98945522    
   3.63999987       4.99850750    
   3.64999986       5.00756264    
   3.65999985       5.01661491    
   3.66999984       5.02566195    
   3.67999983       5.03471375    
   3.68999982       5.04376030    
   3.69999981       5.05280828    
   3.70999980       5.06186104    
   3.72000003       5.07090807    
   3.73000002       5.07995224    
   3.74000001       5.08900309    
   3.75000000       5.09804583    
   3.75999999       5.10709190    
   3.76999998       5.11613894    
   3.77999997       5.12517881    
   3.78999996       5.13422060    
   3.79999995       5.14326429    
   3.80999994       5.15230656    
   3.81999993       5.16135120    
   3.82999992       5.17039061    
   3.83999991       5.17943001    
   3.84999990       5.18847179    
   3.85999990       5.19750929    
   3.86999989       5.20654774    
   3.87999988       5.21558571    
   3.88999987       5.22462654    
   3.89999986       5.23366213    
   3.90999985       5.24269915    
   3.91999984       5.25173473    
   3.92999983       5.26076937    
   3.93999982       5.26980209    
   3.94999981       5.27883768    
   3.95999980       5.28787279    
   3.97000003       5.29690313    
   3.98000002       5.30593920    
   3.99000001       5.31497526    
   4.00000000       5.32399940    
   4.00999975       5.33303308    
   4.01999998       5.34206533    
   4.02999973       5.35109138    
   4.03999996       5.36012411    
   4.04999971       5.36915827    
   4.05999994       5.37818289    
   4.06999969       5.38720846    
   4.07999992       5.39623785    
   4.08999968       5.40526533    
   4.09999990       5.41428852    
   4.11000013       5.42331839    
   4.11999989       5.43234205    
   4.13000011       5.44137049    
   4.13999987       5.45039368    
   4.15000010       5.45941496    
   4.15999985       5.46844053    
   4.17000008       5.47746515    
   4.17999983       5.48648787    
   4.19000006       5.49550772    
   4.19999981       5.50452614    
   4.21000004       5.51355076    
   4.21999979       5.52256918    
   4.23000002       5.53158998    
   4.23999977       5.54061079    
   4.25000000       5.54963207    
   4.25999975       5.55864859    
   4.26999998       5.56766653    
   4.27999973       5.57668495    
   4.28999996       5.58570051    
   4.29999971       5.59471941    
   4.30999994       5.60373640    
   4.31999969       5.61274815    
   4.32999992       5.62176466    
   4.33999968       5.63078070    
   4.34999990       5.63979483    
   4.36000013       5.64881039    
   4.36999989       5.65782404    
   4.38000011       5.66683578    
   4.38999987       5.67584896    
   4.40000010       5.68486118    
   4.40999985       5.69387054    
   4.42000008       5.70288658    
   4.42999983       5.71189356    
   4.44000006       5.72090578    
   4.44999981       5.72991419    
   4.46000004       5.73892260    
   4.46999979       5.74793434    
   4.48000002       5.75694180    
   4.48999977       5.76595068    
   4.50000000       5.77495813    
   4.50999975       5.78396702    
   4.51999998       5.79297256    
   4.52999973       5.80198002    
   4.53999996       5.81098223    
   4.54999971       5.81998920    
   4.55999994       5.82899857    
   4.56999969       5.83799934    
   4.57999992       5.84700680    
   4.58999968       5.85600901    
   4.59999990       5.86501646    
   4.61000013       5.87401390    
   4.61999989       5.88301849    
   4.63000011       5.89202166    
   4.63999987       5.90102339    
   4.65000010       5.91002178    
   4.65999985       5.91902542    
   4.67000008       5.92802334    
   4.67999983       5.93702555    
   4.69000006       5.94602489    
   4.69999981       5.95502853    
   4.71000004       5.96402645    
   4.71999979       5.97302437    
   4.73000002       5.98202038    
   4.73999977       5.99101830    
   4.75000000       6.00001287    
   4.75999975       6.00901270    
   4.76999998       6.01797295    
   4.77999973       6.02700663    
   4.78999996       6.03600264    
   4.79999971       6.04499483    
   4.80999994       6.05399036    
   4.81999969       6.06298351    
   4.82999992       6.07198191    
   4.83999968       6.08096933    
   4.84999990       6.08996630    
   4.85999966       6.09895849    
   4.86999989       6.10795069    
   4.88000011       6.11694288    
   4.88999987       6.12593651    
   4.90000010       6.13492680    
   4.90999985       6.14392376    
   4.92000008       6.15290356    
   4.92999983       6.16189575    
   4.94000006       6.17088890    
   4.94999981       6.17988062    
   4.96000004       6.18886900    
   4.96999979       6.19785786    
   4.98000002       6.20684481    
   4.98999977       6.21583033    
   5.00000000       6.22482347    
   5.00999975       6.23380756    
   5.01999998       6.24279404    
   5.02999973       6.25178051    
   5.03999996       6.26076412    
   5.04999971       6.26975441    
   5.05999994       6.27874374    
   5.06999969       6.28772497    
   5.07999992       6.29670572    
   5.08999968       6.30569410    
   5.09999990       6.31467676    
   5.10999966       6.32366228    
   5.11999989       6.33264637    
   5.13000011       6.34162951    
   5.13999987       6.35060835    
   5.15000010       6.35959673    
   5.15999985       6.36857843    
   5.17000008       6.37755728    
   5.17999983       6.38653898    
   5.19000006       6.39552116    
   5.19999981       6.40449667    
   5.21000004       6.41347742    
   5.21999979       6.42246151    
   5.23000002       6.43143845    
   5.23999977       6.44041729    
   5.25000000       6.44939518    
   5.25999975       6.45837831    
   5.26999998       6.46736050    
   5.27999973       6.47633457    
   5.28999996       6.48531103    
   5.29999971       6.49429131    
   5.30999994       6.50326729    
   5.31999969       6.51224089    
   5.32999992       6.52121973    
   5.33999968       6.53019094    
   5.34999990       6.53917027    
   5.35999966       6.54814768    
   5.36999989       6.55712271    
   5.38000011       6.56609488    
   5.38999987       6.57506895    
   5.40000010       6.58404541    
   5.40999985       6.59301853    
   5.42000008       6.60199070    
   5.42999983       6.61096287    
   5.44000006       6.61993504    
   5.44999981       6.62891245    
   5.46000004       6.63788128    
   5.46999979       6.64685535    
   5.48000002       6.65582609    
   5.48999977       6.66479540    
   5.50000000       6.67376995    
   5.50999975       6.68273735    
