   9.99999978E-03  -1.84895380E-05
   1.99999996E-02  -3.29434588E-05
   2.99999993E-02   3.15492798E-04
   3.99999991E-02   3.18831927E-03
   4.99999970E-02   1.19976718E-02
   5.99999987E-02   2.87343562E-02
   7.00000003E-02   5.38546145E-02
   7.99999982E-02   8.62930268E-02
   8.99999961E-02  0.125314265    
   9.99999940E-02  0.168229267    
  0.109999999      0.214533284    
  0.119999997      0.262286246    
  0.129999995      0.312258869    
  0.140000001      0.361895382    
  0.149999991      0.412019581    
  0.159999996      0.464675874    
  0.170000002      0.512396872    
  0.179999992      0.561282873    
  0.189999998      0.608859122    
  0.199999988      0.657291770    
  0.209999993      0.698881447    
  0.219999999      0.749566913    
  0.229999989      0.790270388    
  0.239999995      0.828536928    
  0.250000000      0.877100706    
  0.259999990      0.919651330    
  0.269999981      0.952034116    
  0.280000001      0.986477733    
  0.289999992       1.03199434    
  0.299999982       1.07475424    
  0.310000002       1.10866320    
  0.319999993       1.13508916    
  0.329999983       1.16213048    
  0.340000004       1.19978774    
  0.349999994       1.24019861    
  0.359999985       1.27834618    
  0.370000005       1.31147408    
  0.379999995       1.33795631    
  0.389999986       1.35846841    
  0.399999976       1.37829328    
  0.409999996       1.40592980    
  0.419999987       1.43720007    
  0.429999977       1.47000897    
  0.439999998       1.50307870    
  0.449999988       1.53522766    
  0.459999979       1.56526852    
  0.469999999       1.59202564    
  0.479999989       1.61448944    
  0.489999980       1.63222992    
  0.500000000       1.64658141    
  0.509999990       1.66373718    
  0.519999981       1.68366253    
  0.529999971       1.70534003    
  0.539999962       1.72830987    
  0.550000012       1.75225484    
  0.560000002       1.77691638    
  0.569999993       1.80205131    
  0.579999983       1.82741165    
  0.589999974       1.85273802    
  0.599999964       1.87773860    
  0.610000014       1.90209401    
  0.620000005       1.92544365    
  0.629999995       1.94738758    
  0.639999986       1.96749246    
  0.649999976       1.98532319    
  0.659999967       2.00051880    
  0.669999957       2.01337600    
  0.680000007       2.02653599    
  0.689999998       2.04034185    
  0.699999988       2.05468369    
  0.709999979       2.06949139    
  0.719999969       2.08471489    
  0.729999959       2.10031295    
  0.740000010       2.11624622    
  0.750000000       2.13249135    
  0.759999990       2.14901066    
  0.769999981       2.16578889    
  0.779999971       2.18279576    
  0.789999962       2.20000839    
  0.799999952       2.21740198    
  0.810000002       2.23495460    
  0.819999993       2.25264120    
  0.829999983       2.27043843    
  0.839999974       2.28831649    
  0.849999964       2.30625105    
  0.859999955       2.32420754    
  0.870000005       2.34215546    
  0.879999995       2.36005902    
  0.889999986       2.37788081    
  0.899999976       2.39557791    
  0.909999967       2.41310525    
  0.919999957       2.43041277    
  0.930000007       2.44743776    
  0.939999998       2.46412778    
  0.949999988       2.48040581    
  0.959999979       2.49620008    
  0.969999969       2.51141596    
  0.979999959       2.52596855    
  0.989999950       2.53973961    
   1.00000000       2.55261850    
   1.00999999       2.56476402    
   1.01999998       2.57664084    
   1.02999997       2.58838606    
   1.03999996       2.60005569    
   1.04999995       2.61168289    
   1.05999994       2.62329102    
   1.06999993       2.63489223    
   1.07999992       2.64649844    
   1.09000003       2.65811443    
   1.10000002       2.66974664    
   1.11000001       2.68139529    
   1.12000000       2.69306540    
   1.13000000       2.70475960    
   1.13999999       2.71647429    
   1.14999998       2.72821450    
   1.15999997       2.73997808    
   1.16999996       2.75176525    
   1.17999995       2.76357818    
   1.18999994       2.77541280    
   1.19999993       2.78727221    
   1.20999992       2.79915285    
   1.22000003       2.81105781    
   1.23000002       2.82298517    
   1.24000001       2.83493304    
   1.25000000       2.84690332    
   1.25999999       2.85888958    
   1.26999998       2.87089872    
   1.27999997       2.88292503    
   1.28999996       2.89497018    
   1.29999995       2.90703130    
   1.30999994       2.91910720    
   1.31999993       2.93120050    
   1.32999992       2.94331193    
   1.33999991       2.95543504    
   1.35000002       2.96756959    
   1.36000001       2.97972345    
   1.37000000       2.99188614    
   1.38000000       3.00405645    
   1.38999999       3.01624250    
   1.39999998       3.02843618    
   1.40999997       3.04064178    
   1.41999996       3.05285454    
   1.42999995       3.06507349    
   1.43999994       3.07730103    
   1.44999993       3.08953500    
   1.45999992       3.10177279    
   1.46999991       3.11401558    
   1.48000002       3.12626386    
   1.49000001       3.13851357    
   1.50000000       3.15076566    
   1.50999999       3.16301775    
   1.51999998       3.17527103    
   1.52999997       3.18752623    
   1.53999996       3.19977760    
   1.54999995       3.21202612    
   1.55999994       3.22427320    
   1.56999993       3.23651552    
   1.57999992       3.24875355    
   1.58999991       3.26098633    
   1.59999990       3.27320957    
   1.61000001       3.28542733    
   1.62000000       3.29763389    
   1.63000000       3.30983162    
   1.63999999       3.32201481    
   1.64999998       3.33418941    
   1.65999997       3.34635186    
   1.66999996       3.35849833    
   1.67999995       3.37062907    
   1.68999994       3.38274336    
   1.69999993       3.39483786    
   1.70999992       3.40691400    
   1.71999991       3.41896892    
   1.73000002       3.43100429    
   1.74000001       3.44301605    
   1.75000000       3.45500016    
   1.75999999       3.46695733    
   1.76999998       3.47888947    
   1.77999997       3.49079204    
   1.78999996       3.50266266    
   1.79999995       3.51450205    
   1.80999994       3.52630520    
   1.81999993       3.53807616    
   1.82999992       3.54980850    
   1.83999991       3.56150126    
   1.84999990       3.57315230    
   1.86000001       3.58476043    
   1.87000000       3.59632611    
   1.88000000       3.60784006    
   1.88999999       3.61930799    
   1.89999998       3.63072610    
   1.90999997       3.64208770    
   1.91999996       3.65339684    
   1.92999995       3.66464901    
   1.93999994       3.67583799    
   1.94999993       3.68696547    
   1.95999992       3.69802594    
   1.96999991       3.70902038    
   1.97999990       3.71994495    
   1.99000001       3.73079467    
   2.00000000       3.74156785    
   2.00999999       3.75220871    
   2.01999998       3.76270032    
   2.02999997       3.77308726    
   2.03999996       3.78337979    
   2.04999995       3.79359436    
   2.05999994       3.80374646    
   2.06999993       3.81383896    
   2.07999992       3.82388210    
   2.08999991       3.83387971    
   2.09999990       3.84383512    
   2.10999990       3.85375810    
   2.11999989       3.86364889    
   2.12999988       3.87351060    
   2.13999987       3.88334346    
   2.14999986       3.89314938    
   2.15999985       3.90293884    
   2.16999984       3.91270304    
   2.18000007       3.92245078    
   2.19000006       3.93217993    
   2.20000005       3.94189119    
   2.21000004       3.95158982    
   2.22000003       3.96127391    
   2.23000002       3.97094464    
   2.24000001       3.98060012    
   2.25000000       3.99024940    
   2.25999999       3.99988484    
   2.26999998       4.00950861    
   2.27999997       4.01912498    
   2.28999996       4.02873230    
   2.29999995       4.03833199    
   2.30999994       4.04792166    
   2.31999993       4.05750513    
   2.32999992       4.06708145    
   2.33999991       4.07664919    
   2.34999990       4.08621311    
   2.35999990       4.09576988    
   2.36999989       4.10532284    
   2.37999988       4.11486816    
   2.38999987       4.12440825    
   2.39999986       4.13394308    
   2.40999985       4.14347744    
   2.41999984       4.15300083    
   2.42999983       4.16252327    
   2.44000006       4.17199755    
   2.45000005       4.18155813    
   2.46000004       4.19106388    
   2.47000003       4.20056820    
   2.48000002       4.21007299    
   2.49000001       4.21957207    
   2.50000000       4.22906971    
   2.50999999       4.23856163    
   2.51999998       4.24805117    
   2.52999997       4.25753641    
   2.53999996       4.26702166    
   2.54999995       4.27650309    
   2.55999994       4.28598213    
   2.56999993       4.29545975    
   2.57999992       4.30493164    
   2.58999991       4.31440353    
   2.59999990       4.32387209    
   2.60999990       4.33333683    
   2.61999989       4.34280062    
   2.62999988       4.35226822    
   2.63999987       4.36172628    
   2.64999986       4.37118530    
   2.65999985       4.38063765    
   2.66999984       4.39009714    
   2.67999983       4.39954424    
   2.69000006       4.40899849    
   2.70000005       4.41844797    
   2.71000004       4.42789221    
   2.72000003       4.43733788    
   2.73000002       4.44678450    
   2.74000001       4.45622587    
   2.75000000       4.46566391    
   2.75999999       4.47510433    
   2.76999998       4.48454332    
   2.77999997       4.49397612    
   2.78999996       4.50341463    
   2.79999995       4.51284695    
   2.80999994       4.52227592    
   2.81999993       4.53170776    
   2.82999992       4.54113960    
   2.83999991       4.55056477    
   2.84999990       4.55999184    
   2.85999990       4.56941652    
   2.86999989       4.57883644    
   2.87999988       4.58826256    
   2.88999987       4.59768295    
   2.89999986       4.60710192    
   2.90999985       4.61652279    
   2.91999984       4.62593985    
   2.92999983       4.63535881    
   2.93999982       4.64477158    
   2.95000005       4.65418386    
   2.96000004       4.66359806    
   2.97000003       4.67301178    
   2.98000002       4.68242073    
   2.99000001       4.69182968    
   3.00000000       4.70123720    
   3.00999999       4.71064663    
   3.01999998       4.72005415    
   3.02999997       4.72945833    
   3.03999996       4.73886204    
   3.04999995       4.74826717    
   3.05999994       4.75767040    
   3.06999993       4.76707125    
   3.07999992       4.77647209    
   3.08999991       4.78587055    
   3.09999990       4.79526901    
   3.10999990       4.80466700    
   3.11999989       4.81406498    
   3.12999988       4.82346010    
   3.13999987       4.83285332    
   3.14999986       4.84224510    
   3.15999985       4.85163975    
   3.16999984       4.86103344    
   3.17999983       4.87042332    
   3.18999982       4.87981319    
   3.19999981       4.88920307    
   3.21000004       4.89859247    
   3.22000003       4.90797997    
   3.23000002       4.91736412    
   3.24000001       4.92675638    
   3.25000000       4.93614197    
   3.25999999       4.94552183    
   3.26999998       4.95490360    
   3.27999997       4.96428728    
   3.28999996       4.97367096    
   3.29999995       4.98305035    
   3.30999994       4.99243259    
   3.31999993       5.00181198    
   3.32999992       5.01119184    
   3.33999991       5.02056646    
   3.34999990       5.02994585    
   3.35999990       5.03932190    
   3.36999989       5.04869747    
   3.37999988       5.05806828    
   3.38999987       5.06744480    
   3.39999986       5.07681894    
   3.40999985       5.08619356    
   3.41999984       5.09556103    
   3.42999983       5.10493422    
   3.43999982       5.11430407    
   3.44999981       5.12367153    
   3.46000004       5.13303995    
   3.47000003       5.14240694    
   3.48000002       5.15177631    
   3.49000001       5.16114330    
   3.50000000       5.17051125    
   3.50999999       5.17987108    
   3.51999998       5.18923855    
   3.52999997       5.19860458    
   3.53999996       5.20796585    
   3.54999995       5.21732759    
   3.55999994       5.22668791    
   3.56999993       5.23605108    
   3.57999992       5.24541044    
   3.58999991       5.25477219    
   3.59999990       5.26413155    
   3.60999990       5.27348661    
   3.61999989       5.28284502    
   3.62999988       5.29220200    
   3.63999987       5.30156040    
   3.64999986       5.31091690    
   3.65999985       5.32027245    
   3.66999984       5.32962275    
   3.67999983       5.33897734    
   3.68999982       5.34833002    
   3.69999981       5.35768080    
   3.70999980       5.36703253    
   3.72000003       5.37638521    
   3.73000002       5.38573933    
   3.74000001       5.39508581    
   3.75000000       5.40443516    
   3.75999999       5.41378212    
   3.76999998       5.42312956    
   3.77999997       5.43248034    
   3.78999996       5.44182920    
   3.79999995       5.45117283    
   3.80999994       5.46051693    
   3.81999993       5.46986294    
   3.82999992       5.47920656    
   3.83999991       5.48855400    
   3.84999990       5.49789619    
   3.85999990       5.50723648    
   3.86999989       5.51658010    
   3.87999988       5.52591896    
   3.88999987       5.53526115    
   3.89999986       5.54460144    
   3.90999985       5.55393887    
   3.91999984       5.56327963    
   3.92999983       5.57261658    
   3.93999982       5.58195543    
   3.94999981       5.59129047    
   3.95999980       5.60062885    
   3.97000003       5.60996723    
   3.98000002       5.61930370    
   3.99000001       5.62863493    
   4.00000000       5.63797188    
   4.00999975       5.64730644    
   4.01999998       5.65664005    
   4.02999973       5.66597128    
   4.03999996       5.67530680    
   4.04999971       5.68463707    
   4.05999994       5.69397116    
   4.06999969       5.70329714    
   4.07999992       5.71263027    
   4.08999968       5.72195339    
   4.09999990       5.73128462    
   4.11000013       5.74061823    
   4.11999989       5.74994373    
   4.13000011       5.75927114    
   4.13999987       5.76859570    
   4.15000010       5.77792549    
   4.15999985       5.78725004    
   4.17000008       5.79657650    
   4.17999983       5.80589962    
   4.19000006       5.81522751    
   4.19999981       5.82454729    
   4.21000004       5.83387136    
   4.21999979       5.84319448    
   4.23000002       5.85251617    
   4.23999977       5.86184072    
   4.25000000       5.87116241    
   4.25999975       5.88048124    
   4.26999998       5.88979912    
   4.27999973       5.89912128    
   4.28999996       5.90844202    
   4.29999971       5.91775990    
   4.30999994       5.92707539    
   4.31999969       5.93639660    
   4.32999992       5.94571352    
   4.33999968       5.95502949    
   4.34999990       5.96434784    
   4.36000013       5.97366524    
   4.36999989       5.98297596    
   4.38000011       5.99229431    
   4.38999987       6.00161028    
   4.40000010       6.01092386    
   4.40999985       6.02023602    
   4.42000008       6.02954721    
   4.42999983       6.03885841    
   4.44000006       6.04817486    
   4.44999981       6.05748558    
   4.46000004       6.06679726    
   4.46999979       6.07611036    
   4.48000002       6.08541822    
   4.48999977       6.09472609    
   4.50000000       6.10403872    
   4.50999975       6.11334801    
   4.51999998       6.12265587    
   4.52999973       6.13196564    
   4.53999996       6.14127016    
   4.54999971       6.15057898    
   4.55999994       6.15988827    
   4.56999969       6.16919470    
   4.57999992       6.17849541    
   4.58999968       6.18780088    
   4.59999990       6.19710922    
   4.61000013       6.20641661    
   4.61999989       6.21571636    
   4.63000011       6.22502232    
   4.63999987       6.23432350    
   4.65000010       6.24362850    
   4.65999985       6.25292397    
   4.67000008       6.26223373    
   4.67999983       6.27153397    
   4.69000006       6.28083611    
   4.69999981       6.29013395    
   4.71000004       6.29943228    
   4.71999979       6.30873394    
   4.73000002       6.31803560    
   4.73999977       6.32732964    
   4.75000000       6.33662701    
   4.75999975       6.34592724    
   4.76999998       6.35522127    
   4.77999973       6.36452389    
   4.78999996       6.37381458    
   4.79999971       6.38311529    
   4.80999994       6.39241362    
   4.81999969       6.40170527    
   4.82999992       6.41100073    
   4.83999968       6.42029762    
   4.84999990       6.42959261    
   4.85999966       6.43888950    
   4.86999989       6.44817877    
   4.88000011       6.45747232    
   4.88999987       6.46676493    
   4.90000010       6.47605515    
   4.90999985       6.48534822    
   4.92000008       6.49464130    
   4.92999983       6.50393105    
   4.94000006       6.51322460    
   4.94999981       6.52251196    
   4.96000004       6.53180265    
   4.96999979       6.54109240    
   4.98000002       6.55038166    
   4.98999977       6.55967093    
   5.00000000       6.56895924    
   5.00999975       6.57824945    
   5.01999998       6.58753347    
   5.02999973       6.59682512    
   5.03999996       6.60611010    
   5.04999971       6.61539412    
   5.05999994       6.62468147    
   5.06999969       6.63396883    
   5.07999992       6.64325333    
   5.08999968       6.65253782    
   5.09999990       6.66182232    
   5.10999966       6.67110538    
   5.11999989       6.68039131    
   5.13000011       6.68967152    
   5.13999987       6.69896173    
   5.15000010       6.70824051    
   5.15999985       6.71752310    
   5.17000008       6.72680378    
   5.17999983       6.73608732    
   5.19000006       6.74537086    
   5.19999981       6.75464725    
   5.21000004       6.76393127    
   5.21999979       6.77321196    
   5.23000002       6.78248978    
   5.23999977       6.79177141    
   5.25000000       6.80104876    
   5.25999975       6.81033134    
   5.26999998       6.81961012    
   5.27999973       6.82888985    
   5.28999996       6.83816957    
   5.29999971       6.84744215    
   5.30999994       6.85671949    
   5.31999969       6.86597109    
   5.32999992       6.87527227    
   5.33999968       6.88455057    
   5.34999990       6.89382553    
   5.35999966       6.90309763    
   5.36999989       6.91237450    
   5.38000011       6.92165565    
   5.38999987       6.93092871    
   5.40000010       6.94019842    
   5.40999985       6.94947052    
   5.42000008       6.95874786    
   5.42999983       6.96801949    
   5.44000006       6.97729588    
   5.44999981       6.98656797    
   5.46000004       6.99584055    
   5.46999979       7.00510740    
   5.48000002       7.01438189    
   5.48999977       7.02365541    
   5.50000000       7.03292370    
   5.50999975       7.04219532    
