   9.99999978E-03  -1.83958582E-05
   1.99999996E-02  -1.26693194E-05
   2.99999993E-02   1.07183389E-03
   3.99999991E-02   7.43357325E-03
   4.99999970E-02   2.34667603E-02
   5.99999987E-02   5.01985811E-02
   7.00000003E-02   8.68737921E-02
   7.99999982E-02  0.131152287    
   8.99999961E-02  0.181680217    
   9.99999940E-02  0.235164195    
  0.109999999      0.290482104    
  0.119999997      0.346907943    
  0.129999995      0.404310465    
  0.140000001      0.460125417    
  0.149999991      0.515238941    
  0.159999996      0.572437406    
  0.170000002      0.624564588    
  0.179999992      0.675992966    
  0.189999998      0.726914465    
  0.199999988      0.776903629    
  0.209999993      0.821062922    
  0.219999999      0.872739971    
  0.229999989      0.914572179    
  0.239999995      0.954483569    
  0.250000000       1.00327229    
  0.259999990       1.04585922    
  0.269999981       1.07918072    
  0.280000001       1.11450160    
  0.289999992       1.15955019    
  0.299999982       1.20154905    
  0.310000002       1.23524058    
  0.319999993       1.26228321    
  0.329999983       1.28998435    
  0.340000004       1.32712531    
  0.349999994       1.36646986    
  0.359999985       1.40341413    
  0.370000005       1.43559849    
  0.379999995       1.46179056    
  0.389999986       1.48279762    
  0.399999976       1.50327277    
  0.409999996       1.53066468    
  0.419999987       1.56121576    
  0.429999977       1.59299994    
  0.439999998       1.62481451    
  0.449999988       1.65560865    
  0.459999979       1.68435872    
  0.469999999       1.71009624    
  0.479999989       1.73203218    
  0.489999980       1.74990487    
  0.500000000       1.76491511    
  0.509999990       1.78236985    
  0.519999981       1.80225658    
  0.529999971       1.82366800    
  0.539999962       1.84618497    
  0.550000012       1.86951339    
  0.560000002       1.89340913    
  0.569999993       1.91764855    
  0.579999983       1.94200206    
  0.589999974       1.96623170    
  0.599999964       1.99008501    
  0.610000014       2.01328301    
  0.620000005       2.03552127    
  0.629999995       2.05646849    
  0.639999986       2.07578397    
  0.649999976       2.09312201    
  0.659999967       2.10822296    
  0.669999957       2.12136889    
  0.680000007       2.13478112    
  0.689999998       2.14875865    
  0.699999988       2.16320634    
  0.709999979       2.17805791    
  0.719999969       2.19326735    
  0.729999959       2.20880318    
  0.740000010       2.22462749    
  0.750000000       2.24071002    
  0.759999990       2.25702858    
  0.769999981       2.27355862    
  0.779999971       2.29027700    
  0.789999962       2.30715775    
  0.799999952       2.32418346    
  0.810000002       2.34132314    
  0.819999993       2.35856509    
  0.829999983       2.37588000    
  0.839999974       2.39323997    
  0.849999964       2.41062474    
  0.859999955       2.42800331    
  0.870000005       2.44534421    
  0.879999995       2.46262074    
  0.889999986       2.47979903    
  0.899999976       2.49683738    
  0.909999967       2.51369834    
  0.919999957       2.53033853    
  0.930000007       2.54671097    
  0.939999998       2.56276202    
  0.949999988       2.57843542    
  0.959999979       2.59366894    
  0.969999969       2.60839081    
  0.979999959       2.62252975    
  0.989999950       2.63599300    
   1.00000000       2.64869833    
   1.00999999       2.66078591    
   1.01999998       2.67265058    
   1.02999997       2.68440342    
   1.03999996       2.69609594    
   1.04999995       2.70775485    
   1.05999994       2.71939802    
   1.06999993       2.73103857    
   1.07999992       2.74268389    
   1.09000003       2.75433850    
   1.10000002       2.76600742    
   1.11000001       2.77769494    
   1.12000000       2.78939891    
   1.13000000       2.80112219    
   1.13999999       2.81286669    
   1.14999998       2.82463312    
   1.15999997       2.83641934    
   1.16999996       2.84822655    
   1.17999995       2.86005473    
   1.18999994       2.87190461    
   1.19999993       2.88376975    
   1.20999992       2.89565873    
   1.22000003       2.90756226    
   1.23000002       2.91948986    
   1.24000001       2.93143034    
   1.25000000       2.94338942    
   1.25999999       2.95536590    
   1.26999998       2.96735620    
   1.27999997       2.97936130    
   1.28999996       2.99138308    
   1.29999995       3.00341630    
   1.30999994       3.01546407    
   1.31999993       3.02752233    
   1.32999992       3.03959274    
   1.33999991       3.05167460    
   1.35000002       3.06376719    
   1.36000001       3.07586741    
   1.37000000       3.08797693    
   1.38000000       3.10009336    
   1.38999999       3.11221981    
   1.39999998       3.12435246    
   1.40999997       3.13649225    
   1.41999996       3.14863372    
   1.42999995       3.16077590    
   1.43999994       3.17293215    
   1.44999993       3.18508935    
   1.45999992       3.19724059    
   1.46999991       3.20940065    
   1.48000002       3.22156096    
   1.49000001       3.23371816    
   1.50000000       3.24587607    
   1.50999999       3.25803494    
   1.51999998       3.27018476    
   1.52999997       3.28233957    
   1.53999996       3.29448295    
   1.54999995       3.30662704    
   1.55999994       3.31876159    
   1.56999993       3.33089447    
   1.57999992       3.34301782    
   1.58999991       3.35513043    
   1.59999990       3.36723447    
   1.61000001       3.37933183    
   1.62000000       3.39141560    
   1.63000000       3.40348792    
   1.63999999       3.41554546    
   1.64999998       3.42759228    
   1.65999997       3.43962169    
   1.66999996       3.45163703    
   1.67999995       3.46363473    
   1.68999994       3.47561288    
   1.69999993       3.48757529    
   1.70999992       3.49951482    
   1.71999991       3.51143479    
   1.73000002       3.52333021    
   1.74000001       3.53520274    
   1.75000000       3.54705119    
   1.75999999       3.55887055    
   1.76999998       3.57066584    
   1.77999997       3.58246970    
   1.78999996       3.59416461    
   1.79999995       3.60586810    
   1.80999994       3.61753774    
   1.81999993       3.62917471    
   1.82999992       3.64077449    
   1.83999991       3.65233874    
   1.84999990       3.66386223    
   1.86000001       3.67534471    
   1.87000000       3.68678641    
   1.88000000       3.69818211    
   1.88999999       3.70953465    
   1.89999998       3.72084212    
   1.90999997       3.73209429    
   1.91999996       3.74330163    
   1.92999995       3.75445366    
   1.93999994       3.76554894    
   1.94999993       3.77659106    
   1.95999992       3.78757071    
   1.96999991       3.79849100    
   1.97999990       3.80934834    
   1.99000001       3.82013988    
   2.00000000       3.83086419    
   2.00999999       3.84146595    
   2.01999998       3.85194564    
   2.02999997       3.86232424    
   2.03999996       3.87262201    
   2.04999995       3.88285732    
   2.05999994       3.89303136    
   2.06999993       3.90315580    
   2.07999992       3.91323876    
   2.08999991       3.92327976    
   2.09999990       3.93328547    
   2.10999990       3.94326258    
   2.11999989       3.95320916    
   2.12999988       3.96312952    
   2.13999987       3.97302890    
   2.14999986       3.98290253    
   2.15999985       3.99275994    
   2.16999984       4.00259590    
   2.18000007       4.01241970    
   2.19000006       4.02222252    
   2.20000005       4.03201580    
   2.21000004       4.04179239    
   2.22000003       4.05155659    
   2.23000002       4.06131029    
   2.24000001       4.07105160    
   2.25000000       4.08078527    
   2.25999999       4.09051085    
   2.26999998       4.10022211    
   2.27999997       4.10992718    
   2.28999996       4.11962461    
   2.29999995       4.12931538    
   2.30999994       4.13899708    
   2.31999993       4.14867449    
   2.32999992       4.15834188    
   2.33999991       4.16800451    
   2.34999990       4.17766047    
   2.35999990       4.18731642    
   2.36999989       4.19696236    
   2.37999988       4.20660067    
   2.38999987       4.21624184    
   2.39999986       4.22587538    
   2.40999985       4.23549986    
   2.41999984       4.24512577    
   2.42999983       4.25474739    
   2.44000006       4.26436424    
   2.45000005       4.27397633    
   2.46000004       4.28358555    
   2.47000003       4.29319143    
   2.48000002       4.30279446    
   2.49000001       4.31238890    
   2.50000000       4.32198811    
   2.50999999       4.33158255    
   2.51999998       4.34117603    
   2.52999997       4.35075998    
   2.53999996       4.36034584    
   2.54999995       4.36993074    
   2.55999994       4.37950706    
   2.56999993       4.38908339    
   2.57999992       4.39866352    
   2.58999991       4.40823746    
   2.59999990       4.41780567    
   2.60999990       4.42737484    
   2.61999989       4.43694019    
   2.62999988       4.44650698    
   2.63999987       4.45606613    
   2.64999986       4.46563196    
   2.65999985       4.47518778    
   2.66999984       4.48474884    
   2.67999983       4.49430037    
   2.69000006       4.50385332    
   2.70000005       4.51340532    
   2.71000004       4.52295876    
   2.72000003       4.53250456    
   2.73000002       4.54204750    
   2.74000001       4.55159616    
   2.75000000       4.56114197    
   2.75999999       4.57068157    
   2.76999998       4.58022213    
   2.77999997       4.58976078    
   2.78999996       4.59929943    
   2.79999995       4.60883474    
   2.80999994       4.61836958    
   2.81999993       4.62790680    
   2.82999992       4.63743734    
   2.83999991       4.64696789    
   2.84999990       4.65649843    
   2.85999990       4.66602707    
   2.86999989       4.67555332    
   2.87999988       4.68507576    
   2.88999987       4.69460058    
   2.89999986       4.70412588    
   2.90999985       4.71364927    
   2.91999984       4.72316933    
   2.92999983       4.73268986    
   2.93999982       4.74221134    
   2.95000005       4.75172520    
   2.96000004       4.76124334    
   2.97000003       4.77075434    
   2.98000002       4.78027201    
   2.99000001       4.78978586    
   3.00000000       4.79929781    
   3.00999999       4.80880690    
   3.01999998       4.81831598    
   3.02999997       4.82782555    
   3.03999996       4.83733702    
   3.04999995       4.84684038    
   3.05999994       4.85634613    
   3.06999993       4.86584854    
   3.07999992       4.87535477    
   3.08999991       4.88485622    
   3.09999990       4.89435577    
   3.10999990       4.90386057    
   3.11999989       4.91336107    
   3.12999988       4.92286015    
   3.13999987       4.93235731    
   3.14999986       4.94185543    
   3.15999985       4.95135117    
   3.16999984       4.96084452    
   3.17999983       4.97033978    
   3.18999982       4.97982979    
   3.19999981       4.98932409    
   3.21000004       4.99881840    
   3.22000003       5.00831223    
   3.23000002       5.01779652    
   3.24000001       5.02728844    
   3.25000000       5.03677416    
   3.25999999       5.04626513    
   3.26999998       5.05574942    
   3.27999997       5.06523132    
   3.28999996       5.07471609    
   3.29999995       5.08420134    
   3.30999994       5.09368563    
   3.31999993       5.10316896    
   3.32999992       5.11265039    
   3.33999991       5.12212944    
   3.34999990       5.13160992    
   3.35999990       5.14108944    
   3.36999989       5.15056992    
   3.37999988       5.16004658    
   3.38999987       5.16952372    
   3.39999986       5.17899561    
   3.40999985       5.18847561    
   3.41999984       5.19794989    
   3.42999983       5.20741940    
   3.43999982       5.21689272    
   3.44999981       5.22636652    
   3.46000004       5.23583460    
   3.47000003       5.24530745    
   3.48000002       5.25477839    
   3.49000001       5.26424599    
   3.50000000       5.27371311    
   3.50999999       5.28318262    
   3.51999998       5.29264832    
   3.52999997       5.30211687    
   3.53999996       5.31158352    
   3.54999995       5.32104254    
   3.55999994       5.33051205    
   3.56999993       5.33997345    
   3.57999992       5.34943724    
   3.58999991       5.35889530    
   3.59999990       5.36835957    
   3.60999990       5.37782192    
   3.61999989       5.38728046    
   3.62999988       5.39673710    
   3.63999987       5.40619802    
   3.64999986       5.41565132    
   3.65999985       5.42511511    
   3.66999984       5.43457031    
   3.67999983       5.44402027    
   3.68999982       5.45347738    
   3.69999981       5.46293402    
   3.70999980       5.47238922    
   3.72000003       5.48184252    
   3.73000002       5.49129343    
   3.74000001       5.50074673    
   3.75000000       5.51019430    
   3.75999999       5.51964855    
   3.76999998       5.52909613    
   3.77999997       5.53854656    
   3.78999996       5.54799414    
   3.79999995       5.55744648    
   3.80999994       5.56689310    
   3.81999993       5.57633924    
   3.82999992       5.58578157    
   3.83999991       5.59522581    
   3.84999990       5.60467434    
   3.85999990       5.61411810    
   3.86999989       5.62356472    
   3.87999988       5.63300610    
   3.88999987       5.64244843    
   3.89999986       5.65189123    
   3.90999985       5.66133165    
   3.91999984       5.67077303    
   3.92999983       5.68021584    
   3.93999982       5.68965387    
   3.94999981       5.69909143    
   3.95999980       5.70852852    
   3.97000003       5.71796894    
   3.98000002       5.72740602    
   3.99000001       5.73684216    
   4.00000000       5.74628019    
   4.00999975       5.75571346    
   4.01999998       5.76514959    
   4.02999973       5.77458286    
   4.03999996       5.78401947    
   4.04999971       5.79344893    
   4.05999994       5.80288076    
   4.06999969       5.81231642    
   4.07999992       5.82174826    
   4.08999968       5.83118200    
   4.09999990       5.84060717    
   4.11000013       5.85003805    
   4.11999989       5.85946941    
   4.13000011       5.86889696    
   4.13999987       5.87832594    
   4.15000010       5.88775682    
   4.15999985       5.89718151    
   4.17000008       5.90660715    
   4.17999983       5.91603279    
   4.19000006       5.92545938    
   4.19999981       5.93488550    
   4.21000004       5.94430971    
   4.21999979       5.95373440    
   4.23000002       5.96315956    
   4.23999977       5.97258472    
   4.25000000       5.98200321    
   4.25999975       5.99142647    
   4.26999998       6.00084972    
   4.27999973       6.01026678    
   4.28999996       6.01968861    
   4.29999971       6.02910852    
   4.30999994       6.03852844    
   4.31999969       6.04794836    
   4.32999992       6.05736351    
   4.33999968       6.06678343    
   4.34999990       6.07620239    
   4.36000013       6.08562422    
   4.36999989       6.09503460    
   4.38000011       6.10445261    
   4.38999987       6.11386681    
   4.40000010       6.12328672    
   4.40999985       6.13269663    
   4.42000008       6.14210653    
   4.42999983       6.15152693    
   4.44000006       6.16093969    
   4.44999981       6.17035294    
   4.46000004       6.17976332    
   4.46999979       6.18917656    
   4.48000002       6.19858742    
   4.48999977       6.20799780    
   4.50000000       6.21741056    
   4.50999975       6.22681856    
   4.51999998       6.23623133    
   4.52999973       6.24563694    
   4.53999996       6.25504780    
   4.54999971       6.26445723    
   4.55999994       6.27386236    
   4.56999969       6.28327131    
   4.57999992       6.29267788    
   4.58999968       6.30208206    
   4.59999990       6.31148767    
   4.61000013       6.32089329    
   4.61999989       6.33030033    
   4.63000011       6.33970594    
   4.63999987       6.34910917    
   4.65000010       6.35851574    
   4.65999985       6.36791849    
   4.67000008       6.37732077    
   4.67999983       6.38672161    
   4.69000006       6.39612293    
   4.69999981       6.40552330    
   4.71000004       6.41492367    
   4.71999979       6.42432213    
   4.73000002       6.43372440    
   4.73999977       6.44312382    
   4.75000000       6.45252180    
   4.75999975       6.46192074    
   4.76999998       6.47132206    
   4.77999973       6.48071957    
   4.78999996       6.49011278    
   4.79999971       6.49951458    
   4.80999994       6.50891304    
   4.81999969       6.51830482    
   4.82999992       6.52769613    
   4.83999968       6.53709841    
   4.84999990       6.54649401    
   4.85999966       6.55588388    
   4.86999989       6.56528139    
   4.88000011       6.57467604    
   4.88999987       6.58406830    
   4.90000010       6.59346151    
   4.90999985       6.60285187    
   4.92000008       6.61224651    
   4.92999983       6.62163782    
   4.94000006       6.63103056    
   4.94999981       6.64041948    
   4.96000004       6.64981031    
   4.96999979       6.65919733    
   4.98000002       6.66859245    
   4.98999977       6.67798042    
   5.00000000       6.68737173    
   5.00999975       6.69675970    
   5.01999998       6.70614433    
   5.02999973       6.71553373    
   5.03999996       6.72491884    
   5.04999971       6.73430967    
   5.05999994       6.74369574    
   5.06999969       6.75308275    
   5.07999992       6.76246405    
   5.08999968       6.77185631    
   5.09999990       6.78123760    
   5.10999966       6.79061985    
   5.11999989       6.80001068    
   5.13000011       6.80939054    
   5.13999987       6.81878090    
   5.15000010       6.82816172    
   5.15999985       6.83754253    
   5.17000008       6.84692287    
   5.17999983       6.85627937    
   5.19000006       6.86568880    
   5.19999981       6.87507200    
   5.21000004       6.88445044    
   5.21999979       6.89383125    
   5.23000002       6.90321016    
   5.23999977       6.91259527    
   5.25000000       6.92197084    
   5.25999975       6.93135166    
   5.26999998       6.94073582    
   5.27999973       6.95011187    
   5.28999996       6.95948935    
   5.29999971       6.96887064    
   5.30999994       6.97824287    
   5.31999969       6.98762131    
   5.32999992       6.99700260    
   5.33999968       7.00638103    
   5.34999990       7.01575136    
   5.35999966       7.02512789    
   5.36999989       7.03450108    
   5.38000011       7.04387999    
   5.38999987       7.05325508    
   5.40000010       7.06262779    
   5.40999985       7.07200098    
   5.42000008       7.08137894    
   5.42999983       7.09074736    
   5.44000006       7.10012245    
   5.44999981       7.10949850    
   5.46000004       7.11886978    
   5.46999979       7.12823915    
   5.48000002       7.13761330    
   5.48999977       7.14698601    
   5.50000000       7.15635395    
   5.50999975       7.16572618    
