   9.99999978E-03   2.17611887E-05
   1.99999996E-02   3.90393943E-05
   2.99999993E-02   5.40965411E-05
   3.99999991E-02   6.68145512E-05
   4.99999970E-02   7.81884955E-05
   5.99999987E-02   8.88186769E-05
   7.00000003E-02   9.83969585E-05
   7.99999982E-02   1.07236068E-04
   8.99999961E-02   1.15357987E-04
   9.99999940E-02   1.22806698E-04
  0.109999999       1.29920241E-04
  0.119999997       1.36410847E-04
  0.129999995       1.42538542E-04
  0.140000001       1.48125197E-04
  0.149999991       1.53398345E-04
  0.159999996       1.58540715E-04
  0.170000002       1.63194796E-04
  0.179999992       1.67544524E-04
  0.189999998       1.71705498E-04
  0.199999988       1.75583569E-04
  0.209999993       1.79271199E-04
  0.219999999       1.82701420E-04
  0.229999989       1.85929937E-04
  0.239999995       1.89033613E-04
  0.250000000       1.91897416E-04
  0.259999990       1.94640234E-04
  0.269999981       1.97173475E-04
  0.280000001       1.99528789E-04
  0.289999992       2.01924209E-04
  0.299999982       2.03858464E-04
  0.310000002       2.06075914E-04
  0.319999993       2.08017533E-04
  0.329999983       2.09817488E-04
  0.340000004       2.11544379E-04
  0.349999994       2.13123829E-04
  0.359999985       2.14621861E-04
  0.370000005       2.16091430E-04
  0.379999995       2.17394045E-04
  0.389999986       2.18692789E-04
  0.399999976       2.19899142E-04
  0.409999996       2.21018607E-04
  0.419999987       2.22099465E-04
  0.429999977       6.49236827E-05
  0.439999998       2.23936775E-04
  0.449999988       2.24881573E-04
  0.459999979       2.25721640E-04
  0.469999999       2.26504562E-04
  0.479999989       2.27195647E-04
  0.489999980       2.27871758E-04
  0.500000000       2.28517631E-04
  0.509999990       2.29087746E-04
  0.519999981       2.29611804E-04
  0.529999971       2.30148624E-04
  0.539999962       2.30623671E-04
  0.550000012       2.30996200E-04
  0.560000002       2.31460217E-04
  0.569999993       2.31833619E-04
  0.579999983       2.32213119E-04
  0.589999974       2.32530772E-04
  0.599999964       2.32831924E-04
  0.610000014       2.33096987E-04
  0.620000005       2.33347746E-04
  0.629999995       2.33579936E-04
  0.639999986       2.33769810E-04
  0.649999976       2.33878251E-04
  0.659999967       2.34123858E-04
  0.669999957       2.34362436E-04
  0.680000007       2.34567327E-04
  0.689999998       2.34649764E-04
  0.699999988       2.34751438E-04
  0.709999979       2.34798848E-04
  0.719999969       2.34879772E-04
  0.729999959       2.34934065E-04
  0.740000010       2.35078696E-04
  0.750000000       2.35119020E-04
  0.759999990       2.35106330E-04
  0.769999981       2.35125073E-04
  0.779999971       2.35139378E-04
  0.789999962       2.35147018E-04
  0.799999952       2.35150379E-04
  0.810000002       2.35144558E-04
  0.819999993       2.35011554E-04
  0.829999983       2.35048006E-04
  0.839999974       2.35004598E-04
  0.849999964       2.34960593E-04
  0.859999955       2.34956358E-04
  0.870000005       2.34905281E-04
  0.879999995       2.34824372E-04
  0.889999986       2.34780993E-04
  0.899999976       2.34738807E-04
  0.909999967       2.34663108E-04
  0.919999957       2.34605061E-04
  0.930000007       2.34544801E-04
  0.939999998       2.34498249E-04
  0.949999988       2.34455481E-04
  0.959999979       2.34429841E-04
  0.969999969       2.34454958E-04
  0.979999959       2.34569510E-04
  0.989999950       2.34980544E-04
   1.00000000       2.97532097E-04
   1.00999999       2.85788323E-04
   1.01999998       2.84976268E-04
   1.02999997       2.85987800E-04
   1.03999996       2.86461494E-04
   1.04999995       2.86886177E-04
   1.05999994       2.87509873E-04
   1.06999993       2.88144103E-04
   1.07999992       2.88824696E-04
   1.09000003       2.89403863E-04
   1.10000002       2.90138676E-04
   1.11000001       2.90559168E-04
   1.12000000       2.91213189E-04
   1.13000000       2.91899982E-04
   1.13999999       2.92782584E-04
   1.14999998       2.93464720E-04
   1.15999997       2.94132362E-04
   1.16999996       2.94803613E-04
   1.17999995       2.95338425E-04
   1.18999994       2.94899626E-04
   1.19999993       2.96979008E-04
   1.20999992       2.97670078E-04
   1.22000003       2.98539351E-04
   1.23000002       2.99175445E-04
   1.24000001       2.99796462E-04
   1.25000000       3.00865009E-04
   1.25999999       3.01365915E-04
   1.26999998       3.02484899E-04
   1.27999997       3.03324341E-04
   1.28999996       3.04050132E-04
   1.29999995       3.04993300E-04
   1.30999994       3.05922789E-04
   1.31999993       3.06733971E-04
   1.32999992       3.07626557E-04
   1.33999991       3.08496325E-04
   1.35000002       3.09331575E-04
   1.36000001       3.10471340E-04
   1.37000000       3.11435346E-04
   1.38000000       3.12377611E-04
   1.38999999       3.13402852E-04
   1.39999998       3.13554861E-04
   1.40999997       3.15509824E-04
   1.41999996       3.16549122E-04
   1.42999995       3.17711529E-04
   1.43999994       3.18625738E-04
   1.44999993       3.19900922E-04
   1.45999992       3.20084655E-04
   1.46999991       3.22302600E-04
   1.48000002       3.23604123E-04
   1.49000001       3.24498484E-04
   1.50000000       3.26032110E-04
   1.50999999       3.27472808E-04
   1.51999998       3.28855385E-04
   1.52999997       3.30117182E-04
   1.53999996       3.31708667E-04
   1.54999995       3.33221804E-04
   1.55999994       3.34683340E-04
   1.56999993       3.36385856E-04
   1.57999992       3.38003563E-04
   1.58999991       3.39582562E-04
   1.59999990       3.41289589E-04
   1.61000001       3.43270716E-04
   1.62000000       3.44954955E-04
   1.63000000       3.47078108E-04
   1.63999999       3.48958769E-04
   1.64999998       3.51143157E-04
   1.65999997       3.53268930E-04
   1.66999996       3.55591736E-04
   1.67999995       3.57954559E-04
   1.68999994       3.60421080E-04
   1.69999993       3.63006751E-04
   1.70999992       3.65546235E-04
   1.71999991       3.68451758E-04
   1.73000002       3.71438451E-04
   1.74000001       3.74578027E-04
   1.75000000       3.77797813E-04
   1.75999999       3.81311140E-04
   1.76999998       3.84390907E-04
   1.77999997       3.89010122E-04
   1.78999996       3.93146038E-04
   1.79999995       3.97559226E-04
   1.80999994       4.02403937E-04
   1.81999993       4.07257088E-04
   1.82999992       4.13022644E-04
   1.83999991       4.19143093E-04
   1.84999990       4.25731036E-04
   1.86000001       4.32996050E-04
   1.87000000       4.41071024E-04
   1.88000000       4.49968007E-04
   1.88999999       4.60083887E-04
   1.89999998       4.71582083E-04
   1.90999997       4.84803488E-04
   1.91999996       5.00327616E-04
   1.92999995       5.18477580E-04
   1.93999994       5.41626301E-04
   1.94999993       5.70455682E-04
   1.95999992       6.08944276E-04
   1.96999991       6.63870014E-04
   1.97999990       7.51315849E-04
   1.99000001       9.33733536E-04
   2.00000000       1.89451932E-03
   2.00999999       8.20220914E-03
   2.01999998       9.90099180E-03
   2.02999997       1.07280314E-02
   2.03999996       1.12477802E-02
   2.04999995       1.16218943E-02
   2.05999994       1.19148875E-02
   2.06999993       1.21580325E-02
   2.07999992       1.23681286E-02
   2.08999991       1.25550395E-02
   2.09999990       1.27254510E-02
   2.10999990       1.28832050E-02
   2.11999989       1.30312322E-02
   2.12999988       1.31716635E-02
   2.13999987       1.33058717E-02
   2.14999986       1.34350536E-02
   2.15999985       1.35600930E-02
   2.16999984       1.36818551E-02
   2.18000007       1.38005102E-02
   2.19000006       1.39166918E-02
   2.20000005       1.40298298E-02
   2.21000004       1.41427070E-02
   2.22000003       1.42531646E-02
   2.23000002       1.43620493E-02
   2.24000001       1.44696012E-02
   2.25000000       1.45762209E-02
   2.25999999       1.46812117E-02
   2.26999998       1.47856558E-02
   2.27999997       1.48890363E-02
   2.28999996       1.49915693E-02
   2.29999995       1.50937913E-02
   2.30999994       1.51950829E-02
   2.31999993       1.52956964E-02
   2.32999992       1.53957680E-02
   2.33999991       1.54952612E-02
   2.34999990       1.55943111E-02
   2.35999990       1.56928562E-02
   2.36999989       1.57909058E-02
   2.37999988       1.58886295E-02
   2.38999987       1.59859397E-02
   2.39999986       1.60829257E-02
   2.40999985       1.61795784E-02
   2.41999984       1.62756667E-02
   2.42999983       1.63715109E-02
   2.44000006       1.64673291E-02
   2.45000005       1.65627152E-02
   2.46000004       1.66578181E-02
   2.47000003       1.67520363E-02
   2.48000002       1.68472063E-02
   2.49000001       1.69416182E-02
   2.50000000       1.70356072E-02
   2.50999999       1.71296205E-02
   2.51999998       1.72231179E-02
   2.52999997       1.73168033E-02
   2.53999996       1.74100697E-02
   2.54999995       1.75029952E-02
   2.55999994       1.75959039E-02
   2.56999993       1.76885929E-02
   2.57999992       1.77808348E-02
   2.58999991       1.78737100E-02
   2.59999990       1.79659706E-02
   2.60999990       1.80580411E-02
   2.61999989       1.81499459E-02
   2.62999988       1.82417240E-02
   2.63999987       1.83332469E-02
   2.64999986       1.84246618E-02
   2.65999985       1.85161289E-02
   2.66999984       1.86072830E-02
   2.67999983       1.86983868E-02
   2.69000006       1.87893938E-02
   2.70000005       1.88803487E-02
   2.71000004       1.89710185E-02
   2.72000003       1.90615710E-02
   2.73000002       1.91521328E-02
   2.74000001       1.92424934E-02
   2.75000000       1.93327330E-02
   2.75999999       1.94228832E-02
   2.76999998       1.95127875E-02
   2.77999997       1.96027644E-02
   2.78999996       1.96927898E-02
   2.79999995       1.97825711E-02
   2.80999994       1.98721625E-02
   2.81999993       1.99618097E-02
   2.82999992       2.00512838E-02
   2.83999991       2.01406479E-02
   2.84999990       2.02299636E-02
   2.85999990       2.03192309E-02
   2.86999989       2.04083379E-02
   2.87999988       2.04974096E-02
   2.88999987       2.05863547E-02
   2.89999986       2.06753463E-02
   2.90999985       2.07639411E-02
   2.91999984       2.08528172E-02
   2.92999983       2.09414586E-02
   2.93999982       2.10299361E-02
   2.95000005       2.11184621E-02
   2.96000004       2.12069303E-02
   2.97000003       2.12953594E-02
   2.98000002       2.13832669E-02
   2.99000001       2.14719512E-02
   3.00000000       2.15601157E-02
   3.00999999       2.16481313E-02
   3.01999998       2.17362028E-02
   3.02999997       2.18241680E-02
   3.03999996       2.19120290E-02
   3.04999995       2.19998881E-02
   3.05999994       2.20877286E-02
   3.06999993       2.21670624E-02
   3.07999992       2.22630501E-02
   3.08999991       2.23506745E-02
   3.09999990       2.24382114E-02
   3.10999990       2.25256924E-02
   3.11999989       2.26131752E-02
   3.12999988       2.27004532E-02
   3.13999987       2.27875989E-02
   3.14999986       2.28751041E-02
   3.15999985       2.29623020E-02
   3.16999984       2.30491180E-02
   3.17999983       2.31365394E-02
   3.18999982       2.32235957E-02
   3.19999981       2.33106092E-02
   3.21000004       2.33975779E-02
   3.22000003       2.34844945E-02
   3.23000002       2.35713571E-02
   3.24000001       2.36581434E-02
   3.25000000       2.37449966E-02
   3.25999999       2.38317773E-02
   3.26999998       2.39182245E-02
   3.27999997       2.40050666E-02
   3.28999996       2.40916163E-02
   3.29999995       2.41780560E-02
   3.30999994       2.42646541E-02
   3.31999993       2.43510529E-02
   3.32999992       2.44374815E-02
   3.33999991       2.45236978E-02
   3.34999990       2.46101096E-02
   3.35999990       2.46964786E-02
   3.36999989       2.47827321E-02
   3.37999988       2.48688255E-02
   3.38999987       2.49549355E-02
   3.39999986       2.50412561E-02
   3.40999985       2.51273382E-02
   3.41999984       2.52133310E-02
   3.42999983       2.52994373E-02
   3.43999982       2.53854357E-02
   3.44999981       2.54713260E-02
   3.46000004       2.55572852E-02
   3.47000003       2.56430786E-02
   3.48000002       2.57289466E-02
   3.49000001       2.58146841E-02
   3.50000000       2.59004589E-02
   3.50999999       2.59862933E-02
