   9.99999978E-03   6.56233778E-09
   1.99999996E-02   2.56390540E-05
   2.99999993E-02   3.50339142E-05
   3.99999991E-02   4.31629633E-05
   4.99999970E-02   5.04859272E-05
   5.99999987E-02   5.71684068E-05
   7.00000003E-02   6.31934818E-05
   7.99999982E-02   6.87874999E-05
   8.99999961E-02   7.38862946E-05
   9.99999940E-02   7.86098462E-05
  0.109999999       8.30261706E-05
  0.119999997       8.71101802E-05
  0.129999995       9.09694718E-05
  0.140000001       9.44997737E-05
  0.149999991       9.78384123E-05
  0.159999996       1.01010650E-04
  0.170000002       1.03962622E-04
  0.179999992       1.06692067E-04
  0.189999998       1.09326058E-04
  0.199999988       1.11755602E-04
  0.209999993       1.14060676E-04
  0.219999999       1.16273724E-04
  0.229999989       1.18222655E-04
  0.239999995       1.20186276E-04
  0.250000000       1.21994715E-04
  0.259999990       1.23709717E-04
  0.269999981       1.25265942E-04
  0.280000001       1.26722589E-04
  0.289999992       1.28294705E-04
  0.299999982       1.29374719E-04
  0.310000002       1.30864952E-04
  0.319999993       1.32070010E-04
  0.329999983       1.33183814E-04
  0.340000004       1.34277638E-04
  0.349999994       1.35249458E-04
  0.359999985       1.36206581E-04
  0.370000005       1.37085823E-04
  0.379999995       1.37879004E-04
  0.389999986       1.38689385E-04
  0.399999976       1.39455631E-04
  0.409999996       1.40141463E-04
  0.419999987       1.40757402E-04
  0.429999977       1.41366836E-04
  0.439999998       1.41936122E-04
  0.449999988       1.42545774E-04
  0.459999979       1.43074853E-04
  0.469999999       1.43558209E-04
  0.479999989       1.43987156E-04
  0.489999980       1.44415128E-04
  0.500000000       1.44804246E-04
  0.509999990       1.45152895E-04
  0.519999981       1.45464772E-04
  0.529999971       1.45796657E-04
  0.539999962       1.46069171E-04
  0.550000012       1.46338134E-04
  0.560000002       1.46610095E-04
  0.569999993       1.46883322E-04
  0.579999983       1.47120256E-04
  0.589999974       1.47301384E-04
  0.599999964       1.47508734E-04
  0.610000014       1.47619634E-04
  0.620000005       1.47808183E-04
  0.629999995       1.47932107E-04
  0.639999986       1.48065272E-04
  0.649999976       1.48087594E-04
  0.659999967       1.48266903E-04
  0.669999957       1.48385283E-04
  0.680000007       1.48472536E-04
  0.689999998       1.48488485E-04
  0.699999988       1.48588355E-04
  0.709999979       1.48614141E-04
  0.719999969       1.48658844E-04
  0.729999959       1.48676278E-04
  0.740000010       1.48703795E-04
  0.750000000       1.48730251E-04
  0.759999990       1.48733248E-04
  0.769999981       1.48751802E-04
  0.779999971       1.48770952E-04
  0.789999962       1.48734078E-04
  0.799999952       1.48723178E-04
  0.810000002       1.48696417E-04
  0.819999993       1.48571795E-04
  0.829999983       1.48658262E-04
  0.839999974       1.48612424E-04
  0.849999964       1.48590931E-04
  0.859999955       1.48548497E-04
  0.870000005       1.48479769E-04
  0.879999995       1.48455772E-04
  0.889999986       1.47843864E-04
  0.899999976       1.48368112E-04
  0.909999967       1.48297288E-04
  0.919999957       1.48136794E-04
  0.930000007       1.48188832E-04
  0.939999998       1.48101841E-04
  0.949999988       1.48023712E-04
  0.959999979       1.48000458E-04
  0.969999969       1.47948449E-04
  0.979999959       1.47929633E-04
  0.989999950       1.47960498E-04
   1.00000000       1.71520413E-04
   1.00999999       1.67323116E-04
   1.01999998       1.67309423E-04
   1.02999997       1.67777122E-04
   1.03999996       1.67965773E-04
   1.04999995       1.68130500E-04
   1.05999994       1.67303850E-04
   1.06999993       1.68452301E-04
   1.07999992       1.68748360E-04
   1.09000003       1.69085848E-04
   1.10000002       1.67417922E-04
   1.11000001       1.69378676E-04
   1.12000000       1.69728941E-04
   1.13000000       1.69848485E-04
   1.13999999       1.70167899E-04
   1.14999998       1.70431609E-04
   1.15999997       1.70614643E-04
   1.16999996       1.70895393E-04
   1.17999995       1.70968488E-04
   1.18999994       1.71443302E-04
   1.19999993       1.71286258E-04
   1.20999992       1.70863015E-04
   1.22000003       1.72126107E-04
   1.23000002       1.72264205E-04
   1.24000001       1.72565778E-04
   1.25000000       1.72674030E-04
   1.25999999       1.73074863E-04
   1.26999998       1.73487060E-04
   1.27999997       1.73852983E-04
   1.28999996       1.74040732E-04
   1.29999995       1.74328205E-04
   1.30999994       1.74658213E-04
   1.31999993       1.75016612E-04
   1.32999992       1.75012057E-04
   1.33999991       1.75656503E-04
   1.35000002       1.75945475E-04
   1.36000001       1.76178844E-04
   1.37000000       1.76679343E-04
   1.38000000       1.76926711E-04
   1.38999999       1.77402660E-04
   1.39999998       1.77722992E-04
   1.40999997       1.76257687E-04
   1.41999996       1.78578601E-04
   1.42999995       1.78961564E-04
   1.43999994       1.79238545E-04
   1.44999993       1.79791445E-04
   1.45999992       1.80113304E-04
   1.46999991       1.80676812E-04
   1.48000002       1.80842428E-04
   1.49000001       1.81381576E-04
   1.50000000       1.82025571E-04
   1.50999999       1.82348449E-04
   1.51999998       1.82978285E-04
   1.52999997       1.83504744E-04
   1.53999996       1.84131859E-04
   1.54999995       1.84629331E-04
   1.55999994       1.85224460E-04
   1.56999993       1.85853321E-04
   1.57999992       1.86432386E-04
   1.58999991       1.87059268E-04
   1.59999990       1.87700905E-04
   1.61000001       1.88173115E-04
   1.62000000       1.89041835E-04
   1.63000000       1.89808721E-04
   1.63999999       1.90375562E-04
   1.64999998       1.91093597E-04
   1.65999997       1.92185427E-04
   1.66999996       1.93127737E-04
   1.67999995       1.93444546E-04
   1.68999994       1.94849825E-04
   1.69999993       1.95954635E-04
   1.70999992       1.96910012E-04
   1.71999991       1.98027541E-04
   1.73000002       1.99191811E-04
   1.74000001       1.99950693E-04
   1.75000000       2.01607254E-04
   1.75999999       2.02947398E-04
   1.76999998       2.04401324E-04
   1.77999997       2.05955424E-04
   1.78999996       2.07515433E-04
   1.79999995       2.09205391E-04
   1.80999994       2.11085149E-04
   1.81999993       2.12913161E-04
   1.82999992       2.15248627E-04
   1.83999991       2.17623077E-04
   1.84999990       2.20145608E-04
   1.86000001       2.22994364E-04
   1.87000000       2.26052784E-04
   1.88000000       2.29608748E-04
   1.88999999       2.33544299E-04
   1.89999998       2.38051653E-04
   1.90999997       2.42864626E-04
   1.91999996       2.49302742E-04
   1.92999995       2.56593339E-04
   1.93999994       2.65630864E-04
   1.94999993       2.76875537E-04
   1.95999992       2.92284589E-04
   1.96999991       3.14393750E-04
   1.97999990       3.49745067E-04
   1.99000001       4.26596176E-04
   2.00000000       9.68173263E-04
   2.00999999       5.67780714E-03
   2.01999998       6.58879848E-03
   2.02999997       7.01351510E-03
   2.03999996       7.27896066E-03
   2.04999995       7.47154653E-03
   2.05999994       7.62451114E-03
   2.06999993       7.75329489E-03
   2.07999992       7.86643103E-03
   2.08999991       7.96866883E-03
   2.09999990       8.06218386E-03
   2.10999990       8.15151166E-03
   2.11999989       8.23541824E-03
   2.12999988       8.31535086E-03
   2.13999987       8.39330442E-03
   2.14999986       8.46846402E-03
   2.15999985       8.54173303E-03
   2.16999984       8.61326512E-03
   2.18000007       8.68339464E-03
   2.19000006       8.75274185E-03
   2.20000005       8.82046297E-03
   2.21000004       8.88809096E-03
   2.22000003       8.95453244E-03
   2.23000002       9.02022235E-03
   2.24000001       9.08515230E-03
   2.25000000       9.14973859E-03
   2.25999999       9.21355840E-03
   2.26999998       9.27735213E-03
   2.27999997       9.34041664E-03
   2.28999996       9.40324180E-03
   2.29999995       9.41425469E-03
   2.30999994       9.52771306E-03
   2.31999993       9.58954450E-03
   2.32999992       9.65094101E-03
   2.33999991       9.71176941E-03
   2.34999990       9.77313891E-03
   2.35999990       9.83386021E-03
   2.36999989       9.89432633E-03
   2.37999988       9.95457172E-03
   2.38999987       1.00146355E-02
   2.39999986       1.00747384E-02
   2.40999985       1.01344669E-02
   2.41999984       1.01939971E-02
   2.42999983       1.02533652E-02
   2.44000006       1.03126941E-02
   2.45000005       1.03716590E-02
   2.46000004       1.04305483E-02
   2.47000003       1.04895672E-02
   2.48000002       1.05482796E-02
   2.49000001       1.06066735E-02
   2.50000000       1.06653525E-02
   2.50999999       1.07236346E-02
   2.51999998       1.07816709E-02
   2.52999997       1.08169364E-02
   2.53999996       1.08979028E-02
   2.54999995       1.09558161E-02
   2.55999994       1.10134734E-02
   2.56999993       1.10712955E-02
   2.57999992       1.11286668E-02
   2.58999991       1.11864954E-02
   2.59999990       1.12439180E-02
   2.60999990       1.12886801E-02
   2.61999989       1.13585955E-02
   2.62999988       1.14156781E-02
   2.63999987       1.14727914E-02
   2.64999986       1.15296869E-02
   2.65999985       1.15867183E-02
   2.66999984       1.16436081E-02
   2.67999983       1.17004132E-02
   2.69000006       1.17571428E-02
   2.70000005       1.18138585E-02
   2.71000004       1.18703013E-02
   2.72000003       1.19268587E-02
   2.73000002       1.19832242E-02
   2.74000001       1.20398393E-02
   2.75000000       1.20961098E-02
   2.75999999       1.21524027E-02
   2.76999998       1.22084385E-02
   2.77999997       1.22647360E-02
   2.78999996       1.23209255E-02
   2.79999995       1.23769846E-02
   2.80999994       1.24329599E-02
   2.81999993       1.24889091E-02
   2.82999992       1.25447689E-02
   2.83999991       1.26005234E-02
   2.84999990       1.26545280E-02
   2.85999990       1.26958843E-02
   2.86999989       1.27676148E-02
   2.87999988       1.28231654E-02
   2.88999987       1.28790159E-02
   2.89999986       1.29345665E-02
   2.90999985       1.29900016E-02
   2.91999984       1.30455159E-02
   2.92999983       1.31008634E-02
   2.93999982       1.31562091E-02
   2.95000005       1.32115250E-02
   2.96000004       1.32668242E-02
   2.97000003       1.33220460E-02
   2.98000002       1.33771375E-02
   2.99000001       1.34324711E-02
   3.00000000       1.34876063E-02
   3.00999999       1.35425283E-02
   3.01999998       1.35976616E-02
   3.02999997       1.36527084E-02
   3.03999996       1.37075474E-02
   3.04999995       1.37624983E-02
   3.05999994       1.38173681E-02
   3.06999993       1.38721764E-02
   3.07999992       1.39270527E-02
   3.08999991       1.39819440E-02
   3.09999990       1.40365241E-02
   3.10999990       1.40912784E-02
   3.11999989       1.41459135E-02
   3.12999988       1.42005393E-02
   3.13999987       1.42551046E-02
   3.14999986       1.43095711E-02
   3.15999985       1.43642509E-02
   3.16999984       1.44185536E-02
   3.17999983       1.44732213E-02
   3.18999982       1.45271989E-02
   3.19999981       1.45821618E-02
   3.21000004       1.46365929E-02
   3.22000003       1.46909961E-02
   3.23000002       1.47453146E-02
   3.24000001       1.47995390E-02
   3.25000000       1.48539152E-02
   3.25999999       1.49080306E-02
   3.26999998       1.49622690E-02
   3.27999997       1.50165074E-02
   3.28999996       1.50705660E-02
   3.29999995       1.51247904E-02
   3.30999994       1.51786786E-02
   3.31999993       1.52330762E-02
   3.32999992       1.52871301E-02
   3.33999991       1.53410863E-02
   3.34999990       1.53951012E-02
   3.35999990       1.54490257E-02
   3.36999989       1.55026074E-02
   3.37999988       1.55569529E-02
   3.38999987       1.56109054E-02
   3.39999986       1.56648662E-02
   3.40999985       1.57187618E-02
   3.41999984       1.57725662E-02
   3.42999983       1.58264674E-02
   3.43999982       1.58802699E-02
   3.44999981       1.59339700E-02
   3.46000004       1.59876328E-02
   3.47000003       1.60414763E-02
   3.48000002       1.60951763E-02
   3.49000001       1.61488466E-02
   3.50000000       1.62025355E-02
   3.50999999       1.62562020E-02
