   9.99999978E-03   1.10320697E-09
   1.99999996E-02   2.20641549E-09
   2.99999993E-02   3.30971384E-09
   3.99999991E-02   4.41309078E-09
   4.99999970E-02   5.51647217E-09
   5.99999987E-02   6.62007160E-09
   7.00000003E-02   7.72388464E-09
   7.99999982E-02   8.82780338E-09
   8.99999961E-02   9.93198501E-09
   9.99999940E-02   3.30207622E-05
  0.109999999       3.48884641E-05
  0.119999997       3.65118067E-05
  0.129999995       3.81311329E-05
  0.140000001       3.95822026E-05
  0.149999991       4.09709064E-05
  0.159999996       4.22109588E-05
  0.170000002       4.34596659E-05
  0.179999992       4.46208433E-05
  0.189999998       4.56734342E-05
  0.199999988       4.66698439E-05
  0.209999993       4.75525412E-05
  0.219999999       4.84761840E-05
  0.229999989       4.92920917E-05
  0.239999995       5.01270151E-05
  0.250000000       5.08488120E-05
  0.259999990       5.14176354E-05
  0.269999981       5.21423281E-05
  0.280000001       5.27354314E-05
  0.289999992       5.34175961E-05
  0.299999982       5.37582164E-05
  0.310000002       5.44977120E-05
  0.319999993       5.49453107E-05
  0.329999983       5.54287362E-05
  0.340000004       5.58633328E-05
  0.349999994       5.62615314E-05
  0.359999985       5.66216368E-05
  0.370000005       5.70267766E-05
  0.379999995       5.73633624E-05
  0.389999986       5.76670282E-05
  0.399999976       5.79430234E-05
  0.409999996       5.83056608E-05
  0.419999987       5.74415935E-05
  0.429999977       5.87284667E-05
  0.439999998       5.85442540E-05
  0.449999988       5.88743969E-05
  0.459999979       5.91444841E-05
  0.469999999       5.93963232E-05
  0.479999989       5.97851140E-05
  0.489999980       6.00076673E-05
  0.500000000       6.01501633E-05
  0.509999990       6.02834443E-05
  0.519999981       6.04078487E-05
  0.529999971       6.05553687E-05
  0.539999962       6.06903159E-05
  0.550000012       6.08012670E-05
  0.560000002       6.08900482E-05
  0.569999993       6.09898816E-05
  0.579999983       6.10667994E-05
  0.589999974       6.11177820E-05
  0.599999964       6.11872601E-05
  0.610000014       6.12361910E-05
  0.620000005       6.13486191E-05
  0.629999995       6.14202145E-05
  0.639999986       6.14128076E-05
  0.649999976       6.14078672E-05
  0.659999967       6.15153840E-05
  0.669999957       6.15505269E-05
  0.680000007       6.16027173E-05
  0.689999998       6.16260804E-05
  0.699999988       6.16304387E-05
  0.709999979       6.16264442E-05
  0.719999969       6.16805410E-05
  0.729999959       6.16646939E-05
  0.740000010       6.16896796E-05
  0.750000000       6.16882826E-05
  0.759999990       6.16612233E-05
  0.769999981       6.16869438E-05
  0.779999971       6.16737161E-05
  0.789999962       6.16625111E-05
  0.799999952       6.16844627E-05
  0.810000002       6.16592879E-05
  0.819999993       6.15950121E-05
  0.829999983       6.15012686E-05
  0.839999974       6.16287070E-05
  0.849999964       6.14097662E-05
  0.859999955       6.15672834E-05
  0.870000005       6.15129684E-05
  0.879999995       6.15404133E-05
  0.889999986       6.11795913E-05
  0.899999976       6.14378805E-05
  0.909999967       6.14574383E-05
  0.919999957       6.14313103E-05
  0.930000007       6.13800730E-05
  0.939999998       6.13726297E-05
  0.949999988       6.13640659E-05
  0.959999979       6.12896620E-05
  0.969999969       6.12964941E-05
  0.979999959       6.12363438E-05
  0.989999950       6.12021831E-05
   1.00000000       6.45001783E-05
   1.00999999       6.43775056E-05
   1.01999998       6.43427411E-05
   1.02999997       6.43821695E-05
   1.03999996       6.43575477E-05
   1.04999995       6.44454994E-05
   1.05999994       6.45250038E-05
   1.06999993       6.43694730E-05
   1.07999992       6.45430700E-05
   1.09000003       6.44876491E-05
   1.10000002       6.45169785E-05
   1.11000001       6.44953107E-05
   1.12000000       6.45967593E-05
   1.13000000       6.45507243E-05
   1.13999999       6.45802938E-05
   1.14999998       6.46510598E-05
   1.15999997       6.46236149E-05
   1.16999996       6.47028501E-05
   1.17999995       6.47091438E-05
   1.18999994       6.46239205E-05
   1.19999993       6.46367844E-05
   1.20999992       6.48366404E-05
   1.22000003       6.47377237E-05
   1.23000002       6.47259658E-05
   1.24000001       6.46993212E-05
   1.25000000       6.47087872E-05
   1.25999999       6.48293571E-05
   1.26999998       6.47230190E-05
   1.27999997       6.48884015E-05
   1.28999996       6.49844369E-05
   1.29999995       6.48981222E-05
   1.30999994       6.49590293E-05
   1.31999993       6.50445727E-05
   1.32999992       6.50450093E-05
   1.33999991       6.51330338E-05
   1.35000002       6.50503134E-05
   1.36000001       6.51382943E-05
   1.37000000       6.51901355E-05
   1.38000000       6.50854563E-05
   1.38999999       6.51000082E-05
   1.39999998       6.50752918E-05
   1.40999997       6.51795563E-05
   1.41999996       6.52813469E-05
   1.42999995       6.53515235E-05
   1.43999994       6.53884417E-05
   1.44999993       6.54964897E-05
   1.45999992       6.54330361E-05
   1.46999991       6.56019402E-05
   1.48000002       6.55764670E-05
   1.49000001       6.56729608E-05
   1.50000000       6.57523269E-05
   1.50999999       6.58040881E-05
   1.51999998       6.59363650E-05
   1.52999997       6.60068908E-05
   1.53999996       6.60686419E-05
   1.54999995       6.61811791E-05
   1.55999994       6.62295643E-05
   1.56999993       6.62282764E-05
   1.57999992       6.64976396E-05
   1.58999991       6.64184045E-05
   1.59999990       6.66334745E-05
   1.61000001       6.66677370E-05
   1.62000000       6.67423155E-05
   1.63000000       6.68787834E-05
   1.63999999       6.69987203E-05
   1.64999998       6.71323942E-05
   1.65999997       6.72729948E-05
   1.66999996       6.73848917E-05
   1.67999995       6.74336261E-05
   1.68999994       6.74832554E-05
   1.69999993       6.77487842E-05
   1.70999992       6.79848599E-05
   1.71999991       8.17274122E-06
   1.73000002       6.83039761E-05
   1.74000001       6.84446131E-05
   1.75000000       6.86283383E-05
   1.75999999       6.89370281E-05
   1.76999998       6.91202440E-05
   1.77999997       6.92721223E-05
   1.78999996       6.99325246E-05
   1.79999995       7.03318437E-05
   1.80999994       7.01583413E-05
   1.81999993       7.04966733E-05
   1.82999992       7.07575891E-05
   1.83999991       7.12791589E-05
   1.84999990       7.16394716E-05
   1.86000001       7.17844960E-05
   1.87000000       1.15653038E-05
   1.88000000       7.32307381E-05
   1.88999999       7.37857408E-05
   1.89999998       7.45843136E-05
   1.90999997       7.49337778E-05
   1.91999996       7.64516299E-05
   1.92999995       7.76838497E-05
   1.93999994       7.92162755E-05
   1.94999993       8.11080536E-05
   1.95999992       8.37702319E-05
   1.96999991       8.75464029E-05
   1.97999990       9.36300203E-05
   1.99000001       1.07605083E-04
   2.00000000       2.78501131E-04
   2.00999999       2.68637436E-03
   2.01999998       2.93118996E-03
   2.02999997       3.04279895E-03
   2.03999996       3.11459764E-03
   2.04999995       3.16921086E-03
   2.05999994       3.21453274E-03
   2.06999993       3.25433258E-03
   2.07999992       3.29054589E-03
   2.08999991       3.32440529E-03
   2.09999990       3.35655850E-03
   2.10999990       3.38730123E-03
   2.11999989       3.41708399E-03
   2.12999988       3.44598480E-03
   2.13999987       3.47442366E-03
   2.14999986       3.50226276E-03
   2.15999985       3.52964015E-03
   2.16999984       3.54905706E-03
   2.18000007       3.58324707E-03
   2.19000006       3.60993622E-03
   2.20000005       3.63609055E-03
   2.21000004       3.66222882E-03
   2.22000003       3.68808373E-03
   2.23000002       3.71376635E-03
   2.24000001       3.73925804E-03
   2.25000000       3.76465241E-03
   2.25999999       3.78988218E-03
   2.26999998       3.81510914E-03
   2.27999997       3.84010398E-03
   2.28999996       3.86508717E-03
   2.29999995       3.89002170E-03
   2.30999994       3.91484099E-03
   2.31999993       3.93943395E-03
   2.32999992       3.96403996E-03
   2.33999991       3.98852536E-03
   2.34999990       4.01304057E-03
   2.35999990       4.03743982E-03
   2.36999989       4.06185538E-03
   2.37999988       4.08610003E-03
   2.38999987       4.11032466E-03
   2.39999986       4.13458515E-03
   2.40999985       4.15868452E-03
   2.41999984       4.18273918E-03
   2.42999983       4.20676079E-03
   2.44000006       4.23076795E-03
   2.45000005       4.25465638E-03
   2.46000004       4.27848520E-03
   2.47000003       4.30229632E-03
   2.48000002       4.32617730E-03
   2.49000001       4.34856815E-03
   2.50000000       4.37370315E-03
   2.50999999       4.39707004E-03
   2.51999998       4.42104321E-03
   2.52999997       4.44461266E-03
   2.53999996       4.46825055E-03
   2.54999995       4.49060695E-03
   2.55999994       4.51526558E-03
   2.56999993       4.53867996E-03
   2.57999992       4.56218980E-03
   2.58999991       4.58564702E-03
   2.59999990       4.60907351E-03
   2.60999990       4.63244272E-03
   2.61999989       4.65577561E-03
   2.62999988       4.67903260E-03
   2.63999987       4.70227050E-03
   2.64999986       4.72558243E-03
   2.65999985       4.72604483E-03
   2.66999984       4.77188872E-03
   2.67999983       4.79507865E-03
   2.69000006       4.81546251E-03
   2.70000005       4.84138587E-03
   2.71000004       4.86451341E-03
   2.72000003       4.88756737E-03
   2.73000002       4.91056778E-03
   2.74000001       4.93355095E-03
   2.75000000       4.95657744E-03
   2.75999999       4.97956946E-03
   2.76999998       5.00229606E-03
   2.77999997       5.02551161E-03
   2.78999996       5.04820095E-03
   2.79999995       5.07140160E-03
   2.80999994       5.09156846E-03
   2.81999993       5.11706760E-03
   2.82999992       5.13992319E-03
   2.83999991       5.16273919E-03
   2.84999990       5.18550072E-03
   2.85999990       5.20827854E-03
   2.86999989       5.23105450E-03
   2.87999988       5.25376806E-03
   2.88999987       5.27296960E-03
   2.89999986       5.29930042E-03
   2.90999985       5.32202981E-03
   2.91999984       5.34465862E-03
   2.92999983       5.36728650E-03
   2.93999982       5.38617978E-03
   2.95000005       5.41255763E-03
   2.96000004       5.43513242E-03
   2.97000003       5.45769092E-03
   2.98000002       5.46857947E-03
   2.99000001       5.49114589E-03
   3.00000000       5.51383151E-03
   3.00999999       5.53633738E-03
   3.01999998       5.55882510E-03
   3.02999997       5.58131468E-03
   3.03999996       5.60384477E-03
   3.04999995       5.62635297E-03
   3.05999994       5.64886024E-03
   3.06999993       5.67127904E-03
   3.07999992       5.69370529E-03
   3.08999991       5.72768040E-03
   3.09999990       5.75014623E-03
   3.10999990       5.77256829E-03
   3.11999989       5.79497823E-03
   3.12999988       5.81080979E-03
   3.13999987       5.83778042E-03
   3.14999986       5.86187746E-03
   3.15999985       5.88429207E-03
   3.16999984       5.90660004E-03
   3.17999983       5.92894061E-03
   3.18999982       5.95122110E-03
   3.19999981       5.97352302E-03
   3.21000004       5.99586917E-03
   3.22000003       6.00852212E-03
   3.23000002       6.04038080E-03
   3.24000001       6.06265757E-03
   3.25000000       6.08487660E-03
   3.25999999       6.10701460E-03
   3.26999998       6.12919312E-03
   3.27999997       6.15140051E-03
   3.28999996       6.17355574E-03
   3.29999995       6.19574264E-03
   3.30999994       6.21794537E-03
   3.31999993       6.24011131E-03
   3.32999992       6.26222137E-03
   3.33999991       6.28420571E-03
   3.34999990       6.30643172E-03
   3.35999990       6.32857904E-03
   3.36999989       6.35058526E-03
   3.37999988       6.37245784E-03
   3.38999987       6.39490224E-03
   3.39999986       6.41693780E-03
   3.40999985       6.43907255E-03
   3.41999984       6.45874627E-03
   3.42999983       6.48321863E-03
   3.43999982       6.50521228E-03
   3.44999981       6.52730325E-03
   3.46000004       6.54928107E-03
   3.47000003       6.57123141E-03
   3.48000002       6.59329165E-03
   3.49000001       6.61524339E-03
   3.50000000       6.63721608E-03
   3.50999999       6.65923161E-03
