   9.99999978E-03   2.80478744E-05
   1.99999996E-02   5.15376050E-05
   2.99999993E-02   7.15063288E-05
   3.99999991E-02   8.91776508E-05
   4.99999970E-02   1.04886109E-04
   5.99999987E-02   1.19224940E-04
   7.00000003E-02   1.32256377E-04
   7.99999982E-02   1.44347956E-04
   8.99999961E-02   1.55394926E-04
   9.99999940E-02   1.65581660E-04
  0.109999999       1.75254783E-04
  0.119999997       1.84182980E-04
  0.129999995       1.92530075E-04
  0.140000001       2.00273484E-04
  0.149999991       2.07562683E-04
  0.159999996       2.14404063E-04
  0.170000002       2.20844609E-04
  0.179999992       2.26848977E-04
  0.189999998       2.32525141E-04
  0.199999988       2.37848173E-04
  0.209999993       2.41763570E-04
  0.219999999       2.47619988E-04
  0.229999989       2.52060097E-04
  0.239999995       2.56329949E-04
  0.250000000       2.60262954E-04
  0.259999990       2.64031492E-04
  0.269999981       2.67551542E-04
  0.280000001       2.70889956E-04
  0.289999992       2.74020364E-04
  0.299999982       2.76977080E-04
  0.310000002       2.79756408E-04
  0.319999993       2.82450143E-04
  0.329999983       2.84913374E-04
  0.340000004       2.87297706E-04
  0.349999994       2.89473799E-04
  0.359999985       2.91521341E-04
  0.370000005       2.93650548E-04
  0.379999995       2.95427715E-04
  0.389999986       2.97166087E-04
  0.399999976       2.98825122E-04
  0.409999996       3.00389424E-04
  0.419999987       3.01844877E-04
  0.429999977       3.03222274E-04
  0.439999998       3.04460147E-04
  0.449999988       3.05729482E-04
  0.459999979       3.06869333E-04
  0.469999999       2.95269449E-04
  0.479999989       3.08927818E-04
  0.489999980       3.09861149E-04
  0.500000000       3.10742849E-04
  0.509999990       3.11556272E-04
  0.519999981       3.12279619E-04
  0.529999971       3.13028519E-04
  0.539999962       3.13700381E-04
  0.550000012       3.14197910E-04
  0.560000002       3.14866804E-04
  0.569999993       3.15389450E-04
  0.579999983       3.15912039E-04
  0.589999974       3.16362682E-04
  0.599999964       3.16773454E-04
  0.610000014       3.17161612E-04
  0.620000005       3.17508209E-04
  0.629999995       3.17840895E-04
  0.639999986       3.18104198E-04
  0.649999976       3.18359031E-04
  0.659999967       3.18639271E-04
  0.669999957       3.19183746E-04
  0.680000007       3.19379265E-04
  0.689999998       3.19527782E-04
  0.699999988       3.19668092E-04
  0.709999979       3.19776474E-04
  0.719999969       3.19903105E-04
  0.729999959       3.20164894E-04
  0.740000010       3.20272375E-04
  0.750000000       3.20304593E-04
  0.759999990       3.20298335E-04
  0.769999981       3.20399966E-04
  0.779999971       3.20389692E-04
  0.789999962       3.20421852E-04
  0.799999952       3.20428866E-04
  0.810000002       3.20486550E-04
  0.819999993       3.20423220E-04
  0.829999983       3.20257968E-04
  0.839999974       3.20417137E-04
  0.849999964       3.19953775E-04
  0.859999955       3.20336578E-04
  0.870000005       3.20314168E-04
  0.879999995       3.20228835E-04
  0.889999986       3.20321386E-04
  0.899999976       3.20201158E-04
  0.909999967       3.20141757E-04
  0.919999957       3.20113468E-04
  0.930000007       3.20092717E-04
  0.939999998       3.20144492E-04
  0.949999988       3.19989689E-04
  0.959999979       3.20383202E-04
  0.969999969       3.20564664E-04
  0.979999959       3.20860068E-04
  0.989999950       3.22280539E-04
   1.00000000       4.41626587E-04
   1.00999999       4.19188756E-04
   1.01999998       4.18605021E-04
   1.02999997       4.19212884E-04
   1.03999996       4.20004304E-04
   1.04999995       4.21011326E-04
   1.05999994       4.21565725E-04
   1.06999993       4.23244201E-04
   1.07999992       4.23544261E-04
   1.09000003       4.25642793E-04
   1.10000002       4.26950748E-04
   1.11000001       4.28184314E-04
   1.12000000       4.29518026E-04
   1.13000000       4.30656655E-04
   1.13999999       4.32188681E-04
   1.14999998       4.32968925E-04
   1.15999997       4.34875372E-04
   1.16999996       4.36372939E-04
   1.17999995       4.37580718E-04
   1.18999994       4.39206255E-04
   1.19999993       4.40666015E-04
   1.20999992       4.42043791E-04
   1.22000003       4.43684839E-04
   1.23000002       4.45170590E-04
   1.24000001       4.46384423E-04
   1.25000000       4.48285718E-04
   1.25999999       4.49827028E-04
   1.26999998       4.51484637E-04
   1.27999997       4.53081186E-04
   1.28999996       4.54766763E-04
   1.29999995       4.56446665E-04
   1.30999994       4.56555368E-04
   1.31999993       4.54350840E-04
   1.32999992       4.61729593E-04
   1.33999991       4.63477510E-04
   1.35000002       4.65192861E-04
   1.36000001       4.67217062E-04
   1.37000000       4.69153107E-04
   1.38000000       4.71065228E-04
   1.38999999       4.73129126E-04
   1.39999998       4.75103327E-04
   1.40999997       4.77168389E-04
   1.41999996       4.79154784E-04
   1.42999995       4.81431838E-04
   1.43999994       4.83603450E-04
   1.44999993       4.85697237E-04
   1.45999992       4.88124671E-04
   1.46999991       4.90323990E-04
   1.48000002       4.92928433E-04
   1.49000001       4.95395856E-04
   1.50000000       4.97868517E-04
   1.50999999       5.00484544E-04
   1.51999998       5.03154821E-04
   1.52999997       5.05879871E-04
   1.53999996       5.08710917E-04
   1.54999995       5.11586375E-04
   1.55999994       5.14240644E-04
   1.56999993       5.17726876E-04
   1.57999992       5.20822185E-04
   1.58999991       5.23629773E-04
   1.59999990       5.27252501E-04
   1.61000001       5.30986348E-04
   1.62000000       5.34557796E-04
   1.63000000       5.38310851E-04
   1.63999999       5.42180729E-04
   1.64999998       5.45958173E-04
   1.65999997       5.50293480E-04
   1.66999996       5.54530765E-04
   1.67999995       5.59225969E-04
   1.68999994       5.63964248E-04
   1.69999993       5.68428892E-04
   1.70999992       5.70477336E-04
   1.71999991       5.79415471E-04
   1.73000002       5.85039146E-04
   1.74000001       5.91087679E-04
   1.75000000       5.97310194E-04
   1.75999999       6.03913155E-04
   1.76999998       6.10916351E-04
   1.77999997       6.18276652E-04
   1.78999996       6.26450579E-04
   1.79999995       6.34926488E-04
   1.80999994       6.44047977E-04
   1.81999993       6.53851195E-04
   1.82999992       6.64298830E-04
   1.83999991       6.75836462E-04
   1.84999990       6.88423170E-04
   1.86000001       7.02178804E-04
   1.87000000       7.16013485E-04
   1.88000000       7.34178175E-04
   1.88999999       7.53353699E-04
   1.89999998       7.75054621E-04
   1.90999997       7.99994392E-04
   1.91999996       8.29184894E-04
   1.92999995       8.64005415E-04
   1.93999994       9.06446949E-04
   1.94999993       9.60487931E-04
   1.95999992       1.03191554E-03
   1.96999991       1.13319466E-03
   1.97999990       1.29409530E-03
   1.99000001       1.61467795E-03
   2.00000000       3.00528738E-03
   2.00999999       1.04732430E-02
   2.01999998       1.29726082E-02
   2.02999997       1.42431017E-02
   2.03999996       1.50513584E-02
   2.04999995       1.56338755E-02
   2.05999994       1.60881784E-02
   2.06999993       1.64626893E-02
   2.07999992       1.67836621E-02
   2.08999991       1.70671307E-02
   2.09999990       1.73231624E-02
   2.10999990       1.75582487E-02
   2.11999989       1.77779011E-02
   2.12999988       1.79846734E-02
   2.13999987       1.81811601E-02
   2.14999986       1.83694009E-02
   2.15999985       1.85504351E-02
   2.16999984       1.87261831E-02
   2.18000007       1.88968480E-02
   2.19000006       1.90632809E-02
   2.20000005       1.92259699E-02
   2.21000004       1.93856265E-02
   2.22000003       1.95423886E-02
   2.23000002       1.96967181E-02
   2.24000001       1.98488235E-02
   2.25000000       1.99989825E-02
   2.25999999       2.01472733E-02
   2.26999998       2.02942230E-02
   2.27999997       2.04396099E-02
   2.28999996       2.05769278E-02
   2.29999995       2.07265224E-02
   2.30999994       2.08682846E-02
   2.31999993       2.10090391E-02
   2.32999992       2.11487673E-02
   2.33999991       2.12876238E-02
   2.34999990       2.14257613E-02
   2.35999990       2.15630718E-02
   2.36999989       2.16997117E-02
   2.37999988       2.18356643E-02
   2.38999987       2.19710097E-02
   2.39999986       2.21057814E-02
   2.40999985       2.22400110E-02
   2.41999984       2.23736521E-02
   2.42999983       2.25065928E-02
   2.44000006       2.26394124E-02
   2.45000005       2.27716807E-02
   2.46000004       2.29034740E-02
   2.47000003       2.28388123E-02
   2.48000002       2.31659599E-02
   2.49000001       2.32966188E-02
   2.50000000       2.34267414E-02
   2.50999999       2.35568229E-02
   2.51999998       2.36859154E-02
   2.52999997       2.38157790E-02
   2.53999996       2.39447691E-02
   2.54999995       2.40732133E-02
   2.55999994       2.42018681E-02
   2.56999993       2.43296940E-02
   2.57999992       2.44573951E-02
   2.58999991       2.45855264E-02
   2.59999990       2.47124899E-02
   2.60999990       2.48401053E-02
   2.61999989       2.49670148E-02
   2.62999988       2.50936821E-02
   2.63999987       2.52201222E-02
   2.64999986       2.53464561E-02
   2.65999985       2.54724585E-02
   2.66999984       2.55190507E-02
   2.67999983       2.57217437E-02
   2.69000006       2.58494411E-02
   2.70000005       2.59747691E-02
   2.71000004       2.60999501E-02
   2.72000003       2.62249112E-02
   2.73000002       2.63496768E-02
   2.74000001       2.64742728E-02
   2.75000000       2.65981127E-02
   2.75999999       2.67229751E-02
   2.76999998       2.68470310E-02
   2.77999997       2.69710645E-02
   2.78999996       2.70949956E-02
   2.79999995       2.72187274E-02
   2.80999994       2.73421444E-02
   2.81999993       2.74656583E-02
   2.82999992       2.75889784E-02
   2.83999991       2.77120657E-02
   2.84999990       2.78351251E-02
   2.85999990       2.79580820E-02
   2.86999989       2.80808639E-02
   2.87999988       2.82035023E-02
   2.88999987       2.83259675E-02
   2.89999986       2.84485053E-02
   2.90999985       2.85706837E-02
   2.91999984       2.86929552E-02
   2.92999983       2.88150441E-02
   2.93999982       2.89369728E-02
   2.95000005       2.90587842E-02
   2.96000004       2.91800015E-02
   2.97000003       2.93023400E-02
   2.98000002       2.94237360E-02
   2.99000001       2.95454450E-02
   3.00000000       2.96668205E-02
   3.00999999       2.97880266E-02
   3.01999998       2.99092382E-02
   3.02999997       3.00302953E-02
   3.03999996       3.01514100E-02
   3.04999995       3.02722342E-02
   3.05999994       3.03929485E-02
   3.06999993       3.05137206E-02
   3.07999992       3.06343567E-02
   3.08999991       3.07549760E-02
   3.09999990       3.08754817E-02
   3.10999990       3.09958719E-02
   3.11999989       3.11162472E-02
   3.12999988       3.12363226E-02
   3.13999987       3.13565955E-02
   3.14999986       3.14766541E-02
   3.15999985       3.15966308E-02
   3.16999984       3.17162536E-02
   3.17999983       3.18364501E-02
   3.18999982       3.19561958E-02
   3.19999981       3.20759416E-02
   3.21000004       3.21956240E-02
   3.22000003       3.23151462E-02
   3.23000002       3.24347876E-02
   3.24000001       3.25542688E-02
   3.25000000       3.26736793E-02
   3.25999999       3.27929594E-02
   3.26999998       3.29118408E-02
   3.27999997       3.30311991E-02
   3.28999996       3.31505314E-02
   3.29999995       3.32693160E-02
   3.30999994       3.33885178E-02
   3.31999993       3.35073508E-02
   3.32999992       3.36262025E-02
   3.33999991       3.37447189E-02
   3.34999990       3.38637754E-02
   3.35999990       3.39825340E-02
   3.36999989       3.41011956E-02
   3.37999988       3.42197716E-02
   3.38999987       3.43381502E-02
   3.39999986       3.44567671E-02
   3.40999985       3.45751569E-02
   3.41999984       3.46935131E-02
   3.42999983       3.48118022E-02
   3.43999982       3.49301137E-02
   3.44999981       3.50484215E-02
   3.46000004       3.51665057E-02
   3.47000003       3.52846310E-02
   3.48000002       3.54026631E-02
   3.49000001       3.55206691E-02
   3.50000000       3.56386378E-02
   3.50999999       3.57563831E-02
