   9.99999978E-03   3.38820537E-05
   1.99999996E-02   6.32003503E-05
   2.99999993E-02   8.82927343E-05
   3.99999991E-02   1.10468223E-04
   4.99999970E-02   1.30290005E-04
   5.99999987E-02   1.48351392E-04
   7.00000003E-02   1.64830082E-04
   7.99999982E-02   1.80060888E-04
   8.99999961E-02   1.94096719E-04
   9.99999940E-02   2.07080840E-04
  0.109999999       2.19228648E-04
  0.119999997       2.30554971E-04
  0.129999995       2.41130445E-04
  0.140000001       2.50950950E-04
  0.149999991       2.60176108E-04
  0.159999996       2.68882344E-04
  0.170000002       2.77045881E-04
  0.179999992       2.84646056E-04
  0.189999998       2.91894801E-04
  0.199999988       2.98559084E-04
  0.209999993       3.05069087E-04
  0.219999999       3.11062875E-04
  0.229999989       3.16754828E-04
  0.239999995       3.22145410E-04
  0.250000000       3.27171205E-04
  0.259999990       3.31905176E-04
  0.269999981       3.36405355E-04
  0.280000001       3.40643717E-04
  0.289999992       3.44631902E-04
  0.299999982       3.48422327E-04
  0.310000002       3.51938332E-04
  0.319999993       3.55365511E-04
  0.329999983       3.58512974E-04
  0.340000004       3.61577549E-04
  0.349999994       3.64328327E-04
  0.359999985       3.67004977E-04
  0.370000005       3.69560352E-04
  0.379999995       3.71930393E-04
  0.389999986       3.74164636E-04
  0.399999976       3.76240467E-04
  0.409999996       3.78150871E-04
  0.419999987       3.80136073E-04
  0.429999977       3.81892052E-04
  0.439999998       3.83530161E-04
  0.449999988       3.85101855E-04
  0.459999979       3.86563101E-04
  0.469999999       3.87912034E-04
  0.479999989       3.89207853E-04
  0.489999980       3.90394853E-04
  0.500000000       3.91526817E-04
  0.509999990       3.92584276E-04
  0.519999981       3.93524388E-04
  0.529999971       3.94479343E-04
  0.539999962       3.95333191E-04
  0.550000012       3.96019401E-04
  0.560000002       3.96847812E-04
  0.569999993       3.97527619E-04
  0.579999983       3.98193864E-04
  0.589999974       3.98793665E-04
  0.599999964       3.99314042E-04
  0.610000014       3.99767829E-04
  0.620000005       4.00131830E-04
  0.629999995       4.00704070E-04
  0.639999986       4.01085621E-04
  0.649999976       4.01423138E-04
  0.659999967       4.01765603E-04
  0.669999957       4.02743870E-04
  0.680000007       4.02994454E-04
  0.689999998       4.03185579E-04
  0.699999988       4.03396902E-04
  0.709999979       4.03876795E-04
  0.719999969       4.04073449E-04
  0.729999959       4.04261169E-04
  0.740000010       4.04384889E-04
  0.750000000       4.04543563E-04
  0.759999990       4.04617575E-04
  0.769999981       4.04694089E-04
  0.779999971       4.04697959E-04
  0.789999962       4.04690538E-04
  0.799999952       4.04872582E-04
  0.810000002       4.04937367E-04
  0.819999993       4.04865743E-04
  0.829999983       4.04771679E-04
  0.839999974       4.04979393E-04
  0.849999964       4.04884951E-04
  0.859999955       4.04917868E-04
  0.870000005       4.05035040E-04
  0.879999995       4.04823950E-04
  0.889999986       4.05032100E-04
  0.899999976       4.04959312E-04
  0.909999967       4.04998631E-04
  0.919999957       4.05052211E-04
  0.930000007       4.05057130E-04
  0.939999998       4.05323022E-04
  0.949999988       4.05542756E-04
  0.959999979       4.05944098E-04
  0.969999969       4.06422652E-04
  0.979999959       4.07240645E-04
  0.989999950       4.10335459E-04
   1.00000000       6.03877357E-04
   1.00999999       5.66796865E-04
   1.01999998       5.67153678E-04
   1.02999997       5.67813113E-04
   1.03999996       5.69037278E-04
   1.04999995       5.70565462E-04
   1.05999994       5.72033983E-04
   1.06999993       5.74176258E-04
   1.07999992       5.75976796E-04
   1.09000003       5.78123028E-04
   1.10000002       5.80245454E-04
   1.11000001       5.82282431E-04
   1.12000000       5.84496884E-04
   1.13000000       5.85335714E-04
   1.13999999       5.88902563E-04
   1.14999998       5.91208343E-04
   1.15999997       5.93362725E-04
   1.16999996       5.95849822E-04
   1.17999995       5.97890757E-04
   1.18999994       6.00573607E-04
   1.19999993       6.02966698E-04
   1.20999992       6.05278183E-04
   1.22000003       6.07942173E-04
   1.23000002       6.10532530E-04
   1.24000001       6.13036100E-04
   1.25000000       6.15654455E-04
   1.25999999       6.18298131E-04
   1.26999998       6.20856299E-04
   1.27999997       6.23627100E-04
   1.28999996       6.25157962E-04
   1.29999995       6.29261485E-04
   1.30999994       6.32071344E-04
   1.31999993       6.35009666E-04
   1.32999992       6.37951307E-04
   1.33999991       6.40858954E-04
   1.35000002       6.43972075E-04
   1.36000001       6.46767439E-04
   1.37000000       6.50268979E-04
   1.38000000       6.53444091E-04
   1.38999999       6.56730786E-04
   1.39999998       6.60121208E-04
   1.40999997       6.63516752E-04
   1.41999996       6.66819804E-04
   1.42999995       6.70179899E-04
   1.43999994       6.74171024E-04
   1.44999993       6.77767792E-04
   1.45999992       6.81668986E-04
   1.46999991       6.85554871E-04
   1.48000002       6.89537672E-04
   1.49000001       6.93620532E-04
   1.50000000       6.97739073E-04
   1.50999999       7.01965764E-04
   1.51999998       7.06380873E-04
   1.52999997       7.10941968E-04
   1.53999996       7.15431524E-04
   1.54999995       7.20283773E-04
   1.55999994       7.25265592E-04
   1.56999993       7.29803636E-04
   1.57999992       7.35471782E-04
   1.58999991       7.40839401E-04
   1.59999990       7.46116857E-04
   1.61000001       7.52118300E-04
   1.62000000       7.57956062E-04
   1.63000000       7.63922348E-04
   1.63999999       7.70434621E-04
   1.64999998       7.77028385E-04
   1.65999997       7.83281692E-04
   1.66999996       7.90937804E-04
   1.67999995       7.98326102E-04
   1.68999994       8.06039898E-04
   1.69999993       8.14097410E-04
   1.70999992       8.22469301E-04
   1.71999991       8.31313839E-04
   1.73000002       8.40492081E-04
   1.74000001       8.50342680E-04
   1.75000000       8.60511733E-04
   1.75999999       8.71318625E-04
   1.76999998       8.82879947E-04
   1.77999997       8.95019097E-04
   1.78999996       9.07938811E-04
   1.79999995       9.21727507E-04
   1.80999994       9.36562545E-04
   1.81999993       9.52494971E-04
   1.82999992       9.69547022E-04
   1.83999991       9.88238491E-04
   1.84999990       1.00829313E-03
   1.86000001       1.03093160E-03
   1.87000000       1.05553109E-03
   1.88000000       1.08297984E-03
   1.88999999       1.11380569E-03
   1.89999998       1.14879571E-03
   1.90999997       1.18906295E-03
   1.91999996       1.23536238E-03
   1.92999995       1.29205245E-03
   1.93999994       1.36043073E-03
   1.94999993       1.44654093E-03
   1.95999992       1.56008790E-03
   1.96999991       1.72015745E-03
   1.97999990       1.97123154E-03
   1.99000001       2.45724176E-03
   2.00000000       4.27388493E-03
   2.00999999       1.26142912E-02
   2.01999998       1.58845335E-02
   2.02999997       1.76134277E-02
   2.03999996       1.87297612E-02
   2.04999995       1.95377599E-02
   2.05999994       2.01681647E-02
   2.06999993       2.06860527E-02
   2.07999992       2.11283974E-02
   2.08999991       2.15170309E-02
   2.09999990       2.18662843E-02
   2.10999990       2.21858229E-02
   2.11999989       2.24821512E-02
   2.12999988       2.27601137E-02
   2.13999987       2.30232831E-02
   2.14999986       2.32744571E-02
   2.15999985       2.35155076E-02
   2.16999984       2.37468928E-02
   2.18000007       2.39734706E-02
   2.19000006       2.41926908E-02
   2.20000005       2.44065840E-02
   2.21000004       2.46158298E-02
   2.22000003       2.48210076E-02
   2.23000002       2.50225626E-02
   2.24000001       2.52207052E-02
   2.25000000       2.54164096E-02
   2.25999999       2.56092027E-02
   2.26999998       2.58000772E-02
   2.27999997       2.59885229E-02
   2.28999996       2.61749960E-02
   2.29999995       2.63592768E-02
   2.30999994       2.65432615E-02
   2.31999993       2.67250296E-02
   2.32999992       2.69054975E-02
   2.33999991       2.70845592E-02
   2.34999990       2.72624139E-02
   2.35999990       2.74360143E-02
   2.36999989       2.76151225E-02
   2.37999988       2.77901478E-02
   2.38999987       2.79642064E-02
   2.39999986       2.81373952E-02
   2.40999985       2.83097811E-02
   2.41999984       2.84814388E-02
   2.42999983       2.86523532E-02
   2.44000006       2.88225915E-02
   2.45000005       2.89921928E-02
   2.46000004       2.91607026E-02
   2.47000003       2.93295626E-02
   2.48000002       2.94974856E-02
   2.49000001       2.96648182E-02
   2.50000000       2.98314579E-02
   2.50999999       2.99980547E-02
   2.51999998       3.01640220E-02
   2.52999997       3.03294938E-02
   2.53999996       3.04943342E-02
   2.54999995       3.06590609E-02
   2.55999994       3.08233742E-02
   2.56999993       3.09868213E-02
   2.57999992       3.11507136E-02
   2.58999991       3.13138776E-02
   2.59999990       3.14763561E-02
   2.60999990       3.16385180E-02
   2.61999989       3.18013951E-02
   2.62999988       3.19632478E-02
   2.63999987       3.21247466E-02
   2.64999986       3.22861299E-02
   2.65999985       3.24470736E-02
   2.66999984       3.26076709E-02
   2.67999983       3.27682644E-02
   2.69000006       3.29283513E-02
   2.70000005       3.30884419E-02
   2.71000004       3.32481563E-02
   2.72000003       3.34076285E-02
   2.73000002       3.35668363E-02
   2.74000001       3.37258503E-02
   2.75000000       3.38846520E-02
   2.75999999       3.40432040E-02
   2.76999998       3.42014171E-02
   2.77999997       3.43596824E-02
   2.78999996       3.45177315E-02
   2.79999995       3.46756093E-02
   2.80999994       3.48331369E-02
   2.81999993       3.49906310E-02
   2.82999992       3.51478346E-02
   2.83999991       3.53047848E-02
   2.84999990       3.54617573E-02
   2.85999990       3.56184952E-02
   2.86999989       3.57742086E-02
   2.87999988       3.59305702E-02
   2.88999987       3.60876285E-02
   2.89999986       3.62437032E-02
   2.90999985       3.63996811E-02
   2.91999984       3.65554467E-02
   2.92999983       3.67110744E-02
   2.93999982       3.68663855E-02
   2.95000005       3.70218195E-02
   2.96000004       3.71770561E-02
   2.97000003       3.73321213E-02
   2.98000002       3.74867395E-02
   2.99000001       3.76419052E-02
   3.00000000       3.77965793E-02
   3.00999999       3.79510485E-02
   3.01999998       3.81055251E-02
   3.02999997       3.82598490E-02
   3.03999996       3.84140685E-02
   3.04999995       3.85681018E-02
   3.05999994       3.87220718E-02
   3.06999993       3.88757028E-02
   3.07999992       3.90295200E-02
   3.08999991       3.91831249E-02
   3.09999990       3.93363871E-02
   3.10999990       3.94900255E-02
   3.11999989       3.96428853E-02
   3.12999988       3.97959799E-02
   3.13999987       3.99495959E-02
   3.14999986       4.01025638E-02
   3.15999985       4.02554199E-02
   3.16999984       4.04080600E-02
   3.17999983       4.05608453E-02
   3.18999982       4.07132879E-02
   3.19999981       4.08658795E-02
   3.21000004       4.10182700E-02
   3.22000003       4.11706679E-02
   3.23000002       4.13229726E-02
   3.24000001       4.14751507E-02
   3.25000000       4.16271836E-02
   3.25999999       4.17791344E-02
   3.26999998       4.19309251E-02
   3.27999997       4.20826226E-02
   3.28999996       4.22345176E-02
   3.29999995       4.23859693E-02
   3.30999994       4.25376073E-02
   3.31999993       4.26890589E-02
   3.32999992       4.28403169E-02
   3.33999991       4.29917350E-02
   3.34999990       4.31429446E-02
   3.35999990       4.32940945E-02
   3.36999989       4.34452593E-02
   3.37999988       4.35962267E-02
   3.38999987       4.37469594E-02
   3.39999986       4.38980460E-02
   3.40999985       4.40487713E-02
   3.41999984       4.41995040E-02
   3.42999983       4.43502218E-02
   3.43999982       4.44993749E-02
   3.44999981       4.46513966E-02
   3.46000004       4.48017865E-02
   3.47000003       4.49521616E-02
   3.48000002       4.51024808E-02
   3.49000001       4.52527441E-02
   3.50000000       4.54029627E-02
   3.50999999       4.55530956E-02
