   9.99999978E-03   3.76133685E-05
   1.99999996E-02   7.04990671E-05
   2.99999993E-02   9.90207773E-05
   3.99999991E-02   1.24112383E-04
   4.99999970E-02   1.46727194E-04
   5.99999987E-02   1.67306745E-04
   7.00000003E-02   1.86031844E-04
   7.99999982E-02   2.03345364E-04
   8.99999961E-02   2.19335168E-04
   9.99999940E-02   2.34140913E-04
  0.109999999       2.47987162E-04
  0.119999997       2.60904431E-04
  0.129999995       2.72954727E-04
  0.140000001       2.84149777E-04
  0.149999991       2.94667843E-04
  0.159999996       3.04600428E-04
  0.170000002       3.13913974E-04
  0.179999992       3.22606240E-04
  0.189999998       3.30909272E-04
  0.199999988       3.38586484E-04
  0.209999993       3.45933106E-04
  0.219999999       3.52755160E-04
  0.229999989       3.59288708E-04
  0.239999995       3.65368818E-04
  0.250000000       3.71182221E-04
  0.259999990       3.76589305E-04
  0.269999981       3.81741760E-04
  0.280000001       3.86588275E-04
  0.289999992       3.91141220E-04
  0.299999982       3.95479583E-04
  0.310000002       3.99511046E-04
  0.319999993       4.03425802E-04
  0.329999983       4.07033629E-04
  0.340000004       4.10524925E-04
  0.349999994       4.13705042E-04
  0.359999985       4.16745199E-04
  0.370000005       4.19678632E-04
  0.379999995       4.22397250E-04
  0.389999986       4.24961210E-04
  0.399999976       4.27339954E-04
  0.409999996       4.29530715E-04
  0.419999987       4.31797351E-04
  0.429999977       4.33515466E-04
  0.439999998       4.35690396E-04
  0.449999988       4.37493320E-04
  0.459999979       4.39162337E-04
  0.469999999       4.40739823E-04
  0.479999989       4.42208111E-04
  0.489999980       4.43575409E-04
  0.500000000       4.44887351E-04
  0.509999990       4.46012593E-04
  0.519999981       4.47187398E-04
  0.529999971       4.48279199E-04
  0.539999962       4.49264073E-04
  0.550000012       4.50250780E-04
  0.560000002       4.51026717E-04
  0.569999993       4.51863016E-04
  0.579999983       4.52575448E-04
  0.589999974       4.53250803E-04
  0.599999964       4.53863118E-04
  0.610000014       4.54409805E-04
  0.620000005       4.54827910E-04
  0.629999995       4.55486326E-04
  0.639999986       4.55920759E-04
  0.649999976       4.56335925E-04
  0.659999967       4.56727314E-04
  0.669999957       4.58175055E-04
  0.680000007       4.58406837E-04
  0.689999998       4.59095871E-04
  0.699999988       4.59394592E-04
  0.709999979       4.59544099E-04
  0.719999969       4.59786359E-04
  0.729999959       4.60101699E-04
  0.740000010       4.60193463E-04
  0.750000000       4.60416893E-04
  0.759999990       4.60469484E-04
  0.769999981       4.60622337E-04
  0.779999971       4.60651383E-04
  0.789999962       4.60717623E-04
  0.799999952       4.60921437E-04
  0.810000002       4.61028190E-04
  0.819999993       4.61093325E-04
  0.829999983       4.61109477E-04
  0.839999974       4.61169140E-04
  0.849999964       4.61064745E-04
  0.859999955       4.61185176E-04
  0.870000005       4.61345538E-04
  0.879999995       4.61200456E-04
  0.889999986       4.61427000E-04
  0.899999976       4.61432035E-04
  0.909999967       4.61541407E-04
  0.919999957       4.61768563E-04
  0.930000007       4.61759395E-04
  0.939999998       4.62191325E-04
  0.949999988       4.62604337E-04
  0.959999979       4.63286706E-04
  0.969999969       4.64057492E-04
  0.979999959       4.65863326E-04
  0.989999950       4.70093102E-04
   1.00000000       7.22810160E-04
   1.00999999       6.77568081E-04
   1.01999998       6.75653573E-04
   1.02999997       6.75322139E-04
   1.03999996       6.77785603E-04
   1.04999995       6.79762219E-04
   1.05999994       6.82005426E-04
   1.06999993       6.83606369E-04
   1.07999992       6.86838990E-04
   1.09000003       6.89565029E-04
   1.10000002       6.92356902E-04
   1.11000001       6.95108203E-04
   1.12000000       6.97746058E-04
   1.13000000       7.00848992E-04
   1.13999999       7.03687372E-04
   1.14999998       7.06818246E-04
   1.15999997       7.09684158E-04
   1.16999996       7.12539593E-04
   1.17999995       7.15427625E-04
   1.18999994       7.19216943E-04
   1.19999993       7.22292287E-04
   1.20999992       7.25689286E-04
   1.22000003       7.29007006E-04
   1.23000002       7.32366520E-04
   1.24000001       7.35678361E-04
   1.25000000       7.39142066E-04
   1.25999999       7.42651522E-04
   1.26999998       7.46000907E-04
   1.27999997       7.48801394E-04
   1.28999996       7.53413478E-04
   1.29999995       7.57145986E-04
   1.30999994       7.60989147E-04
   1.31999993       7.64761178E-04
   1.32999992       7.68648810E-04
   1.33999991       7.72576488E-04
   1.35000002       7.76621455E-04
   1.36000001       7.80743547E-04
   1.37000000       7.84410455E-04
   1.38000000       7.89138605E-04
   1.38999999       7.93489744E-04
   1.39999998       7.97918066E-04
   1.40999997       8.02395865E-04
   1.41999996       8.07051954E-04
   1.42999995       8.11717880E-04
   1.43999994       8.16461339E-04
   1.44999993       8.21395661E-04
   1.45999992       8.26391391E-04
   1.46999991       8.31492827E-04
   1.48000002       8.36549501E-04
   1.49000001       8.42076261E-04
   1.50000000       8.47580668E-04
   1.50999999       8.53143283E-04
   1.51999998       8.58950196E-04
   1.52999997       8.64975329E-04
   1.53999996       8.70910240E-04
   1.54999995       8.77269660E-04
   1.55999994       8.83806264E-04
   1.56999993       8.89894727E-04
   1.57999992       8.97248567E-04
   1.58999991       9.04316723E-04
   1.59999990       9.11573530E-04
   1.61000001       9.17464669E-04
   1.62000000       9.26838431E-04
   1.63000000       9.34718060E-04
   1.63999999       9.43264749E-04
   1.64999998       9.51931113E-04
   1.65999997       9.60235542E-04
   1.66999996       9.70195688E-04
   1.67999995       9.79900477E-04
   1.68999994       9.90052591E-04
   1.69999993       1.00061577E-03
   1.70999992       1.01162854E-03
   1.71999991       1.02323608E-03
   1.73000002       1.03533210E-03
   1.74000001       1.04819715E-03
   1.75000000       1.06140634E-03
   1.75999999       1.07573962E-03
   1.76999998       1.09081808E-03
   1.77999997       1.10676512E-03
   1.78999996       1.12372276E-03
   1.79999995       1.14181719E-03
   1.80999994       1.16126856E-03
   1.81999993       1.18206651E-03
   1.82999992       1.20448077E-03
   1.83999991       1.22892531E-03
   1.84999990       1.25554507E-03
   1.86000001       1.28470710E-03
   1.87000000       1.31687254E-03
   1.88000000       1.33193261E-03
   1.88999999       1.39298313E-03
   1.89999998       1.43861608E-03
   1.90999997       1.49113638E-03
   1.91999996       1.55234116E-03
   1.92999995       1.62515929E-03
   1.93999994       1.71395240E-03
   1.94999993       1.82554184E-03
   1.95999992       1.97222526E-03
   1.96999991       2.17802660E-03
   1.97999990       2.49823020E-03
   1.99000001       3.10707116E-03
   2.00000000       5.20349899E-03
   2.00999999       1.40132708E-02
   2.01999998       1.77732576E-02
   2.02999997       1.98083036E-02
   2.03999996       2.11394764E-02
   2.04999995       2.21051779E-02
   2.05999994       2.28592064E-02
   2.06999993       2.34785452E-02
   2.07999992       2.40063854E-02
   2.08999991       2.44693216E-02
   2.09999990       2.48844195E-02
   2.10999990       2.52632219E-02
   2.11999989       2.56136954E-02
   2.12999988       2.59417128E-02
   2.13999987       2.62515489E-02
   2.14999986       2.65466832E-02
   2.15999985       2.68293358E-02
   2.16999984       2.71015801E-02
   2.18000007       2.73649860E-02
   2.19000006       2.76209135E-02
   2.20000005       2.78689675E-02
   2.21000004       2.81137433E-02
   2.22000003       2.83522960E-02
   2.23000002       2.85863783E-02
   2.24000001       2.88165733E-02
   2.25000000       2.90432144E-02
   2.25999999       2.92666759E-02
   2.26999998       2.94873193E-02
   2.27999997       2.97052711E-02
   2.28999996       2.99208034E-02
   2.29999995       3.01345177E-02
   2.30999994       3.03461347E-02
   2.31999993       3.05557530E-02
   2.32999992       3.07640024E-02
   2.33999991       3.09704673E-02
   2.34999990       3.11755445E-02
   2.35999990       3.13723423E-02
   2.36999989       3.15816030E-02
   2.37999988       3.17830741E-02
   2.38999987       3.19833830E-02
   2.39999986       3.21825743E-02
   2.40999985       3.23808454E-02
   2.41999984       3.25781778E-02
   2.42999983       3.27743329E-02
   2.44000006       3.29702795E-02
   2.45000005       3.31651568E-02
   2.46000004       3.33593003E-02
   2.47000003       3.35526690E-02
   2.48000002       3.37453969E-02
   2.49000001       3.39376405E-02
   2.50000000       3.41291204E-02
   2.50999999       3.43201384E-02
   2.51999998       3.45106050E-02
   2.52999997       3.47004645E-02
   2.53999996       3.48897949E-02
   2.54999995       3.50785293E-02
   2.55999994       3.52670103E-02
   2.56999993       3.54549401E-02
   2.57999992       3.56424451E-02
   2.58999991       3.58295627E-02
   2.59999990       3.60162295E-02
   2.60999990       3.62025015E-02
   2.61999989       3.63884047E-02
   2.62999988       3.65740135E-02
   2.63999987       3.67576554E-02
   2.64999986       3.69440243E-02
   2.65999985       3.71284522E-02
   2.66999984       3.73126417E-02
   2.67999983       3.74964774E-02
   2.69000006       3.76800559E-02
   2.70000005       3.78633216E-02
   2.71000004       3.80455814E-02
   2.72000003       3.82286794E-02
   2.73000002       3.84114012E-02
   2.74000001       3.85935158E-02
   2.75000000       3.87754068E-02
   2.75999999       3.89570370E-02
   2.76999998       3.91369797E-02
   2.77999997       3.93193848E-02
   2.78999996       3.95004936E-02
   2.79999995       3.96812074E-02
   2.80999994       3.98616046E-02
   2.81999993       4.00419123E-02
   2.82999992       4.02219556E-02
   2.83999991       4.04016785E-02
   2.84999990       4.05813605E-02
   2.85999990       4.07608412E-02
   2.86999989       4.09400128E-02
   2.87999988       4.11190689E-02
   2.88999987       4.12978977E-02
   2.89999986       4.14765589E-02
   2.90999985       4.16551456E-02
   2.91999984       4.18334082E-02
   2.92999983       4.20115292E-02
   2.93999982       4.21895236E-02
   2.95000005       4.23672944E-02
   2.96000004       4.25448939E-02
   2.97000003       4.27223928E-02
   2.98000002       4.28996570E-02
   2.99000001       4.30769585E-02
   3.00000000       4.32539470E-02
   3.00999999       4.34307717E-02
   3.01999998       4.36075330E-02
   3.02999997       4.37841564E-02
   3.03999996       4.39606048E-02
   3.04999995       4.41369191E-02
   3.05999994       4.43131141E-02
   3.06999993       4.44890521E-02
   3.07999992       4.46649492E-02
   3.08999991       4.48407158E-02
   3.09999990       4.50164042E-02
   3.10999990       4.51918989E-02
   3.11999989       4.53667715E-02
   3.12999988       4.55419049E-02
   3.13999987       4.57177088E-02
   3.14999986       4.58927602E-02
   3.15999985       4.60669883E-02
   3.16999984       4.62423488E-02
   3.17999983       4.64171953E-02
   3.18999982       4.65917550E-02
   3.19999981       4.67661470E-02
   3.21000004       4.69404832E-02
   3.22000003       4.71148342E-02
   3.23000002       4.72891033E-02
   3.24000001       4.74631712E-02
   3.25000000       4.76371460E-02
   3.25999999       4.78109345E-02
   3.26999998       4.79846746E-02
   3.27999997       4.81584184E-02
   3.28999996       4.83320132E-02
   3.29999995       4.85052913E-02
   3.30999994       4.86787483E-02
   3.31999993       4.88520153E-02
   3.32999992       4.90250401E-02
   3.33999991       4.91982587E-02
   3.34999990       4.93712537E-02
   3.35999990       4.95440662E-02
   3.36999989       4.97170612E-02
   3.37999988       4.98898067E-02
   3.38999987       5.00621833E-02
   3.39999986       5.02350591E-02
   3.40999985       5.04074693E-02
   3.41999984       5.05799539E-02
   3.42999983       5.07523604E-02
   3.43999982       5.09245917E-02
   3.44999981       5.10967970E-02
   3.46000004       5.12688421E-02
   3.47000003       5.14408983E-02
   3.48000002       5.16128652E-02
   3.49000001       5.17847463E-02
   3.50000000       5.19565344E-02
   3.50999999       5.21282665E-02
