   9.99999978E-03   4.10154389E-05
   1.99999996E-02   7.75654771E-05
   2.99999993E-02   1.09258348E-04
   3.99999991E-02   1.37053532E-04
   4.99999970E-02   1.62659926E-04
   5.99999987E-02   1.85609475E-04
   7.00000003E-02   2.06707366E-04
   7.99999982E-02   2.26076721E-04
   8.99999961E-02   2.43611998E-04
   9.99999940E-02   2.60647445E-04
  0.109999999       2.76079081E-04
  0.119999997       2.90683849E-04
  0.129999995       3.04109213E-04
  0.140000001       3.16754857E-04
  0.149999991       3.28568538E-04
  0.159999996       3.39730323E-04
  0.170000002       3.50180082E-04
  0.179999992       3.59928876E-04
  0.189999998       3.69288668E-04
  0.199999988       3.77898570E-04
  0.209999993       3.86186526E-04
  0.219999999       3.93842754E-04
  0.229999989       4.01187601E-04
  0.239999995       4.08123713E-04
  0.250000000       4.14569397E-04
  0.259999990       4.20635770E-04
  0.269999981       4.26438608E-04
  0.280000001       4.31888708E-04
  0.289999992       4.37024690E-04
  0.299999982       4.41918237E-04
  0.310000002       4.46433289E-04
  0.319999993       4.50843712E-04
  0.329999983       4.54907597E-04
  0.340000004       4.58832656E-04
  0.349999994       4.62420867E-04
  0.359999985       4.65863908E-04
  0.370000005       4.69144608E-04
  0.379999995       4.72210377E-04
  0.389999986       4.75102599E-04
  0.399999976       4.77792491E-04
  0.409999996       4.80397255E-04
  0.419999987       4.82818898E-04
  0.429999977       4.85095632E-04
  0.439999998       4.87215031E-04
  0.449999988       4.89252561E-04
  0.459999979       4.91149898E-04
  0.469999999       4.92918829E-04
  0.479999989       4.94580541E-04
  0.489999980       4.96123976E-04
  0.500000000       4.97624627E-04
  0.509999990       4.98880341E-04
  0.519999981       5.00216091E-04
  0.529999971       5.01457194E-04
  0.539999962       5.02590730E-04
  0.550000012       5.03683812E-04
  0.560000002       5.04578173E-04
  0.569999993       5.05530101E-04
  0.579999983       5.06343029E-04
  0.589999974       5.07104676E-04
  0.599999964       5.07798686E-04
  0.610000014       5.08433324E-04
  0.620000005       5.09075122E-04
  0.629999995       5.09652251E-04
  0.639999986       5.10146376E-04
  0.649999976       5.10655460E-04
  0.659999967       5.11110178E-04
  0.669999957       5.13105595E-04
  0.680000007       5.13993553E-04
  0.689999998       5.14337095E-04
  0.699999988       5.14643500E-04
  0.709999979       5.14839776E-04
  0.719999969       5.15176798E-04
  0.729999959       5.15480351E-04
  0.740000010       5.15641819E-04
  0.750000000       5.15907537E-04
  0.759999990       5.15883963E-04
  0.769999981       5.16176340E-04
  0.779999971       5.16341475E-04
  0.789999962       5.16533328E-04
  0.799999952       5.16355794E-04
  0.810000002       5.15581400E-04
  0.819999993       5.16915752E-04
  0.829999983       5.16938337E-04
  0.839999974       5.17043984E-04
  0.849999964       5.16920700E-04
  0.859999955       5.17152715E-04
  0.870000005       5.17392647E-04
  0.879999995       5.17259410E-04
  0.889999986       5.17572800E-04
  0.899999976       5.17732522E-04
  0.909999967       5.17906505E-04
  0.919999957       5.18312620E-04
  0.930000007       5.18441491E-04
  0.939999998       5.18787245E-04
  0.949999988       5.19699883E-04
  0.959999979       5.20684465E-04
  0.969999969       5.21875336E-04
  0.979999959       5.24561270E-04
  0.989999950       5.30671678E-04
   1.00000000       8.49808799E-04
   1.00999999       7.94268446E-04
   1.01999998       7.91427214E-04
   1.02999997       7.92022969E-04
   1.03999996       7.93797371E-04
   1.04999995       7.96144712E-04
   1.05999994       7.99006084E-04
   1.06999993       8.01996677E-04
   1.07999992       8.05066084E-04
   1.09000003       8.08530021E-04
   1.10000002       8.12070211E-04
   1.11000001       8.15022155E-04
   1.12000000       8.18626082E-04
   1.13000000       8.22893111E-04
   1.13999999       8.26641684E-04
   1.14999998       8.30476230E-04
   1.15999997       8.34300474E-04
   1.16999996       8.38309061E-04
   1.17999995       8.41597444E-04
   1.18999994       8.46014242E-04
   1.19999993       8.50433600E-04
   1.20999992       8.54588463E-04
   1.22000003       8.58824584E-04
   1.23000002       8.62969784E-04
   1.24000001       8.64565664E-04
   1.25000000       8.71808035E-04
   1.25999999       8.76258186E-04
   1.26999998       8.80748616E-04
   1.27999997       8.85318732E-04
   1.28999996       8.90010851E-04
   1.29999995       8.94782832E-04
   1.30999994       8.99653183E-04
   1.31999993       9.04488435E-04
   1.32999992       9.09484399E-04
   1.33999991       9.14535893E-04
   1.35000002       9.19637911E-04
   1.36000001       9.24910477E-04
   1.37000000       9.30086535E-04
   1.38000000       9.35643853E-04
   1.38999999       9.41197912E-04
   1.39999998       9.46847198E-04
   1.40999997       9.52568080E-04
   1.41999996       9.58497520E-04
   1.42999995       9.64442559E-04
   1.43999994       9.70563386E-04
   1.44999993       9.76799754E-04
   1.45999992       9.83187230E-04
   1.46999991       9.89687396E-04
   1.48000002       9.96090122E-04
   1.49000001       1.00319390E-03
   1.50000000       1.01022352E-03
   1.50999999       1.01733732E-03
   1.51999998       1.02468918E-03
   1.52999997       1.03238237E-03
   1.53999996       1.04013528E-03
   1.54999995       1.04813266E-03
   1.55999994       1.05634995E-03
   1.56999993       1.06482767E-03
   1.57999992       1.07345486E-03
   1.58999991       1.08246808E-03
   1.59999990       1.09170948E-03
   1.61000001       1.10135355E-03
   1.62000000       1.11114373E-03
   1.63000000       1.12119166E-03
   1.63999999       1.13204203E-03
   1.64999998       1.14305050E-03
   1.65999997       1.15431088E-03
   1.66999996       1.16629340E-03
   1.67999995       1.17862783E-03
   1.68999994       1.19155564E-03
   1.69999993       1.20495970E-03
   1.70999992       1.21449388E-03
   1.71999991       1.23258564E-03
   1.73000002       1.24896353E-03
   1.74000001       1.26538961E-03
   1.75000000       1.28226320E-03
   1.75999999       1.30038732E-03
   1.76999998       1.31951913E-03
   1.77999997       1.33975886E-03
   1.78999996       1.36127137E-03
   1.79999995       1.38423091E-03
   1.80999994       1.40888360E-03
   1.81999993       1.43526425E-03
   1.82999992       1.46378507E-03
   1.83999991       1.49464526E-03
   1.84999990       1.52836833E-03
   1.86000001       1.56527478E-03
   1.87000000       1.60601491E-03
   1.88000000       1.65133725E-03
   1.88999999       1.70225732E-03
   1.89999998       1.75986334E-03
   1.90999997       1.82617700E-03
   1.91999996       1.90335454E-03
   1.92999995       1.99507433E-03
   1.93999994       2.10670824E-03
   1.94999993       2.24674121E-03
   1.95999992       2.43024924E-03
   1.96999991       2.68648961E-03
   1.97999990       3.08203022E-03
   1.99000001       3.82143562E-03
   2.00000000       6.19153818E-03
   2.00999999       1.54001713E-02
   2.01999998       1.96219459E-02
   2.02999997       2.19689272E-02
   2.03999996       2.35122684E-02
   2.04999995       2.46390104E-02
   2.05999994       2.55200751E-02
   2.06999993       2.62435060E-02
   2.07999992       2.68600937E-02
   2.08999991       2.73997616E-02
   2.09999990       2.78827976E-02
   2.10999990       2.83228960E-02
   2.11999989       2.87292246E-02
   2.12999988       2.91081537E-02
   2.13999987       2.94666793E-02
   2.14999986       2.98051815E-02
   2.15999985       3.01324762E-02
   2.16999984       3.04453410E-02
   2.18000007       3.07477545E-02
   2.19000006       3.10403258E-02
   2.20000005       3.13263685E-02
   2.21000004       3.16051170E-02
   2.22000003       3.18776406E-02
   2.23000002       3.21449190E-02
   2.24000001       3.24074477E-02
   2.25000000       3.26656476E-02
   2.25999999       3.29172313E-02
   2.26999998       3.31711806E-02
   2.27999997       3.34188491E-02
   2.28999996       3.36643010E-02
   2.29999995       3.39068510E-02
   2.30999994       3.41465585E-02
   2.31999993       3.43849435E-02
   2.32999992       3.46211791E-02
   2.33999991       3.48552726E-02
   2.34999990       3.50877307E-02
   2.35999990       3.53185572E-02
   2.36999989       3.55476178E-02
   2.37999988       3.57758962E-02
   2.38999987       3.60025838E-02
   2.39999986       3.62280533E-02
   2.40999985       3.64523306E-02
   2.41999984       3.66755575E-02
   2.42999983       3.68973538E-02
   2.44000006       3.71189304E-02
   2.45000005       3.73392105E-02
   2.46000004       3.75580713E-02
   2.47000003       3.77772450E-02
   2.48000002       3.79950255E-02
   2.49000001       3.82120498E-02
   2.50000000       3.84282805E-02
   2.50999999       3.86440866E-02
   2.51999998       3.88590582E-02
   2.52999997       3.90734561E-02
   2.53999996       3.92871909E-02
   2.54999995       3.95002142E-02
   2.55999994       3.97129282E-02
   2.56999993       3.99250276E-02
   2.57999992       4.01360393E-02
   2.58999991       4.03476581E-02
   2.59999990       4.05582786E-02
   2.60999990       4.07683104E-02
   2.61999989       4.09781970E-02
   2.62999988       4.11872901E-02
   2.63999987       4.13962416E-02
   2.64999986       4.16049920E-02
   2.65999985       4.18127254E-02
   2.66999984       4.20204177E-02
   2.67999983       4.22277227E-02
   2.69000006       4.24346998E-02
   2.70000005       4.26412970E-02
   2.71000004       4.28475849E-02
   2.72000003       4.30531017E-02
   2.73000002       4.32591103E-02
   2.74000001       4.34643999E-02
   2.75000000       4.36693877E-02
   2.75999999       4.38741259E-02
   2.76999998       4.40784320E-02
   2.77999997       4.42824736E-02
   2.78999996       4.44865823E-02
   2.79999995       4.46902104E-02
   2.80999994       4.48934659E-02
   2.81999993       4.50966991E-02
   2.82999992       4.52994891E-02
   2.83999991       4.55020480E-02
   2.84999990       4.57045250E-02
   2.85999990       4.59066667E-02
   2.86999989       4.61085476E-02
   2.87999988       4.63103056E-02
   2.88999987       4.65117320E-02
   2.89999986       4.67130318E-02
   2.90999985       4.69141081E-02
   2.91999984       4.71149981E-02
   2.92999983       4.73156385E-02
   2.93999982       4.75161076E-02
   2.95000005       4.77163829E-02
   2.96000004       4.79163937E-02
   2.97000003       4.81163859E-02
   2.98000002       4.83160913E-02
   2.99000001       4.85156663E-02
   3.00000000       4.87150140E-02
   3.00999999       4.89141978E-02
   3.01999998       4.91132550E-02
   3.02999997       4.93120886E-02
   3.03999996       4.95108441E-02
   3.04999995       4.97074798E-02
   3.05999994       4.99077924E-02
   3.06999993       5.01059555E-02
   3.07999992       5.03041036E-02
   3.08999991       5.05020209E-02
   3.09999990       5.06998487E-02
   3.10999990       5.08975014E-02
   3.11999989       5.10950461E-02
   3.12999988       5.12920767E-02
   3.13999987       5.14895841E-02
   3.14999986       5.16866557E-02
   3.15999985       5.18836305E-02
   3.16999984       5.20803593E-02
   3.17999983       5.22758216E-02
   3.18999982       5.24737276E-02
   3.19999981       5.26702590E-02
   3.21000004       5.28665036E-02
   3.22000003       5.30627221E-02
   3.23000002       5.32589220E-02
   3.24000001       5.34548983E-02
   3.25000000       5.36507815E-02
   3.25999999       5.38446754E-02
   3.26999998       5.40420599E-02
   3.27999997       5.42377047E-02
   3.28999996       5.44330850E-02
   3.29999995       5.46281375E-02
   3.30999994       5.48234656E-02
   3.31999993       5.50185591E-02
   3.32999992       5.52123971E-02
   3.33999991       5.54083847E-02
   3.34999990       5.56031279E-02
   3.35999990       5.57977445E-02
   3.36999989       5.59924766E-02
   3.37999988       5.61869368E-02
   3.38999987       5.63813411E-02
   3.39999986       5.65756187E-02
   3.40999985       5.67696579E-02
   3.41999984       5.69638498E-02
   3.42999983       5.71566746E-02
   3.43999982       5.73518276E-02
   3.44999981       5.75456880E-02
   3.46000004       5.77393547E-02
   3.47000003       5.79330847E-02
   3.48000002       5.81266806E-02
   3.49000001       5.83201796E-02
   3.50000000       5.85135743E-02
   3.50999999       5.87068722E-02
