   9.99999978E-03   4.26781735E-05
   1.99999996E-02   8.09321573E-05
   2.99999993E-02   1.14133225E-04
   3.99999991E-02   1.43711499E-04
   4.99999970E-02   1.70362226E-04
   5.99999987E-02   1.94552733E-04
   7.00000003E-02   2.16728789E-04
   7.99999982E-02   2.37127853E-04
   8.99999961E-02   2.56054947E-04
   9.99999940E-02   2.73540471E-04
  0.109999999       2.89791496E-04
  0.119999997       3.05068417E-04
  0.129999995       3.19310435E-04
  0.140000001       3.32658848E-04
  0.149999991       3.45034350E-04
  0.159999996       3.56860284E-04
  0.170000002       3.67896748E-04
  0.179999992       3.78163793E-04
  0.189999998       3.88023473E-04
  0.199999988       3.97092866E-04
  0.209999993       4.05834464E-04
  0.219999999       4.13901784E-04
  0.229999989       4.21677832E-04
  0.239999995       4.28960542E-04
  0.250000000       4.35767812E-04
  0.259999990       4.42160002E-04
  0.269999981       4.48285835E-04
  0.280000001       4.54034016E-04
  0.289999992       4.59451490E-04
  0.299999982       4.64612327E-04
  0.310000002       4.69422812E-04
  0.319999993       4.74031141E-04
  0.329999983       4.78329253E-04
  0.340000004       4.81008930E-04
  0.349999994       4.86249250E-04
  0.359999985       4.89889586E-04
  0.370000005       4.93344152E-04
  0.379999995       4.96586028E-04
  0.389999986       4.99640475E-04
  0.399999976       5.02485258E-04
  0.409999996       5.05235628E-04
  0.419999987       5.07776043E-04
  0.429999977       5.10197249E-04
  0.439999998       5.12437895E-04
  0.449999988       5.14590007E-04
  0.459999979       5.16577158E-04
  0.469999999       5.18457906E-04
  0.479999989       5.20222704E-04
  0.489999980       5.21843147E-04
  0.500000000       5.23429771E-04
  0.509999990       5.24768955E-04
  0.519999981       5.26191026E-04
  0.529999971       5.27499011E-04
  0.539999962       5.28701465E-04
  0.550000012       5.29853220E-04
  0.560000002       5.30805031E-04
  0.569999993       5.31818194E-04
  0.579999983       5.32676000E-04
  0.589999974       5.33484272E-04
  0.599999964       5.34216175E-04
  0.610000014       5.34953026E-04
  0.620000005       5.35567582E-04
  0.629999995       5.36188134E-04
  0.639999986       5.36713458E-04
  0.649999976       5.37267595E-04
  0.659999967       5.37804095E-04
  0.669999957       5.40069945E-04
  0.680000007       5.41081419E-04
  0.689999998       5.41448884E-04
  0.699999988       5.41766291E-04
  0.709999979       5.42101858E-04
  0.719999969       5.42358321E-04
  0.729999959       5.42700407E-04
  0.740000010       5.42872469E-04
  0.750000000       5.43148781E-04
  0.759999990       5.43141272E-04
  0.769999981       5.43610484E-04
  0.779999971       5.43747388E-04
  0.789999962       5.43904433E-04
  0.799999952       5.44046226E-04
  0.810000002       5.44177368E-04
  0.819999993       5.44373586E-04
  0.829999983       5.44461014E-04
  0.839999974       5.44587907E-04
  0.849999964       5.44416602E-04
  0.859999955       5.44782786E-04
  0.870000005       5.45040006E-04
  0.879999995       5.45168587E-04
  0.889999986       5.45314571E-04
  0.899999976       5.45532792E-04
  0.909999967       5.45787741E-04
  0.919999957       5.46201190E-04
  0.930000007       5.46384254E-04
  0.939999998       5.47076343E-04
  0.949999988       5.47917851E-04
  0.959999979       5.49091375E-04
  0.969999969       5.50528173E-04
  0.979999959       5.53728372E-04
  0.989999950       5.60985936E-04
   1.00000000       9.15572396E-04
   1.00999999       8.54734681E-04
   1.01999998       8.51368357E-04
   1.02999997       8.51905148E-04
   1.03999996       8.53814301E-04
   1.04999995       8.56429338E-04
   1.05999994       8.59542168E-04
   1.06999993       8.62873276E-04
   1.07999992       8.65634007E-04
   1.09000003       8.70108604E-04
   1.10000002       8.74047750E-04
   1.11000001       8.77940853E-04
   1.12000000       8.82001768E-04
   1.13000000       8.85571470E-04
   1.13999999       8.90279538E-04
   1.14999998       8.94563738E-04
   1.15999997       8.98828206E-04
   1.16999996       9.03303502E-04
   1.17999995       9.06939793E-04
   1.18999994       9.11611423E-04
   1.19999993       9.16841498E-04
   1.20999992       9.21488565E-04
   1.22000003       9.26207111E-04
   1.23000002       9.30866285E-04
   1.24000001       9.35852760E-04
   1.25000000       9.40727419E-04
   1.25999999       9.45697713E-04
   1.26999998       9.50825633E-04
   1.27999997       9.55817755E-04
   1.28999996       9.61053418E-04
   1.29999995       9.66390420E-04
   1.30999994       9.71829111E-04
   1.31999993       9.77232121E-04
   1.32999992       9.82619356E-04
   1.33999991       9.88454674E-04
   1.35000002       9.94158559E-04
   1.36000001       1.00003881E-03
   1.37000000       1.00591988E-03
   1.38000000       1.01202633E-03
   1.38999999       1.01823395E-03
   1.39999998       1.02453458E-03
   1.40999997       1.03079726E-03
   1.41999996       1.03754632E-03
   1.42999995       1.04418606E-03
   1.43999994       1.05101930E-03
   1.44999993       1.05798151E-03
   1.45999992       1.06512383E-03
   1.46999991       1.07237173E-03
   1.48000002       1.07819901E-03
   1.49000001       1.08745147E-03
   1.50000000       1.09529227E-03
   1.50999999       1.10327778E-03
   1.51999998       1.11152476E-03
   1.52999997       1.12002704E-03
   1.53999996       1.12867611E-03
   1.54999995       1.13525905E-03
   1.55999994       1.14676682E-03
   1.56999993       1.15622615E-03
   1.57999992       1.16584497E-03
   1.58999991       1.17590267E-03
   1.59999990       1.18620903E-03
   1.61000001       1.19696837E-03
   1.62000000       1.20788161E-03
   1.63000000       1.21908577E-03
   1.63999999       1.23119971E-03
   1.64999998       1.24348328E-03
   1.65999997       1.25606486E-03
   1.66999996       1.26938825E-03
   1.67999995       1.28259370E-03
   1.68999994       1.29755342E-03
   1.69999993       1.31249405E-03
   1.70999992       1.32811419E-03
   1.71999991       1.34418742E-03
   1.73000002       1.36177952E-03
   1.74000001       1.37985044E-03
   1.75000000       1.39867119E-03
   1.75999999       1.41884922E-03
   1.76999998       1.44015637E-03
   1.77999997       1.46261230E-03
   1.78999996       1.48582505E-03
   1.79999995       1.51223422E-03
   1.80999994       1.53968041E-03
   1.81999993       1.56905607E-03
   1.82999992       1.60080427E-03
   1.83999991       1.63515541E-03
   1.84999990       1.67269818E-03
   1.86000001       1.71375962E-03
   1.87000000       1.75908743E-03
   1.88000000       1.80948596E-03
   1.88999999       1.86610583E-03
   1.89999998       1.93013274E-03
   1.90999997       2.00382061E-03
   1.91999996       2.08952441E-03
   1.92999995       2.19132332E-03
   1.93999994       2.31512240E-03
   1.94999993       2.47025304E-03
   1.95999992       2.67325458E-03
   1.96999991       2.95606256E-03
   1.97999990       3.39096645E-03
   1.99000001       4.19726362E-03
   2.00000000       6.70012413E-03
   2.00999999       1.60840899E-02
   2.01999998       2.05298401E-02
   2.02999997       2.30229944E-02
   2.03999996       2.46726424E-02
   2.04999995       2.58797612E-02
   2.05999994       2.68245712E-02
   2.06999993       2.76004840E-02
   2.07999992       2.82616541E-02
   2.08999991       2.88400296E-02
   2.09999990       2.93573122E-02
   2.10999990       2.98283026E-02
   2.11999989       3.02627906E-02
   2.12999988       3.06683462E-02
   2.13999987       3.10503971E-02
   2.14999986       3.14135030E-02
   2.15999985       3.17604132E-02
   2.16999984       3.20929773E-02
   2.18000007       3.24156620E-02
   2.19000006       3.27269323E-02
   2.20000005       3.30311693E-02
   2.21000004       3.33226509E-02
   2.22000003       3.36169749E-02
   2.23000002       3.39008197E-02
   2.24000001       3.41794863E-02
   2.25000000       3.44535038E-02
   2.25999999       3.47231068E-02
   2.26999998       3.49897183E-02
   2.27999997       3.52510549E-02
   2.28999996       3.55123915E-02
   2.29999995       3.57693955E-02
   2.30999994       3.60233150E-02
   2.31999993       3.62757780E-02
   2.32999992       3.65259424E-02
   2.33999991       3.67737822E-02
   2.34999990       3.70198339E-02
   2.35999990       3.72641571E-02
   2.36999989       3.75065655E-02
   2.37999988       3.77481245E-02
   2.38999987       3.79879251E-02
   2.39999986       3.82266641E-02
   2.40999985       3.84636037E-02
   2.41999984       3.86996157E-02
   2.42999983       3.89345288E-02
   2.44000006       3.91684324E-02
   2.45000005       3.94013450E-02
   2.46000004       3.96333113E-02
   2.47000003       3.98643315E-02
   2.48000002       4.00945097E-02
   2.49000001       4.03239280E-02
   2.50000000       4.05524150E-02
   2.50999999       4.07804511E-02
   2.51999998       4.10075933E-02
   2.52999997       4.12341245E-02
   2.53999996       4.14599441E-02
   2.54999995       4.16836105E-02
   2.55999994       4.19097468E-02
   2.56999993       4.21337597E-02
   2.57999992       4.23572734E-02
   2.58999991       4.25797738E-02
   2.59999990       4.28026430E-02
   2.60999990       4.30245325E-02
   2.61999989       4.32461128E-02
   2.62999988       4.34670039E-02
   2.63999987       4.36876491E-02
   2.64999986       4.39080410E-02
   2.65999985       4.41274680E-02
   2.66999984       4.43467535E-02
   2.67999983       4.45656963E-02
   2.69000006       4.47842032E-02
   2.70000005       4.50024158E-02
   2.71000004       4.52201180E-02
   2.72000003       4.54371795E-02
   2.73000002       4.56546880E-02
   2.74000001       4.58713956E-02
   2.75000000       4.60878685E-02
   2.75999999       4.63040061E-02
   2.76999998       4.65197489E-02
   2.77999997       4.67350855E-02
   2.78999996       4.69505526E-02
   2.79999995       4.71655503E-02
   2.80999994       4.73800600E-02
   2.81999993       4.75945845E-02
   2.82999992       4.78087105E-02
   2.83999991       4.80220020E-02
   2.84999990       4.82362434E-02
   2.85999990       4.84495573E-02
   2.86999989       4.86626774E-02
   2.87999988       4.88756411E-02
   2.88999987       4.90880683E-02
   2.89999986       4.93007861E-02
   2.90999985       4.95128892E-02
   2.91999984       4.97249775E-02
   2.92999983       4.99367043E-02
   2.93999982       5.01483120E-02
   2.95000005       5.03596738E-02
   2.96000004       5.05708382E-02
   2.97000003       5.07818572E-02
   2.98000002       5.09925820E-02
   2.99000001       5.12032919E-02
   3.00000000       5.14136925E-02
   3.00999999       5.16239256E-02
   3.01999998       5.18339202E-02
   3.02999997       5.20438589E-02
   3.03999996       5.22535741E-02
   3.04999995       5.24631403E-02
   3.05999994       5.26724979E-02
   3.06999993       5.28815836E-02
   3.07999992       5.30907176E-02
   3.08999991       5.32995723E-02
   3.09999990       5.35083450E-02
   3.10999990       5.37169017E-02
   3.11999989       5.39253466E-02
   3.12999988       5.41333035E-02
   3.13999987       5.43417372E-02
   3.14999986       5.45497276E-02
   3.15999985       5.47576025E-02
   3.16999984       5.49651533E-02
   3.17999983       5.51729016E-02
   3.18999982       5.53802736E-02
   3.19999981       5.55876680E-02
   3.21000004       5.57947569E-02
   3.22000003       5.60017750E-02
   3.23000002       5.62088154E-02
   3.24000001       5.64158410E-02
   3.25000000       5.66223115E-02
   3.25999999       5.68287782E-02
   3.26999998       5.70352636E-02
   3.27999997       5.72416224E-02
   3.28999996       5.74478321E-02
   3.29999995       5.76536581E-02
   3.30999994       5.78597188E-02
   3.31999993       5.80656491E-02
   3.32999992       5.82712889E-02
   3.33999991       5.84769435E-02
   3.34999990       5.86824678E-02
   3.35999990       5.88878095E-02
   3.36999989       5.90932593E-02
   3.37999988       5.92984632E-02
   3.38999987       5.95036149E-02
   3.39999986       5.97085468E-02
   3.40999985       5.99133633E-02
   3.41999984       6.01178743E-02
   3.42999983       6.03230707E-02
   3.43999982       6.05275966E-02
   3.44999981       6.07321747E-02
   3.46000004       6.09364919E-02
   3.47000003       6.11408949E-02
   3.48000002       6.13451749E-02
   3.49000001       6.15493171E-02
   3.50000000       6.17533848E-02
   3.50999999       6.19573034E-02
