   9.99999978E-03   5.21032161E-05
   1.99999996E-02   1.00013021E-04
   2.99999993E-02   1.42636811E-04
   3.99999991E-02   1.80746865E-04
   4.99999970E-02   2.15106615E-04
   5.99999987E-02   2.47460266E-04
   7.00000003E-02   2.75237137E-04
   7.99999982E-02   3.01995431E-04
   8.99999961E-02   3.26398731E-04
   9.99999940E-02   3.49417620E-04
  0.109999999       3.70514870E-04
  0.119999997       3.90432484E-04
  0.129999995       4.09293571E-04
  0.140000001       4.26380866E-04
  0.149999991       4.43028664E-04
  0.159999996       4.58142546E-04
  0.170000002       4.72460320E-04
  0.179999992       4.85763128E-04
  0.189999998       4.98944428E-04
  0.199999988       5.10847196E-04
  0.209999993       5.22466260E-04
  0.219999999       5.32888807E-04
  0.229999989       5.42998605E-04
  0.239999995       5.52510319E-04
  0.250000000       5.61578432E-04
  0.259999990       5.70045493E-04
  0.269999981       5.78086474E-04
  0.280000001       5.85669477E-04
  0.289999992       5.92916156E-04
  0.299999982       5.99584251E-04
  0.310000002       6.05943496E-04
  0.319999993       6.11994939E-04
  0.329999983       6.17671933E-04
  0.340000004       6.23093511E-04
  0.349999994       6.28123060E-04
  0.359999985       6.32923853E-04
  0.370000005       6.37485064E-04
  0.379999995       6.41751569E-04
  0.389999986       6.45814114E-04
  0.399999976       6.49645110E-04
  0.409999996       6.53236173E-04
  0.419999987       6.56596385E-04
  0.429999977       6.59746700E-04
  0.439999998       6.62790670E-04
  0.449999988       6.65661122E-04
  0.459999979       6.68260211E-04
  0.469999999       6.70740032E-04
  0.479999989       6.73126953E-04
  0.489999980       6.75249205E-04
  0.500000000       6.77659817E-04
  0.509999990       6.79453078E-04
  0.519999981       6.81168574E-04
  0.529999971       6.82859740E-04
  0.539999962       6.84502476E-04
  0.550000012       6.85978914E-04
  0.560000002       6.87353720E-04
  0.569999993       6.88639877E-04
  0.579999983       6.89816603E-04
  0.589999974       6.90965739E-04
  0.599999964       6.91905560E-04
  0.610000014       6.92946080E-04
  0.620000005       6.93804352E-04
  0.629999995       6.94653892E-04
  0.639999986       6.95387542E-04
  0.649999976       6.96253846E-04
  0.659999967       6.97072945E-04
  0.669999957       7.03959144E-04
  0.680000007       7.04129809E-04
  0.689999998       7.04658974E-04
  0.699999988       7.05178070E-04
  0.709999979       7.05686980E-04
  0.719999969       7.06087099E-04
  0.729999959       7.06647465E-04
  0.740000010       7.06861611E-04
  0.750000000       7.07457599E-04
  0.759999990       7.07924191E-04
  0.769999981       7.08366511E-04
  0.779999971       7.08721171E-04
  0.789999962       7.09068263E-04
  0.799999952       7.09431595E-04
  0.810000002       7.09707849E-04
  0.819999993       7.09269778E-04
  0.829999983       7.10551511E-04
  0.839999974       7.10979337E-04
  0.849999964       7.11446279E-04
  0.859999955       7.11728819E-04
  0.870000005       7.12310080E-04
  0.879999995       7.12340698E-04
  0.889999986       7.13487214E-04
  0.899999976       7.14144437E-04
  0.909999967       7.14874070E-04
  0.919999957       7.16016628E-04
  0.930000007       7.17164774E-04
  0.939999998       7.18728523E-04
  0.949999988       7.20624172E-04
  0.959999979       7.23730773E-04
  0.969999969       7.27658742E-04
  0.979999959       7.35292211E-04
  0.989999950       7.52072781E-04
   1.00000000       1.35901815E-03
   1.00999999       1.26325898E-03
   1.01999998       1.25591957E-03
   1.02999997       1.25573971E-03
   1.03999996       1.25852495E-03
   1.04999995       1.26263523E-03
   1.05999994       1.26771303E-03
   1.06999993       1.27284636E-03
   1.07999992       1.27893500E-03
   1.09000003       1.28573505E-03
   1.10000002       1.29232835E-03
   1.11000001       1.29921339E-03
   1.12000000       1.30612717E-03
   1.13000000       1.31338462E-03
   1.13999999       1.32067467E-03
   1.14999998       1.32806937E-03
   1.15999997       1.33567851E-03
   1.16999996       1.34337344E-03
   1.17999995       1.35118805E-03
   1.18999994       1.35908183E-03
   1.19999993       1.36713509E-03
   1.20999992       1.37526286E-03
   1.22000003       1.38355978E-03
   1.23000002       1.39191572E-03
   1.24000001       1.40052859E-03
   1.25000000       1.40856288E-03
   1.25999999       1.41740486E-03
   1.26999998       1.42685056E-03
   1.27999997       1.43576413E-03
   1.28999996       1.44499762E-03
   1.29999995       1.45431363E-03
   1.30999994       1.46326667E-03
   1.31999993       1.47339795E-03
   1.32999992       1.48321479E-03
   1.33999991       1.49316504E-03
   1.35000002       1.50329492E-03
   1.36000001       1.51361956E-03
   1.37000000       1.52396434E-03
   1.38000000       1.53468642E-03
   1.38999999       1.54559780E-03
   1.39999998       1.55659916E-03
   1.40999997       1.56803441E-03
   1.41999996       1.57953310E-03
   1.42999995       1.59130141E-03
   1.43999994       1.60329160E-03
   1.44999993       1.61557982E-03
   1.45999992       1.62773207E-03
   1.46999991       1.64080993E-03
   1.48000002       1.65399304E-03
   1.49000001       1.66737079E-03
   1.50000000       1.68111909E-03
   1.50999999       1.69523060E-03
   1.51999998       1.70972291E-03
   1.52999997       1.72449998E-03
   1.53999996       1.73969334E-03
   1.54999995       1.75537250E-03
   1.55999994       1.77143491E-03
   1.56999993       1.78798125E-03
   1.57999992       1.80493738E-03
   1.58999991       1.82255823E-03
   1.59999990       1.84067956E-03
   1.61000001       1.85936294E-03
   1.62000000       1.87856553E-03
   1.63000000       1.89864601E-03
   1.63999999       1.91934977E-03
   1.64999998       1.94044062E-03
   1.65999997       1.96295744E-03
   1.66999996       1.98603491E-03
   1.67999995       2.01007328E-03
   1.68999994       2.03529745E-03
   1.69999993       2.06129835E-03
   1.70999992       2.08866899E-03
   1.71999991       2.11728946E-03
   1.73000002       2.14733300E-03
   1.74000001       2.17881636E-03
   1.75000000       2.21189577E-03
   1.75999999       2.24679895E-03
   1.76999998       2.28388910E-03
   1.77999997       2.32306425E-03
   1.78999996       2.36472976E-03
   1.79999995       2.40916782E-03
   1.80999994       2.45674839E-03
   1.81999993       2.50778650E-03
   1.82999992       2.56281765E-03
   1.83999991       2.62237852E-03
   1.84999990       2.68726749E-03
   1.86000001       2.75831018E-03
   1.87000000       2.83628493E-03
   1.88000000       2.92349118E-03
   1.88999999       3.02079972E-03
   1.89999998       3.13078589E-03
   1.90999997       3.25700128E-03
   1.91999996       3.40350787E-03
   1.92999995       3.57667985E-03
   1.93999994       3.78638157E-03
   1.94999993       4.04755538E-03
   1.95999992       4.38646879E-03
   1.96999991       4.85209236E-03
   1.97999990       5.55220526E-03
   1.99000001       6.79194834E-03
   2.00000000       1.00658908E-02
   2.00999999       2.02869270E-02
   2.01999998       2.59463452E-02
   2.02999997       2.93150619E-02
   2.03999996       3.16073634E-02
   2.04999995       3.33088823E-02
   2.05999994       3.46502066E-02
   2.06999993       3.57550718E-02
   2.07999992       3.66959125E-02
   2.08999991       3.75181809E-02
   2.09999990       3.82518098E-02
   2.10999990       3.89176235E-02
   2.11999989       3.95299233E-02
   2.12999988       4.00992669E-02
   2.13999987       4.06311750E-02
   2.14999986       4.11398895E-02
   2.15999985       4.16219458E-02
   2.16999984       4.20836620E-02
   2.18000007       4.25280593E-02
   2.19000006       4.29578349E-02
   2.20000005       4.33742329E-02
   2.21000004       4.37801853E-02
   2.22000003       4.41758297E-02
   2.23000002       4.45626676E-02
   2.24000001       4.49420027E-02
   2.25000000       4.53142375E-02
   2.25999999       4.56801169E-02
   2.26999998       4.60406356E-02
   2.27999997       4.63958420E-02
   2.28999996       4.67466265E-02
   2.29999995       4.70929965E-02
   2.30999994       4.74353693E-02
   2.31999993       4.77737002E-02
   2.32999992       4.81102802E-02
   2.33999991       4.84429300E-02
   2.34999990       4.87727597E-02
   2.35999990       4.91000935E-02
   2.36999989       4.94249202E-02
   2.37999988       4.97474857E-02
   2.38999987       5.00679091E-02
   2.39999986       5.03861383E-02
   2.40999985       5.07029146E-02
   2.41999984       5.10178693E-02
   2.42999983       5.13305776E-02
   2.44000006       5.16426712E-02
   2.45000005       5.19520380E-02
   2.46000004       5.22615388E-02
   2.47000003       5.25689274E-02
   2.48000002       5.28750345E-02
   2.49000001       5.31799980E-02
   2.50000000       5.34838736E-02
   2.50999999       5.37865721E-02
   2.51999998       5.40881567E-02
   2.52999997       5.43888845E-02
   2.53999996       5.46885468E-02
   2.54999995       5.49873710E-02
   2.55999994       5.52848503E-02
   2.56999993       5.55823185E-02
   2.57999992       5.58786206E-02
   2.58999991       5.61741292E-02
   2.59999990       5.64688407E-02
   2.60999990       5.67628555E-02
   2.61999989       5.70561923E-02
   2.62999988       5.73488288E-02
   2.63999987       5.76408133E-02
   2.64999986       5.79320714E-02
   2.65999985       5.82226887E-02
   2.66999984       5.85131124E-02
   2.67999983       5.88015243E-02
   2.69000006       5.90914600E-02
   2.70000005       5.93803301E-02
   2.71000004       5.96683025E-02
   2.72000003       5.99558204E-02
   2.73000002       6.02427833E-02
   2.74000001       6.05293252E-02
   2.75000000       6.08153939E-02
   2.75999999       6.11004457E-02
   2.76999998       6.13862015E-02
   2.77999997       6.16709292E-02
   2.78999996       6.19553402E-02
   2.79999995       6.22390732E-02
   2.80999994       6.25228956E-02
   2.81999993       6.28059134E-02
   2.82999992       6.30887374E-02
   2.83999991       6.33711889E-02
   2.84999990       6.36532977E-02
   2.85999990       6.39350787E-02
   2.86999989       6.42162859E-02
   2.87999988       6.44974336E-02
   2.88999987       6.47777990E-02
   2.89999986       6.50587082E-02
   2.90999985       6.53387159E-02
   2.91999984       6.56183735E-02
   2.92999983       6.58980086E-02
   2.93999982       6.61771670E-02
   2.95000005       6.64562136E-02
   2.96000004       6.67347163E-02
   2.97000003       6.70131892E-02
   2.98000002       6.72912449E-02
   2.99000001       6.75676465E-02
   3.00000000       6.78466782E-02
   3.00999999       6.81239367E-02
   3.01999998       6.84002340E-02
   3.02999997       6.86779693E-02
   3.03999996       6.89545497E-02
   3.04999995       6.92309365E-02
   3.05999994       6.95065781E-02
   3.06999993       6.97829723E-02
   3.07999992       7.00584725E-02
   3.08999991       7.03339800E-02
   3.09999990       7.06093013E-02
   3.10999990       7.08819479E-02
   3.11999989       7.11591393E-02
   3.12999988       7.14337453E-02
   3.13999987       7.17081428E-02
   3.14999986       7.19822049E-02
   3.15999985       7.22564310E-02
   3.16999984       7.25301355E-02
   3.17999983       7.28037953E-02
   3.18999982       7.30767548E-02
   3.19999981       7.33506605E-02
   3.21000004       7.36237392E-02
   3.22000003       7.38966316E-02
   3.23000002       7.41694942E-02
   3.24000001       7.44421855E-02
   3.25000000       7.47143999E-02
   3.25999999       7.49866217E-02
   3.26999998       7.52586648E-02
   3.27999997       7.55300224E-02
   3.28999996       7.58024678E-02
   3.29999995       7.60739520E-02
   3.30999994       7.63453692E-02
   3.31999993       7.66163766E-02
   3.32999992       7.68878013E-02
   3.33999991       7.71587119E-02
   3.34999990       7.74291530E-02
   3.35999990       7.76998401E-02
   3.36999989       7.79705867E-02
   3.37999988       7.82412216E-02
   3.38999987       7.85114989E-02
   3.39999986       7.87816718E-02
   3.40999985       7.90515170E-02
   3.41999984       7.93215632E-02
   3.42999983       7.95912668E-02
   3.43999982       7.98608065E-02
   3.44999981       8.01301375E-02
   3.46000004       8.03997517E-02
   3.47000003       8.06689560E-02
   3.48000002       8.09379742E-02
   3.49000001       8.12069699E-02
   3.50000000       8.14752057E-02
   3.50999999       8.17446038E-02
