   9.99999978E-03   5.35074469E-05
   1.99999996E-02   1.02962986E-04
   2.99999993E-02   1.47072657E-04
   3.99999991E-02   1.86424630E-04
   4.99999970E-02   2.22526767E-04
   5.99999987E-02   2.54870625E-04
   7.00000003E-02   2.84553302E-04
   7.99999982E-02   3.12320975E-04
   8.99999961E-02   3.37635691E-04
   9.99999940E-02   3.61334882E-04
  0.109999999       3.83435108E-04
  0.119999997       4.04124876E-04
  0.129999995       4.23727557E-04
  0.140000001       4.41446755E-04
  0.149999991       4.58490889E-04
  0.159999996       4.74427245E-04
  0.170000002       4.89303726E-04
  0.179999992       5.03402902E-04
  0.189999998       5.16803120E-04
  0.199999988       5.29188081E-04
  0.209999993       5.41268673E-04
  0.219999999       5.52087091E-04
  0.229999989       5.62591653E-04
  0.239999995       5.72474091E-04
  0.250000000       5.81902452E-04
  0.259999990       5.90698328E-04
  0.269999981       5.99062361E-04
  0.280000001       6.06921036E-04
  0.289999992       6.14474644E-04
  0.299999982       6.21364976E-04
  0.310000002       6.28027425E-04
  0.319999993       6.34319847E-04
  0.329999983       6.40222512E-04
  0.340000004       6.45858177E-04
  0.349999994       6.51089591E-04
  0.359999985       6.56082295E-04
  0.370000005       6.60829537E-04
  0.379999995       6.65262749E-04
  0.389999986       6.69496309E-04
  0.399999976       6.73482718E-04
  0.409999996       6.77220232E-04
  0.419999987       6.80711586E-04
  0.429999977       6.83991064E-04
  0.439999998       6.87165477E-04
  0.449999988       6.90147455E-04
  0.459999979       6.92855043E-04
  0.469999999       6.95435796E-04
  0.479999989       6.97925570E-04
  0.489999980       7.00133096E-04
  0.500000000       7.02657853E-04
  0.509999990       7.04523001E-04
  0.519999981       7.06310209E-04
  0.529999971       7.08072796E-04
  0.539999962       7.09791610E-04
  0.550000012       7.11329398E-04
  0.560000002       7.12764100E-04
  0.569999993       7.14075053E-04
  0.579999983       7.15332688E-04
  0.589999974       7.16536946E-04
  0.599999964       7.17545452E-04
  0.610000014       7.18598661E-04
  0.620000005       7.19534873E-04
  0.629999995       7.20394484E-04
  0.639999986       7.21189717E-04
  0.649999976       7.22089026E-04
  0.659999967       7.22974772E-04
  0.669999957       7.30687752E-04
  0.680000007       7.30837230E-04
  0.689999998       7.31400040E-04
  0.699999988       7.31953187E-04
  0.709999979       7.32491375E-04
  0.719999969       7.33130961E-04
  0.729999959       7.34179222E-04
  0.740000010       7.33762863E-04
  0.750000000       7.34422938E-04
  0.759999990       7.34936155E-04
  0.769999981       7.35432142E-04
  0.779999971       7.35811016E-04
  0.789999962       7.36207701E-04
  0.799999952       7.36618356E-04
  0.810000002       7.36943504E-04
  0.819999993       7.36461021E-04
  0.829999983       7.37904164E-04
  0.839999974       7.38387927E-04
  0.849999964       7.38928211E-04
  0.859999955       7.39262032E-04
  0.870000005       7.39932468E-04
  0.879999995       7.40013958E-04
  0.889999986       7.41303433E-04
  0.899999976       7.42067117E-04
  0.909999967       7.42931152E-04
  0.919999957       7.44360674E-04
  0.930000007       7.45533674E-04
  0.939999998       7.47326005E-04
  0.949999988       7.49497733E-04
  0.959999979       7.53008761E-04
  0.969999969       7.57468224E-04
  0.979999959       7.66088720E-04
  0.989999950       7.85029901E-04
   1.00000000       1.43954856E-03
   1.00999999       1.33790250E-03
   1.01999998       1.32959732E-03
   1.02999997       1.32923760E-03
   1.03999996       1.33213669E-03
   1.04999995       1.33649877E-03
   1.05999994       1.34197180E-03
   1.06999993       1.34792330E-03
   1.07999992       1.35178503E-03
   1.09000003       1.36129640E-03
   1.10000002       1.36844802E-03
   1.11000001       1.37585448E-03
   1.12000000       1.38334720E-03
   1.13000000       1.39085634E-03
   1.13999999       1.39907515E-03
   1.14999998       1.40710804E-03
   1.15999997       1.41530484E-03
   1.16999996       1.42363505E-03
   1.17999995       1.43207854E-03
   1.18999994       1.44063553E-03
   1.19999993       1.44937006E-03
   1.20999992       1.45815255E-03
   1.22000003       1.46713108E-03
   1.23000002       1.47618947E-03
   1.24000001       1.48550665E-03
   1.25000000       1.49424851E-03
   1.25999999       1.50430342E-03
   1.26999998       1.51400396E-03
   1.27999997       1.52367400E-03
   1.28999996       1.53320003E-03
   1.29999995       1.54375343E-03
   1.30999994       1.55348203E-03
   1.31999993       1.56447478E-03
   1.32999992       1.57471735E-03
   1.33999991       1.58583885E-03
   1.35000002       1.59680424E-03
   1.36000001       1.60799304E-03
   1.37000000       1.61927124E-03
   1.38000000       1.63080241E-03
   1.38999999       1.64262333E-03
   1.39999998       1.65457686E-03
   1.40999997       1.66485214E-03
   1.41999996       1.67938077E-03
   1.42999995       1.69211242E-03
   1.43999994       1.70510879E-03
   1.44999993       1.71841530E-03
   1.45999992       1.73193507E-03
   1.46999991       1.74574100E-03
   1.48000002       1.76001550E-03
   1.49000001       1.77449163E-03
   1.50000000       1.78942329E-03
   1.50999999       1.80466846E-03
   1.51999998       1.81749871E-03
   1.52999997       1.83636416E-03
   1.53999996       1.85280922E-03
   1.54999995       1.86978700E-03
   1.55999994       1.88717793E-03
   1.56999993       1.90508622E-03
   1.57999992       1.92345225E-03
   1.58999991       1.94252317E-03
   1.59999990       1.96213461E-03
   1.61000001       1.98235619E-03
   1.62000000       2.00314587E-03
   1.63000000       2.02487758E-03
   1.63999999       2.04728218E-03
   1.64999998       2.07015243E-03
   1.65999997       2.09446927E-03
   1.66999996       2.11945083E-03
   1.67999995       2.14546197E-03
   1.68999994       2.17275554E-03
   1.69999993       2.20089266E-03
   1.70999992       2.23050150E-03
   1.71999991       2.26146285E-03
   1.73000002       2.29396555E-03
   1.74000001       2.32801819E-03
   1.75000000       2.36380659E-03
   1.75999999       2.40155892E-03
   1.76999998       2.44165957E-03
   1.77999997       2.48402706E-03
   1.78999996       2.52908072E-03
   1.79999995       2.57712626E-03
   1.80999994       2.62855552E-03
   1.81999993       2.68372893E-03
   1.82999992       2.74321181E-03
   1.83999991       2.80757761E-03
   1.84999990       2.87768501E-03
   1.86000001       2.95443181E-03
   1.87000000       3.03863687E-03
   1.88000000       3.12865642E-03
   1.88999999       3.23785492E-03
   1.89999998       3.35654989E-03
   1.90999997       3.49270343E-03
   1.91999996       3.65066063E-03
   1.92999995       3.83727229E-03
   1.93999994       4.06306470E-03
   1.94999993       4.34399117E-03
   1.95999992       4.70801909E-03
   1.96999991       5.20710601E-03
   1.97999990       5.95481880E-03
   1.99000001       7.26953801E-03
   2.00000000       1.06649147E-02
   2.00999999       2.09945180E-02
   2.01999998       2.68347301E-02
   2.02999997       3.03418059E-02
   2.03999996       3.27386931E-02
   2.04999995       3.45219150E-02
   2.05999994       3.59297805E-02
   2.06999993       3.70900147E-02
   2.07999992       3.80782932E-02
   2.08999991       3.89419757E-02
   2.09999990       3.97125036E-02
   2.10999990       4.04113755E-02
   2.11999989       4.10539024E-02
   2.12999988       4.16511297E-02
   2.13999987       4.22118157E-02
   2.14999986       4.27420698E-02
   2.15999985       4.32470553E-02
   2.16999984       4.37305756E-02
   2.18000007       4.41958830E-02
   2.19000006       4.46454622E-02
   2.20000005       4.50813174E-02
   2.21000004       4.55055237E-02
   2.22000003       4.59190942E-02
   2.23000002       4.63233255E-02
   2.24000001       4.67195921E-02
   2.25000000       4.71083894E-02
   2.25999999       4.74904180E-02
   2.26999998       4.78667729E-02
   2.27999997       4.82375212E-02
   2.28999996       4.86035086E-02
   2.29999995       4.89649139E-02
   2.30999994       4.93221842E-02
   2.31999993       4.96757813E-02
   2.32999992       5.00258692E-02
   2.33999991       5.03727160E-02
   2.34999990       5.07165641E-02
   2.35999990       5.10576963E-02
   2.36999989       5.13962880E-02
   2.37999988       5.17324843E-02
   2.38999987       5.20663448E-02
   2.39999986       5.23979068E-02
   2.40999985       5.27279153E-02
   2.41999984       5.30560315E-02
   2.42999983       5.33817410E-02
   2.44000006       5.37067987E-02
   2.45000005       5.40283658E-02
   2.46000004       5.43513224E-02
   2.47000003       5.46713769E-02
   2.48000002       5.49897291E-02
   2.49000001       5.53076826E-02
   2.50000000       5.56239970E-02
   2.50999999       5.59391715E-02
   2.51999998       5.62531389E-02
   2.52999997       5.65661974E-02
   2.53999996       5.68781309E-02
   2.54999995       5.71891665E-02
   2.55999994       5.74992187E-02
   2.56999993       5.78083768E-02
   2.57999992       5.81167676E-02
   2.58999991       5.84242605E-02
   2.59999990       5.87309971E-02
   2.60999990       5.90369254E-02
   2.61999989       5.93421757E-02
   2.62999988       5.96467331E-02
   2.63999987       5.99505454E-02
   2.64999986       6.02538921E-02
   2.65999985       6.05560392E-02
   2.66999984       6.08581528E-02
   2.67999983       6.11595139E-02
   2.69000006       6.14598952E-02
   2.70000005       6.17604889E-02
   2.71000004       6.20600358E-02
   2.72000003       6.23591729E-02
   2.73000002       6.26576841E-02
   2.74000001       6.29557818E-02
   2.75000000       6.32534176E-02
   2.75999999       6.35505542E-02
   2.76999998       6.38471320E-02
   2.77999997       6.41431585E-02
   2.78999996       6.44391924E-02
   2.79999995       6.47345930E-02
   2.80999994       6.50295764E-02
   2.81999993       6.53241351E-02
   2.82999992       6.56182393E-02
   2.83999991       6.59120381E-02
   2.84999990       6.62054121E-02
   2.85999990       6.64984956E-02
   2.86999989       6.67910278E-02
   2.87999988       6.70834109E-02
   2.88999987       6.73753470E-02
   2.89999986       6.76671490E-02
   2.90999985       6.79584742E-02
   2.91999984       6.82492629E-02
   2.92999983       6.85400814E-02
   2.93999982       6.88298941E-02
   2.95000005       6.91206157E-02
   2.96000004       6.94103166E-02
   2.97000003       6.96999207E-02
   2.98000002       6.99891448E-02
   2.99000001       7.02781081E-02
   3.00000000       7.05667958E-02
   3.00999999       7.08550960E-02
   3.01999998       7.11424798E-02
   3.02999997       7.14313015E-02
   3.03999996       7.17189461E-02
   3.04999995       7.20063373E-02
   3.05999994       7.22934678E-02
   3.06999993       7.25804269E-02
   3.07999992       7.28670955E-02
   3.08999991       7.31534883E-02
   3.09999990       7.34397471E-02
   3.10999990       7.37257749E-02
   3.11999989       7.40115941E-02
   3.12999988       7.42970556E-02
   3.13999987       7.45824650E-02
   3.14999986       7.48676807E-02
   3.15999985       7.51526505E-02
   3.16999984       7.54373372E-02
   3.17999983       7.57217854E-02
   3.18999982       7.60057494E-02
   3.19999981       7.62905478E-02
   3.21000004       7.65745118E-02
   3.22000003       7.68583119E-02
   3.23000002       7.71419704E-02
   3.24000001       7.74255320E-02
   3.25000000       7.77086169E-02
   3.25999999       7.79917091E-02
   3.26999998       7.82745928E-02
   3.27999997       7.85567537E-02
   3.28999996       7.88399950E-02
   3.29999995       7.91224018E-02
   3.30999994       7.94046819E-02
   3.31999993       7.96864256E-02
   3.32999992       7.99686909E-02
   3.33999991       8.02505314E-02
   3.34999990       8.05315003E-02
   3.35999990       8.08131769E-02
   3.36999989       8.10948610E-02
   3.37999988       8.13760608E-02
   3.38999987       8.16570148E-02
   3.39999986       8.19379017E-02
   3.40999985       8.22184831E-02
   3.41999984       8.24993178E-02
   3.42999983       8.27798322E-02
   3.43999982       8.30600560E-02
   3.44999981       8.33400190E-02
   3.46000004       8.36204365E-02
   3.47000003       8.39000866E-02
   3.48000002       8.41800123E-02
   3.49000001       8.44598562E-02
   3.50000000       8.47385600E-02
   3.50999999       8.50187838E-02
