   9.99999978E-03   5.79741209E-05
   1.99999996E-02   1.11715592E-04
   2.99999993E-02   1.60040698E-04
   3.99999991E-02   2.03648044E-04
   4.99999970E-02   2.43019938E-04
   5.99999987E-02   2.79051543E-04
   7.00000003E-02   3.12099000E-04
   7.99999982E-02   3.42696585E-04
   8.99999961E-02   3.71003145E-04
   9.99999940E-02   3.97284166E-04
  0.109999999       4.21808683E-04
  0.119999997       4.44735168E-04
  0.129999995       4.66200494E-04
  0.140000001       4.86713776E-04
  0.149999991       5.05102624E-04
  0.159999996       5.22940536E-04
  0.170000002       5.39443688E-04
  0.179999992       5.55404637E-04
  0.189999998       5.70018950E-04
  0.199999988       5.83788205E-04
  0.209999993       5.97383361E-04
  0.219999999       6.09329611E-04
  0.229999989       6.21026324E-04
  0.239999995       6.32057898E-04
  0.250000000       6.42499421E-04
  0.259999990       6.52325107E-04
  0.269999981       6.61600148E-04
  0.280000001       6.70369831E-04
  0.289999992       6.78632874E-04
  0.299999982       6.86629326E-04
  0.310000002       6.94000162E-04
  0.319999993       7.00977340E-04
  0.329999983       7.07571453E-04
  0.340000004       7.13856018E-04
  0.349999994       7.19727890E-04
  0.359999985       7.25269201E-04
  0.370000005       7.30415224E-04
  0.379999995       7.35542795E-04
  0.389999986       7.40202900E-04
  0.399999976       7.44645018E-04
  0.409999996       7.48904306E-04
  0.419999987       7.52791064E-04
  0.429999977       7.56661757E-04
  0.439999998       7.60030991E-04
  0.449999988       7.63279619E-04
  0.459999979       7.66387442E-04
  0.469999999       7.69281643E-04
  0.479999989       7.72333937E-04
  0.489999980       7.74535351E-04
  0.500000000       7.77429552E-04
  0.509999990       7.79491500E-04
  0.519999981       7.81514682E-04
  0.529999971       7.83540425E-04
  0.539999962       7.85413140E-04
  0.550000012       7.87169498E-04
  0.560000002       7.88790931E-04
  0.569999993       7.90266087E-04
  0.579999983       7.91684142E-04
  0.589999974       7.93050567E-04
  0.599999964       7.94223568E-04
  0.610000014       7.95387605E-04
  0.620000005       7.96490698E-04
  0.629999995       7.97424407E-04
  0.639999986       7.98364170E-04
  0.649999976       7.99388799E-04
  0.659999967       8.00553185E-04
  0.669999957       8.11222882E-04
  0.680000007       8.11271777E-04
  0.689999998       8.11894657E-04
  0.699999988       8.12633138E-04
  0.709999979       8.13444087E-04
  0.719999969       8.13998224E-04
  0.729999959       8.14628263E-04
  0.740000010       8.15127685E-04
  0.750000000       8.15677224E-04
  0.759999990       8.16396961E-04
  0.769999981       8.17041087E-04
  0.779999971       8.17532768E-04
  0.789999962       8.18082888E-04
  0.799999952       8.18694127E-04
  0.810000002       8.19087494E-04
  0.819999993       8.19997804E-04
  0.829999983       8.20502639E-04
  0.839999974       8.21213296E-04
  0.849999964       8.22100148E-04
  0.859999955       8.22533097E-04
  0.870000005       8.22922389E-04
  0.879999995       8.24397430E-04
  0.889999986       8.25550756E-04
  0.899999976       8.26696400E-04
  0.909999967       8.28026212E-04
  0.919999957       8.29847006E-04
  0.930000007       8.31910642E-04
  0.939999998       8.34369974E-04
  0.949999988       8.37791536E-04
  0.959999979       8.42449663E-04
  0.969999969       8.48843367E-04
  0.979999959       8.60919419E-04
  0.989999950       8.87485978E-04
   1.00000000       1.69545179E-03
   1.00999999       1.57388579E-03
   1.01999998       1.56183331E-03
   1.02999997       1.56329293E-03
   1.03999996       1.56639318E-03
   1.04999995       1.57152466E-03
   1.05999994       1.57815602E-03
   1.06999993       1.58541510E-03
   1.07999992       1.59341516E-03
   1.09000003       1.60188659E-03
   1.10000002       1.61053159E-03
   1.11000001       1.61987566E-03
   1.12000000       1.62919622E-03
   1.13000000       1.63892866E-03
   1.13999999       1.64874049E-03
   1.14999998       1.65873684E-03
   1.15999997       1.66894495E-03
   1.16999996       1.67932583E-03
   1.17999995       1.68988726E-03
   1.18999994       1.69996533E-03
   1.19999993       1.71142200E-03
   1.20999992       1.72269344E-03
   1.22000003       1.73363264E-03
   1.23000002       1.74503960E-03
   1.24000001       1.75658811E-03
   1.25000000       1.76823733E-03
   1.25999999       1.78005476E-03
   1.26999998       1.79218885E-03
   1.27999997       1.80444343E-03
   1.28999996       1.81682431E-03
   1.29999995       1.82951067E-03
   1.30999994       1.84231577E-03
   1.31999993       1.85529783E-03
   1.32999992       1.86856417E-03
   1.33999991       1.88199664E-03
   1.35000002       1.89576950E-03
   1.36000001       1.90922513E-03
   1.37000000       1.92381896E-03
   1.38000000       1.93822873E-03
   1.38999999       1.95299182E-03
   1.39999998       1.96798542E-03
   1.40999997       1.98340672E-03
   1.41999996       1.99895538E-03
   1.42999995       2.01488845E-03
   1.43999994       2.02812813E-03
   1.44999993       2.04776181E-03
   1.45999992       2.06470280E-03
   1.46999991       2.08190060E-03
   1.48000002       2.09975266E-03
   1.49000001       2.11784197E-03
   1.50000000       2.13654246E-03
   1.50999999       2.15557148E-03
   1.51999998       2.17517535E-03
   1.52999997       2.19515921E-03
   1.53999996       2.21571024E-03
   1.54999995       2.23690714E-03
   1.55999994       2.25863396E-03
   1.56999993       2.28100433E-03
   1.57999992       2.30395165E-03
   1.58999991       2.32775975E-03
   1.59999990       2.35224701E-03
   1.61000001       2.37747119E-03
   1.62000000       2.40358920E-03
   1.63000000       2.43056403E-03
   1.63999999       2.45852000E-03
   1.64999998       2.48749787E-03
   1.65999997       2.51742755E-03
   1.66999996       2.54855142E-03
   1.67999995       2.58122082E-03
   1.68999994       2.61505810E-03
   1.69999993       2.65025697E-03
   1.70999992       2.68704165E-03
   1.71999991       2.72565638E-03
   1.73000002       2.76615308E-03
   1.74000001       2.80857785E-03
   1.75000000       2.85318680E-03
   1.75999999       2.90035224E-03
   1.76999998       2.95016309E-03
   1.77999997       3.00289481E-03
   1.78999996       3.05903004E-03
   1.79999995       3.11874226E-03
   1.80999994       3.18270409E-03
   1.81999993       3.25135211E-03
   1.82999992       3.32525163E-03
   1.83999991       3.40522104E-03
   1.84999990       3.49229784E-03
   1.86000001       3.58755724E-03
   1.87000000       3.69239156E-03
   1.88000000       3.80815566E-03
   1.88999999       3.93881835E-03
   1.89999998       4.08566929E-03
   1.90999997       4.25394019E-03
   1.91999996       4.44887858E-03
   1.92999995       4.67876811E-03
   1.93999994       4.95623937E-03
   1.94999993       5.30046271E-03
   1.95999992       5.74458251E-03
   1.96999991       6.34963857E-03
   1.97999990       7.24668987E-03
   1.99000001       8.79202038E-03
   2.00000000       1.25439232E-02
   2.00999999       2.31664144E-02
   2.01999998       2.95189731E-02
   2.02999997       3.34318765E-02
   2.03999996       3.61405313E-02
   2.04999995       3.81701812E-02
   2.05999994       3.97790447E-02
   2.06999993       4.11073714E-02
   2.07999992       4.22401726E-02
   2.08999991       4.32303213E-02
   2.09999990       4.41133082E-02
   2.10999990       4.49136160E-02
   2.11999989       4.56487946E-02
   2.12999988       4.63314801E-02
   2.13999987       4.69715223E-02
   2.14999986       4.75759655E-02
   2.15999985       4.81514819E-02
   2.16999984       4.87017371E-02
   2.18000007       4.92306016E-02
   2.19000006       4.97410111E-02
   2.20000005       5.02355061E-02
   2.21000004       5.07065617E-02
   2.22000003       5.11827320E-02
   2.23000002       5.16419038E-02
   2.24000001       5.20898849E-02
   2.25000000       5.25290854E-02
   2.25999999       5.29605411E-02
   2.26999998       5.33849858E-02
   2.27999997       5.38030080E-02
   2.28999996       5.42154238E-02
   2.29999995       5.46224639E-02
   2.30999994       5.50245196E-02
   2.31999993       5.54223359E-02
   2.32999992       5.58163077E-02
   2.33999991       5.62062338E-02
   2.34999990       5.65926991E-02
   2.35999990       5.69736958E-02
   2.36999989       5.73561601E-02
   2.37999988       5.77336214E-02
   2.38999987       5.81079423E-02
   2.39999986       5.84806539E-02
   2.40999985       5.88505566E-02
   2.41999984       5.92184104E-02
   2.42999983       5.95842153E-02
   2.44000006       5.99479116E-02
   2.45000005       6.03093654E-02
   2.46000004       6.06702976E-02
   2.47000003       6.10288866E-02
   2.48000002       6.13854304E-02
   2.49000001       6.17413744E-02
   2.50000000       6.20957017E-02
   2.50999999       6.24485686E-02
   2.51999998       6.28000125E-02
   2.52999997       6.31494224E-02
   2.53999996       6.34994879E-02
   2.54999995       6.38474524E-02
   2.55999994       6.41943216E-02
   2.56999993       6.45400584E-02
   2.57999992       6.48845285E-02
   2.58999991       6.52290732E-02
   2.59999990       6.55719787E-02
   2.60999990       6.59142137E-02
   2.61999989       6.62554055E-02
   2.62999988       6.65960163E-02
   2.63999987       6.69356734E-02
   2.64999986       6.72747195E-02
   2.65999985       6.76094666E-02
   2.66999984       6.79501891E-02
   2.67999983       6.82868883E-02
   2.69000006       6.86229616E-02
   2.70000005       6.89583346E-02
   2.71000004       6.92932233E-02
   2.72000003       6.96274042E-02
   2.73000002       6.99562654E-02
   2.74000001       7.02939630E-02
   2.75000000       7.06263483E-02
   2.75999999       7.09583163E-02
   2.76999998       7.12897182E-02
   2.77999997       7.16206953E-02
   2.78999996       7.19510466E-02
   2.79999995       7.22808465E-02
   2.80999994       7.26102963E-02
   2.81999993       7.29389787E-02
   2.82999992       7.32675791E-02
   2.83999991       7.35957399E-02
   2.84999990       7.39234015E-02
   2.85999990       7.42505938E-02
   2.86999989       7.45773613E-02
   2.87999988       7.49037489E-02
   2.88999987       7.52297640E-02
   2.89999986       7.55554810E-02
   2.90999985       7.58805349E-02
   2.91999984       7.62054473E-02
   2.92999983       7.65301138E-02
   2.93999982       7.68535212E-02
   2.95000005       7.71779194E-02
   2.96000004       7.75014609E-02
   2.97000003       7.78248087E-02
   2.98000002       7.81476572E-02
   2.99000001       7.84701854E-02
   3.00000000       7.87919536E-02
   3.00999999       7.91141987E-02
   3.01999998       7.94359148E-02
   3.02999997       7.97573179E-02
   3.03999996       8.00783783E-02
   3.04999995       8.03990662E-02
   3.05999994       8.07196200E-02
   3.06999993       8.10397640E-02
   3.07999992       8.13597292E-02
   3.08999991       8.16708431E-02
   3.09999990       8.19987059E-02
   3.10999990       8.23179558E-02
   3.11999989       8.26369748E-02
   3.12999988       8.29555914E-02
   3.13999987       8.32739472E-02
   3.14999986       8.35922807E-02
   3.15999985       8.39102417E-02
   3.16999984       8.42280015E-02
   3.17999983       8.45454261E-02
   3.18999982       8.48626867E-02
   3.19999981       8.51799473E-02
   3.21000004       8.54968876E-02
   3.22000003       8.58134478E-02
   3.23000002       8.61300528E-02
   3.24000001       8.64463449E-02
   3.25000000       8.67622867E-02
   3.25999999       8.70780572E-02
   3.26999998       8.73938352E-02
   3.27999997       8.77094269E-02
   3.28999996       8.80247578E-02
   3.29999995       8.83397087E-02
   3.30999994       8.86546522E-02
   3.31999993       8.89694318E-02
   3.32999992       8.92839357E-02
   3.33999991       8.95983055E-02
   3.34999990       8.99123251E-02
   3.35999990       9.02196467E-02
   3.36999989       9.05404016E-02
   3.37999988       9.08540562E-02
   3.38999987       9.11675766E-02
   3.39999986       9.14808512E-02
   3.40999985       9.17942226E-02
   3.41999984       9.21072587E-02
   3.42999983       9.24201384E-02
   3.43999982       9.27327424E-02
   3.44999981       9.30451825E-02
   3.46000004       9.33578536E-02
   3.47000003       9.36699212E-02
   3.48000002       9.39823315E-02
   3.49000001       9.42943469E-02
   3.50000000       9.46056992E-02
   3.50999999       9.49177667E-02
