   9.99999978E-03   6.77987628E-05
   1.99999996E-02   1.29792897E-04
   2.99999993E-02   1.88015576E-04
   3.99999991E-02   2.40930371E-04
   4.99999970E-02   2.88966257E-04
   5.99999987E-02   3.32874450E-04
   7.00000003E-02   3.73440969E-04
   7.99999982E-02   4.10813285E-04
   8.99999961E-02   4.45517449E-04
   9.99999940E-02   4.77275957E-04
  0.109999999       5.07941702E-04
  0.119999997       5.36570733E-04
  0.129999995       5.62545494E-04
  0.140000001       5.87210292E-04
  0.149999991       6.10392599E-04
  0.159999996       6.32583920E-04
  0.170000002       6.52762945E-04
  0.179999992       6.72156166E-04
  0.189999998       6.90333254E-04
  0.199999988       7.07544561E-04
  0.209999993       7.23928388E-04
  0.219999999       7.39195384E-04
  0.229999989       7.53530301E-04
  0.239999995       7.67235702E-04
  0.250000000       7.80160248E-04
  0.259999990       7.92307022E-04
  0.269999981       8.03792151E-04
  0.280000001       8.14634957E-04
  0.289999992       8.24964896E-04
  0.299999982       8.34879931E-04
  0.310000002       8.43876915E-04
  0.319999993       8.52650788E-04
  0.329999983       8.60894215E-04
  0.340000004       8.68685194E-04
  0.349999994       8.75979895E-04
  0.359999985       8.82897293E-04
  0.370000005       8.89496179E-04
  0.379999995       8.95647623E-04
  0.389999986       9.02058848E-04
  0.399999976       9.07037582E-04
  0.409999996       9.12212883E-04
  0.419999987       9.17184050E-04
  0.429999977       9.21764178E-04
  0.439999998       9.26267763E-04
  0.449999988       9.30288166E-04
  0.459999979       9.34155949E-04
  0.469999999       9.37825651E-04
  0.479999989       9.41365899E-04
  0.489999980       9.44503641E-04
  0.500000000       9.47956170E-04
  0.509999990       9.50774702E-04
  0.519999981       9.53216862E-04
  0.529999971       9.55898489E-04
  0.539999962       9.58247518E-04
  0.550000012       9.60470352E-04
  0.560000002       9.62457911E-04
  0.569999993       9.64422012E-04
  0.579999983       9.66238964E-04
  0.589999974       9.68141016E-04
  0.599999964       9.69584216E-04
  0.610000014       9.71086789E-04
  0.620000005       9.72579117E-04
  0.629999995       9.73879301E-04
  0.639999986       9.75143223E-04
  0.649999976       9.76598589E-04
  0.659999967       9.78706288E-04
  0.669999957       9.98837175E-04
  0.680000007       9.98458127E-04
  0.689999998       9.98591422E-04
  0.699999988       1.00032205E-03
  0.709999979       1.00040343E-03
  0.719999969       1.00241823E-03
  0.729999959       1.00337574E-03
  0.740000010       1.00444036E-03
  0.750000000       1.00564153E-03
  0.759999990       1.00663421E-03
  0.769999981       1.00773480E-03
  0.779999971       1.00875634E-03
  0.789999962       1.00974855E-03
  0.799999952       1.01079640E-03
  0.810000002       1.01215451E-03
  0.819999993       1.01338152E-03
  0.829999983       1.01449189E-03
  0.839999974       1.01610296E-03
  0.849999964       1.01754349E-03
  0.859999955       1.01909472E-03
  0.870000005       1.02071941E-03
  0.879999995       1.02273223E-03
  0.889999986       1.02509232E-03
  0.899999976       1.02755963E-03
  0.909999967       1.03019970E-03
  0.919999957       1.03371998E-03
  0.930000007       1.03813631E-03
  0.939999998       1.04324508E-03
  0.949999988       1.05002907E-03
  0.959999979       1.05927303E-03
  0.969999969       1.07124599E-03
  0.979999959       1.09577179E-03
  0.989999950       1.14762853E-03
   1.00000000       2.36917869E-03
   1.00999999       2.20791576E-03
   1.01999998       2.18605646E-03
   1.02999997       2.18077726E-03
   1.03999996       2.18616705E-03
   1.04999995       2.19318690E-03
   1.05999994       2.20260210E-03
   1.06999993       2.21340521E-03
   1.07999992       2.22539855E-03
   1.09000003       2.23710644E-03
   1.10000002       2.25147861E-03
   1.11000001       2.26545823E-03
   1.12000000       2.27985508E-03
   1.13000000       2.29459046E-03
   1.13999999       2.30970117E-03
   1.14999998       2.32507824E-03
   1.15999997       2.34082341E-03
   1.16999996       2.35686591E-03
   1.17999995       2.37319968E-03
   1.18999994       2.38946709E-03
   1.19999993       2.40659085E-03
   1.20999992       2.42375676E-03
   1.22000003       2.44093011E-03
   1.23000002       2.45865667E-03
   1.24000001       2.47663772E-03
   1.25000000       2.49479781E-03
   1.25999999       2.51315767E-03
   1.26999998       2.53198389E-03
   1.27999997       2.55102105E-03
   1.28999996       2.57029152E-03
   1.29999995       2.58991774E-03
   1.30999994       2.60990369E-03
   1.31999993       2.62990687E-03
   1.32999992       2.65080133E-03
   1.33999991       2.67132930E-03
   1.35000002       2.69307289E-03
   1.36000001       2.71474081E-03
   1.37000000       2.73676706E-03
   1.38000000       2.75929319E-03
   1.38999999       2.78175296E-03
   1.39999998       2.80557573E-03
   1.40999997       2.82940501E-03
   1.41999996       2.85367202E-03
   1.42999995       2.87848199E-03
   1.43999994       2.90373550E-03
   1.44999993       2.92957597E-03
   1.45999992       2.95592961E-03
   1.46999991       2.98288325E-03
   1.48000002       3.01045924E-03
   1.49000001       3.03864432E-03
   1.50000000       3.06711951E-03
   1.50999999       3.09724081E-03
   1.51999998       3.12768156E-03
   1.52999997       3.15877027E-03
   1.53999996       3.19081871E-03
   1.54999995       3.22362338E-03
   1.55999994       3.25746718E-03
   1.56999993       3.29216546E-03
   1.57999992       3.32792732E-03
   1.58999991       3.36475391E-03
   1.59999990       3.40281753E-03
   1.61000001       3.44192307E-03
   1.62000000       3.48176574E-03
   1.63000000       3.52430181E-03
   1.63999999       3.56767373E-03
   1.64999998       3.61257838E-03
   1.65999997       3.65904020E-03
   1.66999996       3.70720075E-03
   1.67999995       3.75783397E-03
   1.68999994       3.81023483E-03
   1.69999993       3.86478147E-03
   1.70999992       3.92186968E-03
   1.71999991       3.98151577E-03
   1.73000002       4.04405501E-03
   1.74000001       4.10965784E-03
   1.75000000       4.17586509E-03
   1.75999999       4.25144704E-03
   1.76999998       4.32834635E-03
   1.77999997       4.40976396E-03
   1.78999996       4.49629128E-03
   1.79999995       4.58840467E-03
   1.80999994       4.68674488E-03
   1.81999993       4.79238946E-03
   1.82999992       4.90590278E-03
   1.83999991       5.02889324E-03
   1.84999990       5.16245794E-03
   1.86000001       5.30838454E-03
   1.87000000       5.46883559E-03
   1.88000000       5.64707443E-03
   1.88999999       5.84468385E-03
   1.89999998       6.06833724E-03
   1.90999997       6.32336317E-03
   1.91999996       6.61804061E-03
   1.92999995       6.96421834E-03
   1.93999994       7.37968646E-03
   1.94999993       7.89169688E-03
   1.95999992       8.54572747E-03
   1.96999991       9.42430180E-03
   1.97999990       1.06972884E-02
   1.99000001       1.27966283E-02
   2.00000000       1.73258819E-02
   2.00999999       2.84707788E-02
   2.01999998       3.58556286E-02
   2.02999997       4.06454317E-02
   2.03999996       4.40530814E-02
   2.04999995       4.66476716E-02
   2.05999994       4.87235263E-02
   2.06999993       5.04483022E-02
   2.07999992       5.19232713E-02
   2.08999991       5.32144234E-02
   2.09999990       5.43660708E-02
   2.10999990       5.54078370E-02
   2.11999989       5.63662238E-02
   2.12999988       5.72541021E-02
   2.13999987       5.80849461E-02
   2.14999986       5.88684492E-02
   2.15999985       5.96123040E-02
   2.16999984       6.03223518E-02
   2.18000007       6.10039122E-02
   2.19000006       6.16603717E-02
   2.20000005       6.22951314E-02
   2.21000004       6.29111454E-02
   2.22000003       6.35103509E-02
   2.23000002       6.40948340E-02
   2.24000001       6.46661073E-02
   2.25000000       6.52249530E-02
   2.25999999       6.57743961E-02
   2.26999998       6.63137883E-02
   2.27999997       6.68443963E-02
   2.28999996       6.73669800E-02
   2.29999995       6.78825974E-02
   2.30999994       6.83916211E-02
   2.31999993       6.88945800E-02
   2.32999992       6.93918690E-02
   2.33999991       6.98840246E-02
   2.34999990       7.03714713E-02
   2.35999990       7.08543435E-02
   2.36999989       7.13331923E-02
   2.37999988       7.18082190E-02
   2.38999987       7.22796321E-02
   2.39999986       7.27475733E-02
   2.40999985       7.32122660E-02
   2.41999984       7.36742541E-02
   2.42999983       7.41332620E-02
   2.44000006       7.45898187E-02
   2.45000005       7.50437677E-02
   2.46000004       7.54952654E-02
   2.47000003       7.59446472E-02
   2.48000002       7.63919130E-02
   2.49000001       7.68371448E-02
   2.50000000       7.72804618E-02
   2.50999999       7.77219236E-02
   2.51999998       7.81616867E-02
   2.52999997       7.85997212E-02
   2.53999996       7.90362135E-02
   2.54999995       7.94712007E-02
   2.55999994       7.99046606E-02
   2.56999993       8.03367719E-02
   2.57999992       8.07674229E-02
   2.58999991       8.11964124E-02
   2.59999990       8.16253424E-02
   2.60999990       8.20524096E-02
   2.61999989       8.24782476E-02
   2.62999988       8.29011500E-02
   2.63999987       8.33269432E-02
   2.64999986       8.37498531E-02
   2.65999985       8.41714218E-02
   2.66999984       8.45922157E-02
   2.67999983       8.50121826E-02
   2.69000006       8.54311287E-02
   2.70000005       8.58493000E-02
   2.71000004       8.62665251E-02
   2.72000003       8.66830572E-02
   2.73000002       8.70986879E-02
   2.74000001       8.75135809E-02
   2.75000000       8.79276320E-02
   2.75999999       8.83411989E-02
   2.76999998       8.87539312E-02
   2.77999997       8.91659707E-02
   2.78999996       8.95771831E-02
   2.79999995       8.99881870E-02
   2.80999994       9.03983116E-02
   2.81999993       9.08078402E-02
   2.82999992       9.12167504E-02
   2.83999991       9.16248634E-02
   2.84999990       9.20328647E-02
   2.85999990       9.24401060E-02
   2.86999989       9.28467512E-02
   2.87999988       9.32526961E-02
   2.88999987       9.36585516E-02
   2.89999986       9.40638110E-02
   2.90999985       9.44683775E-02
   2.91999984       9.48725939E-02
   2.92999983       9.52763185E-02
   2.93999982       9.56795439E-02
   2.95000005       9.60822925E-02
   2.96000004       9.64846238E-02
   2.97000003       9.68862623E-02
   2.98000002       9.72881243E-02
   2.99000001       9.76893082E-02
   3.00000000       9.80900601E-02
   3.00999999       9.84902307E-02
   3.01999998       9.88902897E-02
   3.02999997       9.92898121E-02
   3.03999996       9.96873826E-02
   3.04999995      0.100087866    
   3.05999994      0.100486338    
   3.06999993      0.100884371    
   3.07999992      0.101282172    
   3.08999991      0.101679556    
   3.09999990      0.102076441    
   3.10999990      0.102473356    
   3.11999989      0.102869853    
   3.12999988      0.103266001    
   3.13999987      0.103661589    
   3.14999986      0.104057185    
   3.15999985      0.104452536    
   3.16999984      0.104847349    
   3.17999983      0.105242088    
   3.18999982      0.105636239    
   3.19999981      0.106030554    
   3.21000004      0.106424071    
   3.22000003      0.106817700    
   3.23000002      0.107211098    
   3.24000001      0.107604079    
   3.25000000      0.107996769    
   3.25999999      0.108389288    
   3.26999998      0.108781412    
   3.27999997      0.109173477    
   3.28999996      0.109565303    
   3.29999995      0.109956570    
   3.30999994      0.110348031    
   3.31999993      0.110738993    
   3.32999992      0.111129820    
   3.33999991      0.111520305    
   3.34999990      0.111910656    
   3.35999990      0.112300657    
   3.36999989      0.112690777    
   3.37999988      0.113080531    
   3.38999987      0.113469966    
   3.39999986      0.113859221    
   3.40999985      0.114248335    
   3.41999984      0.114637271    
   3.42999983      0.115025908    
   3.43999982      0.115414485    
   3.44999981      0.115801401    
   3.46000004      0.116190799    
   3.47000003      0.116578691    
   3.48000002      0.116966374    
   3.49000001      0.117353886    
   3.50000000      0.117741182    
   3.50999999      0.118128441    
