   9.99999978E-03   6.35760953E-05
   1.99999996E-02   1.22100813E-04
   2.99999993E-02   1.76401634E-04
   3.99999991E-02   2.25404045E-04
   4.99999970E-02   2.71287136E-04
   5.99999987E-02   3.10387433E-04
   7.00000003E-02   3.47786961E-04
   7.99999982E-02   3.82210565E-04
   8.99999961E-02   4.14177892E-04
   9.99999940E-02   4.43896715E-04
  0.109999999       4.71668027E-04
  0.119999997       4.97605593E-04
  0.129999995       5.21900307E-04
  0.140000001       5.44620445E-04
  0.149999991       5.65956288E-04
  0.159999996       5.86063485E-04
  0.170000002       6.04915083E-04
  0.179999992       6.22725638E-04
  0.189999998       6.39647362E-04
  0.199999988       6.55245443E-04
  0.209999993       6.70297653E-04
  0.219999999       6.84220693E-04
  0.229999989       6.97504438E-04
  0.239999995       7.10024091E-04
  0.250000000       7.21911783E-04
  0.259999990       7.33069144E-04
  0.269999981       7.43629527E-04
  0.280000001       7.53573549E-04
  0.289999992       7.63237651E-04
  0.299999982       7.72107393E-04
  0.310000002       7.80374743E-04
  0.319999993       7.88417296E-04
  0.329999983       7.95964093E-04
  0.340000004       8.03121831E-04
  0.349999994       8.09812045E-04
  0.359999985       8.16129963E-04
  0.370000005       8.22166272E-04
  0.379999995       8.27765034E-04
  0.389999986       8.33125843E-04
  0.399999976       8.38195090E-04
  0.409999996       8.42920505E-04
  0.419999987       8.47505464E-04
  0.429999977       8.51693330E-04
  0.439999998       8.55796563E-04
  0.449999988       8.59482505E-04
  0.459999979       8.63012625E-04
  0.469999999       8.66368820E-04
  0.479999989       8.69581592E-04
  0.489999980       8.72367062E-04
  0.500000000       8.75617610E-04
  0.509999990       8.78126244E-04
  0.519999981       8.80435749E-04
  0.529999971       8.82781227E-04
  0.539999962       8.84931651E-04
  0.550000012       8.86940106E-04
  0.560000002       8.88840819E-04
  0.569999993       8.90522904E-04
  0.579999983       8.92171462E-04
  0.589999974       8.93777353E-04
  0.599999964       8.95146164E-04
  0.610000014       8.96518875E-04
  0.620000005       8.97837803E-04
  0.629999995       8.98886879E-04
  0.639999986       9.00114595E-04
  0.649999976       9.01332649E-04
  0.659999967       9.02981206E-04
  0.669999957       9.18545353E-04
  0.680000007       9.18382430E-04
  0.689999998       9.19161539E-04
  0.699999988       9.20018763E-04
  0.709999979       9.20293329E-04
  0.719999969       9.21811676E-04
  0.729999959       9.22681240E-04
  0.740000010       9.23470536E-04
  0.750000000       9.24101798E-04
  0.759999990       9.25106637E-04
  0.769999981       9.26067936E-04
  0.779999971       9.26838140E-04
  0.789999962       9.27528425E-04
  0.799999952       9.28418827E-04
  0.810000002       9.29470232E-04
  0.819999993       9.30409180E-04
  0.829999983       9.31014714E-04
  0.839999974       9.32185969E-04
  0.849999964       9.33536678E-04
  0.859999955       9.34683951E-04
  0.870000005       9.35899327E-04
  0.879999995       9.37386998E-04
  0.889999986       9.39089921E-04
  0.899999976       9.41295759E-04
  0.909999967       9.42952989E-04
  0.919999957       9.45773034E-04
  0.930000007       9.48965782E-04
  0.939999998       9.52754461E-04
  0.949999988       9.57920856E-04
  0.959999979       9.64942796E-04
  0.969999969       9.75252537E-04
  0.979999959       9.92708490E-04
  0.989999950       1.03237084E-03
   1.00000000       2.06773286E-03
   1.00999999       1.92443305E-03
   1.01999998       1.90692442E-03
   1.02999997       1.90493243E-03
   1.03999996       1.90830790E-03
   1.04999995       1.91450212E-03
   1.05999994       1.92265131E-03
   1.06999993       1.93192484E-03
   1.07999992       1.94212631E-03
   1.09000003       1.95299473E-03
   1.10000002       1.96407177E-03
   1.11000001       1.97605463E-03
   1.12000000       1.98821444E-03
   1.13000000       2.00061477E-03
   1.13999999       2.01333035E-03
   1.14999998       2.02619238E-03
   1.15999997       2.03953148E-03
   1.16999996       2.05298839E-03
   1.17999995       2.06669816E-03
   1.18999994       2.08056066E-03
   1.19999993       2.09470605E-03
   1.20999992       2.10814737E-03
   1.22000003       2.12338893E-03
   1.23000002       2.13836064E-03
   1.24000001       2.15344294E-03
   1.25000000       2.16865074E-03
   1.25999999       2.18401151E-03
   1.26999998       2.20007822E-03
   1.27999997       2.21575308E-03
   1.28999996       2.23188894E-03
   1.29999995       2.24838220E-03
   1.30999994       2.26507476E-03
   1.31999993       2.28178897E-03
   1.32999992       2.29931972E-03
   1.33999991       2.31649238E-03
   1.35000002       2.33472604E-03
   1.36000001       2.35286704E-03
   1.37000000       2.37129582E-03
   1.38000000       2.37175380E-03
   1.38999999       2.40926514E-03
   1.39999998       2.42891605E-03
   1.40999997       2.44888850E-03
   1.41999996       2.46869726E-03
   1.42999995       2.48992606E-03
   1.43999994       2.51062703E-03
   1.44999993       2.53274804E-03
   1.45999992       2.55481643E-03
   1.46999991       2.57738424E-03
   1.48000002       2.60047987E-03
   1.49000001       2.62408447E-03
   1.50000000       2.64838268E-03
   1.50999999       2.67316308E-03
   1.51999998       2.69867154E-03
   1.52999997       2.72470922E-03
   1.53999996       2.75153294E-03
   1.54999995       2.77904398E-03
   1.55999994       2.80727888E-03
   1.56999993       2.83644837E-03
   1.57999992       2.86642439E-03
   1.58999991       2.89728516E-03
   1.59999990       2.92914640E-03
   1.61000001       2.96197156E-03
   1.62000000       2.99537904E-03
   1.63000000       3.03101749E-03
   1.63999999       3.06735816E-03
   1.64999998       3.10503575E-03
   1.65999997       3.14396666E-03
   1.66999996       3.18439002E-03
   1.67999995       3.22684622E-03
   1.68999994       3.27079534E-03
   1.69999993       3.31655052E-03
   1.70999992       3.36434413E-03
   1.71999991       3.41451820E-03
   1.73000002       3.46482545E-03
   1.74000001       3.52208270E-03
   1.75000000       3.58002773E-03
   1.75999999       3.64114763E-03
   1.76999998       3.70573788E-03
   1.77999997       3.77411954E-03
   1.78999996       3.84685723E-03
   1.79999995       3.92418308E-03
   1.80999994       4.00700560E-03
   1.81999993       4.09587566E-03
   1.82999992       4.19135718E-03
   1.83999991       4.29487554E-03
   1.84999990       4.40740585E-03
   1.86000001       4.53038095E-03
   1.87000000       4.66569001E-03
   1.88000000       4.81558079E-03
   1.88999999       4.98212548E-03
   1.89999998       5.17206127E-03
   1.90999997       5.38788782E-03
   1.91999996       5.63764200E-03
   1.92999995       5.93154645E-03
   1.93999994       6.28509559E-03
   1.94999993       6.72207912E-03
   1.95999992       7.28257932E-03
   1.96999991       8.03999603E-03
   1.97999990       9.14803892E-03
   1.99000001       1.10082813E-02
   2.00000000       1.52143352E-02
   2.00999999       2.61583589E-02
   2.01999998       3.31277624E-02
   2.02999997       3.75545807E-02
   2.03999996       4.06686477E-02
   2.04999995       4.30221334E-02
   2.05999994       4.49004248E-02
   2.06999993       4.64555323E-02
   2.07999992       4.77835871E-02
   2.08999991       4.89452705E-02
   2.09999990       4.99811582E-02
   2.10999990       5.09196185E-02
   2.11999989       5.17807081E-02
   2.12999988       5.25801182E-02
   2.13999987       5.33285625E-02
   2.14999986       5.40348366E-02
   2.15999985       5.47058731E-02
   2.16999984       5.53469658E-02
   2.18000007       5.59617579E-02
   2.19000006       5.65559603E-02
   2.20000005       5.71301430E-02
   2.21000004       5.76877408E-02
   2.22000003       5.82304783E-02
   2.23000002       5.87601997E-02
   2.24000001       5.92782274E-02
   2.25000000       5.97856045E-02
   2.25999999       6.02840707E-02
   2.26999998       6.07737340E-02
   2.27999997       6.12560585E-02
   2.28999996       6.17312379E-02
   2.29999995       6.22000583E-02
   2.30999994       6.26631305E-02
   2.31999993       6.31204918E-02
   2.32999992       6.35735467E-02
   2.33999991       6.40217289E-02
   2.34999990       6.44656569E-02
   2.35999990       6.49055317E-02
   2.36999989       6.53421655E-02
   2.37999988       6.57752827E-02
   2.38999987       6.62051439E-02
   2.39999986       6.66320175E-02
   2.40999985       6.70559779E-02
   2.41999984       6.74775168E-02
   2.42999983       6.78964704E-02
   2.44000006       6.83132261E-02
   2.45000005       6.87276572E-02
   2.46000004       6.91399872E-02
   2.47000003       6.95504025E-02
   2.48000002       6.99588582E-02
   2.49000001       7.03654513E-02
   2.50000000       7.07707331E-02
   2.50999999       7.11741671E-02
   2.51999998       7.15761110E-02
   2.52999997       7.19764754E-02
   2.53999996       7.23754466E-02
   2.54999995       7.27731436E-02
   2.55999994       7.31695071E-02
   2.56999993       7.35645592E-02
   2.57999992       7.39584118E-02
   2.58999991       7.43513927E-02
   2.59999990       7.47430176E-02
   2.60999990       7.51337036E-02
   2.61999989       7.55232424E-02
   2.62999988       7.59120435E-02
   2.63999987       7.62997121E-02
   2.64999986       7.66867101E-02
   2.65999985       7.70725012E-02
   2.66999984       7.74575397E-02
   2.67999983       7.78418109E-02
   2.69000006       7.82252252E-02
   2.70000005       7.86079690E-02
   2.71000004       7.89899528E-02
   2.72000003       7.93711096E-02
   2.73000002       7.97515959E-02
   2.74000001       8.01314265E-02
   2.75000000       8.05103853E-02
   2.75999999       8.08890983E-02
   2.76999998       8.12669471E-02
   2.77999997       8.16442519E-02
   2.78999996       8.20209458E-02
   2.79999995       8.23970363E-02
   2.80999994       8.27726126E-02
   2.81999993       8.31476375E-02
   2.82999992       8.35220739E-02
   2.83999991       8.38953629E-02
   2.84999990       8.42695013E-02
   2.85999990       8.46424699E-02
   2.86999989       8.50149766E-02
   2.87999988       8.53867978E-02
   2.88999987       8.57584924E-02
   2.89999986       8.61296207E-02
   2.90999985       8.64997804E-02
   2.91999984       8.68704617E-02
   2.92999983       8.72402042E-02
   2.93999982       8.76092762E-02
   2.95000005       8.79786238E-02
   2.96000004       8.83471593E-02
   2.97000003       8.87153968E-02
   2.98000002       8.90831947E-02
   2.99000001       8.94507393E-02
   3.00000000       8.98178741E-02
   3.00999999       9.01844800E-02
   3.01999998       9.05508772E-02
   3.02999997       9.09170955E-02
   3.03999996       9.12827849E-02
   3.04999995       9.16481838E-02
   3.05999994       9.20132399E-02
   3.06999993       9.23780054E-02
   3.07999992       9.27422196E-02
   3.08999991       9.31065381E-02
   3.09999990       9.34702754E-02
   3.10999990       9.38339084E-02
   3.11999989       9.41971987E-02
   3.12999988       9.45601091E-02
   3.13999987       9.49227363E-02
   3.14999986       9.52852443E-02
   3.15999985       9.56473872E-02
   3.16999984       9.60091054E-02
   3.17999983       9.63710025E-02
   3.18999982       9.67322364E-02
   3.19999981       9.70934778E-02
   3.21000004       9.74541679E-02
   3.22000003       9.78149250E-02
   3.23000002       9.81753990E-02
   3.24000001       9.85355154E-02
   3.25000000       9.88953933E-02
   3.25999999       9.92550775E-02
   3.26999998       9.96144712E-02
   3.27999997       9.99738127E-02
   3.28999996      0.100332893    
   3.29999995      0.100691594    
   3.30999994      0.101050161    
   3.31999993      0.101408571    
   3.32999992      0.101766653    
   3.33999991      0.101986133    
   3.34999990      0.102482371    
   3.35999990      0.102839790    
   3.36999989      0.103197291    
   3.37999988      0.103554480    
   3.38999987      0.103910930    
   3.39999986      0.104268156    
   3.40999985      0.104624897    
   3.41999984      0.104981355    
   3.42999983      0.105337240    
   3.43999982      0.105693735    
   3.44999981      0.106049523    
   3.46000004      0.106402531    
   3.47000003      0.106760733    
   3.48000002      0.107116140    
   3.49000001      0.107471377    
   3.50000000      0.107826360    
   3.50999999      0.108181268    
