   9.99999978E-03   7.07001018E-05
   1.99999996E-02   1.34581162E-04
   2.99999993E-02   1.95592467E-04
   3.99999991E-02   2.50958954E-04
   4.99999970E-02   3.01433116E-04
   5.99999987E-02   3.47537629E-04
   7.00000003E-02   3.92031012E-04
   7.99999982E-02   4.29478299E-04
   8.99999961E-02   4.66072001E-04
   9.99999940E-02   4.99968883E-04
  0.109999999       5.32086124E-04
  0.119999997       5.61372843E-04
  0.129999995       5.89190924E-04
  0.140000001       6.15166209E-04
  0.149999991       6.39959006E-04
  0.159999996       6.62966573E-04
  0.170000002       6.84254977E-04
  0.179999992       7.04666018E-04
  0.189999998       7.23921577E-04
  0.199999988       7.41963799E-04
  0.209999993       7.59219227E-04
  0.219999999       7.75330642E-04
  0.229999989       7.91041879E-04
  0.239999995       8.04845069E-04
  0.250000000       8.18544999E-04
  0.259999990       8.31341720E-04
  0.269999981       8.43459158E-04
  0.280000001       8.54901271E-04
  0.289999992       8.65795650E-04
  0.299999982       8.76281294E-04
  0.310000002       8.85764370E-04
  0.319999993       8.94988771E-04
  0.329999983       9.03652224E-04
  0.340000004       9.11963871E-04
  0.349999994       9.19662940E-04
  0.359999985       9.26975219E-04
  0.370000005       9.33936157E-04
  0.379999995       9.40439466E-04
  0.389999986       9.46618733E-04
  0.399999976       9.52587521E-04
  0.409999996       9.57966899E-04
  0.419999987       9.63230617E-04
  0.429999977       9.68042470E-04
  0.439999998       9.72827140E-04
  0.449999988       9.77059361E-04
  0.459999979       9.81156831E-04
  0.469999999       9.84927639E-04
  0.479999989       9.88794956E-04
  0.489999980       9.92111280E-04
  0.500000000       9.95846698E-04
  0.509999990       9.98793403E-04
  0.519999981       1.00137899E-03
  0.529999971       1.00423722E-03
  0.539999962       1.00673444E-03
  0.550000012       1.00909569E-03
  0.560000002       1.01130386E-03
  0.569999993       1.01329666E-03
  0.579999983       1.01522903E-03
  0.589999974       1.01728400E-03
  0.599999964       1.01881824E-03
  0.610000014       1.02043257E-03
  0.620000005       1.02204271E-03
  0.629999995       1.02342002E-03
  0.639999986       1.02483470E-03
  0.649999976       1.02645683E-03
  0.659999967       1.02891831E-03
  0.669999957       1.05254503E-03
  0.680000007       1.05181860E-03
  0.689999998       1.05288299E-03
  0.699999988       1.05399324E-03
  0.709999979       1.05519849E-03
  0.719999969       1.05634041E-03
  0.729999959       1.05744193E-03
  0.740000010       1.05863088E-03
  0.750000000       1.06002961E-03
  0.759999990       1.06117281E-03
  0.769999981       1.06198096E-03
  0.779999971       1.06365758E-03
  0.789999962       1.06480357E-03
  0.799999952       1.06604060E-03
  0.810000002       1.06764922E-03
  0.819999993       1.06802850E-03
  0.829999983       1.07065763E-03
  0.839999974       1.07233704E-03
  0.849999964       1.07406557E-03
  0.859999955       1.07594009E-03
  0.870000005       1.07787375E-03
  0.879999995       1.08028983E-03
  0.889999986       1.08310301E-03
  0.899999976       1.08604855E-03
  0.909999967       1.08929188E-03
  0.919999957       1.09364244E-03
  0.930000007       1.09867088E-03
  0.939999998       1.10478478E-03
  0.949999988       1.11282070E-03
  0.959999979       1.12381054E-03
  0.969999969       1.13988726E-03
  0.979999959       1.16703147E-03
  0.989999950       1.22830295E-03
   1.00000000       2.58162082E-03
   1.00999999       2.40854151E-03
   1.01999998       2.38330592E-03
   1.02999997       2.37900205E-03
   1.03999996       2.38256971E-03
   1.04999995       2.39019818E-03
   1.05999994       2.39782035E-03
   1.06999993       2.41230661E-03
   1.07999992       2.42560287E-03
   1.09000003       2.43966514E-03
   1.10000002       2.45444477E-03
   1.11000001       2.46995874E-03
   1.12000000       2.48595932E-03
   1.13000000       2.50235503E-03
   1.13999999       2.51916237E-03
   1.14999998       2.53630988E-03
   1.15999997       2.55383970E-03
   1.16999996       2.57171900E-03
   1.17999995       2.58990261E-03
   1.18999994       2.60835676E-03
   1.19999993       2.62716599E-03
   1.20999992       2.64630071E-03
   1.22000003       2.66130269E-03
   1.23000002       2.68525630E-03
   1.24000001       2.70531792E-03
   1.25000000       2.72557721E-03
   1.25999999       2.74608796E-03
   1.26999998       2.76710116E-03
   1.27999997       2.78831855E-03
   1.28999996       2.80987355E-03
   1.29999995       2.83179176E-03
   1.30999994       2.85409903E-03
   1.31999993       2.87646893E-03
   1.32999992       2.89977668E-03
   1.33999991       2.92305090E-03
   1.35000002       2.94700055E-03
   1.36000001       2.97119468E-03
   1.37000000       2.99579394E-03
   1.38000000       3.02094663E-03
   1.38999999       3.04625719E-03
   1.39999998       3.07270675E-03
   1.40999997       3.09924898E-03
   1.41999996       3.12635000E-03
   1.42999995       3.15405265E-03
   1.43999994       3.18215298E-03
   1.44999993       3.21112503E-03
   1.45999992       3.24055646E-03
   1.46999991       3.27065657E-03
   1.48000002       3.30145541E-03
   1.49000001       3.33294482E-03
   1.50000000       3.36528220E-03
   1.50999999       3.39834439E-03
   1.51999998       3.43235349E-03
   1.52999997       3.46658123E-03
   1.53999996       3.50283738E-03
   1.54999995       3.53947654E-03
   1.55999994       3.57726449E-03
   1.56999993       3.61599470E-03
   1.57999992       3.65592446E-03
   1.58999991       3.69704142E-03
   1.59999990       3.73951951E-03
   1.61000001       3.78317130E-03
   1.62000000       3.82761867E-03
   1.63000000       3.87511891E-03
   1.63999999       3.92353069E-03
   1.64999998       3.97363352E-03
   1.65999997       4.02548956E-03
   1.66999996       4.07919195E-03
   1.67999995       4.13571112E-03
   1.68999994       4.19416837E-03
   1.69999993       4.25506895E-03
   1.70999992       4.31868900E-03
   1.71999991       4.38521802E-03
   1.73000002       4.45495592E-03
   1.74000001       4.52811038E-03
   1.75000000       4.60507162E-03
   1.75999999       4.68617212E-03
   1.76999998       4.77189990E-03
   1.77999997       4.86263167E-03
   1.78999996       4.95903427E-03
   1.79999995       5.06165344E-03
   1.80999994       5.17111877E-03
   1.81999993       5.28882025E-03
   1.82999992       5.41519979E-03
   1.83999991       5.55207953E-03
   1.84999990       5.70067437E-03
   1.86000001       5.86298015E-03
   1.87000000       6.04135497E-03
   1.88000000       6.23842375E-03
   1.88999999       6.45904848E-03
   1.89999998       6.70712767E-03
   1.90999997       6.98993960E-03
   1.91999996       7.31597235E-03
   1.92999995       7.69954128E-03
   1.93999994       8.15862883E-03
   1.94999993       8.72331858E-03
   1.95999992       9.44268331E-03
   1.96999991       1.04052639E-02
   1.97999990       1.17931655E-02
   1.99000001       1.40510667E-02
   2.00000000       1.87889598E-02
   2.00999999       3.00530791E-02
   2.01999998       3.76956612E-02
   2.02999997       4.27179486E-02
   2.03999996       4.63168584E-02
   2.04999995       4.90690731E-02
   2.05999994       5.12771308E-02
   2.06999993       5.31148165E-02
   2.07999992       5.46881147E-02
   2.08999991       5.60661033E-02
   2.09999990       5.72954640E-02
   2.10999990       5.84091619E-02
   2.11999989       5.94306551E-02
   2.12999988       6.03782050E-02
   2.13999987       6.12645335E-02
   2.14999986       6.21001311E-02
   2.15999985       6.28928691E-02
   2.16999984       6.36499524E-02
   2.18000007       6.43757060E-02
   2.19000006       6.50747344E-02
   2.20000005       6.57503605E-02
   2.21000004       6.64057061E-02
   2.22000003       6.70430437E-02
   2.23000002       6.76643401E-02
   2.24000001       6.82715401E-02
   2.25000000       6.88656867E-02
   2.25999999       6.94488063E-02
   2.26999998       7.00215623E-02
   2.27999997       7.05847964E-02
   2.28999996       7.11395741E-02
   2.29999995       7.16864541E-02
   2.30999994       7.22261593E-02
   2.31999993       7.27597028E-02
   2.32999992       7.32869729E-02
   2.33999991       7.38087073E-02
   2.34999990       7.43252784E-02
   2.35999990       7.48369396E-02
   2.36999989       7.53443167E-02
   2.37999988       7.58471936E-02
   2.38999987       7.63466805E-02
   2.39999986       7.68422633E-02
   2.40999985       7.73344040E-02
   2.41999984       7.78234527E-02
   2.42999983       7.83094168E-02
   2.44000006       7.87925422E-02
   2.45000005       7.92730153E-02
   2.46000004       7.97508508E-02
   2.47000003       8.02263170E-02
   2.48000002       8.06995630E-02
   2.49000001       8.11704621E-02
   2.50000000       8.16394463E-02
   2.50999999       8.21064860E-02
   2.51999998       8.25688243E-02
   2.52999997       8.30349177E-02
   2.53999996       8.34963992E-02
   2.54999995       8.39564055E-02
   2.55999994       8.44148099E-02
   2.56999993       8.48716795E-02
   2.57999992       8.53271708E-02
   2.58999991       8.57811943E-02
   2.59999990       8.62339213E-02
   2.60999990       8.66854563E-02
   2.61999989       8.71356577E-02
   2.62999988       8.75847489E-02
   2.63999987       8.80326182E-02
   2.64999986       8.84796083E-02
   2.65999985       8.89251307E-02
   2.66999984       8.93698186E-02
   2.67999983       8.98135975E-02
   2.69000006       9.02563110E-02
   2.70000005       9.06981602E-02
   2.71000004       9.11391228E-02
   2.72000003       9.15791541E-02
   2.73000002       9.20183584E-02
   2.74000001       9.24567282E-02
   2.75000000       9.28943232E-02
   2.75999999       9.33311507E-02
   2.76999998       9.37671438E-02
   2.77999997       9.42024961E-02
   2.78999996       9.46369320E-02
   2.79999995       9.50710773E-02
   2.80999994       9.55043510E-02
   2.81999993       9.59369838E-02
   2.82999992       9.63653997E-02
   2.83999991       9.68002304E-02
   2.84999990       9.72309411E-02
   2.85999990       9.76611525E-02
   2.86999989       9.80906934E-02
   2.87999988       9.85196978E-02
   2.88999987       9.89481509E-02
   2.89999986       9.93761718E-02
   2.90999985       9.98034552E-02
   2.91999984      0.100230351    
   2.92999983      0.100656748    
   2.93999982      0.101082742    
   2.95000005      0.101508096    
   2.96000004      0.101933002    
   2.97000003      0.102357157    
   2.98000002      0.102781497    
   2.99000001      0.103205204    
   3.00000000      0.103628397    
   3.00999999      0.104051180    
   3.01999998      0.104473479    
   3.02999997      0.104895435    
   3.03999996      0.105316326    
   3.04999995      0.105738103    
   3.05999994      0.106158875    
   3.06999993      0.106577963    
   3.07999992      0.106999315    
   3.08999991      0.107418932    
   3.09999990      0.107837841    
   3.10999990      0.108256675    
   3.11999989      0.108675860    
   3.12999988      0.109094113    
   3.13999987      0.109512098    
   3.14999986      0.109929696    
   3.15999985      0.110345975    
   3.16999984      0.110763967    
   3.17999983      0.111180678    
   3.18999982      0.111596957    
   3.19999981      0.112007134    
   3.21000004      0.112429008    
   3.22000003      0.112844437    
   3.23000002      0.113259748    
   3.24000001      0.113674752    
   3.25000000      0.114089325    
   3.25999999      0.114503682    
   3.26999998      0.114917919    
   3.27999997      0.115331821    
   3.28999996      0.115745388    
   3.29999995      0.116158679    
   3.30999994      0.116571799    
   3.31999993      0.116985671    
   3.32999992      0.117397249    
   3.33999991      0.117809452    
   3.34999990      0.118221715    
   3.35999990      0.118627906    
   3.36999989      0.119045258    
   3.37999988      0.119456686    
   3.38999987      0.119868003    
   3.39999986      0.120278955    
   3.40999985      0.120689802    
   3.41999984      0.121100418    
   3.42999983      0.121510655    
   3.43999982      0.121920846    
   3.44999981      0.122330613    
   3.46000004      0.122740597    
   3.47000003      0.123149894    
   3.48000002      0.123559386    
   3.49000001      0.123968519    
   3.50000000      0.124377474    
   3.50999999      0.124786206    
