   9.99999978E-03   6.49327412E-05
   1.99999996E-02   1.24657905E-04
   2.99999993E-02   1.80313888E-04
   3.99999991E-02   2.30624428E-04
   4.99999970E-02   2.76239880E-04
   5.99999987E-02   3.19045357E-04
   7.00000003E-02   3.56387522E-04
   7.99999982E-02   3.91799840E-04
   8.99999961E-02   4.24663885E-04
   9.99999940E-02   4.55225294E-04
  0.109999999       4.83800919E-04
  0.119999997       5.10488288E-04
  0.129999995       5.35507046E-04
  0.140000001       5.58852858E-04
  0.149999991       5.80799708E-04
  0.159999996       6.01798820E-04
  0.170000002       6.20913168E-04
  0.179999992       6.39234495E-04
  0.189999998       6.56593882E-04
  0.199999988       6.72703725E-04
  0.209999993       6.88201049E-04
  0.219999999       7.02638295E-04
  0.229999989       7.16180890E-04
  0.239999995       7.29131221E-04
  0.250000000       7.41348427E-04
  0.259999990       7.52831402E-04
  0.269999981       7.63692136E-04
  0.280000001       7.73947337E-04
  0.289999992       7.83721742E-04
  0.299999982       7.93043699E-04
  0.310000002       8.01554183E-04
  0.319999993       8.09835910E-04
  0.329999983       8.17616994E-04
  0.340000004       8.24990741E-04
  0.349999994       8.31881363E-04
  0.359999985       8.38392647E-04
  0.370000005       8.44612950E-04
  0.379999995       8.50413810E-04
  0.389999986       8.55909486E-04
  0.399999976       8.61136010E-04
  0.409999996       8.66003800E-04
  0.419999987       8.70733522E-04
  0.429999977       8.75053869E-04
  0.439999998       8.79289757E-04
  0.449999988       8.83084314E-04
  0.459999979       8.86726135E-04
  0.469999999       8.90186464E-04
  0.479999989       8.93506804E-04
  0.489999980       8.96378071E-04
  0.500000000       8.99747887E-04
  0.509999990       9.02340107E-04
  0.519999981       9.04719753E-04
  0.529999971       9.07149166E-04
  0.539999962       9.09350812E-04
  0.550000012       9.11443785E-04
  0.560000002       9.13418713E-04
  0.569999993       9.15143406E-04
  0.579999983       9.16845165E-04
  0.589999974       9.18608566E-04
  0.599999964       9.19968355E-04
  0.610000014       9.21355968E-04
  0.620000005       9.22728970E-04
  0.629999995       9.23817686E-04
  0.639999986       9.25092376E-04
  0.649999976       9.26385517E-04
  0.659999967       9.28186812E-04
  0.669999957       9.45179432E-04
  0.680000007       9.44946427E-04
  0.689999998       9.45140899E-04
  0.699999988       9.46677581E-04
  0.709999979       9.46795975E-04
  0.719999969       9.48553497E-04
  0.729999959       9.49381210E-04
  0.740000010       9.50332033E-04
  0.750000000       9.51018999E-04
  0.759999990       9.52102127E-04
  0.769999981       9.53148003E-04
  0.779999971       9.53998300E-04
  0.789999962       9.53801791E-04
  0.799999952       9.55465017E-04
  0.810000002       9.56860313E-04
  0.819999993       9.57889424E-04
  0.829999983       9.58600314E-04
  0.839999974       9.59856668E-04
  0.849999964       9.61349753E-04
  0.859999955       9.62620252E-04
  0.870000005       9.63963976E-04
  0.879999995       9.65608982E-04
  0.889999986       9.67535248E-04
  0.899999976       9.69886431E-04
  0.909999967       9.71767877E-04
  0.919999957       9.74695839E-04
  0.930000007       9.78378463E-04
  0.939999998       9.82666272E-04
  0.949999988       9.88245942E-04
  0.959999979       9.95967770E-04
  0.969999969       1.00729254E-03
  0.979999959       1.02647929E-03
  0.989999950       1.06991618E-03
   1.00000000       2.16556666E-03
   1.00999999       2.01627472E-03
   1.01999998       1.99730950E-03
   1.02999997       1.99495768E-03
   1.03999996       1.99838844E-03
   1.04999995       2.00484996E-03
   1.05999994       1.99929043E-03
   1.06999993       2.02318467E-03
   1.07999992       2.03397055E-03
   1.09000003       2.04546237E-03
   1.10000002       2.05737259E-03
   1.11000001       2.06988212E-03
   1.12000000       2.08275090E-03
   1.13000000       2.09591771E-03
   1.13999999       2.10940372E-03
   1.14999998       2.12304550E-03
   1.15999997       2.13718391E-03
   1.16999996       2.15148879E-03
   1.17999995       2.16604210E-03
   1.18999994       2.18075491E-03
   1.19999993       2.19577691E-03
   1.20999992       2.21102126E-03
   1.22000003       2.22634687E-03
   1.23000002       2.24214746E-03
   1.24000001       2.25815200E-03
   1.25000000       2.27432139E-03
   1.25999999       2.28999904E-03
   1.26999998       2.30742106E-03
   1.27999997       2.32436345E-03
   1.28999996       2.34150491E-03
   1.29999995       2.35897279E-03
   1.30999994       2.37675011E-03
   1.31999993       2.39184801E-03
   1.32999992       2.41313828E-03
   1.33999991       2.43140082E-03
   1.35000002       2.45076185E-03
   1.36000001       2.47003767E-03
   1.37000000       2.48962268E-03
   1.38000000       2.50966498E-03
   1.38999999       2.52940506E-03
   1.39999998       2.55084271E-03
   1.40999997       2.57206336E-03
   1.41999996       2.59309728E-03
   1.42999995       2.61566858E-03
   1.43999994       2.63818470E-03
   1.44999993       2.66116555E-03
   1.45999992       2.68413150E-03
   1.46999991       2.70859152E-03
   1.48000002       2.73313397E-03
   1.49000001       2.75821215E-03
   1.50000000       2.78403005E-03
   1.50999999       2.81035132E-03
   1.51999998       2.83744815E-03
   1.52999997       2.86511076E-03
   1.53999996       2.89360830E-03
   1.54999995       2.92283483E-03
   1.55999994       2.95292097E-03
   1.56999993       2.98380107E-03
   1.57999992       3.01565719E-03
   1.58999991       3.04843904E-03
   1.59999990       3.08227725E-03
   1.61000001       3.11714364E-03
   1.62000000       3.15262238E-03
   1.63000000       3.19048460E-03
   1.63999999       3.22908233E-03
   1.64999998       3.26909288E-03
   1.65999997       3.31044779E-03
   1.66999996       3.35336779E-03
   1.67999995       3.39845219E-03
   1.68999994       3.40163079E-03
   1.69999993       3.49370460E-03
   1.70999992       3.54457111E-03
   1.71999991       3.59771890E-03
   1.73000002       3.65345017E-03
   1.74000001       3.71190859E-03
   1.75000000       3.77069879E-03
   1.75999999       3.83829931E-03
   1.76999998       3.90685862E-03
   1.77999997       3.97943426E-03
   1.78999996       4.05662181E-03
   1.79999995       4.13878728E-03
   1.80999994       4.22653835E-03
   1.81999993       4.32081614E-03
   1.82999992       4.42212308E-03
   1.83999991       4.53190412E-03
   1.84999990       4.65122750E-03
   1.86000001       4.78161126E-03
   1.87000000       4.92503867E-03
   1.88000000       5.08389296E-03
   1.88999999       5.26031200E-03
   1.89999998       5.46151167E-03
   1.90999997       5.69001306E-03
   1.91999996       5.95430564E-03
   1.92999995       6.26515318E-03
   1.93999994       6.63878117E-03
   1.94999993       7.10014021E-03
   1.95999992       7.69108906E-03
   1.96999991       8.48806556E-03
   1.97999990       9.65021737E-03
   1.99000001       1.15895011E-02
   2.00000000       1.59043763E-02
   2.00999999       2.69183442E-02
   2.01999998       3.40296999E-02
   2.02999997       3.85790281E-02
   2.03999996       4.17914093E-02
   2.04999995       4.42247763E-02
   2.05999994       4.61694114E-02
   2.06999993       4.77808043E-02
   2.07999992       4.91575338E-02
   2.08999991       5.03621213E-02
   2.09999990       5.14363013E-02
   2.10999990       5.24094179E-02
   2.11999989       5.33022024E-02
   2.12999988       5.41308485E-02
   2.13999987       5.49065173E-02
   2.14999986       5.56383133E-02
   2.15999985       5.63334227E-02
   2.16999984       5.69973066E-02
   2.18000007       5.76338693E-02
   2.19000006       5.82489036E-02
   2.20000005       5.88431060E-02
   2.21000004       5.94196729E-02
   2.22000003       5.99814393E-02
   2.23000002       6.05292358E-02
   2.24000001       6.10648133E-02
   2.25000000       6.15890063E-02
   2.25999999       6.21046126E-02
   2.26999998       6.26106188E-02
   2.27999997       6.31090254E-02
   2.28999996       6.35944009E-02
   2.29999995       6.40841946E-02
   2.30999994       6.45624697E-02
   2.31999993       6.50348142E-02
   2.32999992       6.55025616E-02
   2.33999991       6.59653097E-02
   2.34999990       6.64236918E-02
   2.35999990       6.68779165E-02
   2.36999989       6.73283935E-02
   2.37999988       6.77752793E-02
   2.38999987       6.82189614E-02
   2.39999986       6.86593726E-02
   2.40999985       6.90965727E-02
   2.41999984       6.95318356E-02
   2.42999983       6.99640960E-02
   2.44000006       7.03939572E-02
   2.45000005       7.08214864E-02
   2.46000004       7.12468550E-02
   2.47000003       7.16701299E-02
   2.48000002       7.20915124E-02
   2.49000001       7.25108087E-02
   2.50000000       7.29287192E-02
   2.50999999       7.33447969E-02
   2.51999998       7.37591609E-02
   2.52999997       7.41721615E-02
   2.53999996       7.45835081E-02
   2.54999995       7.49935880E-02
   2.55999994       7.54022375E-02
   2.56999993       7.58096650E-02
   2.57999992       7.62156099E-02
   2.58999991       7.66207203E-02
   2.59999990       7.70245716E-02
   2.60999990       7.74273425E-02
   2.61999989       7.78287426E-02
   2.62999988       7.82297254E-02
   2.63999987       7.86292776E-02
   2.64999986       7.90282041E-02
   2.65999985       7.94258192E-02
   2.66999984       7.98228085E-02
   2.67999983       8.02177414E-02
   2.69000006       8.06140602E-02
   2.70000005       8.10085312E-02
   2.71000004       8.14020783E-02
   2.72000003       8.17950219E-02
   2.73000002       8.21871981E-02
   2.74000001       8.25786963E-02
   2.75000000       8.29692930E-02
   2.75999999       8.33594874E-02
   2.76999998       8.37489814E-02
   2.77999997       8.41377750E-02
   2.78999996       8.45258087E-02
   2.79999995       8.49135742E-02
   2.80999994       8.53006691E-02
   2.81999993       8.56870934E-02
   2.82999992       8.60729590E-02
   2.83999991       8.64576697E-02
   2.84999990       8.68431702E-02
   2.85999990       8.72275010E-02
   2.86999989       8.76112953E-02
   2.87999988       8.79945382E-02
   2.88999987       8.83775130E-02
   2.89999986       8.87599587E-02
   2.90999985       8.91418234E-02
   2.91999984       8.95233154E-02
   2.92999983       8.99043754E-02
   2.93999982       9.02850330E-02
   2.95000005       9.06651467E-02
   2.96000004       9.10449699E-02
   2.97000003       9.14243907E-02
   2.98000002       9.18033198E-02
   2.99000001       9.21819955E-02
   3.00000000       9.25603807E-02
   3.00999999       9.29380059E-02
   3.01999998       9.33156312E-02
   3.02999997       9.36912522E-02
   3.03999996       9.40696597E-02
   3.04999995       9.44461450E-02
   3.05999994       9.48223174E-02
   3.06999993       9.51981768E-02
   3.07999992       9.55734178E-02
   3.08999991       9.59488451E-02
   3.09999990       9.63235646E-02
   3.10999990       9.66982171E-02
   3.11999989       9.70724523E-02
   3.12999988       9.74464118E-02
   3.13999987       9.78200510E-02
   3.14999986       9.81935486E-02
   3.15999985       9.85666513E-02
   3.16999984       9.89395082E-02
   3.17999983       9.93120745E-02
   3.18999982       9.96842608E-02
   3.19999981      0.100056395    
   3.21000004      0.100428067    
   3.22000003      0.100799747    
   3.23000002      0.101171099    
   3.24000001      0.101542227    
   3.25000000      0.101912931    
   3.25999999      0.102283560    
   3.26999998      0.102653719    
   3.27999997      0.103023991    
   3.28999996      0.103393883    
   3.29999995      0.103763320    
   3.30999994      0.104132868    
   3.31999993      0.104502119    
   3.32999992      0.104871102    
   3.33999991      0.105239727    
   3.34999990      0.105608344    
   3.35999990      0.105976552    
   3.36999989      0.106344923    
   3.37999988      0.106712878    
   3.38999987      0.107080698    
   3.39999986      0.107448153    
   3.40999985      0.107815638    
   3.41999984      0.108182870    
   3.42999983      0.108549505    
   3.43999982      0.108916678    
   3.44999981      0.109282143    
   3.46000004      0.109649800    
   3.47000003      0.110016108    
   3.48000002      0.110382095    
   3.49000001      0.110748090    
   3.50000000      0.111113757    
   3.50999999      0.111479335    
