   9.99999978E-03   6.92506947E-05
   1.99999996E-02   1.32243600E-04
   2.99999993E-02   1.91913306E-04
   3.99999991E-02   2.44555617E-04
   4.99999970E-02   2.95262493E-04
   5.99999987E-02   3.40295228E-04
   7.00000003E-02   3.81894468E-04
   7.99999982E-02   4.20238066E-04
   8.99999961E-02   4.55948233E-04
   9.99999940E-02   4.88993246E-04
  0.109999999       5.19940979E-04
  0.119999997       5.48873562E-04
  0.129999995       5.75999380E-04
  0.140000001       6.01323962E-04
  0.149999991       6.25474262E-04
  0.159999996       6.47918845E-04
  0.170000002       6.68627268E-04
  0.179999992       6.88563043E-04
  0.189999998       7.07240251E-04
  0.199999988       7.24913320E-04
  0.209999993       7.41741969E-04
  0.219999999       7.57420959E-04
  0.229999989       7.72708736E-04
  0.239999995       7.86240911E-04
  0.250000000       7.99524656E-04
  0.259999990       8.12000828E-04
  0.269999981       8.23802373E-04
  0.280000001       8.34944891E-04
  0.289999992       8.45556788E-04
  0.299999982       8.55762919E-04
  0.310000002       8.65003967E-04
  0.319999993       8.74025107E-04
  0.329999983       8.82502995E-04
  0.340000004       8.90513184E-04
  0.349999994       8.98018130E-04
  0.359999985       9.05129360E-04
  0.370000005       9.11907526E-04
  0.379999995       9.18240694E-04
  0.389999986       9.24253487E-04
  0.399999976       9.29948874E-04
  0.409999996       9.35296935E-04
  0.419999987       9.40388185E-04
  0.429999977       9.45100153E-04
  0.439999998       9.49741283E-04
  0.449999988       9.53871931E-04
  0.459999979       9.57853859E-04
  0.469999999       9.61629383E-04
  0.479999989       9.65281215E-04
  0.489999980       9.68507724E-04
  0.500000000       9.72100184E-04
  0.509999990       9.74979717E-04
  0.519999981       9.77495918E-04
  0.529999971       9.80270444E-04
  0.539999962       9.82691767E-04
  0.550000012       9.84984101E-04
  0.560000002       9.87122883E-04
  0.569999993       9.89068067E-04
  0.579999983       9.90935485E-04
  0.589999974       9.92913265E-04
  0.599999964       9.94405826E-04
  0.610000014       9.95971379E-04
  0.620000005       9.97511786E-04
  0.629999995       9.98842646E-04
  0.639999986       1.00019434E-03
  0.649999976       1.00172544E-03
  0.659999967       1.00400450E-03
  0.669999957       1.02585263E-03
  0.680000007       1.02537125E-03
  0.689999998       1.02550222E-03
  0.699999988       1.02731900E-03
  0.709999979       1.02739967E-03
  0.719999969       1.02953776E-03
  0.729999959       1.03057094E-03
  0.740000010       1.03168644E-03
  0.750000000       1.03298633E-03
  0.759999990       1.03406119E-03
  0.769999981       1.03481300E-03
  0.779999971       1.03634736E-03
  0.789999962       1.03742757E-03
  0.799999952       1.03856192E-03
  0.810000002       1.04004436E-03
  0.819999993       1.04115566E-03
  0.829999983       1.04280980E-03
  0.839999974       1.04435522E-03
  0.849999964       1.04593462E-03
  0.859999955       1.04764127E-03
  0.870000005       1.04942045E-03
  0.879999995       1.05067901E-03
  0.889999986       1.05421734E-03
  0.899999976       1.05691631E-03
  0.909999967       1.05981319E-03
  0.919999957       1.06365082E-03
  0.930000007       1.06848939E-03
  0.939999998       1.07408222E-03
  0.949999988       1.08148495E-03
  0.959999979       1.09158910E-03
  0.969999969       1.10638048E-03
  0.979999959       1.13136426E-03
  0.989999950       1.18783570E-03
   1.00000000       2.47494644E-03
   1.00999999       2.30772025E-03
   1.01999998       2.28421367E-03
   1.02999997       2.28034169E-03
   1.03999996       2.28388933E-03
   1.04999995       2.29117926E-03
   1.05999994       2.30103685E-03
   1.06999993       2.31237034E-03
   1.07999992       2.32505263E-03
   1.09000003       2.31826422E-03
   1.10000002       2.35247659E-03
   1.11000001       2.36721989E-03
   1.12000000       2.38240906E-03
   1.13000000       2.39797542E-03
   1.13999999       2.41393596E-03
   1.14999998       2.43018148E-03
   1.15999997       2.44681700E-03
   1.16999996       2.46184715E-03
   1.17999995       2.48101307E-03
   1.18999994       2.49850843E-03
   1.19999993       2.51633488E-03
   1.20999992       2.53447751E-03
   1.22000003       2.55260803E-03
   1.23000002       2.57138908E-03
   1.24000001       2.59040343E-03
   1.25000000       2.60960404E-03
   1.25999999       2.62903376E-03
   1.26999998       2.64894450E-03
   1.27999997       2.66905990E-03
   1.28999996       2.68946774E-03
   1.29999995       2.71022925E-03
   1.30999994       2.73137214E-03
   1.31999993       2.75254622E-03
   1.32999992       2.77492870E-03
   1.33999991       2.79668905E-03
   1.35000002       2.81937490E-03
   1.36000001       2.84228334E-03
   1.37000000       2.86559155E-03
   1.38000000       2.88942014E-03
   1.38999999       2.91319285E-03
   1.39999998       2.93845776E-03
   1.40999997       2.96359672E-03
   1.41999996       2.98927119E-03
   1.42999995       3.00084637E-03
   1.43999994       3.04222619E-03
   1.44999993       3.06957588E-03
   1.45999992       3.09745618E-03
   1.46999991       3.12596909E-03
   1.48000002       3.15514370E-03
   1.49000001       3.18496278E-03
   1.50000000       3.21560656E-03
   1.50999999       3.24643799E-03
   1.51999998       3.27914790E-03
   1.52999997       3.31203802E-03
   1.53999996       3.34592629E-03
   1.54999995       3.38063668E-03
   1.55999994       3.41643812E-03
   1.56999993       3.45313572E-03
   1.57999992       3.49096698E-03
   1.58999991       3.52992327E-03
   1.59999990       3.57017643E-03
   1.61000001       3.61153786E-03
   1.62000000       3.65366717E-03
   1.63000000       3.69866821E-03
   1.63999999       3.74454912E-03
   1.64999998       3.78738390E-03
   1.65999997       3.84116662E-03
   1.66999996       3.89206153E-03
   1.67999995       3.94562585E-03
   1.68999994       4.00103536E-03
   1.69999993       4.05875221E-03
   1.70999992       4.11906000E-03
   1.71999991       4.18212311E-03
   1.73000002       4.24823677E-03
   1.74000001       4.31758538E-03
   1.75000000       4.38768463E-03
   1.75999999       4.46745660E-03
   1.76999998       4.54873173E-03
   1.77999997       4.63477382E-03
   1.78999996       4.72620409E-03
   1.79999995       4.82353289E-03
   1.80999994       4.92742239E-03
   1.81999993       5.03903395E-03
   1.82999992       5.15893754E-03
   1.83999991       5.28882490E-03
   1.84999990       5.42985601E-03
   1.86000001       5.58391772E-03
   1.87000000       5.75327268E-03
   1.88000000       5.94072603E-03
   1.88999999       6.14999421E-03
   1.89999998       6.38571801E-03
   1.90999997       6.65456336E-03
   1.91999996       6.96506212E-03
   1.92999995       7.32963439E-03
   1.93999994       7.76682328E-03
   1.94999993       8.30507744E-03
   1.95999992       8.99172109E-03
   1.96999991       9.91226267E-03
   1.97999990       1.12418644E-02
   1.99000001       1.34218791E-02
   2.00000000       1.80568434E-02
   2.00999999       2.92630456E-02
   2.01999998       3.67794558E-02
   2.02999997       4.16871756E-02
   2.03999996       4.51916084E-02
   2.04999995       4.78657000E-02
   2.05999994       5.00082150E-02
   2.06999993       5.17851748E-02
   2.07999992       5.33142984E-02
   2.08999991       5.46490997E-02
   2.09999990       5.58398142E-02
   2.10999990       5.69184497E-02
   2.11999989       5.79077788E-02
   2.12999988       5.88257127E-02
   2.13999987       5.96843958E-02
   2.14999986       6.04939722E-02
   2.15999985       6.12626374E-02
   2.16999984       6.19960129E-02
   2.18000007       6.26999214E-02
   2.19000006       6.33777305E-02
   2.20000005       6.40329942E-02
   2.21000004       6.46687970E-02
   2.22000003       6.52871430E-02
   2.23000002       6.58901259E-02
   2.24000001       6.64793923E-02
   2.25000000       6.70557395E-02
   2.25999999       6.76223859E-02
   2.26999998       6.81785420E-02
   2.27999997       6.87255487E-02
   2.28999996       6.92642629E-02
   2.29999995       6.97956309E-02
   2.30999994       7.03199655E-02
   2.31999993       7.08383322E-02
   2.32999992       7.13507608E-02
   2.33999991       7.18577802E-02
   2.34999990       7.23598152E-02
   2.35999990       7.28572085E-02
   2.36999989       7.33503699E-02
   2.37999988       7.38392696E-02
   2.38999987       7.43248612E-02
   2.39999986       7.48067424E-02
   2.40999985       7.52849355E-02
   2.41999984       7.57591650E-02
   2.42999983       7.62334019E-02
   2.44000006       7.67032653E-02
   2.45000005       7.71706253E-02
   2.46000004       7.76352733E-02
   2.47000003       7.80978054E-02
   2.48000002       7.85581395E-02
   2.49000001       7.90162385E-02
   2.50000000       7.94725195E-02
   2.50999999       7.99268484E-02
   2.51999998       8.03792700E-02
   2.52999997       8.08301121E-02
   2.53999996       8.12790990E-02
   2.54999995       8.17266628E-02
   2.55999994       8.21727216E-02
   2.56999993       8.26172829E-02
   2.57999992       8.30602422E-02
   2.58999991       8.35016742E-02
   2.59999990       8.39428529E-02
   2.60999990       8.43822435E-02
   2.61999989       8.48204494E-02
   2.62999988       8.52553099E-02
   2.63999987       8.56933370E-02
   2.64999986       8.61260444E-02
   2.65999985       8.65620002E-02
   2.66999984       8.69948044E-02
   2.67999983       8.74266922E-02
   2.69000006       8.78575966E-02
   2.70000005       8.82877409E-02
   2.71000004       8.87168720E-02
   2.72000003       8.91451612E-02
   2.73000002       8.95727426E-02
   2.74000001       8.99994150E-02
   2.75000000       9.04253945E-02
   2.75999999       9.08505768E-02
   2.76999998       9.12749469E-02
   2.77999997       9.16987658E-02
   2.78999996       9.21217725E-02
   2.79999995       9.25442725E-02
   2.80999994       9.29660723E-02
   2.81999993       9.33873057E-02
   2.82999992       9.38076600E-02
   2.83999991       9.42274183E-02
   2.84999990       9.46469754E-02
   2.85999990       9.50657278E-02
   2.86999989       9.54839513E-02
   2.87999988       9.59015340E-02
   2.88999987       9.63186696E-02
   2.89999986       9.67353955E-02
   2.90999985       9.71514061E-02
   2.91999984       9.75670293E-02
   2.92999983       9.79821086E-02
   2.93999982       9.83967856E-02
   2.95000005       9.88109708E-02
   2.96000004       9.92246047E-02
   2.97000003       9.96375531E-02
   2.98000002      0.100050740    
   2.99000001      0.100463353    
   3.00000000      0.100875326    
   3.00999999      0.101285785    
   3.01999998      0.101698101    
   3.02999997      0.102108903    
   3.03999996      0.102517098    
   3.04999995      0.102929428    
   3.05999994      0.103339091    
   3.06999993      0.103748389    
   3.07999992      0.104157299    
   3.08999991      0.104565881    
   3.09999990      0.104973592    
   3.10999990      0.105381578    
   3.11999989      0.105789781    
   3.12999988      0.106197044    
   3.13999987      0.106603980    
   3.14999986      0.107010543    
   3.15999985      0.107415967    
   3.16999984      0.107822895    
   3.17999983      0.108228698    
   3.18999982      0.108633935    
   3.19999981      0.109039269    
   3.21000004      0.109444082    
   3.22000003      0.109848663    
   3.23000002      0.110253066    
   3.24000001      0.110657111    
   3.25000000      0.111060858    
   3.25999999      0.111464322    
   3.26999998      0.111867592    
   3.27999997      0.112270601    
   3.28999996      0.112673350    
   3.29999995      0.113075830    
   3.30999994      0.113478079    
   3.31999993      0.113881104    
   3.32999992      0.114281788    
   3.33999991      0.114683233    
   3.34999990      0.115084626    
   3.35999990      0.115485772    
   3.36999989      0.115886599    
   3.37999988      0.116287291    
   3.38999987      0.116687693    
   3.39999986      0.117087923    
   3.40999985      0.117487997    
   3.41999984      0.117887765    
   3.42999983      0.118287154    
   3.43999982      0.118686751    
   3.44999981      0.119085871    
   3.46000004      0.119484864    
   3.47000003      0.119883530    
   3.48000002      0.120282210    
   3.49000001      0.120680682    
   3.50000000      0.121078789    
   3.50999999      0.121476844    
