   9.99999978E-03   7.80561313E-05
   1.99999996E-02   1.46024555E-04
   2.99999993E-02   2.13309453E-04
   3.99999991E-02   2.74807942E-04
   4.99999970E-02   3.31231655E-04
   5.99999987E-02   3.82909668E-04
   7.00000003E-02   4.30562970E-04
   7.99999982E-02   4.74640838E-04
   8.99999961E-02   5.15696127E-04
   9.99999940E-02   5.53795020E-04
  0.109999999       5.89434057E-04
  0.119999997       6.22775406E-04
  0.129999995       6.54078845E-04
  0.140000001       6.83306891E-04
  0.149999991       7.10847904E-04
  0.159999996       7.36928021E-04
  0.170000002       7.61111907E-04
  0.179999992       7.84120872E-04
  0.189999998       8.05715332E-04
  0.199999988       8.26166186E-04
  0.209999993       8.45602073E-04
  0.219999999       8.63659894E-04
  0.229999989       8.80839711E-04
  0.239999995       8.97096470E-04
  0.250000000       9.12446354E-04
  0.259999990       9.27028304E-04
  0.269999981       9.40724043E-04
  0.280000001       9.53829614E-04
  0.289999992       9.65981395E-04
  0.299999982       9.77590447E-04
  0.310000002       9.88858985E-04
  0.319999993       9.98987118E-04
  0.329999983       1.00881688E-03
  0.340000004       1.01821835E-03
  0.349999994       1.02689059E-03
  0.359999985       1.03521242E-03
  0.370000005       1.04320387E-03
  0.379999995       1.05046667E-03
  0.389999986       1.05746614E-03
  0.399999976       1.06427330E-03
  0.409999996       1.07035018E-03
  0.419999987       1.07638235E-03
  0.429999977       1.08184176E-03
  0.439999998       1.08703692E-03
  0.449999988       1.09204417E-03
  0.459999979       1.09675119E-03
  0.469999999       1.10116124E-03
  0.479999989       1.10546208E-03
  0.489999980       1.10918831E-03
  0.500000000       1.11373595E-03
  0.509999990       1.11674774E-03
  0.519999981       1.11991086E-03
  0.529999971       1.12322834E-03
  0.539999962       1.12613698E-03
  0.550000012       1.12882303E-03
  0.560000002       1.13139220E-03
  0.569999993       1.13371108E-03
  0.579999983       1.13596604E-03
  0.589999974       1.13834045E-03
  0.599999964       1.14016794E-03
  0.610000014       1.14226143E-03
  0.620000005       1.14396634E-03
  0.629999995       1.14569196E-03
  0.639999986       1.14762993E-03
  0.649999976       1.14953925E-03
  0.659999967       1.15312275E-03
  0.669999957       1.18710450E-03
  0.680000007       1.18597527E-03
  0.689999998       1.18695735E-03
  0.699999988       1.18848146E-03
  0.709999979       1.18904316E-03
  0.719999969       1.19109172E-03
  0.729999959       1.19243201E-03
  0.740000010       1.19480398E-03
  0.750000000       1.19650492E-03
  0.759999990       1.19813718E-03
  0.769999981       1.19990995E-03
  0.779999971       1.20149343E-03
  0.789999962       1.20367599E-03
  0.799999952       1.20553479E-03
  0.810000002       1.20750291E-03
  0.819999993       1.20922725E-03
  0.829999983       1.21187977E-03
  0.839999974       1.21434103E-03
  0.849999964       1.21690310E-03
  0.859999955       1.21975399E-03
  0.870000005       1.22267217E-03
  0.879999995       1.22639723E-03
  0.889999986       1.23047363E-03
  0.899999976       1.23490975E-03
  0.909999967       1.24009920E-03
  0.919999957       1.24624954E-03
  0.930000007       1.25369360E-03
  0.939999998       1.26281753E-03
  0.949999988       1.27484964E-03
  0.959999979       1.29092659E-03
  0.969999969       1.31462072E-03
  0.979999959       1.35450938E-03
  0.989999950       1.44417875E-03
   1.00000000       3.15110642E-03
   1.00999999       2.94958428E-03
   1.01999998       2.91500776E-03
   1.02999997       2.90792575E-03
   1.03999996       2.91138748E-03
   1.04999995       2.92037870E-03
   1.05999994       2.93286191E-03
   1.06999993       2.94763339E-03
   1.07999992       2.96425493E-03
   1.09000003       2.98196496E-03
   1.10000002       3.00077233E-03
   1.11000001       3.02036502E-03
   1.12000000       3.04069277E-03
   1.13000000       3.06099351E-03
   1.13999999       3.08304303E-03
   1.14999998       3.10495123E-03
   1.15999997       3.12742474E-03
   1.16999996       3.15026450E-03
   1.17999995       3.17354989E-03
   1.18999994       3.19721806E-03
   1.19999993       3.22129903E-03
   1.20999992       3.24584753E-03
   1.22000003       3.27048497E-03
   1.23000002       3.29602463E-03
   1.24000001       3.32165696E-03
   1.25000000       3.34770069E-03
   1.25999999       3.37406131E-03
   1.26999998       3.40106152E-03
   1.27999997       3.42615740E-03
   1.28999996       3.45608196E-03
   1.29999995       3.48403514E-03
   1.30999994       3.51299439E-03
   1.31999993       3.54177365E-03
   1.32999992       3.57170776E-03
   1.33999991       3.60162253E-03
   1.35000002       3.63247609E-03
   1.36000001       3.66360694E-03
   1.37000000       3.69530241E-03
   1.38000000       3.72666586E-03
   1.38999999       3.76029266E-03
   1.39999998       3.79410922E-03
   1.40999997       3.82874627E-03
   1.41999996       3.86330578E-03
   1.42999995       3.89886950E-03
   1.43999994       3.93511029E-03
   1.44999993       3.97235854E-03
   1.45999992       4.01024381E-03
   1.46999991       4.04862501E-03
   1.48000002       4.08861414E-03
   1.49000001       4.12925845E-03
   1.50000000       4.17079497E-03
   1.50999999       4.21327492E-03
   1.51999998       4.25699865E-03
   1.52999997       4.30165883E-03
   1.53999996       4.34745476E-03
   1.54999995       4.39476967E-03
   1.55999994       4.44338331E-03
   1.56999993       4.49319137E-03
   1.57999992       4.54451004E-03
   1.58999991       4.59690252E-03
   1.59999990       4.65196278E-03
   1.61000001       4.70809452E-03
   1.62000000       4.76623513E-03
   1.63000000       4.82628774E-03
   1.63999999       4.88844793E-03
   1.64999998       4.95259324E-03
   1.65999997       5.01861842E-03
   1.66999996       5.08833351E-03
   1.67999995       5.16091334E-03
   1.68999994       5.23595652E-03
   1.69999993       5.31412987E-03
   1.70999992       5.39575005E-03
   1.71999991       5.48107969E-03
   1.73000002       5.57051133E-03
   1.74000001       5.66431275E-03
   1.75000000       5.76294586E-03
   1.75999999       5.86668961E-03
   1.76999998       5.97661873E-03
   1.77999997       6.09280355E-03
   1.78999996       6.21616747E-03
   1.79999995       6.34742295E-03
   1.80999994       6.48735277E-03
   1.81999993       6.63776742E-03
   1.82999992       6.79929089E-03
   1.83999991       6.97380770E-03
   1.84999990       7.16328295E-03
   1.86000001       7.37025402E-03
   1.87000000       7.59701058E-03
   1.88000000       7.84759503E-03
   1.88999999       8.12747981E-03
   1.89999998       8.44150595E-03
   1.90999997       8.79966002E-03
   1.91999996       9.21119936E-03
   1.92999995       9.69383214E-03
   1.93999994       1.02692237E-02
   1.94999993       1.09737217E-02
   1.95999992       1.18653476E-02
   1.96999991       1.30470814E-02
   1.97999990       1.47240013E-02
   1.99000001       1.73843782E-02
   2.00000000       2.26191469E-02
   2.00999999       3.41397561E-02
   2.01999998       4.23637182E-02
   2.02999997       4.79324311E-02
   2.03999996       5.19912504E-02
   2.04999995       5.51279746E-02
   2.05999994       5.76613992E-02
   2.06999993       5.97793050E-02
   2.07999992       6.15973361E-02
   2.08999991       6.31924495E-02
   2.09999990       6.46157935E-02
   2.10999990       6.59076944E-02
   2.11999989       6.70917258E-02
   2.12999988       6.81893528E-02
   2.13999987       6.92157820E-02
   2.14999986       7.01807365E-02
   2.15999985       7.10997209E-02
   2.16999984       7.19741583E-02
   2.18000007       7.28121623E-02
   2.19000006       7.36184567E-02
   2.20000005       7.43971244E-02
   2.21000004       7.51518831E-02
   2.22000003       7.58851320E-02
   2.23000002       7.65996575E-02
   2.24000001       7.72972852E-02
   2.25000000       7.79798180E-02
   2.25999999       7.86486119E-02
   2.26999998       7.93052912E-02
   2.27999997       7.99507871E-02
   2.28999996       8.05861577E-02
   2.29999995       8.12122300E-02
   2.30999994       8.18295181E-02
   2.31999993       8.24396536E-02
   2.32999992       8.30422789E-02
   2.33999991       8.36383030E-02
   2.34999990       8.42281505E-02
   2.35999990       8.48122463E-02
   2.36999989       8.53911340E-02
   2.37999988       8.59648138E-02
   2.38999987       8.65342468E-02
   2.39999986       8.70992094E-02
   2.40999985       8.76599923E-02
   2.41999984       8.82170573E-02
   2.42999983       8.87706429E-02
   2.44000006       8.93206447E-02
   2.45000005       8.98675546E-02
   2.46000004       9.04113725E-02
   2.47000003       9.09523740E-02
   2.48000002       9.14891735E-02
   2.49000001       9.20263305E-02
   2.50000000       9.25595239E-02
   2.50999999       9.30899754E-02
   2.51999998       9.36190337E-02
   2.52999997       9.41450000E-02
   2.53999996       9.46700647E-02
   2.54999995       9.51926783E-02
   2.55999994       9.57133919E-02
   2.56999993       9.62322950E-02
   2.57999992       9.67496336E-02
   2.58999991       9.72652063E-02
   2.59999990       9.77792740E-02
   2.60999990       9.82917771E-02
   2.61999989       9.88027677E-02
   2.62999988       9.93124768E-02
   2.63999987       9.98207629E-02
   2.64999986      0.100327924    
   2.65999985      0.100833453    
   2.66999984      0.101338126    
   2.67999983      0.101841450    
   2.69000006      0.102343723    
   2.70000005      0.102844842    
   2.71000004      0.103344940    
   2.72000003      0.103843965    
   2.73000002      0.104342058    
   2.74000001      0.104839161    
   2.75000000      0.105335258    
   2.75999999      0.105830565    
   2.76999998      0.106324464    
   2.77999997      0.106818430    
   2.78999996      0.107310958    
   2.79999995      0.107802980    
   2.80999994      0.108294003    
   2.81999993      0.108784392    
   2.82999992      0.109273978    
   2.83999991      0.109762803    
   2.84999990      0.110250935    
   2.85999990      0.110738479    
   2.86999989      0.111225151    
   2.87999988      0.111711331    
   2.88999987      0.112196773    
   2.89999986      0.112681627    
   2.90999985      0.113165796    
   2.91999984      0.113646671    
   2.92999983      0.114132553    
   2.93999982      0.114615045    
   2.95000005      0.115096539    
   2.96000004      0.115578242    
   2.97000003      0.116059169    
   2.98000002      0.116539411    
   2.99000001      0.117019258    
   3.00000000      0.117498636    
   3.00999999      0.117977478    
   3.01999998      0.118455835    
   3.02999997      0.118933327    
   3.03999996      0.119410560    
   3.04999995      0.119888052    
   3.05999994      0.120364524    
   3.06999993      0.120840624    
   3.07999992      0.121316284    
   3.08999991      0.121791504    
   3.09999990      0.122266382    
   3.10999990      0.122740693    
   3.11999989      0.123214848    
   3.12999988      0.123688474    
   3.13999987      0.124161698    
   3.14999986      0.124634422    
   3.15999985      0.125106931    
   3.16999984      0.125579163    
   3.17999983      0.126050949    
   3.18999982      0.126522273    
   3.19999981      0.126993611    
   3.21000004      0.127464265    
   3.22000003      0.127934679    
   3.23000002      0.128404558    
   3.24000001      0.128874645    
   3.25000000      0.129344016    
   3.25999999      0.129813135    
   3.26999998      0.130282134    
   3.27999997      0.130750537    
   3.28999996      0.131218523    
   3.29999995      0.131686658    
   3.30999994      0.132154316    
   3.31999993      0.132621780    
   3.32999992      0.133088797    
   3.33999991      0.133555651    
   3.34999990      0.134022102    
   3.35999990      0.134482965    
   3.36999989      0.134954318    
   3.37999988      0.135420114    
   3.38999987      0.135885641    
   3.39999986      0.136350885    
   3.40999985      0.136815861    
   3.41999984      0.137280717    
   3.42999983      0.137745082    
   3.43999982      0.138209417    
   3.44999981      0.138673365    
   3.46000004      0.139137000    
   3.47000003      0.139600351    
   3.48000002      0.140063971    
   3.49000001      0.140526995    
   3.50000000      0.140989855    
   3.50999999      0.141451314    
