   9.99999978E-03   1.05723549E-04
   1.99999996E-02   1.78965594E-04
   2.99999993E-02   2.62181769E-04
   3.99999991E-02   3.41822277E-04
   4.99999970E-02   4.15662798E-04
   5.99999987E-02   4.84143529E-04
   7.00000003E-02   5.47624077E-04
   7.99999982E-02   6.06490707E-04
   8.99999961E-02   6.61348982E-04
   9.99999940E-02   7.12224981E-04
  0.109999999       7.60354975E-04
  0.119999997       8.05209158E-04
  0.129999995       8.47256510E-04
  0.140000001       8.86760419E-04
  0.149999991       9.23968037E-04
  0.159999996       9.59042634E-04
  0.170000002       9.92025482E-04
  0.179999992       1.02311803E-03
  0.189999998       1.05240627E-03
  0.199999988       1.08017377E-03
  0.209999993       1.10644463E-03
  0.219999999       1.13108195E-03
  0.229999989       1.15492742E-03
  0.239999995       1.17661175E-03
  0.250000000       1.19752146E-03
  0.259999990       1.21737062E-03
  0.269999981       1.23645202E-03
  0.280000001       1.25368289E-03
  0.289999992       1.27057848E-03
  0.299999982       1.28648174E-03
  0.310000002       1.30150304E-03
  0.319999993       1.31584541E-03
  0.329999983       1.32922782E-03
  0.340000004       1.34204107E-03
  0.349999994       1.35406421E-03
  0.359999985       1.36547815E-03
  0.370000005       1.37650047E-03
  0.379999995       1.38677633E-03
  0.389999986       1.39619992E-03
  0.399999976       1.40548323E-03
  0.409999996       1.41442427E-03
  0.419999987       1.42237789E-03
  0.429999977       1.42999762E-03
  0.439999998       1.43725926E-03
  0.449999988       1.44417863E-03
  0.459999979       1.45071675E-03
  0.469999999       1.45685917E-03
  0.479999989       1.46308565E-03
  0.489999980       1.46827730E-03
  0.500000000       1.47652323E-03
  0.509999990       1.47973991E-03
  0.519999981       1.48425484E-03
  0.529999971       1.48954580E-03
  0.539999962       1.49372639E-03
  0.550000012       1.49770197E-03
  0.560000002       1.50144380E-03
  0.569999993       1.50498375E-03
  0.579999983       1.50853163E-03
  0.589999974       1.51177251E-03
  0.599999964       1.51495938E-03
  0.610000014       1.51802460E-03
  0.620000005       1.52110332E-03
  0.629999995       1.52439321E-03
  0.639999986       1.52849988E-03
  0.649999976       1.53330923E-03
  0.659999967       1.54395006E-03
  0.669999957       1.63042592E-03
  0.680000007       1.62537745E-03
  0.689999998       1.62664696E-03
  0.699999988       1.62904360E-03
  0.709999979       1.63212512E-03
  0.719999969       1.63550349E-03
  0.729999959       1.63853669E-03
  0.740000010       1.64279214E-03
  0.750000000       1.64659403E-03
  0.759999990       1.65078184E-03
  0.769999981       1.65510469E-03
  0.779999971       1.65943685E-03
  0.789999962       1.66436261E-03
  0.799999952       1.66930154E-03
  0.810000002       1.67451776E-03
  0.819999993       1.68012560E-03
  0.829999983       1.68624055E-03
  0.839999974       1.69232790E-03
  0.849999964       1.69988803E-03
  0.859999955       1.70769449E-03
  0.870000005       1.71637104E-03
  0.879999995       1.72602385E-03
  0.889999986       1.73686887E-03
  0.899999976       1.74900342E-03
  0.909999967       1.76362658E-03
  0.919999957       1.78043847E-03
  0.930000007       1.80072512E-03
  0.939999998       1.82567351E-03
  0.949999988       1.85777317E-03
  0.959999979       1.90160528E-03
  0.969999969       1.96515536E-03
  0.979999959       2.07172986E-03
  0.989999950       2.30866042E-03
   1.00000000       5.35796583E-03
   1.00999999       5.08151716E-03
   1.01999998       5.00825187E-03
   1.02999997       4.98760771E-03
   1.03999996       4.98941820E-03
   1.04999995       5.00253122E-03
   1.05999994       5.02300169E-03
   1.06999993       5.04853437E-03
   1.07999992       5.07762283E-03
   1.09000003       5.10952808E-03
   1.10000002       5.14356978E-03
   1.11000001       5.17943315E-03
   1.12000000       5.21687791E-03
   1.13000000       5.25540346E-03
   1.13999999       5.29552763E-03
   1.14999998       5.33642992E-03
   1.15999997       5.37832035E-03
   1.16999996       5.42132137E-03
   1.17999995       5.46510797E-03
   1.18999994       5.50969038E-03
   1.19999993       5.55518223E-03
   1.20999992       5.60147362E-03
   1.22000003       5.64827444E-03
   1.23000002       5.69629949E-03
   1.24000001       5.74496714E-03
   1.25000000       5.79439243E-03
   1.25999999       5.84461354E-03
   1.26999998       5.89569472E-03
   1.27999997       5.94754703E-03
   1.28999996       6.00034231E-03
   1.29999995       6.04247395E-03
   1.30999994       6.10854523E-03
   1.31999993       6.16388628E-03
   1.32999992       6.22030720E-03
   1.33999991       6.27773907E-03
   1.35000002       6.33594394E-03
   1.36000001       6.39567012E-03
   1.37000000       6.45591924E-03
   1.38000000       6.51757047E-03
   1.38999999       6.58001518E-03
   1.39999998       6.64429693E-03
   1.40999997       6.70955610E-03
   1.41999996       6.77608931E-03
   1.42999995       6.84397807E-03
   1.43999994       6.91326056E-03
   1.44999993       6.98402338E-03
   1.45999992       7.05630938E-03
   1.46999991       7.13019725E-03
   1.48000002       7.20579037E-03
   1.49000001       7.28307106E-03
   1.50000000       7.36222183E-03
   1.50999999       7.44332653E-03
   1.51999998       7.52643589E-03
   1.52999997       7.61162816E-03
   1.53999996       7.69913895E-03
   1.54999995       7.78866792E-03
   1.55999994       7.88110867E-03
   1.56999993       7.97601137E-03
   1.57999992       8.07362143E-03
   1.58999991       8.17417353E-03
   1.59999990       8.27783439E-03
   1.61000001       8.38458259E-03
   1.62000000       8.49495549E-03
   1.63000000       8.60896427E-03
   1.63999999       8.72689392E-03
   1.64999998       8.84900987E-03
   1.65999997       8.97551700E-03
   1.66999996       9.10693500E-03
   1.67999995       9.24339239E-03
   1.68999994       9.38487146E-03
   1.69999993       9.53313243E-03
   1.70999992       9.68752056E-03
   1.71999991       9.84876603E-03
   1.73000002       1.00173904E-02
   1.74000001       1.01941945E-02
   1.75000000       1.03800232E-02
   1.75999999       1.05754109E-02
   1.76999998       1.07818656E-02
   1.77999997       1.09998928E-02
   1.78999996       1.12310806E-02
   1.79999995       1.14767030E-02
   1.80999994       1.17386049E-02
   1.81999993       1.20187281E-02
   1.82999992       1.23193888E-02
   1.83999991       1.26435030E-02
   1.84999990       1.29945083E-02
   1.86000001       1.33764474E-02
   1.87000000       1.37943123E-02
   1.88000000       1.42546473E-02
   1.88999999       1.47650596E-02
   1.89999998       1.53367510E-02
   1.90999997       1.59825571E-02
   1.91999996       1.67207066E-02
   1.92999995       1.75778642E-02
   1.93999994       1.85888335E-02
   1.94999993       1.98083986E-02
   1.95999992       2.13218853E-02
   1.96999991       2.32726149E-02
   1.97999990       2.59253364E-02
   1.99000001       2.98412200E-02
   2.00000000       3.64629403E-02
   2.00999999       4.85521145E-02
   2.01999998       5.81807569E-02
   2.02999997       6.52073175E-02
   2.03999996       7.05673471E-02
   2.04999995       7.48343468E-02
   2.05999994       7.83505067E-02
   2.06999993       8.13305005E-02
   2.07999992       8.39134082E-02
   2.08999991       8.61945152E-02
   2.09999990       8.82401541E-02
   2.10999990       9.00987834E-02
   2.11999989       9.18063447E-02
   2.12999988       9.33900550E-02
   2.13999987       9.48709026E-02
   2.14999986       9.62643698E-02
   2.15999985       9.75863636E-02
   2.16999984       9.88445729E-02
   2.18000007      0.100048669    
   2.19000006      0.101204962    
   2.20000005      0.102321148    
   2.21000004      0.103400752    
   2.22000003      0.104447953    
   2.23000002      0.105466627    
   2.24000001      0.106459662    
   2.25000000      0.107429817    
   2.25999999      0.108379148    
   2.26999998      0.109309748    
   2.27999997      0.110223271    
   2.28999996      0.111121461    
   2.29999995      0.112005234    
   2.30999994      0.112876102    
   2.31999993      0.113734297    
   2.32999992      0.114582703    
   2.33999991      0.115420073    
   2.34999990      0.116248243    
   2.35999990      0.117067561    
   2.36999989      0.117878743    
   2.37999988      0.118682198    
   2.38999987      0.119478539    
   2.39999986      0.120268181    
   2.40999985      0.121051483    
   2.41999984      0.121829003    
   2.42999983      0.122600950    
   2.44000006      0.123367734    
   2.45000005      0.124128856    
   2.46000004      0.124886572    
   2.47000003      0.125639305    
   2.48000002      0.126387790    
   2.49000001      0.127132460    
   2.50000000      0.127873212    
   2.50999999      0.128610134    
   2.51999998      0.129344150    
   2.52999997      0.130074650    
   2.53999996      0.130801931    
   2.54999995      0.131526440    
   2.55999994      0.132248089    
   2.56999993      0.132966861    
   2.57999992      0.133683190    
   2.58999991      0.134396911    
   2.59999990      0.135108262    
   2.60999990      0.135817334    
   2.61999989      0.136524290    
   2.62999988      0.137228891    
   2.63999987      0.137931526    
   2.64999986      0.138630852    
   2.65999985      0.139330715    
   2.66999984      0.140028134    
   2.67999983      0.140723214    
   2.69000006      0.141416758    
   2.70000005      0.142108366    
   2.71000004      0.142798617    
   2.72000003      0.143487304    
   2.73000002      0.144174516    
   2.74000001      0.144860134    
   2.75000000      0.145544320    
   2.75999999      0.146227255    
   2.76999998      0.146908984    
   2.77999997      0.147589117    
   2.78999996      0.148266599    
   2.79999995      0.148946226    
   2.80999994      0.149621680    
   2.81999993      0.150298461    
   2.82999992      0.150972754    
   2.83999991      0.151646227    
   2.84999990      0.152318284    
   2.85999990      0.152989626    
   2.86999989      0.153659880    
   2.87999988      0.154329136    
   2.88999987      0.154997528    
   2.89999986      0.155664936    
   2.90999985      0.156331241    
   2.91999984      0.156996831    
   2.92999983      0.157661721    
   2.93999982      0.158325166    
   2.95000005      0.158987939    
   2.96000004      0.159650773    
   2.97000003      0.160312355    
   2.98000002      0.160972998    
   2.99000001      0.161632925    
   3.00000000      0.162292242    
   3.00999999      0.162950605    
   3.01999998      0.163608447    
   3.02999997      0.164265513    
   3.03999996      0.164921626    
   3.04999995      0.165577561    
   3.05999994      0.166232795    
   3.06999993      0.166887283    
   3.07999992      0.167541161    
   3.08999991      0.168194428    
   3.09999990      0.168846741    
   3.10999990      0.169499055    
   3.11999989      0.170150578    
   3.12999988      0.170800880    
   3.13999987      0.171451703    
   3.14999986      0.172101572    
   3.15999985      0.172750771    
   3.16999984      0.173399583    
   3.17999983      0.174047828    
   3.18999982      0.174695492    
   3.19999981      0.175342873    
   3.21000004      0.175989449    
   3.22000003      0.176635832    
   3.23000002      0.177281305    
   3.24000001      0.177926838    
   3.25000000      0.178571686    
   3.25999999      0.179216117    
   3.26999998      0.179859936    
   3.27999997      0.180503413    
   3.28999996      0.181146622    
   3.29999995      0.181789130    
   3.30999994      0.182431400    
   3.31999993      0.183073357    
   3.32999992      0.183714792    
   3.33999991      0.184355631    
   3.34999990      0.184996352    
   3.35999990      0.185636371    
   3.36999989      0.186276466    
   3.37999988      0.186915815    
   3.38999987      0.187555194    
   3.39999986      0.188193873    
   3.40999985      0.188832223    
   3.41999984      0.189470440    
   3.42999983      0.190107971    
   3.43999982      0.190745339    
   3.44999981      0.191382378    
   3.46000004      0.192019060    
   3.47000003      0.192655548    
   3.48000002      0.193291262    
   3.49000001      0.193927094    
   3.50000000      0.194562420    
   3.50999999      0.195197552    
