   9.99999978E-03   8.96335623E-05
   1.99999996E-02   1.60924814E-04
   2.99999993E-02   2.36348948E-04
   3.99999991E-02   3.05554888E-04
   4.99999970E-02   3.70055670E-04
   5.99999987E-02   4.29262494E-04
   7.00000003E-02   4.83990385E-04
   7.99999982E-02   5.34627063E-04
   8.99999961E-02   5.81808970E-04
   9.99999940E-02   6.25663612E-04
  0.109999999       6.66612410E-04
  0.119999997       7.05151877E-04
  0.129999995       7.41224911E-04
  0.140000001       7.75351131E-04
  0.149999991       8.06768832E-04
  0.159999996       8.36703810E-04
  0.170000002       8.64874863E-04
  0.179999992       8.91437812E-04
  0.189999998       9.16424615E-04
  0.199999988       9.40118858E-04
  0.209999993       9.62588878E-04
  0.219999999       9.83516336E-04
  0.229999989       1.00343255E-03
  0.239999995       1.02225901E-03
  0.250000000       1.04004797E-03
  0.259999990       1.05695357E-03
  0.269999981       1.07282924E-03
  0.280000001       1.08778919E-03
  0.289999992       1.10216753E-03
  0.299999982       1.11564912E-03
  0.310000002       1.12874969E-03
  0.319999993       1.14064745E-03
  0.329999983       1.15194276E-03
  0.340000004       1.16289489E-03
  0.349999994       1.17295550E-03
  0.359999985       1.18266314E-03
  0.370000005       1.19195774E-03
  0.379999995       1.20042544E-03
  0.389999986       1.20859116E-03
  0.399999976       1.21635909E-03
  0.409999996       1.22366031E-03
  0.419999987       1.23067130E-03
  0.429999977       1.23703294E-03
  0.439999998       1.24318013E-03
  0.449999988       1.24900276E-03
  0.459999979       1.25450350E-03
  0.469999999       1.25966012E-03
  0.479999989       1.26477901E-03
  0.489999980       1.26917032E-03
  0.500000000       1.27507420E-03
  0.509999990       1.27828133E-03
  0.519999981       1.28203724E-03
  0.529999971       1.28607790E-03
  0.539999962       1.28958467E-03
  0.550000012       1.29284686E-03
  0.560000002       1.29612209E-03
  0.569999993       1.29869173E-03
  0.579999983       1.30153203E-03
  0.589999974       1.30420667E-03
  0.599999964       1.30650366E-03
  0.610000014       1.30898342E-03
  0.620000005       1.31129706E-03
  0.629999995       1.31359149E-03
  0.639999986       1.31624506E-03
  0.649999976       1.31922471E-03
  0.659999967       1.32531126E-03
  0.669999957       1.37778791E-03
  0.680000007       1.37565436E-03
  0.689999998       1.37688871E-03
  0.699999988       1.37877697E-03
  0.709999979       1.38083578E-03
  0.719999969       1.38309365E-03
  0.729999959       1.38545071E-03
  0.740000010       1.38783618E-03
  0.750000000       1.39034295E-03
  0.759999990       1.39295787E-03
  0.769999981       1.39487290E-03
  0.779999971       1.39800715E-03
  0.789999962       1.40136736E-03
  0.799999952       1.40429509E-03
  0.810000002       1.40729710E-03
  0.819999993       1.41089386E-03
  0.829999983       1.41445023E-03
  0.839999974       1.41834130E-03
  0.849999964       1.42250478E-03
  0.859999955       1.42719387E-03
  0.870000005       1.43239822E-03
  0.879999995       1.43799232E-03
  0.889999986       1.44453812E-03
  0.899999976       1.45158439E-03
  0.909999967       1.46014057E-03
  0.919999957       1.47016603E-03
  0.930000007       1.48222444E-03
  0.939999998       1.49699324E-03
  0.949999988       1.51637674E-03
  0.959999979       1.54216995E-03
  0.969999969       1.58013741E-03
  0.979999959       1.64397771E-03
  0.989999950       1.78653875E-03
   1.00000000       4.04393347E-03
   1.00999999       3.80600384E-03
   1.01999998       3.75611824E-03
   1.02999997       3.74402455E-03
   1.03999996       3.74689489E-03
   1.04999995       3.75703932E-03
   1.05999994       3.77358380E-03
   1.06999993       3.79272643E-03
   1.07999992       3.81452381E-03
   1.09000003       3.83801316E-03
   1.10000002       3.86296818E-03
   1.11000001       3.88856232E-03
   1.12000000       3.91634926E-03
   1.13000000       3.94424284E-03
   1.13999999       3.97329312E-03
   1.14999998       4.00281278E-03
   1.15999997       4.03309520E-03
   1.16999996       4.06396156E-03
   1.17999995       4.09544120E-03
   1.18999994       4.12746333E-03
   1.19999993       4.16008476E-03
   1.20999992       4.19331016E-03
   1.22000003       4.22680611E-03
   1.23000002       4.26117424E-03
   1.24000001       4.29610861E-03
   1.25000000       4.33146348E-03
   1.25999999       4.36726213E-03
   1.26999998       4.40392550E-03
   1.27999997       4.44099726E-03
   1.28999996       4.47869301E-03
   1.29999995       4.51670820E-03
   1.30999994       4.55604168E-03
   1.31999993       4.59539099E-03
   1.32999992       4.63582855E-03
   1.33999991       4.67656786E-03
   1.35000002       4.71850717E-03
   1.36000001       4.73058177E-03
   1.37000000       4.80398908E-03
   1.38000000       4.84757125E-03
   1.38999999       4.89247451E-03
   1.39999998       4.93832910E-03
   1.40999997       4.98502888E-03
   1.41999996       5.03249420E-03
   1.42999995       5.08095790E-03
   1.43999994       5.13026444E-03
   1.44999993       5.18086320E-03
   1.45999992       5.23240259E-03
   1.46999991       5.28456131E-03
   1.48000002       5.33911493E-03
   1.49000001       5.39428368E-03
   1.50000000       5.45052858E-03
   1.50999999       5.50863799E-03
   1.51999998       5.56798093E-03
   1.52999997       5.62883308E-03
   1.53999996       5.69124753E-03
   1.54999995       5.75527083E-03
   1.55999994       5.82127972E-03
   1.56999993       5.88903530E-03
   1.57999992       5.95877925E-03
   1.58999991       6.03065174E-03
   1.59999990       6.10475801E-03
   1.61000001       6.18101144E-03
   1.62000000       6.25996897E-03
   1.63000000       6.34152489E-03
   1.63999999       6.42587896E-03
   1.64999998       6.51275273E-03
   1.65999997       6.60369918E-03
   1.66999996       6.69787033E-03
   1.67999995       6.79561403E-03
   1.68999994       6.89730980E-03
   1.69999993       7.00327987E-03
   1.70999992       7.11388653E-03
   1.71999991       7.22847832E-03
   1.73000002       7.35058822E-03
   1.74000001       7.47753028E-03
   1.75000000       7.61063816E-03
   1.75999999       7.75147649E-03
   1.76999998       7.89997634E-03
   1.77999997       8.05689581E-03
   1.78999996       8.22345447E-03
   1.79999995       8.40050913E-03
   1.80999994       8.58949218E-03
   1.81999993       8.79183598E-03
   1.82999992       9.00926627E-03
   1.83999991       9.24393628E-03
   1.84999990       9.49842948E-03
   1.86000001       9.77590121E-03
   1.87000000       1.00798924E-02
   1.88000000       1.04155829E-02
   1.88999999       1.07888086E-02
   1.89999998       1.12068793E-02
   1.90999997       1.16826836E-02
   1.91999996       1.22276619E-02
   1.92999995       1.28640383E-02
   1.93999994       1.36191184E-02
   1.94999993       1.45374201E-02
   1.95999992       1.56894885E-02
   1.96999991       1.71926934E-02
   1.97999990       1.92953199E-02
   1.99000001       2.25126725E-02
   2.00000000       2.83897202E-02
   2.00999999       4.01957445E-02
   2.01999998       4.91083078E-02
   2.02999997       5.53652123E-02
   2.03999996       6.00256808E-02
   2.04999995       6.36763126E-02
   2.05999994       6.66520298E-02
   2.06999993       6.91546202E-02
   2.07999992       7.13121295E-02
   2.08999991       7.32093155E-02
   2.09999990       7.49077722E-02
   2.10999990       7.64475986E-02
   2.11999989       7.78608844E-02
   2.12999988       7.91709423E-02
   2.13999987       8.03956017E-02
   2.14999986       8.15487951E-02
   2.15999985       8.26418474E-02
   2.16999984       8.36833566E-02
   2.18000007       8.46804902E-02
   2.19000006       8.56393278E-02
   2.20000005       8.65644664E-02
   2.21000004       8.74602497E-02
   2.22000003       8.83300975E-02
   2.23000002       8.91763568E-02
   2.24000001       9.00027826E-02
   2.25000000       9.08102989E-02
   2.25999999       9.16010588E-02
   2.26999998       9.23768058E-02
   2.27999997       9.31387842E-02
   2.28999996       9.38884765E-02
   2.29999995       9.46266204E-02
   2.30999994       9.53543857E-02
   2.31999993       9.60724354E-02
   2.32999992       9.67818573E-02
   2.33999991       9.74828079E-02
   2.34999990       9.81764495E-02
   2.35999990       9.88629907E-02
   2.36999989       9.95429233E-02
   2.37999988      0.100216605    
   2.38999987      0.100884996    
   2.39999986      0.101547778    
   2.40999985      0.102205567    
   2.41999984      0.102858417    
   2.42999983      0.103507362    
   2.44000006      0.104151919    
   2.45000005      0.104792461    
   2.46000004      0.105429351    
   2.47000003      0.106062561    
   2.48000002      0.106692612    
   2.49000001      0.107319340    
   2.50000000      0.107943185    
   2.50999999      0.108563833    
   2.51999998      0.109182082    
   2.52999997      0.109797753    
   2.53999996      0.110410698    
   2.54999995      0.111021444    
   2.55999994      0.111629851    
   2.56999993      0.112235993    
   2.57999992      0.112840265    
   2.58999991      0.113442361    
   2.59999990      0.114042476    
   2.60999990      0.114639938    
   2.61999989      0.115237042    
   2.62999988      0.115832247    
   2.63999987      0.116425477    
   2.64999986      0.117017180    
   2.65999985      0.117607109    
   2.66999984      0.118195727    
   2.67999983      0.118782923    
   2.69000006      0.119368769    
   2.70000005      0.119953185    
   2.71000004      0.120536372    
   2.72000003      0.121118188    
   2.73000002      0.121698983    
   2.74000001      0.122278512    
   2.75000000      0.122856908    
   2.75999999      0.123434156    
   2.76999998      0.124010384    
   2.77999997      0.124585502    
   2.78999996      0.125159577    
   2.79999995      0.125733018    
   2.80999994      0.126305148    
   2.81999993      0.126876444    
   2.82999992      0.127446905    
   2.83999991      0.128016397    
   2.84999990      0.128584981    
   2.85999990      0.129152805    
   2.86999989      0.129719853    
   2.87999988      0.130286068    
   2.88999987      0.130851567    
   2.89999986      0.131416112    
   2.90999985      0.131980062    
   2.91999984      0.132543281    
   2.92999983      0.133105755    
   2.93999982      0.133667663    
   2.95000005      0.134228706    
   2.96000004      0.134789184    
   2.97000003      0.135349229    
   2.98000002      0.135908335    
   2.99000001      0.136466891    
   3.00000000      0.137025118    
   3.00999999      0.137582466    
   3.01999998      0.138139412    
   3.02999997      0.138695478    
   3.03999996      0.139250875    
   3.04999995      0.139806509    
   3.05999994      0.140361160    
   3.06999993      0.140915230    
   3.07999992      0.141468808    
   3.08999991      0.142021865    
   3.09999990      0.142574623    
   3.10999990      0.143126756    
   3.11999989      0.143678322    
   3.12999988      0.144229695    
   3.13999987      0.144780397    
   3.14999986      0.145330653    
   3.15999985      0.145880267    
   3.16999984      0.146429777    
   3.17999983      0.146978781    
   3.18999982      0.147527233    
   3.19999981      0.148075551    
   3.21000004      0.148623481    
   3.22000003      0.149169907    
   3.23000002      0.149717778    
   3.24000001      0.150260419    
   3.25000000      0.150810540    
   3.25999999      0.151355624    
   3.26999998      0.151901931    
   3.27999997      0.152446911    
   3.28999996      0.152991667    
   3.29999995      0.153536052    
   3.30999994      0.154080003    
   3.31999993      0.154623896    
   3.32999992      0.155167207    
   3.33999991      0.155710265    
   3.34999990      0.156252936    
   3.35999990      0.156795144    
   3.36999989      0.157337397    
   3.37999988      0.157878026    
   3.38999987      0.158420801    
   3.39999986      0.158962041    
   3.40999985      0.159502983    
   3.41999984      0.160043314    
   3.42999983      0.160583884    
   3.43999982      0.161123797    
   3.44999981      0.161663443    
   3.46000004      0.162202924    
   3.47000003      0.162742108    
   3.48000002      0.163278759    
   3.49000001      0.163819119    
   3.50000000      0.164357975    
   3.50999999      0.164896041    
