   9.99999978E-03   1.20421195E-04
   1.99999996E-02   1.94636305E-04
   2.99999993E-02   2.84224690E-04
   3.99999991E-02   3.70587077E-04
   4.99999970E-02   4.52551350E-04
   5.99999987E-02   5.28842851E-04
   7.00000003E-02   5.99929539E-04
   7.99999982E-02   6.65931089E-04
   8.99999961E-02   7.27336970E-04
   9.99999940E-02   7.84898584E-04
  0.109999999       8.38732114E-04
  0.119999997       8.89196992E-04
  0.129999995       9.36610159E-04
  0.140000001       9.81069636E-04
  0.149999991       1.02299044E-03
  0.159999996       1.06253743E-03
  0.170000002       1.09972770E-03
  0.179999992       1.13486475E-03
  0.189999998       1.16794638E-03
  0.199999988       1.19979365E-03
  0.209999993       1.22899958E-03
  0.219999999       1.25690305E-03
  0.229999989       1.28332525E-03
  0.239999995       1.30835141E-03
  0.250000000       1.33205368E-03
  0.259999990       1.35451334E-03
  0.269999981       1.37599581E-03
  0.280000001       1.39564089E-03
  0.289999992       1.41521543E-03
  0.299999982       1.43299589E-03
  0.310000002       1.44988461E-03
  0.319999993       1.46610581E-03
  0.329999983       1.48131361E-03
  0.340000004       1.49587938E-03
  0.349999994       1.50983362E-03
  0.359999985       1.52263721E-03
  0.370000005       1.53478363E-03
  0.379999995       1.54645555E-03
  0.389999986       1.55789871E-03
  0.399999976       1.56798447E-03
  0.409999996       1.57777802E-03
  0.419999987       1.58769370E-03
  0.429999977       1.59594067E-03
  0.439999998       1.60429394E-03
  0.449999988       1.61221763E-03
  0.459999979       1.61968346E-03
  0.469999999       1.62674312E-03
  0.479999989       1.63335470E-03
  0.489999980       1.64006348E-03
  0.500000000       1.65100361E-03
  0.509999990       1.65398838E-03
  0.519999981       1.66064454E-03
  0.529999971       1.66565983E-03
  0.539999962       1.67058851E-03
  0.550000012       1.67535245E-03
  0.560000002       1.67963980E-03
  0.569999993       1.68411911E-03
  0.579999983       1.68827910E-03
  0.589999974       1.69278891E-03
  0.599999964       1.69610279E-03
  0.610000014       1.70002948E-03
  0.620000005       1.70412322E-03
  0.629999995       1.70845503E-03
  0.639999986       1.71429443E-03
  0.649999976       1.72162685E-03
  0.659999967       1.73942873E-03
  0.669999957       1.86450547E-03
  0.680000007       1.85592391E-03
  0.689999998       1.85699377E-03
  0.699999988       1.86012930E-03
  0.709999979       1.86420360E-03
  0.719999969       1.86889840E-03
  0.729999959       1.87347503E-03
  0.740000010       1.87907787E-03
  0.750000000       1.88453530E-03
  0.759999990       1.89057237E-03
  0.769999981       1.89681584E-03
  0.779999971       1.90325768E-03
  0.789999962       1.91009906E-03
  0.799999952       1.91729912E-03
  0.810000002       1.92526181E-03
  0.819999993       1.93370029E-03
  0.829999983       1.94259640E-03
  0.839999974       1.95255154E-03
  0.849999964       1.96305523E-03
  0.859999955       1.97467138E-03
  0.870000005       1.98759255E-03
  0.879999995       2.00203108E-03
  0.889999986       2.01825984E-03
  0.899999976       2.03702226E-03
  0.909999967       2.05737725E-03
  0.919999957       2.08343146E-03
  0.930000007       2.11379654E-03
  0.939999998       2.15130346E-03
  0.949999988       2.19940627E-03
  0.959999979       2.25538411E-03
  0.969999969       2.35865940E-03
  0.979999959       2.51652044E-03
  0.989999950       2.86607747E-03
   1.00000000       6.68969145E-03
   1.00999999       6.38815388E-03
   1.01999998       6.29133172E-03
   1.02999997       6.26248261E-03
   1.03999996       6.24417374E-03
   1.04999995       6.27705781E-03
   1.05999994       6.30187662E-03
   1.06999993       6.33365940E-03
   1.07999992       6.37011928E-03
   1.09000003       6.41043391E-03
   1.10000002       6.45364821E-03
   1.11000001       6.49935938E-03
   1.12000000       6.54716650E-03
   1.13000000       6.59671240E-03
   1.13999999       6.64790440E-03
   1.14999998       6.70055253E-03
   1.15999997       6.75440906E-03
   1.16999996       6.80972729E-03
   1.17999995       6.86615752E-03
   1.18999994       6.92360941E-03
   1.19999993       6.98234560E-03
   1.20999992       7.04203127E-03
   1.22000003       7.10264733E-03
   1.23000002       7.16465153E-03
   1.24000001       7.22755864E-03
   1.25000000       7.29149487E-03
   1.25999999       7.35648395E-03
   1.26999998       7.42259203E-03
   1.27999997       7.48971431E-03
   1.28999996       7.55808596E-03
   1.29999995       7.62761943E-03
   1.30999994       7.69806188E-03
   1.31999993       7.76993483E-03
   1.32999992       7.84305204E-03
   1.33999991       7.91745260E-03
   1.35000002       7.99312722E-03
   1.36000001       8.07005540E-03
   1.37000000       8.14842805E-03
   1.38000000       8.22834484E-03
   1.38999999       8.30932986E-03
   1.39999998       8.39262456E-03
   1.40999997       8.47724266E-03
   1.41999996       8.56346451E-03
   1.42999995       8.65153689E-03
   1.43999994       8.74137040E-03
   1.44999993       8.83309729E-03
   1.45999992       8.92684236E-03
   1.46999991       9.02260374E-03
   1.48000002       9.12062265E-03
   1.49000001       9.22075007E-03
   1.50000000       9.32343584E-03
   1.50999999       9.42855328E-03
   1.51999998       9.53587517E-03
   1.52999997       9.64682177E-03
   1.53999996       9.76002961E-03
   1.54999995       9.87640116E-03
   1.55999994       9.99592803E-03
   1.56999993       1.01187779E-02
   1.57999992       1.02451881E-02
   1.58999991       1.03753824E-02
   1.59999990       1.05067650E-02
   1.61000001       1.06479097E-02
   1.62000000       1.07906349E-02
   1.63000000       1.09381555E-02
   1.63999999       1.10906921E-02
   1.64999998       1.12486677E-02
   1.65999997       1.14122704E-02
   1.66999996       1.15821408E-02
   1.67999995       1.17274541E-02
   1.68999994       1.19416332E-02
   1.69999993       1.21327965E-02
   1.70999992       1.23321172E-02
   1.71999991       1.25401793E-02
   1.73000002       1.27577288E-02
   1.74000001       1.29856989E-02
   1.75000000       1.32252127E-02
   1.75999999       1.34768989E-02
   1.76999998       1.37426201E-02
   1.77999997       1.40232313E-02
   1.78999996       1.43204127E-02
   1.79999995       1.46360258E-02
   1.80999994       1.49722332E-02
   1.81999993       1.53314807E-02
   1.82999992       1.57167092E-02
   1.83999991       1.61315370E-02
   1.84999990       1.65801421E-02
   1.86000001       1.70675870E-02
   1.87000000       1.76000707E-02
   1.88000000       1.81855634E-02
   1.88999999       1.88336819E-02
   1.89999998       1.95571333E-02
   1.90999997       2.03722529E-02
   1.91999996       2.13012099E-02
   1.92999995       2.23738868E-02
   1.93999994       2.36331262E-02
   1.94999993       2.51416620E-02
   1.95999992       2.69965362E-02
   1.96999991       2.93573551E-02
   1.97999990       3.25075649E-02
   1.99000001       3.70226130E-02
   2.00000000       4.42413315E-02
   2.00999999       5.65348901E-02
   2.01999998       6.66757151E-02
   2.02999997       7.42925033E-02
   2.03999996       8.02126229E-02
   2.04999995       8.49836096E-02
   2.05999994       8.89546648E-02
   2.06999993       9.23414752E-02
   2.07999992       9.52900574E-02
   2.08999991       9.79037434E-02
   2.09999990      0.100253098    
   2.10999990      0.102391951    
   2.11999989      0.104359105    
   2.12999988      0.106185287    
   2.13999987      0.107893579    
   2.14999986      0.109501816    
   2.15999985      0.111026876    
   2.16999984      0.112478279    
   2.18000007      0.113867916    
   2.19000006      0.115201846    
   2.20000005      0.116488375    
   2.21000004      0.117732480    
   2.22000003      0.118938856    
   2.23000002      0.120111719    
   2.24000001      0.121254474    
   2.25000000      0.122370809    
   2.25999999      0.123462372    
   2.26999998      0.124531969    
   2.27999997      0.125581428    
   2.28999996      0.126613051    
   2.29999995      0.127627328    
   2.30999994      0.128626421    
   2.31999993      0.129611582    
   2.32999992      0.130583391    
   2.33999991      0.131543323    
   2.34999990      0.132492274    
   2.35999990      0.133430436    
   2.36999989      0.134359062    
   2.37999988      0.135278717    
   2.38999987      0.136189952    
   2.39999986      0.137093022    
   2.40999985      0.137988970    
   2.41999984      0.138877913    
   2.42999983      0.139760077    
   2.44000006      0.140636221    
   2.45000005      0.141506508    
   2.46000004      0.142371148    
   2.47000003      0.143230706    
   2.48000002      0.144085333    
   2.49000001      0.144935250    
   2.50000000      0.145780712    
   2.50999999      0.146621555    
   2.51999998      0.147458956    
   2.52999997      0.148292169    
   2.53999996      0.149121687    
   2.54999995      0.149947807    
   2.55999994      0.150770426    
   2.56999993      0.151590005    
   2.57999992      0.152405903    
   2.58999991      0.153219819    
   2.59999990      0.154030576    
   2.60999990      0.154838458    
   2.61999989      0.155643269    
   2.62999988      0.156446517    
   2.63999987      0.157246783    
   2.64999986      0.158045068    
   2.65999985      0.158840761    
   2.66999984      0.159634382    
   2.67999983      0.160425693    
   2.69000006      0.161215439    
   2.70000005      0.162002891    
   2.71000004      0.162788466    
   2.72000003      0.163572475    
   2.73000002      0.164354622    
   2.74000001      0.165134966    
   2.75000000      0.165913776    
   2.75999999      0.166690782    
   2.76999998      0.167466268    
   2.77999997      0.168240294    
   2.78999996      0.169012740    
   2.79999995      0.169784203    
   2.80999994      0.170553893    
   2.81999993      0.171322420    
   2.82999992      0.172089428    
   2.83999991      0.172855198    
   2.84999990      0.173619956    
   2.85999990      0.174383178    
   2.86999989      0.175145730    
   2.87999988      0.175906286    
   2.88999987      0.176666677    
   2.89999986      0.177425638    
   2.90999985      0.178183436    
   2.91999984      0.178940251    
   2.92999983      0.179696009    
   2.93999982      0.180450827    
   2.95000005      0.181204617    
   2.96000004      0.181957558    
   2.97000003      0.182709247    
   2.98000002      0.183460459    
   2.99000001      0.184210867    
   3.00000000      0.184960097    
   3.00999999      0.185708836    
   3.01999998      0.186456367    
   3.02999997      0.187203422    
   3.03999996      0.187949270    
   3.04999995      0.188694715    
   3.05999994      0.189439163    
   3.06999993      0.190183058    
   3.07999992      0.190926120    
   3.08999991      0.191668496    
   3.09999990      0.192409992    
   3.10999990      0.193151280    
   3.11999989      0.193891525    
   3.12999988      0.194631234    
   3.13999987      0.195369884    
   3.14999986      0.196108609    
   3.15999985      0.196846396    
   3.16999984      0.197583660    
   3.17999983      0.198320240    
   3.18999982      0.199056014    
   3.19999981      0.199791461    
   3.21000004      0.200526386    
   3.22000003      0.201260522    
   3.23000002      0.201994121    
   3.24000001      0.202727571    
   3.25000000      0.203460202    
   3.25999999      0.204192325    
   3.26999998      0.204923943    
   3.27999997      0.205654919    
   3.28999996      0.206385508    
   3.29999995      0.207115754    
   3.30999994      0.207845449    
   3.31999993      0.208575115    
   3.32999992      0.209303260    
   3.33999991      0.210030988    
   3.34999990      0.210759163    
   3.35999990      0.211486280    
   3.36999989      0.212213352    
   3.37999988      0.212939784    
   3.38999987      0.213665858    
   3.39999986      0.214391157    
   3.40999985      0.215116560    
   3.41999984      0.215841413    
   3.42999983      0.216565967    
   3.43999982      0.217289940    
   3.44999981      0.218013525    
   3.46000004      0.218736619    
   3.47000003      0.219459534    
   3.48000002      0.220181927    
   3.49000001      0.220903814    
   3.50000000      0.221625745    
   3.50999999      0.222347021    
