   9.99999978E-03   1.27383930E-04
   1.99999996E-02   2.02589013E-04
   2.99999993E-02   2.93232995E-04
   3.99999991E-02   3.83903127E-04
   4.99999970E-02   4.69766994E-04
   5.99999987E-02   5.49856632E-04
   7.00000003E-02   6.24627748E-04
   7.99999982E-02   6.94079674E-04
   8.99999961E-02   7.58841750E-04
   9.99999940E-02   8.19445762E-04
  0.109999999       8.76203994E-04
  0.119999997       9.29445028E-04
  0.129999995       9.79798264E-04
  0.140000001       1.02642272E-03
  0.149999991       1.07070198E-03
  0.159999996       1.11243082E-03
  0.170000002       1.15170248E-03
  0.179999992       1.18883257E-03
  0.189999998       1.22381118E-03
  0.199999988       1.25696522E-03
  0.209999993       1.28833635E-03
  0.219999999       1.31783739E-03
  0.229999989       1.34577730E-03
  0.239999995       1.37224013E-03
  0.250000000       1.39732088E-03
  0.259999990       1.42109336E-03
  0.269999981       1.44351891E-03
  0.280000001       1.46460580E-03
  0.289999992       1.48486707E-03
  0.299999982       1.50395883E-03
  0.310000002       1.52204290E-03
  0.319999993       1.53921044E-03
  0.329999983       1.55550695E-03
  0.340000004       1.57076179E-03
  0.349999994       1.58559252E-03
  0.359999985       1.59914128E-03
  0.370000005       1.61199609E-03
  0.379999995       1.62437151E-03
  0.389999986       1.63652992E-03
  0.399999976       1.64723105E-03
  0.409999996       1.65763008E-03
  0.419999987       1.66773354E-03
  0.429999977       1.67691626E-03
  0.439999998       1.68580678E-03
  0.449999988       1.69416133E-03
  0.459999979       1.70208106E-03
  0.469999999       1.70985935E-03
  0.479999989       1.71677477E-03
  0.489999980       1.72474538E-03
  0.500000000       1.73746154E-03
  0.509999990       1.73933734E-03
  0.519999981       1.74670049E-03
  0.529999971       1.75205769E-03
  0.539999962       1.75737008E-03
  0.550000012       1.76258432E-03
  0.560000002       1.76720286E-03
  0.569999993       1.77209533E-03
  0.579999983       1.77668710E-03
  0.589999974       1.78165745E-03
  0.599999964       1.78483233E-03
  0.610000014       1.78972108E-03
  0.620000005       1.79437490E-03
  0.629999995       1.79975783E-03
  0.639999986       1.80601631E-03
  0.649999976       1.81602815E-03
  0.659999967       1.83695485E-03
  0.669999957       1.98569661E-03
  0.680000007       1.97483040E-03
  0.689999998       1.97577849E-03
  0.699999988       1.97932427E-03
  0.709999979       1.98386237E-03
  0.719999969       1.98936975E-03
  0.729999959       1.99472625E-03
  0.740000010       2.00134981E-03
  0.750000000       2.00767769E-03
  0.759999990       2.01482023E-03
  0.769999981       2.02220911E-03
  0.779999971       2.02987809E-03
  0.789999962       2.03821971E-03
  0.799999952       2.04571243E-03
  0.810000002       2.05611764E-03
  0.819999993       2.06621829E-03
  0.829999983       2.07696203E-03
  0.839999974       2.08876072E-03
  0.849999964       2.09444342E-03
  0.859999955       2.11532996E-03
  0.870000005       2.13083159E-03
  0.879999995       2.14837468E-03
  0.889999986       2.16768403E-03
  0.899999976       2.19017826E-03
  0.909999967       2.21570022E-03
  0.919999957       2.24589999E-03
  0.930000007       2.28265813E-03
  0.939999998       2.32736696E-03
  0.949999988       2.38505262E-03
  0.959999979       2.46220757E-03
  0.969999969       2.57588411E-03
  0.979999959       2.76476657E-03
  0.989999950       3.18171550E-03
   1.00000000       7.41288159E-03
   1.00999999       7.10213557E-03
   1.01999998       6.99332030E-03
   1.02999997       6.95970748E-03
   1.03999996       6.95777033E-03
   1.04999995       6.97383098E-03
   1.05999994       7.00120023E-03
   1.06999993       7.03620119E-03
   1.07999992       7.07660383E-03
   1.09000003       7.12145260E-03
   1.10000002       7.16962060E-03
   1.11000001       7.22064264E-03
   1.12000000       7.27409497E-03
   1.13000000       7.32958643E-03
   1.13999999       7.38686416E-03
   1.14999998       7.44587090E-03
   1.15999997       7.50628905E-03
   1.16999996       7.56832166E-03
   1.17999995       7.63165345E-03
   1.18999994       7.69618805E-03
   1.19999993       7.76212662E-03
   1.20999992       7.82665052E-03
   1.22000003       7.89728481E-03
   1.23000002       7.96695799E-03
   1.24000001       8.03765841E-03
   1.25000000       8.10955185E-03
   1.25999999       8.18265975E-03
   1.26999998       8.25698115E-03
   1.27999997       8.33248626E-03
   1.28999996       8.40940420E-03
   1.29999995       8.48759711E-03
   1.30999994       8.56687594E-03
   1.31999993       8.64779204E-03
   1.32999992       8.73001292E-03
   1.33999991       8.81373510E-03
   1.35000002       8.89880303E-03
   1.36000001       8.98547284E-03
   1.37000000       9.07352194E-03
   1.38000000       9.16363951E-03
   1.38999999       9.25482810E-03
   1.39999998       9.34835616E-03
   1.40999997       9.44376551E-03
   1.41999996       9.54082515E-03
   1.42999995       9.63993091E-03
   1.43999994       9.74102970E-03
   1.44999993       9.84435342E-03
   1.45999992       9.94982291E-03
   1.46999991       1.00576133E-02
   1.48000002       1.01679247E-02
   1.49000001       1.02806054E-02
   1.50000000       1.03961807E-02
   1.50999999       1.05144940E-02
   1.51999998       1.06353015E-02
   1.52999997       1.07600847E-02
   1.53999996       1.08874990E-02
   1.54999995       1.10184290E-02
   1.55999994       1.11528998E-02
   1.56999993       1.12922546E-02
   1.57999992       1.14333229E-02
   1.58999991       1.15797753E-02
   1.59999990       1.17307073E-02
   1.61000001       1.18862912E-02
   1.62000000       1.20469797E-02
   1.63000000       1.22126844E-02
   1.63999999       1.23842210E-02
   1.64999998       1.25617804E-02
   1.65999997       1.27456849E-02
   1.66999996       1.29365921E-02
   1.67999995       1.31347915E-02
   1.68999994       1.33405700E-02
   1.69999993       1.35552939E-02
   1.70999992       1.37791438E-02
   1.71999991       1.40127987E-02
   1.73000002       1.42570576E-02
   1.74000001       1.45129496E-02
   1.75000000       1.47818783E-02
   1.75999999       1.50644183E-02
   1.76999998       1.53620830E-02
   1.77999997       1.56767294E-02
   1.78999996       1.60098244E-02
   1.79999995       1.63626708E-02
   1.80999994       1.67399626E-02
   1.81999993       1.71421450E-02
   1.82999992       1.75731611E-02
   1.83999991       1.80366226E-02
   1.84999990       1.85383428E-02
   1.86000001       1.90824885E-02
   1.87000000       1.96768790E-02
   1.88000000       2.03295555E-02
   1.88999999       2.10513175E-02
   1.89999998       2.18559280E-02
   1.90999997       2.27612238E-02
   1.91999996       2.37910952E-02
   1.92999995       2.49777567E-02
   1.93999994       2.63671819E-02
   1.94999993       2.80260313E-02
   1.95999992       3.00568324E-02
   1.96999991       3.26260105E-02
   1.97999990       3.60251144E-02
   1.99000001       4.08289656E-02
   2.00000000       4.83251624E-02
   2.00999999       6.07078746E-02
   2.01999998       7.10692629E-02
   2.02999997       7.89529756E-02
   2.03999996       8.51321518E-02
   2.04999995       9.01440457E-02
   2.05999994       9.43298340E-02
   2.06999993       9.79112163E-02
   2.07999992      0.101037510    
   2.08999991      0.103813343    
   2.09999990      0.106311850    
   2.10999990      0.108588524    
   2.11999989      0.110684089    
   2.12999988      0.112630270    
   2.13999987      0.114451438    
   2.14999986      0.116166502    
   2.15999985      0.117792740    
   2.16999984      0.119340666    
   2.18000007      0.120822556    
   2.19000006      0.122245200    
   2.20000005      0.123616971    
   2.21000004      0.124943316    
   2.22000003      0.126229480    
   2.23000002      0.127479449    
   2.24000001      0.128697395    
   2.25000000      0.129886642    
   2.25999999      0.131049529    
   2.26999998      0.132188648    
   2.27999997      0.133305937    
   2.28999996      0.134404421    
   2.29999995      0.135484368    
   2.30999994      0.136547908    
   2.31999993      0.137595788    
   2.32999992      0.138630256    
   2.33999991      0.139651313    
   2.34999990      0.140660658    
   2.35999990      0.141658545    
   2.36999989      0.142642900    
   2.37999988      0.143623754    
   2.38999987      0.144592419    
   2.39999986      0.145552680    
   2.40999985      0.146504804    
   2.41999984      0.147449031    
   2.42999983      0.148386806    
   2.44000006      0.149317637    
   2.45000005      0.150242180    
   2.46000004      0.151160821    
   2.47000003      0.152073920    
   2.48000002      0.152981594    
   2.49000001      0.153884202    
   2.50000000      0.154781938    
   2.50999999      0.155674949    
   2.51999998      0.156563923    
   2.52999997      0.157448560    
   2.53999996      0.158328071    
   2.54999995      0.159206048    
   2.55999994      0.160079494    
   2.56999993      0.160949290    
   2.57999992      0.161815092    
   2.58999991      0.162678927    
   2.59999990      0.163539231    
   2.60999990      0.164396897    
   2.61999989      0.165251151    
   2.62999988      0.166102260    
   2.63999987      0.166952074    
   2.64999986      0.167799041    
   2.65999985      0.168643072    
   2.66999984      0.169485092    
   2.67999983      0.170324713    
   2.69000006      0.171157137    
   2.70000005      0.171997711    
   2.71000004      0.172830909    
   2.72000003      0.173662439    
   2.73000002      0.174492136    
   2.74000001      0.175319910    
   2.75000000      0.176145732    
   2.75999999      0.176969826    
   2.76999998      0.177792355    
   2.77999997      0.178613141    
   2.78999996      0.179432422    
   2.79999995      0.180250451    
   2.80999994      0.181066573    
   2.81999993      0.181881472    
   2.82999992      0.182694763    
   2.83999991      0.183506891    
   2.84999990      0.184317574    
   2.85999990      0.185127243    
   2.86999989      0.185935378    
   2.87999988      0.186738342    
   2.88999987      0.187547952    
   2.89999986      0.188352704    
   2.90999985      0.189156130    
   2.91999984      0.189958408    
   2.92999983      0.190759718    
   2.93999982      0.191560015    
   2.95000005      0.192359179    
   2.96000004      0.193157360    
   2.97000003      0.193954244    
   2.98000002      0.194750577    
   2.99000001      0.195545882    
   3.00000000      0.196340442    
   3.00999999      0.197133645    
   3.01999998      0.197926298    
   3.02999997      0.198718131    
   3.03999996      0.199508816    
   3.04999995      0.200298905    
   3.05999994      0.201088265    
   3.06999993      0.201876625    
   3.07999992      0.202664137    
   3.08999991      0.203451172    
   3.09999990      0.204237044    
   3.10999990      0.205022663    
   3.11999989      0.205807403    
   3.12999988      0.206591383    
   3.13999987      0.207374603    
   3.14999986      0.208157226    
   3.15999985      0.208939224    
   3.16999984      0.209720477    
   3.17999983      0.210501149    
   3.18999982      0.211281151    
   3.19999981      0.212060601    
   3.21000004      0.212839618    
   3.22000003      0.213617504    
   3.23000002      0.214395151    
   3.24000001      0.215172350    
   3.25000000      0.215948850    
   3.25999999      0.216724783    
   3.26999998      0.217491969    
   3.27999997      0.218274772    
   3.28999996      0.219049320    
   3.29999995      0.219822869    
   3.30999994      0.220596135    
   3.31999993      0.221369594    
   3.32999992      0.222141147    
   3.33999991      0.222912863    
   3.34999990      0.223684251    
   3.35999990      0.224454820    
   3.36999989      0.225225359    
   3.37999988      0.225995064    
   3.38999987      0.226764679    
   3.39999986      0.227533549    
   3.40999985      0.228302106    
   3.41999984      0.229070172    
   3.42999983      0.229837790    
   3.43999982      0.230605170    
   3.44999981      0.231371924    
   3.46000004      0.232138187    
   3.47000003      0.232903853    
   3.48000002      0.233669803    
   3.49000001      0.234435052    
   3.50000000      0.235199928    
   3.50999999      0.235964343    
