   9.99999978E-03   1.28909407E-04
   1.99999996E-02   2.04604075E-04
   2.99999993E-02   2.95661128E-04
   3.99999991E-02   3.87312757E-04
   4.99999970E-02   4.73949040E-04
   5.99999987E-02   5.54969301E-04
   7.00000003E-02   6.30646828E-04
   7.99999982E-02   7.00958830E-04
   8.99999961E-02   7.66532787E-04
   9.99999940E-02   8.27907701E-04
  0.109999999       8.85394635E-04
  0.119999997       9.39316757E-04
  0.129999995       9.90342349E-04
  0.140000001       1.03756622E-03
  0.149999991       1.08242850E-03
  0.159999996       1.12470821E-03
  0.170000002       1.16450107E-03
  0.179999992       1.20212277E-03
  0.189999998       1.23757031E-03
  0.199999988       1.27117324E-03
  0.209999993       1.30296079E-03
  0.219999999       1.33285939E-03
  0.229999989       1.36118126E-03
  0.239999995       1.38800219E-03
  0.250000000       1.41342508E-03
  0.259999990       1.43751083E-03
  0.269999981       1.46237528E-03
  0.280000001       1.48163177E-03
  0.289999992       1.50217582E-03
  0.299999982       1.52152695E-03
  0.310000002       1.53986493E-03
  0.319999993       1.55726739E-03
  0.329999983       1.57361699E-03
  0.340000004       1.58926263E-03
  0.349999994       1.60393503E-03
  0.359999985       1.61804294E-03
  0.370000005       1.63107866E-03
  0.379999995       1.64363591E-03
  0.389999986       1.65546464E-03
  0.399999976       1.66682806E-03
  0.409999996       1.67737412E-03
  0.419999987       1.68762635E-03
  0.429999977       1.69694272E-03
  0.439999998       1.70596677E-03
  0.449999988       1.71446556E-03
  0.459999979       1.72248506E-03
  0.469999999       1.73021306E-03
  0.479999989       1.73741183E-03
  0.489999980       1.74554472E-03
  0.500000000       1.75874226E-03
  0.509999990       1.76047313E-03
  0.519999981       1.76804862E-03
  0.529999971       1.77347974E-03
  0.539999962       1.77889189E-03
  0.550000012       1.78421033E-03
  0.560000002       1.78882189E-03
  0.569999993       1.79392344E-03
  0.579999983       1.79861509E-03
  0.589999974       1.80371956E-03
  0.599999964       1.80696230E-03
  0.610000014       1.81200379E-03
  0.620000005       1.81680720E-03
  0.629999995       1.82239560E-03
  0.639999986       1.82902289E-03
  0.649999976       1.83940644E-03
  0.659999967       1.86154339E-03
  0.669999957       2.01645494E-03
  0.680000007       2.00497755E-03
  0.689999998       2.00588396E-03
  0.699999988       2.00952124E-03
  0.709999979       2.01420928E-03
  0.719999969       2.01991177E-03
  0.729999959       2.02548038E-03
  0.740000010       2.03235261E-03
  0.750000000       2.03840435E-03
  0.759999990       2.04637321E-03
  0.769999981       2.05406710E-03
  0.779999971       2.06206227E-03
  0.789999962       2.07075942E-03
  0.799999952       2.07981374E-03
  0.810000002       2.08944129E-03
  0.819999993       2.09999247E-03
  0.829999983       2.11120653E-03
  0.839999974       2.12352513E-03
  0.849999964       2.13649776E-03
  0.859999955       2.15129182E-03
  0.870000005       2.16734665E-03
  0.879999995       2.18581920E-03
  0.889999986       2.20599491E-03
  0.899999976       2.22927239E-03
  0.909999967       2.25618319E-03
  0.919999957       2.28771148E-03
  0.930000007       2.32582656E-03
  0.939999998       2.37227697E-03
  0.949999988       2.43312889E-03
  0.959999979       2.51439773E-03
  0.969999969       2.63246452E-03
  0.979999959       2.82967952E-03
  0.989999950       3.26466374E-03
   1.00000000       7.59956334E-03
   1.00999999       7.28697237E-03
   1.01999998       7.17504648E-03
   1.02999997       7.14021316E-03
   1.03999996       7.13795563E-03
   1.04999995       7.15425843E-03
   1.05999994       7.18220696E-03
   1.06999993       7.20085483E-03
   1.07999992       7.25945923E-03
   1.09000003       7.30547542E-03
   1.10000002       7.35491049E-03
   1.11000001       7.40731508E-03
   1.12000000       7.46221282E-03
   1.13000000       7.51922978E-03
   1.13999999       7.57808657E-03
   1.14999998       7.63874082E-03
   1.15999997       7.70084234E-03
   1.16999996       7.76461232E-03
   1.17999995       7.82973692E-03
   1.18999994       7.89609272E-03
   1.19999993       7.96390325E-03
   1.20999992       8.03283602E-03
   1.22000003       8.10291432E-03
   1.23000002       8.17456841E-03
   1.24000001       8.24728888E-03
   1.25000000       8.32124520E-03
   1.25999999       8.39644205E-03
   1.26999998       8.47289804E-03
   1.27999997       8.55057873E-03
   1.28999996       8.62970576E-03
   1.29999995       8.71013850E-03
   1.30999994       8.79170466E-03
   1.31999993       8.87495745E-03
   1.32999992       8.95954203E-03
   1.33999991       9.04567726E-03
   1.35000002       9.13320482E-03
   1.36000001       9.22228582E-03
   1.37000000       9.31315776E-03
   1.38000000       9.40569490E-03
   1.38999999       9.49952379E-03
   1.39999998       9.59574990E-03
   1.40999997       9.69391782E-03
   1.41999996       9.79377422E-03
   1.42999995       9.89574287E-03
   1.43999994       9.99977533E-03
   1.44999993       1.01060551E-02
   1.45999992       1.02146016E-02
   1.46999991       1.03255035E-02
   1.48000002       1.04389908E-02
   1.49000001       1.05549311E-02
   1.50000000       1.06738405E-02
   1.50999999       1.07955737E-02
   1.51999998       1.09198745E-02
   1.52999997       1.10482508E-02
   1.53999996       1.11793391E-02
   1.54999995       1.13140335E-02
   1.55999994       1.14523824E-02
   1.56999993       1.15945740E-02
   1.57999992       1.17407972E-02
   1.58999991       1.18915476E-02
   1.59999990       1.20473010E-02
   1.61000001       1.22068506E-02
   1.62000000       1.23721361E-02
   1.63000000       1.25425961E-02
   1.63999999       1.27190426E-02
   1.64999998       1.29016861E-02
   1.65999997       1.30908377E-02
   1.66999996       1.32871931E-02
   1.67999995       1.34910280E-02
   1.68999994       1.37026748E-02
   1.69999993       1.39234951E-02
   1.70999992       1.41536919E-02
   1.71999991       1.43939527E-02
   1.73000002       1.46451173E-02
   1.74000001       1.49084125E-02
   1.75000000       1.51847014E-02
   1.75999999       1.54751856E-02
   1.76999998       1.57811753E-02
   1.77999997       1.61046106E-02
   1.78999996       1.64469648E-02
   1.79999995       1.68095864E-02
   1.80999994       1.71972625E-02
   1.81999993       1.76105313E-02
   1.82999992       1.80533510E-02
   1.83999991       1.85294487E-02
   1.84999990       1.90447159E-02
   1.86000001       1.96035076E-02
   1.87000000       2.02137437E-02
   1.88000000       2.08836719E-02
   1.88999999       2.16243118E-02
   1.89999998       2.24497188E-02
   1.90999997       2.33780555E-02
   1.91999996       2.44337115E-02
   1.92999995       2.56494470E-02
   1.93999994       2.70719416E-02
   1.94999993       2.87688710E-02
   1.95999992       3.08440551E-02
   1.96999991       3.34655382E-02
   1.97999990       3.69265042E-02
   1.99000001       4.18015495E-02
   2.00000000       4.93650511E-02
   2.00999999       6.17689565E-02
   2.01999998       7.21839890E-02
   2.02999997       8.01299587E-02
   2.03999996       8.63717720E-02
   2.04999995       9.14417133E-02
   2.05999994       9.56804827E-02
   2.06999993       9.93098989E-02
   2.07999992      0.102479935    
   2.08999991      0.105295949    
   2.09999990      0.107831322    
   2.10999990      0.110141896    
   2.11999989      0.112269506    
   2.12999988      0.114245564    
   2.13999987      0.116094895    
   2.14999986      0.117836438    
   2.15999985      0.119488046    
   2.16999984      0.121060006    
   2.18000007      0.122564860    
   2.19000006      0.124009617    
   2.20000005      0.125402734    
   2.21000004      0.126749650    
   2.22000003      0.128055453    
   2.23000002      0.129324794    
   2.24000001      0.130561590    
   2.25000000      0.131768867    
   2.25999999      0.132949695    
   2.26999998      0.134106278    
   2.27999997      0.135240912    
   2.28999996      0.136355594    
   2.29999995      0.137451947    
   2.30999994      0.138531685    
   2.31999993      0.139595404    
   2.32999992      0.140645400    
   2.33999991      0.141681746    
   2.34999990      0.142706215    
   2.35999990      0.143718928    
   2.36999989      0.144721046    
   2.37999988      0.145713404    
   2.38999987      0.146696582    
   2.39999986      0.147670761    
   2.40999985      0.148637161    
   2.41999984      0.149595335    
   2.42999983      0.150546879    
   2.44000006      0.151491493    
   2.45000005      0.152429476    
   2.46000004      0.153361529    
   2.47000003      0.154287875    
   2.48000002      0.155208960    
   2.49000001      0.156124666    
   2.50000000      0.157035396    
   2.50999999      0.157941401    
   2.51999998      0.158843413    
   2.52999997      0.159741044    
   2.53999996      0.160633221    
   2.54999995      0.161523879    
   2.55999994      0.162409872    
   2.56999993      0.163292319    
   2.57999992      0.164170638    
   2.58999991      0.165046975    
   2.59999990      0.165919736    
   2.60999990      0.166789517    
   2.61999989      0.167656153    
   2.62999988      0.168520257    
   2.63999987      0.169381499    
   2.64999986      0.170240670    
   2.65999985      0.171096846    
   2.66999984      0.171950787    
   2.67999983      0.172802493    
   2.69000006      0.173652068    
   2.70000005      0.174499556    
   2.71000004      0.175344557    
   2.72000003      0.176188037    
   2.73000002      0.177029580    
   2.74000001      0.177868947    
   2.75000000      0.178706720    
   2.75999999      0.179542601    
   2.76999998      0.180376723    
   2.77999997      0.181209400    
   2.78999996      0.182040185    
   2.79999995      0.182869777    
   2.80999994      0.183697537    
   2.81999993      0.184524104    
   2.82999992      0.185349137    
   2.83999991      0.186172500    
   2.84999990      0.186994895    
   2.85999990      0.187815845    
   2.86999989      0.188635573    
   2.87999988      0.189454123    
   2.88999987      0.190270975    
   2.89999986      0.191087171    
   2.90999985      0.191902056    
   2.91999984      0.192715675    
   2.92999983      0.193528324    
   2.93999982      0.194339871    
   2.95000005      0.195150495    
   2.96000004      0.195959792    
   2.97000003      0.196768239    
   2.98000002      0.197575733    
   2.99000001      0.198380679    
   3.00000000      0.199187890    
   3.00999999      0.199992537    
   3.01999998      0.200796187    
   3.02999997      0.201599300    
   3.03999996      0.202401236    
   3.04999995      0.203202501    
   3.05999994      0.204002872    
   3.06999993      0.204802468    
   3.07999992      0.205601186    
   3.08999991      0.206399277    
   3.09999990      0.207192138    
   3.10999990      0.207992926    
   3.11999989      0.208788857    
   3.12999988      0.209583774    
   3.13999987      0.210378170    
   3.14999986      0.211171731    
   3.15999985      0.211964846    
   3.16999984      0.212757066    
   3.17999983      0.213548824    
   3.18999982      0.214339584    
   3.19999981      0.215130180    
   3.21000004      0.215920061    
   3.22000003      0.216708988    
   3.23000002      0.217497572    
   3.24000001      0.218285069    
   3.25000000      0.219073266    
   3.25999999      0.219860047    
   3.26999998      0.220646262    
   3.27999997      0.221432015    
   3.28999996      0.222217083    
   3.29999995      0.223001748    
   3.30999994      0.223782182    
   3.31999993      0.224570215    
   3.32999992      0.225352764    
   3.33999991      0.226135284    
   3.34999990      0.226917505    
   3.35999990      0.227698952    
   3.36999989      0.228480145    
   3.37999988      0.229260787    
   3.38999987      0.230041221    
   3.39999986      0.230820879    
   3.40999985      0.231600314    
   3.41999984      0.232379302    
   3.42999983      0.233157590    
   3.43999982      0.233935907    
   3.44999981      0.234713286    
   3.46000004      0.235490412    
   3.47000003      0.236266911    
   3.48000002      0.237043530    
   3.49000001      0.237819448    
   3.50000000      0.238595113    
   3.50999999      0.239370137    
