   9.99999978E-03   1.38206145E-04
   1.99999996E-02   2.17004359E-04
   2.99999993E-02   3.09884024E-04
   3.99999991E-02   4.06168518E-04
   4.99999970E-02   4.98176028E-04
   5.99999987E-02   5.84625581E-04
   7.00000003E-02   6.65863045E-04
   7.99999982E-02   7.41131837E-04
   8.99999961E-02   8.11546284E-04
   9.99999940E-02   8.77529150E-04
  0.109999999       9.39370831E-04
  0.119999997       9.97377094E-04
  0.129999995       1.05195923E-03
  0.140000001       1.10320689E-03
  0.149999991       1.15155231E-03
  0.159999996       1.19734369E-03
  0.170000002       1.24005950E-03
  0.179999992       1.28063222E-03
  0.189999998       1.31887302E-03
  0.199999988       1.35643757E-03
  0.209999993       1.38944248E-03
  0.219999999       1.42175681E-03
  0.229999989       1.45234622E-03
  0.239999995       1.48133328E-03
  0.250000000       1.50881102E-03
  0.259999990       1.53479516E-03
  0.269999981       1.55939802E-03
  0.280000001       1.58265617E-03
  0.289999992       1.60476135E-03
  0.299999982       1.62570493E-03
  0.310000002       1.64547493E-03
  0.319999993       1.66428438E-03
  0.329999983       1.68303133E-03
  0.340000004       1.69903517E-03
  0.349999994       1.71493809E-03
  0.359999985       1.73003925E-03
  0.370000005       1.74446497E-03
  0.379999995       1.75797683E-03
  0.389999986       1.77080464E-03
  0.399999976       1.78323046E-03
  0.409999996       1.79467094E-03
  0.419999987       1.80576893E-03
  0.429999977       1.81593327E-03
  0.439999998       1.82574312E-03
  0.449999988       1.83499872E-03
  0.459999979       1.84375211E-03
  0.469999999       1.85219652E-03
  0.479999989       1.86016376E-03
  0.489999980       1.86816219E-03
  0.500000000       1.88577175E-03
  0.509999990       1.88649108E-03
  0.519999981       1.89547800E-03
  0.529999971       1.90088269E-03
  0.539999962       1.90739625E-03
  0.550000012       1.91320409E-03
  0.560000002       1.91856653E-03
  0.569999993       1.92427507E-03
  0.579999983       1.92952412E-03
  0.589999974       1.93470041E-03
  0.599999964       1.93972839E-03
  0.610000014       1.94573973E-03
  0.620000005       1.95124443E-03
  0.629999995       1.95713062E-03
  0.639999986       1.96682848E-03
  0.649999976       1.97974197E-03
  0.659999967       2.01187097E-03
  0.669999957       2.20627524E-03
  0.680000007       2.19076243E-03
  0.689999998       2.18873937E-03
  0.699999988       2.19547958E-03
  0.709999979       2.20124424E-03
  0.719999969       2.20813300E-03
  0.729999959       2.21539801E-03
  0.740000010       2.22367304E-03
  0.750000000       2.23177974E-03
  0.759999990       2.24124710E-03
  0.769999981       2.25083879E-03
  0.779999971       2.26115715E-03
  0.789999962       2.27210741E-03
  0.799999952       2.28387234E-03
  0.810000002       2.29607336E-03
  0.819999993       2.30958848E-03
  0.829999983       2.32409593E-03
  0.839999974       2.33973050E-03
  0.849999964       2.35684984E-03
  0.859999955       2.37550237E-03
  0.870000005       2.39617424E-03
  0.879999995       2.41991621E-03
  0.889999986       2.44590756E-03
  0.899999976       2.47586169E-03
  0.909999967       2.51057278E-03
  0.919999957       2.55119824E-03
  0.930000007       2.60025496E-03
  0.939999998       2.66073854E-03
  0.949999988       2.73822551E-03
  0.959999979       2.84265005E-03
  0.969999969       2.99453316E-03
  0.979999959       3.24689993E-03
  0.989999950       3.80124897E-03
   1.00000000       8.77550431E-03
   1.00999999       8.45535193E-03
   1.01999998       8.32431111E-03
   1.02999997       8.28173291E-03
   1.03999996       8.27777479E-03
   1.04999995       8.29523336E-03
   1.05999994       8.32658261E-03
   1.06999993       8.36784393E-03
   1.07999992       8.41533300E-03
   1.09000003       8.46890640E-03
   1.10000002       8.52632802E-03
   1.11000001       8.58750381E-03
   1.12000000       8.65139440E-03
   1.13000000       8.71801004E-03
   1.13999999       8.78683478E-03
   1.14999998       8.85783602E-03
   1.15999997       8.93061329E-03
   1.16999996       9.00533237E-03
   1.17999995       9.08172503E-03
   1.18999994       9.15923528E-03
   1.19999993       9.23924334E-03
   1.20999992       9.32013150E-03
   1.22000003       9.40254610E-03
   1.23000002       9.48674325E-03
   1.24000001       9.57224239E-03
   1.25000000       9.65880696E-03
   1.25999999       9.74765234E-03
   1.26999998       9.83757526E-03
   1.27999997       9.92896874E-03
   1.28999996       1.00220386E-02
   1.29999995       1.01167411E-02
   1.30999994       1.02127697E-02
   1.31999993       1.03107579E-02
   1.32999992       1.04103284E-02
   1.33999991       1.05117625E-02
   1.35000002       1.06148170E-02
   1.36000001       1.07197659E-02
   1.37000000       1.08253770E-02
   1.38000000       1.09357107E-02
   1.38999999       1.10462746E-02
   1.39999998       1.11597562E-02
   1.40999997       1.12751564E-02
   1.41999996       1.13927666E-02
   1.42999995       1.15128485E-02
   1.43999994       1.16353799E-02
   1.44999993       1.17605599E-02
   1.45999992       1.18883336E-02
   1.46999991       1.20189572E-02
   1.48000002       1.21464338E-02
   1.49000001       1.22892363E-02
   1.50000000       1.24291992E-02
   1.50999999       1.25726312E-02
   1.51999998       1.27192298E-02
   1.52999997       1.28699942E-02
   1.53999996       1.30243208E-02
   1.54999995       1.31828608E-02
   1.55999994       1.33457007E-02
   1.56999993       1.35130696E-02
   1.57999992       1.36852115E-02
   1.58999991       1.38627654E-02
   1.59999990       1.40451314E-02
   1.61000001       1.42334150E-02
   1.62000000       1.44277802E-02
   1.63000000       1.46282949E-02
   1.63999999       1.48357572E-02
   1.64999998       1.50504578E-02
   1.65999997       1.52727803E-02
   1.66999996       1.55034959E-02
   1.67999995       1.57429632E-02
   1.68999994       1.59918889E-02
   1.69999993       1.62508618E-02
   1.70999992       1.65210720E-02
   1.71999991       1.68030504E-02
   1.73000002       1.70977246E-02
   1.74000001       1.74060483E-02
   1.75000000       1.77304503E-02
   1.75999999       1.80708785E-02
   1.76999998       1.84293222E-02
   1.77999997       1.88080184E-02
   1.78999996       1.92086454E-02
   1.79999995       1.96330175E-02
   1.80999994       2.00859047E-02
   1.81999993       2.05686036E-02
   1.82999992       2.10854616E-02
   1.83999991       2.16407254E-02
   1.84999990       2.22410150E-02
   1.86000001       2.28913017E-02
   1.87000000       2.36006156E-02
   1.88000000       2.43782122E-02
   1.88999999       2.52366122E-02
   1.89999998       2.61914488E-02
   1.90999997       2.72629987E-02
   1.91999996       2.84783300E-02
   1.92999995       2.98736040E-02
   1.93999994       3.14998291E-02
   1.94999993       3.34303640E-02
   1.95999992       3.57761867E-02
   1.96999991       3.87140103E-02
   1.97999990       4.25452143E-02
   1.99000001       4.78401147E-02
   2.00000000       5.57930581E-02
   2.00999999       6.83168545E-02
   2.01999998       7.90228248E-02
   2.02999997       8.73302594E-02
   2.03999996       9.39325839E-02
   2.04999995       9.93402228E-02
   2.05999994      0.103888676    
   2.06999993      0.107801035    
   2.07999992      0.111230232    
   2.08999991      0.114283532    
   2.09999990      0.117038481    
   2.10999990      0.119553164    
   2.11999989      0.121870600    
   2.12999988      0.124025173    
   2.13999987      0.126042753    
   2.14999986      0.127944186    
   2.15999985      0.129746348    
   2.16999984      0.131458372    
   2.18000007      0.133106112    
   2.19000006      0.134683564    
   2.20000005      0.136204466    
   2.21000004      0.137675017    
   2.22000003      0.139100462    
   2.23000002      0.140485868    
   2.24000001      0.141835451    
   2.25000000      0.143152639    
   2.25999999      0.144440696    
   2.26999998      0.145702079    
   2.27999997      0.146939084    
   2.28999996      0.148154512    
   2.29999995      0.149349287    
   2.30999994      0.150525793    
   2.31999993      0.151684627    
   2.32999992      0.152828157    
   2.33999991      0.153956965    
   2.34999990      0.155072272    
   2.35999990      0.156174868    
   2.36999989      0.157265753    
   2.37999988      0.158345520    
   2.38999987      0.159415245    
   2.39999986      0.160475031    
   2.40999985      0.161526099    
   2.41999984      0.162568569    
   2.42999983      0.163602978    
   2.44000006      0.164629996    
   2.45000005      0.165649787    
   2.46000004      0.166662827    
   2.47000003      0.167669818    
   2.48000002      0.168670654    
   2.49000001      0.169665620    
   2.50000000      0.170655385    
   2.50999999      0.171639711    
   2.51999998      0.172619328    
   2.52999997      0.173593923    
   2.53999996      0.174564302    
   2.54999995      0.175530180    
   2.55999994      0.176492408    
   2.56999993      0.177450553    
   2.57999992      0.178404242    
   2.58999991      0.179355711    
   2.59999990      0.180302933    
   2.60999990      0.181246951    
   2.61999989      0.182187751    
   2.62999988      0.183125585    
   2.63999987      0.184060141    
   2.64999986      0.184992433    
   2.65999985      0.185921431    
   2.66999984      0.186848313    
   2.67999983      0.187772349    
   2.69000006      0.188694149    
   2.70000005      0.189613461    
   2.71000004      0.190529764    
   2.72000003      0.191445246    
   2.73000002      0.192358047    
   2.74000001      0.193268523    
   2.75000000      0.194177181    
   2.75999999      0.195083842    
   2.76999998      0.195988491    
   2.77999997      0.196891531    
   2.78999996      0.197792470    
   2.79999995      0.198692307    
   2.80999994      0.199589923    
   2.81999993      0.200486138    
   2.82999992      0.201380908    
   2.83999991      0.202273652    
   2.84999990      0.203165293    
   2.85999990      0.204055384    
   2.86999989      0.204944208    
   2.87999988      0.205831319    
   2.88999987      0.206717625    
   2.89999986      0.207602322    
   2.90999985      0.208485529    
   2.91999984      0.209367856    
   2.92999983      0.210248724    
   2.93999982      0.211128429    
   2.95000005      0.212006956    
   2.96000004      0.212884456    
   2.97000003      0.213760808    
   2.98000002      0.214636073    
   2.99000001      0.215510428    
   3.00000000      0.216383785    
   3.00999999      0.217255875    
   3.01999998      0.218126997    
   3.02999997      0.218997389    
   3.03999996      0.219866514    
   3.04999995      0.220734984    
   3.05999994      0.221601665    
   3.06999993      0.222468987    
   3.07999992      0.223334864    
   3.08999991      0.224199504    
   3.09999990      0.225063369    
   3.10999990      0.225926772    
   3.11999989      0.226789236    
   3.12999988      0.227650747    
   3.13999987      0.228511706    
   3.14999986      0.229371667    
   3.15999985      0.230231032    
   3.16999984      0.231089756    
   3.17999983      0.231947616    
   3.18999982      0.232804805    
   3.19999981      0.233661368    
   3.21000004      0.234517291    
   3.22000003      0.235372409    
   3.23000002      0.236226931    
   3.24000001      0.237080917    
   3.25000000      0.237932652    
   3.25999999      0.238786697    
   3.26999998      0.239638776    
   3.27999997      0.240490153    
   3.28999996      0.241341025    
   3.29999995      0.242191121    
   3.30999994      0.243040755    
   3.31999993      0.243890449    
   3.32999992      0.244738251    
   3.33999991      0.245586425    
   3.34999990      0.246433750    
   3.35999990      0.247280777    
   3.36999989      0.248127222    
   3.37999988      0.248972774    
   3.38999987      0.249818355    
   3.39999986      0.250663310    
   3.40999985      0.251507789    
   3.41999984      0.252351701    
   3.42999983      0.253195256    
   3.43999982      0.254038215    
   3.44999981      0.254880637    
   3.46000004      0.255722702    
   3.47000003      0.256564379    
   3.48000002      0.257405430    
   3.49000001      0.258246452    
   3.50000000      0.259086460    
   3.50999999      0.259926200    
