   9.99999978E-03   1.33994239E-04
   1.99999996E-02   2.10740356E-04
   2.99999993E-02   3.02867440E-04
   3.99999991E-02   3.96920746E-04
   4.99999970E-02   4.86274075E-04
   5.99999987E-02   5.70076110E-04
   7.00000003E-02   6.48513553E-04
   7.99999982E-02   7.21380929E-04
   8.99999961E-02   7.89331971E-04
   9.99999940E-02   8.53017031E-04
  0.109999999       9.12690535E-04
  0.119999997       9.68669890E-04
  0.129999995       1.02127600E-03
  0.140000001       1.07072596E-03
  0.149999991       1.11733261E-03
  0.159999996       1.16126507E-03
  0.170000002       1.20262755E-03
  0.179999992       1.24173798E-03
  0.189999998       1.27858319E-03
  0.199999988       1.31353270E-03
  0.209999993       1.34656182E-03
  0.219999999       1.37767021E-03
  0.229999989       1.40713598E-03
  0.239999995       1.43504248E-03
  0.250000000       1.46148226E-03
  0.259999990       1.48654985E-03
  0.269999981       1.51021790E-03
  0.280000001       1.53258373E-03
  0.289999992       1.55385316E-03
  0.299999982       1.57400011E-03
  0.310000002       1.59304473E-03
  0.319999993       1.61111471E-03
  0.329999983       1.62824278E-03
  0.340000004       1.64454000E-03
  0.349999994       1.65982672E-03
  0.359999985       1.67453405E-03
  0.370000005       1.68821088E-03
  0.379999995       1.70119782E-03
  0.389999986       1.71352760E-03
  0.399999976       1.72542466E-03
  0.409999996       1.73641543E-03
  0.419999987       1.74707046E-03
  0.429999977       1.75683061E-03
  0.439999998       1.76624546E-03
  0.449999988       1.77511643E-03
  0.459999979       1.78349961E-03
  0.469999999       1.79159001E-03
  0.479999989       1.79913687E-03
  0.489999980       1.80676882E-03
  0.500000000       1.82254356E-03
  0.509999990       1.82380457E-03
  0.519999981       1.83213362E-03
  0.529999971       1.83731050E-03
  0.539999962       1.84355176E-03
  0.550000012       1.84890255E-03
  0.560000002       1.85401761E-03
  0.569999993       1.85937260E-03
  0.579999983       1.86428754E-03
  0.589999974       1.86992018E-03
  0.599999964       1.87370949E-03
  0.610000014       1.87904097E-03
  0.620000005       1.88418408E-03
  0.629999995       1.89043058E-03
  0.639999986       1.89795822E-03
  0.649999976       1.90927624E-03
  0.659999967       1.93677237E-03
  0.669999957       2.11042119E-03
  0.680000007       2.09702388E-03
  0.689999998       2.09798804E-03
  0.699999988       2.09770608E-03
  0.709999979       2.10690312E-03
  0.719999969       2.11314112E-03
  0.729999959       2.11938657E-03
  0.740000010       2.12703901E-03
  0.750000000       2.13437108E-03
  0.759999990       2.14280770E-03
  0.769999981       2.13672244E-03
  0.779999971       2.16051517E-03
  0.789999962       2.17025261E-03
  0.799999952       2.18059844E-03
  0.810000002       2.19152356E-03
  0.819999993       2.20349012E-03
  0.829999983       2.21633282E-03
  0.839999974       2.23019160E-03
  0.849999964       2.24521593E-03
  0.859999955       2.24969559E-03
  0.870000005       2.28003180E-03
  0.879999995       2.30106246E-03
  0.889999986       2.32401025E-03
  0.899999976       2.35053850E-03
  0.909999967       2.38115666E-03
  0.919999957       2.41704052E-03
  0.930000007       2.46035471E-03
  0.939999998       2.51385802E-03
  0.949999988       2.58236635E-03
  0.959999979       2.67473492E-03
  0.969999969       2.80915177E-03
  0.979999959       3.03266128E-03
  0.989999950       3.52506945E-03
   1.00000000       8.17684736E-03
   1.00999999       7.85970688E-03
   1.01999998       7.73829641E-03
   1.02999997       7.69961020E-03
   1.03999996       7.69667793E-03
   1.04999995       7.71344313E-03
   1.05999994       7.74296327E-03
   1.06999993       7.78157776E-03
   1.07999992       7.82611966E-03
   1.09000003       7.87571538E-03
   1.10000002       7.92907923E-03
   1.11000001       7.98571855E-03
   1.12000000       8.04510899E-03
   1.13000000       8.10684916E-03
   1.13999999       8.17059632E-03
   1.14999998       8.23632069E-03
   1.15999997       8.30366369E-03
   1.16999996       8.37280974E-03
   1.17999995       8.44346359E-03
   1.18999994       8.51546694E-03
   1.19999993       8.58908053E-03
   1.20999992       8.66389368E-03
   1.22000003       8.73999856E-03
   1.23000002       8.81780963E-03
   1.24000001       8.89677927E-03
   1.25000000       8.97671655E-03
   1.25999999       9.05881077E-03
   1.26999998       9.14187077E-03
   1.27999997       9.22627468E-03
   1.28999996       9.31220409E-03
   1.29999995       9.39966738E-03
   1.30999994       9.48831998E-03
   1.31999993       9.57879238E-03
   1.32999992       9.67071764E-03
   1.33999991       9.76434723E-03
   1.35000002       9.85948928E-03
   1.36000001       9.95631423E-03
   1.37000000       1.00551043E-02
   1.38000000       1.01556871E-02
   1.38999999       1.02577219E-02
   1.39999998       1.03623141E-02
   1.40999997       1.04690073E-02
   1.41999996       1.05775716E-02
   1.42999995       1.06884260E-02
   1.43999994       1.08015165E-02
   1.44999993       1.09170694E-02
   1.45999992       1.10350158E-02
   1.46999991       1.11556249E-02
   1.48000002       1.12789785E-02
   1.49000001       1.14049967E-02
   1.50000000       1.15342662E-02
   1.50999999       1.16665885E-02
   1.51999998       1.18016535E-02
   1.52999997       1.19412271E-02
   1.53999996       1.20836943E-02
   1.54999995       1.22300601E-02
   1.55999994       1.23804249E-02
   1.56999993       1.25349583E-02
   1.57999992       1.26938345E-02
   1.58999991       1.28579205E-02
   1.59999990       1.30263101E-02
   1.61000001       1.32007189E-02
   1.62000000       1.33797592E-02
   1.63000000       1.35649405E-02
   1.63999999       1.37566123E-02
   1.64999998       1.39416046E-02
   1.65999997       1.41603900E-02
   1.66999996       1.43735996E-02
   1.67999995       1.45949069E-02
   1.68999994       1.48249920E-02
   1.69999993       1.50644006E-02
   1.70999992       1.53142251E-02
   1.71999991       1.55749545E-02
   1.73000002       1.58474706E-02
   1.74000001       1.61330923E-02
   1.75000000       1.64327826E-02
   1.75999999       1.67477746E-02
   1.76999998       1.70795359E-02
   1.77999997       1.74301043E-02
   1.78999996       1.78010985E-02
   1.79999995       1.81939416E-02
   1.80999994       1.86137632E-02
   1.81999993       1.90612003E-02
   1.82999992       1.95404291E-02
   1.83999991       2.00554729E-02
   1.84999990       2.06125658E-02
   1.86000001       2.12164111E-02
   1.87000000       2.18754578E-02
   1.88000000       2.25984883E-02
   1.88999999       2.33971570E-02
   1.89999998       2.42864359E-02
   1.90999997       2.52855141E-02
   1.91999996       2.64201332E-02
   1.92999995       2.77247541E-02
   1.93999994       2.92482395E-02
   1.94999993       3.10612097E-02
   1.95999992       3.32711376E-02
   1.96999991       3.60506326E-02
   1.97999990       3.96973677E-02
   1.99000001       4.47844453E-02
   2.00000000       5.25461137E-02
   2.00999999       6.50115758E-02
   2.01999998       7.55770728E-02
   2.02999997       8.37084800E-02
   2.03999996       9.01341513E-02
   2.04999995       9.53756422E-02
   2.05999994       9.97712240E-02
   2.06999993      0.103543691    
   2.07999992      0.106844626    
   2.08999991      0.109780021    
   2.09999990      0.112425856    
   2.10999990      0.114839099    
   2.11999989      0.117062032    
   2.12999988      0.119126275    
   2.13999987      0.121061355    
   2.14999986      0.122882821    
   2.15999985      0.124610186    
   2.16999984      0.126256138    
   2.18000007      0.127828807    
   2.19000006      0.129340082    
   2.20000005      0.130797148    
   2.21000004      0.132205933    
   2.22000003      0.133571655    
   2.23000002      0.134899214    
   2.24000001      0.136192292    
   2.25000000      0.137454748    
   2.25999999      0.138689205    
   2.26999998      0.139898241    
   2.27999997      0.141084030    
   2.28999996      0.142249107    
   2.29999995      0.143394843    
   2.30999994      0.144522727    
   2.31999993      0.145634040    
   2.32999992      0.146730736    
   2.33999991      0.147813648    
   2.34999990      0.148883373    
   2.35999990      0.149941191    
   2.36999989      0.150987834    
   2.37999988      0.152023867    
   2.38999987      0.153050080    
   2.39999986      0.154067367    
   2.40999985      0.155075952    
   2.41999984      0.156076282    
   2.42999983      0.157069311    
   2.44000006      0.158055171    
   2.45000005      0.159033850    
   2.46000004      0.160006747    
   2.47000003      0.160973415    
   2.48000002      0.161934242    
   2.49000001      0.162889808    
   2.50000000      0.163839847    
   2.50999999      0.164785147    
   2.51999998      0.165726110    
   2.52999997      0.166662231    
   2.53999996      0.167593956    
   2.54999995      0.168522090    
   2.55999994      0.169445857    
   2.56999993      0.170366287    
   2.57999992      0.171282321    
   2.58999991      0.172196150    
   2.59999990      0.173106313    
   2.60999990      0.174013123    
   2.61999989      0.174916536    
   2.62999988      0.175698534    
   2.63999987      0.176715821    
   2.64999986      0.177611738    
   2.65999985      0.178504333    
   2.66999984      0.179394767    
   2.67999983      0.180282533    
   2.69000006      0.181168407    
   2.70000005      0.182051718    
   2.71000004      0.182932720    
   2.72000003      0.183811799    
   2.73000002      0.184689060    
   2.74000001      0.185564175    
   2.75000000      0.186437353    
   2.75999999      0.187308535    
   2.76999998      0.188178137    
   2.77999997      0.189046010    
   2.78999996      0.189911932    
   2.79999995      0.190776512    
   2.80999994      0.191639513    
   2.81999993      0.192500740    
   2.82999992      0.193359181    
   2.83999991      0.194218710    
   2.84999990      0.195075795    
   2.85999990      0.195931509    
   2.86999989      0.196785763    
   2.87999988      0.197638363    
   2.88999987      0.198490113    
   2.89999986      0.199340478    
   2.90999985      0.200189754    
   2.91999984      0.201036587    
   2.92999983      0.201884568    
   2.93999982      0.202730060    
   2.95000005      0.203574672    
   2.96000004      0.204418287    
   2.97000003      0.205260620    
   2.98000002      0.206102014    
   2.99000001      0.206942663    
   3.00000000      0.207781941    
   3.00999999      0.208620533    
   3.01999998      0.209457979    
   3.02999997      0.210294634    
   3.03999996      0.211130217    
   3.04999995      0.211964980    
   3.05999994      0.212798193    
   3.06999993      0.213632271    
   3.07999992      0.214464441    
   3.08999991      0.215295866    
   3.09999990      0.216126472    
   3.10999990      0.216956288    
   3.11999989      0.217785612    
   3.12999988      0.218613952    
   3.13999987      0.219441667    
   3.14999986      0.220267832    
   3.15999985      0.221094698    
   3.16999984      0.221920237    
   3.17999983      0.222745031    
   3.18999982      0.223569125    
   3.19999981      0.224392653    
   3.21000004      0.225215673    
   3.22000003      0.226037800    
   3.23000002      0.226859301    
   3.24000001      0.227680296    
   3.25000000      0.228500724    
   3.25999999      0.229320496    
   3.26999998      0.230139703    
   3.27999997      0.230958238    
   3.28999996      0.231776386    
   3.29999995      0.232593745    
   3.30999994      0.233410612    
   3.31999993      0.234227613    
   3.32999992      0.235042796    
   3.33999991      0.235858411    
   3.34999990      0.236673191    
   3.35999990      0.237487316    
   3.36999989      0.238301307    
   3.37999988      0.239114434    
   3.38999987      0.239927441    
   3.39999986      0.240739673    
   3.40999985      0.241551757    
   3.41999984      0.242363170    
   3.42999983      0.243174106    
   3.43999982      0.243983626    
   3.44999981      0.244794846    
   3.46000004      0.245604441    
   3.47000003      0.246413693    
   3.48000002      0.247222483    
   3.49000001      0.248030782    
   3.50000000      0.248838648    
   3.50999999      0.249646261    
