   9.99999978E-03   1.25803897E-04
   1.99999996E-02   1.96839159E-04
   2.99999993E-02   2.90787488E-04
   3.99999991E-02   3.80761863E-04
   4.99999970E-02   4.65539226E-04
   5.99999987E-02   5.44691342E-04
   7.00000003E-02   6.18565071E-04
   7.99999982E-02   6.87143533E-04
   8.99999961E-02   7.51088257E-04
   9.99999940E-02   8.10925441E-04
  0.109999999       8.66948627E-04
  0.119999997       9.19500482E-04
  0.129999995       9.68870008E-04
  0.140000001       1.01521262E-03
  0.149999991       1.05888757E-03
  0.159999996       1.10008346E-03
  0.170000002       1.13884686E-03
  0.179999992       1.17547216E-03
  0.189999998       1.20997883E-03
  0.199999988       1.24258595E-03
  0.209999993       1.27363624E-03
  0.219999999       1.30273949E-03
  0.229999989       1.33030175E-03
  0.239999995       1.35778089E-03
  0.250000000       1.38114311E-03
  0.259999990       1.40459766E-03
  0.269999981       1.42670923E-03
  0.280000001       1.44750555E-03
  0.289999992       1.46748789E-03
  0.299999982       1.48631434E-03
  0.310000002       1.50414708E-03
  0.319999993       1.52107957E-03
  0.329999983       1.53713988E-03
  0.340000004       1.55218155E-03
  0.349999994       1.56679947E-03
  0.359999985       1.58016314E-03
  0.370000005       1.59283751E-03
  0.379999995       1.60504121E-03
  0.389999986       1.61703827E-03
  0.399999976       1.62758096E-03
  0.409999996       1.63781259E-03
  0.419999987       1.64776854E-03
  0.429999977       1.65681727E-03
  0.439999998       1.66557007E-03
  0.449999988       1.67387212E-03
  0.459999979       1.68160873E-03
  0.469999999       1.68925326E-03
  0.479999989       1.69606961E-03
  0.489999980       1.70302694E-03
  0.500000000       1.71612797E-03
  0.509999990       1.71812705E-03
  0.519999981       1.72531151E-03
  0.529999971       1.73057825E-03
  0.539999962       1.73579622E-03
  0.550000012       1.74090557E-03
  0.560000002       1.74543366E-03
  0.569999993       1.75021682E-03
  0.579999983       1.75471115E-03
  0.589999974       1.75955088E-03
  0.599999964       1.76265510E-03
  0.610000014       1.76738575E-03
  0.620000005       1.77190511E-03
  0.629999995       1.77709316E-03
  0.639999986       1.78318261E-03
  0.649999976       1.79264497E-03
  0.659999967       1.81240786E-03
  0.669999957       1.95515179E-03
  0.680000007       1.94487546E-03
  0.689999998       1.94586045E-03
  0.699999988       1.94930856E-03
  0.709999979       1.95377506E-03
  0.719999969       1.95902074E-03
  0.729999959       1.96417421E-03
  0.740000010       1.97055633E-03
  0.750000000       1.97663484E-03
  0.759999990       1.98349636E-03
  0.769999981       1.99058140E-03
  0.779999971       1.99792976E-03
  0.789999962       2.00592936E-03
  0.799999952       2.01309728E-03
  0.810000002       2.02306779E-03
  0.819999993       2.03273608E-03
  0.829999983       2.04289472E-03
  0.839999974       2.05431483E-03
  0.849999964       2.06618872E-03
  0.859999955       2.07971688E-03
  0.870000005       2.09457683E-03
  0.879999995       2.11132551E-03
  0.889999986       2.12975428E-03
  0.899999976       2.15130229E-03
  0.909999967       2.17570900E-03
  0.919999957       2.20458652E-03
  0.930000007       2.23974208E-03
  0.939999998       2.28250073E-03
  0.949999988       2.33768066E-03
  0.959999979       2.41210731E-03
  0.969999969       2.52014864E-03
  0.979999959       2.70105526E-03
  0.989999950       3.10045644E-03
   1.00000000       7.22867902E-03
   1.00999999       6.91993069E-03
   1.01999998       6.81420835E-03
   1.02999997       6.78181741E-03
   1.03999996       6.78017084E-03
   1.04999995       6.79599633E-03
   1.05999994       6.82279933E-03
   1.06999993       6.85696863E-03
   1.07999992       6.89638313E-03
   1.09000003       6.94007287E-03
   1.10000002       6.98697288E-03
   1.11000001       7.03664636E-03
   1.12000000       7.08866166E-03
   1.13000000       7.14265183E-03
   1.13999999       7.19837006E-03
   1.14999998       7.25631928E-03
   1.15999997       7.31449528E-03
   1.16999996       7.37481657E-03
   1.17999995       7.43638771E-03
   1.18999994       7.49913091E-03
   1.19999993       7.56321661E-03
   1.20999992       7.62837473E-03
   1.22000003       7.69459084E-03
   1.23000002       7.76230684E-03
   1.24000001       7.83101097E-03
   1.25000000       7.90088437E-03
   1.25999999       7.97192194E-03
   1.26999998       8.04414414E-03
   1.27999997       8.11751373E-03
   1.28999996       8.19225237E-03
   1.29999995       8.26822687E-03
   1.30999994       8.34524818E-03
   1.31999993       8.42385646E-03
   1.32999992       8.50375276E-03
   1.33999991       8.58509168E-03
   1.35000002       8.66783038E-03
   1.36000001       8.75194930E-03
   1.37000000       8.83748569E-03
   1.38000000       8.92504212E-03
   1.38999999       9.01362766E-03
   1.39999998       9.10448935E-03
   1.40999997       9.19719785E-03
   1.41999996       9.29148309E-03
   1.42999995       9.38777626E-03
   1.43999994       9.48600564E-03
   1.44999993       9.58636962E-03
   1.45999992       9.68884397E-03
   1.46999991       9.79355816E-03
   1.48000002       9.90072824E-03
   1.49000001       1.00102192E-02
   1.50000000       1.01224892E-02
   1.50999999       1.02374414E-02
   1.51999998       1.03548039E-02
   1.52999997       1.04760714E-02
   1.53999996       1.05998525E-02
   1.54999995       1.07214600E-02
   1.55999994       1.08577218E-02
   1.56999993       1.09920064E-02
   1.57999992       1.11301877E-02
   1.58999991       1.12724872E-02
   1.59999990       1.14191463E-02
   1.61000001       1.15703391E-02
   1.62000000       1.17263114E-02
   1.63000000       1.18875122E-02
   1.63999999       1.20542003E-02
   1.64999998       1.22267595E-02
   1.65999997       1.24054831E-02
   1.66999996       1.25910323E-02
   1.67999995       1.27836457E-02
   1.68999994       1.29836677E-02
   1.69999993       1.31923771E-02
   1.70999992       1.34099610E-02
   1.71999991       1.36370938E-02
   1.73000002       1.38745466E-02
   1.74000001       1.41233318E-02
   1.75000000       1.43847773E-02
   1.75999999       1.46595109E-02
   1.76999998       1.49489464E-02
   1.77999997       1.52549427E-02
   1.78999996       1.55788884E-02
   1.79999995       1.59227792E-02
   1.80999994       1.62890870E-02
   1.81999993       1.66803300E-02
   1.82999992       1.70997065E-02
   1.83999991       1.75507013E-02
   1.84999990       1.80388745E-02
   1.86000001       1.85687058E-02
   1.87000000       1.91474147E-02
   1.88000000       1.97830535E-02
   1.88999999       2.04861164E-02
   1.89999998       2.12701410E-02
   1.90999997       2.21525934E-02
   1.91999996       2.31569316E-02
   1.92999995       2.43147779E-02
   1.93999994       2.56713498E-02
   1.94999993       2.72923205E-02
   1.95999992       2.92789526E-02
   1.96999991       3.17959413E-02
   1.97999990       3.51325944E-02
   1.99000001       3.98653187E-02
   2.00000000       4.72935103E-02
   2.00999999       5.96546046E-02
   2.01999998       6.99639693E-02
   2.02999997       7.77816549E-02
   2.03999996       8.38973895E-02
   2.04999995       8.88506100E-02
   2.05999994       9.29831192E-02
   2.06999993       9.65160802E-02
   2.07999992       9.95982215E-02
   2.08999991      0.102333918    
   2.09999990      0.104795389    
   2.10999990      0.107037760    
   2.11999989      0.109101400    
   2.12999988      0.111017630    
   2.13999987      0.112810768    
   2.14999986      0.114499055    
   2.15999985      0.116100140    
   2.16999984      0.117624000    
   2.18000007      0.119082958    
   2.19000006      0.120483406    
   2.20000005      0.121833853    
   2.21000004      0.123139724    
   2.22000003      0.124405839    
   2.23000002      0.125636563    
   2.24000001      0.126835853    
   2.25000000      0.128006890    
   2.25999999      0.129151925    
   2.26999998      0.130273655    
   2.27999997      0.131374270    
   2.28999996      0.132455781    
   2.29999995      0.133519292    
   2.30999994      0.134566754    
   2.31999993      0.135598972    
   2.32999992      0.136617795    
   2.33999991      0.137623757    
   2.34999990      0.138617828    
   2.35999990      0.139600858    
   2.36999989      0.140573665    
   2.37999988      0.141536921    
   2.38999987      0.142491296    
   2.39999986      0.143437281    
   2.40999985      0.144375131    
   2.41999984      0.145305708    
   2.42999983      0.146229655    
   2.44000006      0.147146702    
   2.45000005      0.148057505    
   2.46000004      0.148962826    
   2.47000003      0.149862528    
   2.48000002      0.150757089    
   2.49000001      0.151646376    
   2.50000000      0.152531207    
   2.50999999      0.153411195    
   2.51999998      0.154287338    
   2.52999997      0.155159056    
   2.53999996      0.156026945    
   2.54999995      0.156891227    
   2.55999994      0.157751948    
   2.56999993      0.158609167    
   2.57999992      0.159462467    
   2.58999991      0.160313934    
   2.59999990      0.161161840    
   2.60999990      0.162006870    
   2.61999989      0.162849039    
   2.62999988      0.163688630    
   2.63999987      0.164525390    
   2.64999986      0.165360391    
   2.65999985      0.166192323    
   2.66999984      0.167022347    
   2.67999983      0.167849988    
   2.69000006      0.168675527    
   2.70000005      0.169499010    
   2.71000004      0.170320049    
   2.72000003      0.171139926    
   2.73000002      0.171957582    
   2.74000001      0.172773466    
   2.75000000      0.173587382    
   2.75999999      0.174400002    
   2.76999998      0.175210744    
   2.77999997      0.176020071    
   2.78999996      0.176827565    
   2.79999995      0.177633911    
   2.80999994      0.178438365    
   2.81999993      0.179241791    
   2.82999992      0.180043474    
   2.83999991      0.180843994    
   2.84999990      0.181643248    
   2.85999990      0.182441235    
   2.86999989      0.183237955    
   2.87999988      0.184033185    
   2.88999987      0.184827909    
   2.89999986      0.185621098    
   2.90999985      0.186413199    
   2.91999984      0.187204063    
   2.92999983      0.187994003    
   2.93999982      0.188782930    
   2.95000005      0.189570740    
   2.96000004      0.190357640    
   2.97000003      0.191143453    
   2.98000002      0.191928357    
   2.99000001      0.192712456    
   3.00000000      0.193495542    
   3.00999999      0.194277748    
   3.01999998      0.195058972    
   3.02999997      0.195839658    
   3.03999996      0.196619347    
   3.04999995      0.197398141    
   3.05999994      0.198176458    
   3.06999993      0.198953673    
   3.07999992      0.199730232    
   3.08999991      0.200505897    
   3.09999990      0.201280817    
   3.10999990      0.202055410    
   3.11999989      0.202828869    
   3.12999988      0.203601912    
   3.13999987      0.204373822    
   3.14999986      0.205145538    
   3.15999985      0.205916628    
   3.16999984      0.206686944    
   3.17999983      0.207456574    
   3.18999982      0.208225757    
   3.19999981      0.208992645    
   3.21000004      0.209761977    
   3.22000003      0.210529000    
   3.23000002      0.211284459    
   3.24000001      0.212061867    
   3.25000000      0.212827459    
   3.25999999      0.213592425    
   3.26999998      0.214356899    
   3.27999997      0.215120718    
   3.28999996      0.215884134    
   3.29999995      0.216647059    
   3.30999994      0.217409253    
   3.31999993      0.218171820    
   3.32999992      0.218932569    
   3.33999991      0.219693497    
   3.34999990      0.220453933    
   3.35999990      0.221213728    
   3.36999989      0.221973196    
   3.37999988      0.222732350    
   3.38999987      0.223490953    
   3.39999986      0.224248648    
   3.40999985      0.225006744    
   3.41999984      0.225764140    
   3.42999983      0.226520985    
   3.43999982      0.227277517    
   3.44999981      0.228033423    
   3.46000004      0.228789061    
   3.47000003      0.229543924    
   3.48000002      0.230298921    
   3.49000001      0.231053337    
   3.50000000      0.231807649    
   3.50999999      0.232557848    
