   9.99999978E-03   1.47276165E-04
   1.99999996E-02   2.34546111E-04
   2.99999993E-02   3.28257564E-04
   3.99999991E-02   4.29587119E-04
   4.99999970E-02   5.28431206E-04
   5.99999987E-02   6.21590647E-04
   7.00000003E-02   7.09420419E-04
   7.99999982E-02   7.91270402E-04
   8.99999961E-02   8.68102652E-04
   9.99999940E-02   9.40248719E-04
  0.109999999       1.00777845E-03
  0.119999997       1.07101130E-03
  0.129999995       1.13085471E-03
  0.140000001       1.18696864E-03
  0.149999991       1.23975368E-03
  0.159999996       1.28988887E-03
  0.170000002       1.33688375E-03
  0.179999992       1.38139375E-03
  0.189999998       1.42334809E-03
  0.199999988       1.46315375E-03
  0.209999993       1.50077476E-03
  0.219999999       1.53626199E-03
  0.229999989       1.56987412E-03
  0.239999995       1.60172069E-03
  0.250000000       1.63191103E-03
  0.259999990       1.66049541E-03
  0.269999981       1.68740295E-03
  0.280000001       1.71316799E-03
  0.289999992       1.73741137E-03
  0.299999982       1.76047499E-03
  0.310000002       1.78227411E-03
  0.319999993       1.80296088E-03
  0.329999983       1.82257744E-03
  0.340000004       1.84129598E-03
  0.349999994       1.85879727E-03
  0.359999985       1.87544664E-03
  0.370000005       1.89137284E-03
  0.379999995       1.90664199E-03
  0.389999986       1.92045467E-03
  0.399999976       1.93432963E-03
  0.409999996       1.94698351E-03
  0.419999987       1.95918162E-03
  0.429999977       1.97055005E-03
  0.439999998       1.98140694E-03
  0.449999988       1.99178280E-03
  0.459999979       2.00146902E-03
  0.469999999       2.01087538E-03
  0.479999989       2.01985263E-03
  0.489999980       2.02915235E-03
  0.500000000       2.05253600E-03
  0.509999990       2.05499330E-03
  0.519999981       2.06231349E-03
  0.529999971       2.06904486E-03
  0.539999962       2.07655877E-03
  0.550000012       2.08261888E-03
  0.560000002       2.08883057E-03
  0.569999993       2.09565973E-03
  0.579999983       2.10074591E-03
  0.589999974       2.10832432E-03
  0.599999964       2.11443729E-03
  0.610000014       2.12179567E-03
  0.620000005       2.12909654E-03
  0.629999995       2.13832548E-03
  0.639999986       2.15040985E-03
  0.649999976       2.16912688E-03
  0.659999967       2.21657078E-03
  0.669999957       2.47366377E-03
  0.680000007       2.45131855E-03
  0.689999998       2.45143543E-03
  0.699999988       2.45614280E-03
  0.709999979       2.46330374E-03
  0.719999969       2.47202488E-03
  0.729999959       2.48164474E-03
  0.740000010       2.49229604E-03
  0.750000000       2.50367052E-03
  0.759999990       2.51240563E-03
  0.769999981       2.52866070E-03
  0.779999971       2.54246616E-03
  0.789999962       2.55716569E-03
  0.799999952       2.57296558E-03
  0.810000002       2.58963066E-03
  0.819999993       2.60775117E-03
  0.829999983       2.62751686E-03
  0.839999974       2.64869328E-03
  0.849999964       2.67192465E-03
  0.859999955       2.69751716E-03
  0.870000005       2.72581447E-03
  0.879999995       2.75740493E-03
  0.889999986       2.79307924E-03
  0.899999976       2.83384509E-03
  0.909999967       2.88106990E-03
  0.919999957       2.93639209E-03
  0.930000007       3.00319050E-03
  0.939999998       3.08540300E-03
  0.949999988       3.19049833E-03
  0.959999979       3.33242118E-03
  0.969999969       3.53828608E-03
  0.979999959       3.87933664E-03
  0.989999950       4.62309737E-03
   1.00000000       1.04841283E-02
   1.00999999       1.01634273E-02
   1.01999998       1.00063914E-02
   1.02999997       9.95289907E-03
   1.03999996       9.94604547E-03
   1.04999995       9.96567309E-03
   1.05999994       1.00018838E-02
   1.06999993       1.00503676E-02
   1.07999992       1.01072295E-02
   1.09000003       1.01711946E-02
   1.10000002       1.02394111E-02
   1.11000001       1.03137670E-02
   1.12000000       1.03909420E-02
   1.13000000       1.04714539E-02
   1.13999999       1.05546536E-02
   1.14999998       1.06407916E-02
   1.15999997       1.07291033E-02
   1.16999996       1.08197955E-02
   1.17999995       1.09125841E-02
   1.18999994       1.10069122E-02
   1.19999993       1.11041171E-02
   1.20999992       1.12025617E-02
   1.22000003       1.13028847E-02
   1.23000002       1.14054028E-02
   1.24000001       1.15095098E-02
   1.25000000       1.16154552E-02
   1.25999999       1.17232092E-02
   1.26999998       1.18328426E-02
   1.27999997       1.19443517E-02
   1.28999996       1.20578492E-02
   1.29999995       1.21733481E-02
   1.30999994       1.22906221E-02
   1.31999993       1.24100903E-02
   1.32999992       1.25315860E-02
   1.33999991       1.26546817E-02
   1.35000002       1.27811600E-02
   1.36000001       1.29092550E-02
   1.37000000       1.30398544E-02
   1.38000000       1.31728500E-02
   1.38999999       1.33074103E-02
   1.39999998       1.34463776E-02
   1.40999997       1.35872150E-02
   1.41999996       1.37308883E-02
   1.42999995       1.38774067E-02
   1.43999994       1.40269930E-02
   1.44999993       1.41773261E-02
   1.45999992       1.43358083E-02
   1.46999991       1.44952340E-02
   1.48000002       1.46583691E-02
   1.49000001       1.48251224E-02
   1.50000000       1.49959279E-02
   1.50999999       1.51709942E-02
   1.51999998       1.53500205E-02
   1.52999997       1.55338217E-02
   1.53999996       1.57221146E-02
   1.54999995       1.59155093E-02
   1.55999994       1.61141418E-02
   1.56999993       1.63182747E-02
   1.57999992       1.65281780E-02
   1.58999991       1.67442970E-02
   1.59999990       1.69669315E-02
   1.61000001       1.71963722E-02
   1.62000000       1.74332429E-02
   1.63000000       1.76741946E-02
   1.63999999       1.79302432E-02
   1.64999998       1.81916766E-02
   1.65999997       1.84623580E-02
   1.66999996       1.87431779E-02
   1.67999995       1.90345049E-02
   1.68999994       1.93372592E-02
   1.69999993       1.96521394E-02
   1.70999992       1.99805833E-02
   1.71999991       2.03231685E-02
   1.73000002       2.06810571E-02
   1.74000001       2.10558884E-02
   1.75000000       2.14484464E-02
   1.75999999       2.18617246E-02
   1.76999998       2.22961362E-02
   1.77999997       2.27547660E-02
   1.78999996       2.32396554E-02
   1.79999995       2.37539187E-02
   1.80999994       2.43001375E-02
   1.81999993       2.48829219E-02
   1.82999992       2.55062580E-02
   1.83999991       2.61752345E-02
   1.84999990       2.68974155E-02
   1.86000001       2.76787095E-02
   1.87000000       2.85295155E-02
   1.88000000       2.94605773E-02
   1.88999999       3.04861423E-02
   1.89999998       3.16241495E-02
   1.90999997       3.28976922E-02
   1.91999996       3.43371928E-02
   1.92999995       3.59883606E-02
   1.93999994       3.78918052E-02
   1.94999993       4.01433893E-02
   1.95999992       4.28571403E-02
   1.96999991       4.62188944E-02
   1.97999990       5.05375974E-02
   1.99000001       5.63671365E-02
   2.00000000       6.48003295E-02
   2.00999999       7.74668679E-02
   2.01999998       8.85062516E-02
   2.02999997       9.72436219E-02
   2.03999996      0.104285769    
   2.04999995      0.110112756    
   2.05999994      0.115051277    
   2.06999993      0.119323187    
   2.07999992      0.123084612    
   2.08999991      0.126444772    
   2.09999990      0.129484504    
   2.10999990      0.132264629    
   2.11999989      0.134831101    
   2.12999988      0.137219623    
   2.13999987      0.139458463    
   2.14999986      0.141569689    
   2.15999985      0.143572032    
   2.16999984      0.145480081    
   2.18000007      0.147305757    
   2.19000006      0.149059832    
   2.20000005      0.150750339    
   2.21000004      0.152385175    
   2.22000003      0.153969601    
   2.23000002      0.155509308    
   2.24000001      0.157008678    
   2.25000000      0.158472523    
   2.25999999      0.159903362    
   2.26999998      0.161304206    
   2.27999997      0.162678078    
   2.28999996      0.164027065    
   2.29999995      0.165353224    
   2.30999994      0.166658789    
   2.31999993      0.167944446    
   2.32999992      0.169212952    
   2.33999991      0.170464963    
   2.34999990      0.171701580    
   2.35999990      0.172923774    
   2.36999989      0.174132869    
   2.37999988      0.175329387    
   2.38999987      0.176514804    
   2.39999986      0.177688837    
   2.40999985      0.178852841    
   2.41999984      0.180007100    
   2.42999983      0.181151882    
   2.44000006      0.182289675    
   2.45000005      0.183418140    
   2.46000004      0.184539691    
   2.47000003      0.185653776    
   2.48000002      0.186761037    
   2.49000001      0.187861934    
   2.50000000      0.188956827    
   2.50999999      0.190045491    
   2.51999998      0.191128671    
   2.52999997      0.192206621    
   2.53999996      0.193279371    
   2.54999995      0.194347411    
   2.55999994      0.195411056    
   2.56999993      0.196470082    
   2.57999992      0.197524652    
   2.58999991      0.198575526    
   2.59999990      0.199622318    
   2.60999990      0.200665489    
   2.61999989      0.201704934    
   2.62999988      0.202740997    
   2.63999987      0.203773469    
   2.64999986      0.204803392    
   2.65999985      0.205829665    
   2.66999984      0.206853151    
   2.67999983      0.207873359    
   2.69000006      0.208891675    
   2.70000005      0.209906861    
   2.71000004      0.210918888    
   2.72000003      0.211929545    
   2.73000002      0.212937340    
   2.74000001      0.213942662    
   2.75000000      0.214945912    
   2.75999999      0.215946734    
   2.76999998      0.216945633    
   2.77999997      0.217942372    
   2.78999996      0.218936980    
   2.79999995      0.219929844    
   2.80999994      0.220920801    
   2.81999993      0.221909925    
   2.82999992      0.222897112    
   2.83999991      0.223882690    
   2.84999990      0.224866569    
   2.85999990      0.225849077    
   2.86999989      0.226829708    
   2.87999988      0.227808997    
   2.88999987      0.228786603    
   2.89999986      0.229762703    
   2.90999985      0.230737388    
   2.91999984      0.231710568    
   2.92999983      0.232682750    
   2.93999982      0.233653307    
   2.95000005      0.234622583    
   2.96000004      0.235590711    
   2.97000003      0.236557454    
   2.98000002      0.237523139    
   2.99000001      0.238487676    
   3.00000000      0.239450768    
   3.00999999      0.240412638    
   3.01999998      0.241373971    
   3.02999997      0.242333993    
   3.03999996      0.243292719    
   3.04999995      0.244250759    
   3.05999994      0.245207518    
   3.06999993      0.246163413    
   3.07999992      0.247118443    
   3.08999991      0.248072207    
   3.09999990      0.249025136    
   3.10999990      0.249977112    
   3.11999989      0.250928462    
   3.12999988      0.251878738    
   3.13999987      0.252828300    
   3.14999986      0.253776610    
   3.15999985      0.254724503    
   3.16999984      0.255671442    
   3.17999983      0.256617635    
   3.18999982      0.257562786    
   3.19999981      0.258507490    
   3.21000004      0.259450883    
   3.22000003      0.260394484    
   3.23000002      0.261336684    
   3.24000001      0.262278557    
   3.25000000      0.263219297    
   3.25999999      0.264159381    
   3.26999998      0.265099078    
   3.27999997      0.266037881    
   3.28999996      0.266975969    
   3.29999995      0.267913848    
   3.30999994      0.268850535    
   3.31999993      0.269786716    
   3.32999992      0.270722479    
   3.33999991      0.271657497    
   3.34999990      0.272592068    
   3.35999990      0.273525774    
   3.36999989      0.274458975    
   3.37999988      0.275391728    
   3.38999987      0.276324093    
   3.39999986      0.277255565    
   3.40999985      0.278184474    
   3.41999984      0.279117137    
   3.42999983      0.280047178    
   3.43999982      0.280976444    
   3.44999981      0.281905651    
   3.46000004      0.282833993    
   3.47000003      0.283761591    
   3.48000002      0.284689605    
   3.49000001      0.285616308    
   3.50000000      0.286542803    
   3.50999999      0.287468582    
