   9.99999978E-03   1.46164894E-04
   1.99999996E-02   2.32272490E-04
   2.99999993E-02   3.25983710E-04
   3.99999991E-02   4.26743529E-04
   4.99999970E-02   5.24461502E-04
   5.99999987E-02   6.17110287E-04
   7.00000003E-02   7.04103964E-04
   7.99999982E-02   7.85120414E-04
   8.99999961E-02   8.61350505E-04
   9.99999940E-02   9.32588824E-04
  0.109999999       9.99408774E-04
  0.119999997       1.06369751E-03
  0.129999995       1.12117548E-03
  0.140000001       1.17670349E-03
  0.149999991       1.22889865E-03
  0.159999996       1.27848948E-03
  0.170000002       1.32494303E-03
  0.179999992       1.36886735E-03
  0.189999998       1.41048164E-03
  0.199999988       1.44984783E-03
  0.209999993       1.48705102E-03
  0.219999999       1.52214104E-03
  0.229999989       1.55537738E-03
  0.239999995       1.58686750E-03
  0.250000000       1.61670940E-03
  0.259999990       1.64497620E-03
  0.269999981       1.67169457E-03
  0.280000001       1.69705099E-03
  0.289999992       1.72102160E-03
  0.299999982       1.74382154E-03
  0.310000002       1.76536967E-03
  0.319999993       1.78581523E-03
  0.329999983       1.80520501E-03
  0.340000004       1.82365917E-03
  0.349999994       1.84100249E-03
  0.359999985       1.85742718E-03
  0.370000005       1.87319610E-03
  0.379999995       1.88828318E-03
  0.389999986       1.90192938E-03
  0.399999976       1.91562029E-03
  0.409999996       1.92930386E-03
  0.419999987       1.94017892E-03
  0.429999977       1.95134978E-03
  0.439999998       1.96210761E-03
  0.449999988       1.97237474E-03
  0.459999979       1.98192825E-03
  0.469999999       1.99120725E-03
  0.479999989       2.00005411E-03
  0.489999980       2.00918107E-03
  0.500000000       2.03175680E-03
  0.509999990       2.03434029E-03
  0.519999981       2.04256480E-03
  0.529999971       2.04739324E-03
  0.539999962       2.05556792E-03
  0.550000012       2.06151418E-03
  0.560000002       2.06761411E-03
  0.569999993       2.07429170E-03
  0.579999983       2.07928941E-03
  0.589999974       2.08666455E-03
  0.599999964       2.09262106E-03
  0.610000014       2.09990749E-03
  0.620000005       2.10684165E-03
  0.629999995       2.11573741E-03
  0.639999986       2.12734099E-03
  0.649999976       2.14524963E-03
  0.659999967       2.19049002E-03
  0.669999957       2.43914966E-03
  0.680000007       2.41774763E-03
  0.689999998       2.41785822E-03
  0.699999988       2.42257584E-03
  0.709999979       2.42953585E-03
  0.719999969       2.43800087E-03
  0.729999959       2.44731433E-03
  0.740000010       2.45762686E-03
  0.750000000       2.46817712E-03
  0.759999990       2.48042168E-03
  0.769999981       2.49275705E-03
  0.779999971       2.50608055E-03
  0.789999962       2.52026925E-03
  0.799999952       2.53552943E-03
  0.810000002       2.55149417E-03
  0.819999993       2.56905123E-03
  0.829999983       2.58804788E-03
  0.839999974       2.60853162E-03
  0.849999964       2.63092015E-03
  0.859999955       2.65558250E-03
  0.870000005       2.68279412E-03
  0.879999995       2.71329959E-03
  0.889999986       2.74767517E-03
  0.899999976       2.78695486E-03
  0.909999967       2.83246511E-03
  0.919999957       2.88577098E-03
  0.930000007       2.95015471E-03
  0.939999998       3.02937534E-03
  0.949999988       3.13065341E-03
  0.959999979       3.26748146E-03
  0.969999969       3.46595352E-03
  0.979999959       3.79489362E-03
  0.989999950       4.51292656E-03
   1.00000000       1.02608586E-02
   1.00999999       9.93961282E-03
   1.01999998       9.78586357E-03
   1.02999997       9.73375794E-03
   1.03999996       9.72727407E-03
   1.04999995       9.74665955E-03
   1.05999994       9.78221372E-03
   1.06999993       9.82972700E-03
   1.07999992       9.88541823E-03
   1.09000003       9.94801335E-03
   1.10000002       1.00147435E-02
   1.11000001       1.00874500E-02
   1.12000000       1.01629021E-02
   1.13000000       1.02415951E-02
   1.13999999       1.03229117E-02
   1.14999998       1.04071051E-02
   1.15999997       1.04933735E-02
   1.16999996       1.05819758E-02
   1.17999995       1.06726112E-02
   1.18999994       1.07647413E-02
   1.19999993       1.08597130E-02
   1.20999992       1.09558394E-02
   1.22000003       1.10538322E-02
   1.23000002       1.11539466E-02
   1.24000001       1.12556117E-02
   1.25000000       1.13590816E-02
   1.25999999       1.14631541E-02
   1.26999998       1.15713468E-02
   1.27999997       1.16802379E-02
   1.28999996       1.17910607E-02
   1.29999995       1.19038317E-02
   1.30999994       1.20183397E-02
   1.31999993       1.21349767E-02
   1.32999992       1.22512644E-02
   1.33999991       1.23737687E-02
   1.35000002       1.24972612E-02
   1.36000001       1.26223275E-02
   1.37000000       1.27498396E-02
   1.38000000       1.28796771E-02
   1.38999999       1.30110262E-02
   1.39999998       1.31467301E-02
   1.40999997       1.32842390E-02
   1.41999996       1.34244850E-02
   1.42999995       1.35675455E-02
   1.43999994       1.37135880E-02
   1.44999993       1.38603626E-02
   1.45999992       1.40150758E-02
   1.46999991       1.41707268E-02
   1.48000002       1.43299950E-02
   1.49000001       1.44928060E-02
   1.50000000       1.46595696E-02
   1.50999999       1.48304878E-02
   1.51999998       1.50052952E-02
   1.52999997       1.51847601E-02
   1.53999996       1.53686004E-02
   1.54999995       1.55574325E-02
   1.55999994       1.57513730E-02
   1.56999993       1.59506779E-02
   1.57999992       1.61556564E-02
   1.58999991       1.63666904E-02
   1.59999990       1.65841002E-02
   1.61000001       1.68081578E-02
   1.62000000       1.70394648E-02
   1.63000000       1.72747821E-02
   1.63999999       1.75248049E-02
   1.64999998       1.77801400E-02
   1.65999997       1.80445034E-02
   1.66999996       1.83187462E-02
   1.67999995       1.86033081E-02
   1.68999994       1.88990235E-02
   1.69999993       1.92066021E-02
   1.70999992       1.95274465E-02
   1.71999991       1.98621042E-02
   1.73000002       2.02117227E-02
   1.74000001       2.05779690E-02
   1.75000000       2.09614914E-02
   1.75999999       2.13653371E-02
   1.76999998       2.17898637E-02
   1.77999997       2.22380534E-02
   1.78999996       2.27119811E-02
   1.79999995       2.32146606E-02
   1.80999994       2.37486307E-02
   1.81999993       2.43183859E-02
   1.82999992       2.49278918E-02
   1.83999991       2.55820956E-02
   1.84999990       2.62884721E-02
   1.86000001       2.70527713E-02
   1.87000000       2.78852582E-02
   1.88000000       2.87965033E-02
   1.88999999       2.98004597E-02
   1.89999998       3.09148710E-02
   1.90999997       3.21623310E-02
   1.91999996       3.35731618E-02
   1.92999995       3.51869352E-02
   1.93999994       3.70595604E-02
   1.94999993       3.92703973E-02
   1.95999992       4.19376828E-02
   1.96999991       4.52461801E-02
   1.97999990       4.95044254E-02
   1.99000001       5.52682653E-02
   2.00000000       6.36435002E-02
   2.00999999       7.62930438E-02
   2.01999998       8.72936249E-02
   2.02999997       9.59799588E-02
   2.03999996      0.102969483    
   2.04999995      0.108745642    
   2.05999994      0.113636635    
   2.06999993      0.117864676    
   2.07999992      0.121585049    
   2.08999991      0.124907412    
   2.09999990      0.127911806    
   2.10999990      0.130659118    
   2.11999989      0.133194640    
   2.12999988      0.135554105    
   2.13999987      0.137765378    
   2.14999986      0.139850497    
   2.15999985      0.141827881    
   2.16999984      0.143711805    
   2.18000007      0.145514980    
   2.19000006      0.147246912    
   2.20000005      0.148916081    
   2.21000004      0.150530383    
   2.22000003      0.152095079    
   2.23000002      0.153615445    
   2.24000001      0.155096173    
   2.25000000      0.156541422    
   2.25999999      0.157954261    
   2.26999998      0.159337714    
   2.27999997      0.160694465    
   2.28999996      0.162026778    
   2.29999995      0.163336486    
   2.30999994      0.164625674    
   2.31999993      0.165895700    
   2.32999992      0.167148530    
   2.33999991      0.168384880    
   2.34999990      0.169606343    
   2.35999990      0.170813501    
   2.36999989      0.172007680    
   2.37999988      0.173189819    
   2.38999987      0.174360305    
   2.39999986      0.175520271    
   2.40999985      0.176670119    
   2.41999984      0.177810460    
   2.42999983      0.178941146    
   2.44000006      0.180065274    
   2.45000005      0.181180075    
   2.46000004      0.182287872    
   2.47000003      0.183388695    
   2.48000002      0.184482649    
   2.49000001      0.185570180    
   2.50000000      0.186651647    
   2.50999999      0.187727377    
   2.51999998      0.188797697    
   2.52999997      0.189862520    
   2.53999996      0.190922514    
   2.54999995      0.191977754    
   2.55999994      0.193028733    
   2.56999993      0.194075093    
   2.57999992      0.195116967    
   2.58999991      0.196155205    
   2.59999990      0.197189614    
   2.60999990      0.198220223    
   2.61999989      0.199247330    
   2.62999988      0.200271145    
   2.63999987      0.201291412    
   2.64999986      0.202308983    
   2.65999985      0.203323096    
   2.66999984      0.204334587    
   2.67999983      0.205342725    
   2.69000006      0.206349000    
   2.70000005      0.207352012    
   2.71000004      0.208352044    
   2.72000003      0.209350824    
   2.73000002      0.210346729    
   2.74000001      0.211340070    
   2.75000000      0.212331519    
   2.75999999      0.213320434    
   2.76999998      0.214307591    
   2.77999997      0.215292498    
   2.78999996      0.216275454    
   2.79999995      0.217256680    
   2.80999994      0.218235746    
   2.81999993      0.219213307    
   2.82999992      0.220188916    
   2.83999991      0.221162856    
   2.84999990      0.222135335    
   2.85999990      0.223106086    
   2.86999989      0.224075109    
   2.87999988      0.225042969    
   2.88999987      0.226008907    
   2.89999986      0.226973623    
   2.90999985      0.227937043    
   2.91999984      0.228898883    
   2.92999983      0.229859337    
   2.93999982      0.230818585    
   2.95000005      0.231776536    
   2.96000004      0.232733250    
   2.97000003      0.233688563    
   2.98000002      0.234642953    
   2.99000001      0.235596254    
   3.00000000      0.236548156    
   3.00999999      0.237498850    
   3.01999998      0.238448769    
   3.02999997      0.239397541    
   3.03999996      0.240345135    
   3.04999995      0.241291910    
   3.05999994      0.242237613    
   3.06999993      0.243182093    
   3.07999992      0.244125858    
   3.08999991      0.245068491    
   3.09999990      0.246010244    
   3.10999990      0.246951282    
   3.11999989      0.247891381    
   3.12999988      0.248830453    
   3.13999987      0.249768838    
   3.14999986      0.250706345    
   3.15999985      0.251642972    
   3.16999984      0.252578974    
   3.17999983      0.253507376    
   3.18999982      0.254448056    
   3.19999981      0.255381584    
   3.21000004      0.256314188    
   3.22000003      0.257246614    
   3.23000002      0.258177876    
   3.24000001      0.259108722    
   3.25000000      0.260038525    
   3.25999999      0.260967612    
   3.26999998      0.261896312    
   3.27999997      0.262823999    
   3.28999996      0.263751566    
   3.29999995      0.264678061    
   3.30999994      0.265603989    
   3.31999993      0.266529351    
   3.32999992      0.267454207    
   3.33999991      0.268378139    
   3.34999990      0.269301713    
   3.35999990      0.270224839    
   3.36999989      0.271147251    
   3.37999988      0.272069126    
   3.38999987      0.272990286    
   3.39999986      0.273911238    
   3.40999985      0.274828851    
   3.41999984      0.275751054    
   3.42999983      0.276669979    
   3.43999982      0.277588576    
   3.44999981      0.278506815    
   3.46000004      0.279424280    
   3.47000003      0.280341119    
   3.48000002      0.281258017    
   3.49000001      0.282173961    
   3.50000000      0.283090025    
   3.50999999      0.284004778    
