   9.99999978E-03   1.47998042E-04
   1.99999996E-02   2.36835345E-04
   2.99999993E-02   3.30515730E-04
   3.99999991E-02   4.32395318E-04
   4.99999970E-02   5.31707658E-04
   5.99999987E-02   6.25990855E-04
   7.00000003E-02   7.14658177E-04
   7.99999982E-02   7.97312532E-04
   8.99999961E-02   8.75091238E-04
   9.99999940E-02   9.47813329E-04
  0.109999999       1.01604615E-03
  0.119999997       1.07998506E-03
  0.129999995       1.14041741E-03
  0.140000001       1.19713577E-03
  0.149999991       1.25048996E-03
  0.159999996       1.30116695E-03
  0.170000002       1.34871982E-03
  0.179999992       1.39367220E-03
  0.189999998       1.43608416E-03
  0.199999988       1.47632905E-03
  0.209999993       1.51436264E-03
  0.219999999       1.55024545E-03
  0.229999989       1.58423034E-03
  0.239999995       1.61645038E-03
  0.250000000       1.64696027E-03
  0.259999990       1.67586643E-03
  0.269999981       1.70307676E-03
  0.280000001       1.72913074E-03
  0.289999992       1.75365037E-03
  0.299999982       1.77697802E-03
  0.310000002       1.79902464E-03
  0.319999993       1.81994832E-03
  0.329999983       1.83979294E-03
  0.340000004       1.85871171E-03
  0.349999994       1.87643257E-03
  0.359999985       1.89327565E-03
  0.370000005       1.90938835E-03
  0.379999995       1.92483864E-03
  0.389999986       1.93881395E-03
  0.399999976       1.95287762E-03
  0.409999996       1.96566596E-03
  0.419999987       1.97799318E-03
  0.429999977       1.98953226E-03
  0.439999998       2.00052699E-03
  0.449999988       2.01076712E-03
  0.459999979       2.02084659E-03
  0.469999999       2.03142385E-03
  0.479999989       2.03956035E-03
  0.489999980       2.04895553E-03
  0.500000000       2.07317551E-03
  0.509999990       2.07550940E-03
  0.519999981       2.08293693E-03
  0.529999971       2.08974886E-03
  0.539999962       2.09740596E-03
  0.550000012       2.10358482E-03
  0.560000002       2.10991106E-03
  0.569999993       2.11685360E-03
  0.579999983       2.12206552E-03
  0.589999974       2.12989631E-03
  0.599999964       2.13612476E-03
  0.610000014       2.14370014E-03
  0.620000005       2.15123734E-03
  0.629999995       2.16080667E-03
  0.639999986       2.17336835E-03
  0.649999976       2.19237083E-03
  0.659999967       2.24265037E-03
  0.669999957       2.50830501E-03
  0.680000007       2.48499541E-03
  0.689999998       2.48501799E-03
  0.699999988       2.48981081E-03
  0.709999979       2.49717897E-03
  0.719999969       2.50615668E-03
  0.729999959       2.51627713E-03
  0.740000010       2.52721878E-03
  0.750000000       2.53885007E-03
  0.759999990       2.55150767E-03
  0.769999981       2.56470614E-03
  0.779999971       2.57899798E-03
  0.789999962       2.59223441E-03
  0.799999952       2.61058309E-03
  0.810000002       2.62785912E-03
  0.819999993       2.64663808E-03
  0.829999983       2.66711321E-03
  0.839999974       2.68907845E-03
  0.849999964       2.71316408E-03
  0.859999955       2.73970934E-03
  0.870000005       2.76905182E-03
  0.879999995       2.80181621E-03
  0.889999986       2.83881160E-03
  0.899999976       2.88109272E-03
  0.909999967       2.93006795E-03
  0.919999957       2.98750773E-03
  0.930000007       3.05670896E-03
  0.939999998       3.14197759E-03
  0.949999988       3.25098960E-03
  0.959999979       3.39808781E-03
  0.969999969       3.61148757E-03
  0.979999959       3.96487676E-03
  0.989999950       4.73480858E-03
   1.00000000       1.07088517E-02
   1.00999999       1.03888586E-02
   1.01999998       1.02285640E-02
   1.02999997       1.01736858E-02
   1.03999996       1.01664457E-02
   1.04999995       1.01863248E-02
   1.05999994       1.02232043E-02
   1.06999993       1.02726473E-02
   1.07999992       1.03307050E-02
   1.09000003       1.03934621E-02
   1.10000002       1.04665477E-02
   1.11000001       1.05417501E-02
   1.12000000       1.06173726E-02
   1.13000000       1.07029947E-02
   1.13999999       1.07882321E-02
   1.14999998       1.08762328E-02
   1.15999997       1.09665794E-02
   1.16999996       1.10593699E-02
   1.17999995       1.11543098E-02
   1.18999994       1.12508591E-02
   1.19999993       1.13503374E-02
   1.20999992       1.14510767E-02
   1.22000003       1.15537718E-02
   1.23000002       1.16587011E-02
   1.24000001       1.17652556E-02
   1.25000000       1.18737090E-02
   1.25999999       1.19840167E-02
   1.26999998       1.20962495E-02
   1.27999997       1.22104026E-02
   1.28999996       1.23266093E-02
   1.29999995       1.24448426E-02
   1.30999994       1.25649124E-02
   1.31999993       1.26872277E-02
   1.32999992       1.28116012E-02
   1.33999991       1.29376519E-02
   1.35000002       1.30671253E-02
   1.36000001       1.31982695E-02
   1.37000000       1.33319926E-02
   1.38000000       1.34681612E-02
   1.38999999       1.36059579E-02
   1.39999998       1.37482202E-02
   1.40999997       1.38924187E-02
   1.41999996       1.40394820E-02
   1.42999995       1.41895451E-02
   1.43999994       1.43427048E-02
   1.44999993       1.44966021E-02
   1.45999992       1.46588748E-02
   1.46999991       1.48221143E-02
   1.48000002       1.49891293E-02
   1.49000001       1.51598537E-02
   1.50000000       1.53347393E-02
   1.50999999       1.55139621E-02
   1.51999998       1.56972576E-02
   1.52999997       1.58853829E-02
   1.53999996       1.60782114E-02
   1.54999995       1.62761994E-02
   1.55999994       1.64795276E-02
   1.56999993       1.66885089E-02
   1.57999992       1.69033948E-02
   1.58999991       1.71246473E-02
   1.59999990       1.73525512E-02
   1.61000001       1.75874196E-02
   1.62000000       1.78298801E-02
   1.63000000       1.80799775E-02
   1.63999999       1.83386039E-02
   1.64999998       1.86061952E-02
   1.65999997       1.88832320E-02
   1.66999996       1.91706326E-02
   1.67999995       1.94687918E-02
   1.68999994       1.97786447E-02
   1.69999993       2.01008730E-02
   1.70999992       2.04369593E-02
   1.71999991       2.07874868E-02
   1.73000002       2.11536977E-02
   1.74000001       2.15371922E-02
   1.75000000       2.19388232E-02
   1.75999999       2.23615970E-02
   1.76999998       2.28059813E-02
   1.77999997       2.32750680E-02
   1.78999996       2.37023849E-02
   1.79999995       2.42969189E-02
   1.80999994       2.48554777E-02
   1.81999993       2.54512951E-02
   1.82999992       2.60885451E-02
   1.83999991       2.67723631E-02
   1.84999990       2.75104120E-02
   1.86000001       2.83087399E-02
   1.87000000       2.91779507E-02
   1.88000000       3.01289018E-02
   1.88999999       3.11761461E-02
   1.89999998       3.23378071E-02
   1.90999997       3.36374007E-02
   1.91999996       3.51057239E-02
   1.92999995       3.67836542E-02
   1.93999994       3.87283862E-02
   1.94999993       4.10207435E-02
   1.95999992       4.37808894E-02
   1.96999991       4.71955352E-02
   1.97999990       5.15742563E-02
   1.99000001       5.74687645E-02
   2.00000000       6.59590065E-02
   2.00999999       7.86422193E-02
   2.01999998       8.97193924E-02
   2.02999997       9.85065326E-02
   2.03999996      0.105600715    
   2.04999995      0.111477599    
   2.05999994      0.116463013    
   2.06999993      0.120778583    
   2.07999992      0.124580279    
   2.08999991      0.127977908    
   2.09999990      0.131052494    
   2.10999990      0.133865505    
   2.11999989      0.136462450    
   2.12999988      0.138879851    
   2.13999987      0.141145974    
   2.14999986      0.143283367    
   2.15999985      0.145310342    
   2.16999984      0.147241995    
   2.18000007      0.149090737    
   2.19000006      0.150866598    
   2.20000005      0.152578086    
   2.21000004      0.154233322    
   2.22000003      0.155837566    
   2.23000002      0.157396510    
   2.24000001      0.158914596    
   2.25000000      0.160396561    
   2.25999999      0.161845297    
   2.26999998      0.163263649    
   2.27999997      0.164654493    
   2.28999996      0.166020200    
   2.29999995      0.167362660    
   2.30999994      0.168684378    
   2.31999993      0.169985890    
   2.32999992      0.171269998    
   2.33999991      0.172537223    
   2.34999990      0.173788950    
   2.35999990      0.175026268    
   2.36999989      0.176249966    
   2.37999988      0.177461311    
   2.38999987      0.178660944    
   2.39999986      0.179849312    
   2.40999985      0.181027412    
   2.41999984      0.182195738    
   2.42999983      0.183354348    
   2.44000006      0.184505716    
   2.45000005      0.185647786    
   2.46000004      0.186782748    
   2.47000003      0.187910333    
   2.48000002      0.189031035    
   2.49000001      0.190144986    
   2.50000000      0.191252872    
   2.50999999      0.192352965    
   2.51999998      0.193450779    
   2.52999997      0.194541499    
   2.53999996      0.195627227    
   2.54999995      0.196707904    
   2.55999994      0.197784305    
   2.56999993      0.198855847    
   2.57999992      0.199922860    
   2.58999991      0.200986236    
   2.59999990      0.202045470    
   2.60999990      0.203100979    
   2.61999989      0.204152852    
   2.62999988      0.205201104    
   2.63999987      0.206245959    
   2.64999986      0.207287744    
   2.65999985      0.208326310    
   2.66999984      0.209361911    
   2.67999983      0.210394606    
   2.69000006      0.211424589    
   2.70000005      0.212451696    
   2.71000004      0.213475466    
   2.72000003      0.214498073    
   2.73000002      0.215517789    
   2.74000001      0.216534942    
   2.75000000      0.217549965    
   2.75999999      0.218562678    
   2.76999998      0.219573155    
   2.77999997      0.220581561    
   2.78999996      0.221587852    
   2.79999995      0.222592518    
   2.80999994      0.223594874    
   2.81999993      0.224595711    
   2.82999992      0.225594491    
   2.83999991      0.226591527    
   2.84999990      0.227587104    
   2.85999990      0.228580862    
   2.86999989      0.229573071    
   2.87999988      0.230563685    
   2.88999987      0.231552795    
   2.89999986      0.232540339    
   2.90999985      0.233526394    
   2.91999984      0.234511137    
   2.92999983      0.235494524    
   2.93999982      0.236476600    
   2.95000005      0.237457067    
   2.96000004      0.238436371    
   2.97000003      0.239414573    
   2.98000002      0.240391389    
   2.99000001      0.241367102    
   3.00000000      0.242341667    
   3.00999999      0.243314832    
   3.01999998      0.244287267    
   3.02999997      0.245258451    
   3.03999996      0.246228397    
   3.04999995      0.247197509    
   3.05999994      0.248165533    
   3.06999993      0.249132648    
   3.07999992      0.250098407    
   3.08999991      0.251063406    
   3.09999990      0.252027303    
   3.10999990      0.252990603    
   3.11999989      0.253952831    
   3.12999988      0.254914254    
   3.13999987      0.255874634    
   3.14999986      0.256832898    
   3.15999985      0.257793069    
   3.16999984      0.258751035    
   3.17999983      0.259708315    
   3.18999982      0.260664731    
   3.19999981      0.261620432    
   3.21000004      0.262574524    
   3.22000003      0.263529062    
   3.23000002      0.264482409    
   3.24000001      0.265435040    
   3.25000000      0.266386718    
   3.25999999      0.267337739    
   3.26999998      0.268288374    
   3.27999997      0.269238025    
   3.28999996      0.270187080    
   3.29999995      0.271135539    
   3.30999994      0.272083342    
   3.31999993      0.273030490    
   3.32999992      0.273977369    
   3.33999991      0.274923176    
   3.34999990      0.275868267    
   3.35999990      0.276812971    
   3.36999989      0.277757287    
   3.37999988      0.278700471    
   3.38999987      0.279643804    
   3.39999986      0.280585945    
   3.40999985      0.281527996    
   3.41999984      0.282469302    
   3.42999983      0.283409923    
   3.43999982      0.284350127    
   3.44999981      0.285289913    
   3.46000004      0.286229283    
   3.47000003      0.287167579    
   3.48000002      0.288106054    
   3.49000001      0.289044112    
   3.50000000      0.289980829    
   3.50999999      0.290917784    
