   9.99999978E-03   1.44138365E-04
   1.99999996E-02   2.27810160E-04
   2.99999993E-02   3.21438914E-04
   3.99999991E-02   4.21009463E-04
   4.99999970E-02   5.17293869E-04
   5.99999987E-02   6.08098868E-04
   7.00000003E-02   6.93471462E-04
   7.99999982E-02   7.72756059E-04
   8.99999961E-02   8.47415242E-04
   9.99999940E-02   9.17178462E-04
  0.109999999       9.82578960E-04
  0.119999997       1.04547746E-03
  0.129999995       1.10173528E-03
  0.140000001       1.15605339E-03
  0.149999991       1.20712037E-03
  0.159999996       1.25561410E-03
  0.170000002       1.30110444E-03
  0.179999992       1.34411233E-03
  0.189999998       1.38468225E-03
  0.199999988       1.42317242E-03
  0.209999993       1.45954487E-03
  0.219999999       1.49385596E-03
  0.229999989       1.52633025E-03
  0.239999995       1.55710313E-03
  0.250000000       1.58627552E-03
  0.259999990       1.61389704E-03
  0.269999981       1.64055394E-03
  0.280000001       1.66470872E-03
  0.289999992       1.68820738E-03
  0.299999982       1.71047309E-03
  0.310000002       1.73152552E-03
  0.319999993       1.75149529E-03
  0.329999983       1.77043397E-03
  0.340000004       1.78845634E-03
  0.349999994       1.80538604E-03
  0.359999985       1.82143156E-03
  0.370000005       1.83681364E-03
  0.379999995       1.85154588E-03
  0.389999986       1.86487159E-03
  0.399999976       1.87819044E-03
  0.409999996       1.89151487E-03
  0.419999987       1.90220494E-03
  0.429999977       1.91306358E-03
  0.439999998       1.92355446E-03
  0.449999988       1.93355407E-03
  0.459999979       1.94282515E-03
  0.469999999       1.95187423E-03
  0.479999989       1.96046918E-03
  0.489999980       1.96927134E-03
  0.500000000       1.99030293E-03
  0.509999990       1.99310156E-03
  0.519999981       2.00106390E-03
  0.529999971       2.00581877E-03
  0.539999962       2.01369217E-03
  0.550000012       2.01940723E-03
  0.560000002       2.02535978E-03
  0.569999993       2.03167391E-03
  0.579999983       2.03750934E-03
  0.589999974       2.04349402E-03
  0.599999964       2.04913877E-03
  0.610000014       2.05588085E-03
  0.620000005       2.06252048E-03
  0.629999995       2.07079342E-03
  0.639999986       2.08148547E-03
  0.649999976       2.09789607E-03
  0.659999967       2.13895808E-03
  0.669999957       2.37133657E-03
  0.680000007       2.35170405E-03
  0.689999998       2.35215644E-03
  0.699999988       2.35656858E-03
  0.709999979       2.36314978E-03
  0.719999969       2.37110769E-03
  0.729999959       2.37984140E-03
  0.740000010       2.38965126E-03
  0.750000000       2.39934819E-03
  0.759999990       2.41076737E-03
  0.769999981       2.42225057E-03
  0.779999971       2.43466580E-03
  0.789999962       2.44787429E-03
  0.799999952       2.46207463E-03
  0.810000002       2.47623841E-03
  0.819999993       2.49321084E-03
  0.829999983       2.51085265E-03
  0.839999974       2.52986769E-03
  0.849999964       2.55064806E-03
  0.859999955       2.57334113E-03
  0.870000005       2.59845820E-03
  0.879999995       2.62391381E-03
  0.889999986       2.65897065E-03
  0.899999976       2.69543729E-03
  0.909999967       2.73764343E-03
  0.919999957       2.78708548E-03
  0.930000007       2.84683960E-03
  0.939999998       2.92033562E-03
  0.949999988       3.01445602E-03
  0.959999979       3.14134033E-03
  0.969999969       3.32565815E-03
  0.979999959       3.63136642E-03
  0.989999950       4.29992005E-03
   1.00000000       9.82432161E-03
   1.00999999       9.50248912E-03
   1.01999998       9.35530011E-03
   1.02999997       9.30594094E-03
   1.03999996       9.30019561E-03
   1.04999995       9.31908470E-03
   1.05999994       9.35314782E-03
   1.06999993       9.39897727E-03
   1.07999992       9.45254043E-03
   1.09000003       9.51227359E-03
   1.10000002       9.57610272E-03
   1.11000001       9.64559987E-03
   1.12000000       9.71766375E-03
   1.13000000       9.79281869E-03
   1.13999999       9.87042300E-03
   1.14999998       9.95077379E-03
   1.15999997       1.00330729E-02
   1.16999996       1.01176053E-02
   1.17999995       1.02040386E-02
   1.18999994       1.02918847E-02
   1.19999993       1.03824446E-02
   1.20999992       1.04740867E-02
   1.22000003       1.05675040E-02
   1.23000002       1.06629459E-02
   1.24000001       1.07597811E-02
   1.25000000       1.08584380E-02
   1.25999999       1.09587284E-02
   1.26999998       1.10607790E-02
   1.27999997       1.11644687E-02
   1.28999996       1.12700639E-02
   1.29999995       1.13775162E-02
   1.30999994       1.14864046E-02
   1.31999993       1.15977405E-02
   1.32999992       1.17107509E-02
   1.33999991       1.18258828E-02
   1.35000002       1.19428756E-02
   1.36000001       1.20620215E-02
   1.37000000       1.21834772E-02
   1.38000000       1.23071708E-02
   1.38999999       1.24322642E-02
   1.39999998       1.25615690E-02
   1.40999997       1.26925465E-02
   1.41999996       1.28261596E-02
   1.42999995       1.29624382E-02
   1.43999994       1.31014585E-02
   1.44999993       1.32436808E-02
   1.45999992       1.33887408E-02
   1.46999991       1.35370297E-02
   1.48000002       1.36887543E-02
   1.49000001       1.38438493E-02
   1.50000000       1.40027218E-02
   1.50999999       1.41655747E-02
   1.51999998       1.43319611E-02
   1.52999997       1.45030674E-02
   1.53999996       1.46782314E-02
   1.54999995       1.48581415E-02
   1.55999994       1.50429206E-02
   1.56999993       1.52328331E-02
   1.57999992       1.54281426E-02
   1.58999991       1.56295169E-02
   1.59999990       1.58364289E-02
   1.61000001       1.60499979E-02
   1.62000000       1.62703954E-02
   1.63000000       1.64983254E-02
   1.63999999       1.67329833E-02
   1.64999998       1.69763528E-02
   1.65999997       1.72283649E-02
   1.66999996       1.74898095E-02
   1.67999995       1.77611131E-02
   1.68999994       1.80430710E-02
   1.69999993       1.83363836E-02
   1.70999992       1.86423417E-02
   1.71999991       1.89615134E-02
   1.73000002       1.92949995E-02
   1.74000001       1.96443461E-02
   1.75000000       2.00107340E-02
   1.75999999       2.03956347E-02
   1.76999998       2.08007656E-02
   1.77999997       2.12277379E-02
   1.78999996       2.16810051E-02
   1.79999995       2.21599694E-02
   1.80999994       2.26709470E-02
   1.81999993       2.32151933E-02
   1.82999992       2.37975866E-02
   1.83999991       2.44228523E-02
   1.84999990       2.50982065E-02
   1.86000001       2.58291867E-02
   1.87000000       2.66257022E-02
   1.88000000       2.74979807E-02
   1.88999999       2.84595117E-02
   1.89999998       2.95274667E-02
   1.90999997       3.07238530E-02
   1.91999996       3.20778526E-02
   1.92999995       3.36283669E-02
   1.93999994       3.54298055E-02
   1.94999993       3.75598818E-02
   1.95999992       4.01348323E-02
   1.96999991       4.33375239E-02
   1.97999990       4.74750362E-02
   1.99000001       5.31068482E-02
   2.00000000       6.13648146E-02
   2.00999999       7.39798471E-02
   2.01999998       8.49007666E-02
   2.02999997       9.34832692E-02
   2.03999996      0.100365765    
   2.04999995      0.106039457    
   2.05999994      0.110834710    
   2.06999993      0.114974253    
   2.07999992      0.118612662    
   2.08999991      0.121859193    
   2.09999990      0.124792024    
   2.10999990      0.127474606    
   2.11999989      0.129948393    
   2.12999988      0.132249728    
   2.13999987      0.134405956    
   2.14999986      0.136439025    
   2.15999985      0.138366342    
   2.16999984      0.140202969    
   2.18000007      0.141956747    
   2.19000006      0.143648252    
   2.20000005      0.145275339    
   2.21000004      0.146848604    
   2.22000003      0.148373649    
   2.23000002      0.149855539    
   2.24000001      0.151298806    
   2.25000000      0.152707666    
   2.25999999      0.154085100    
   2.26999998      0.155433610    
   2.27999997      0.156756341    
   2.28999996      0.158054963    
   2.29999995      0.159331992    
   2.30999994      0.160589084    
   2.31999993      0.161827266    
   2.32999992      0.163048849    
   2.33999991      0.164254665    
   2.34999990      0.165445894    
   2.35999990      0.166623265    
   2.36999989      0.167787999    
   2.37999988      0.168940812    
   2.38999987      0.170082539    
   2.39999986      0.171214044    
   2.40999985      0.172335520    
   2.41999984      0.173447907    
   2.42999983      0.174551740    
   2.44000006      0.175647542    
   2.45000005      0.176735222    
   2.46000004      0.177816197    
   2.47000003      0.178890079    
   2.48000002      0.179957390    
   2.49000001      0.181018576    
   2.50000000      0.182073846    
   2.50999999      0.183123529    
   2.51999998      0.184167817    
   2.52999997      0.185206994    
   2.53999996      0.186241552    
   2.54999995      0.187271476    
   2.55999994      0.188296735    
   2.56999993      0.189317986    
   2.57999992      0.190335035    
   2.58999991      0.191348270    
   2.59999990      0.192357838    
   2.60999990      0.193363741    
   2.61999989      0.194366336    
   2.62999988      0.195365489    
   2.63999987      0.196361288    
   2.64999986      0.197354540    
   2.65999985      0.198344380    
   2.66999984      0.199331671    
   2.67999983      0.200315937    
   2.69000006      0.201297879    
   2.70000005      0.202277139    
   2.71000004      0.203253210    
   2.72000003      0.204228133    
   2.73000002      0.205200404    
   2.74000001      0.206170246    
   2.75000000      0.207138002    
   2.75999999      0.208103433    
   2.76999998      0.209067047    
   2.77999997      0.210028812    
   2.78999996      0.210988253    
   2.79999995      0.211946145    
   2.80999994      0.212902084    
   2.81999993      0.213856429    
   2.82999992      0.214809030    
   2.83999991      0.215759620    
   2.84999990      0.216709092    
   2.85999990      0.217656925    
   2.86999989      0.218603164    
   2.87999988      0.219547942    
   2.88999987      0.220491260    
   2.89999986      0.221433178    
   2.90999985      0.222373411    
   2.91999984      0.223312572    
   2.92999983      0.224250510    
   2.93999982      0.225186884    
   2.95000005      0.226122379    
   2.96000004      0.227056295    
   2.97000003      0.227989122    
   2.98000002      0.228921041    
   2.99000001      0.229851753    
   3.00000000      0.230781227    
   3.00999999      0.231709689    
   3.01999998      0.232637107    
   3.02999997      0.233563244    
   3.03999996      0.234488651    
   3.04999995      0.235413015    
   3.05999994      0.236336380    
   3.06999993      0.237258658    
   3.07999992      0.238180071    
   3.08999991      0.239100605    
   3.09999990      0.240020126    
   3.10999990      0.240939096    
   3.11999989      0.241856948    
   3.12999988      0.242773980    
   3.13999987      0.243690148    
   3.14999986      0.244605541    
   3.15999985      0.245520204    
   3.16999984      0.246434063    
   3.17999983      0.247347072    
   3.18999982      0.248259366    
   3.19999981      0.249171034    
   3.21000004      0.250081897    
   3.22000003      0.250991911    
   3.23000002      0.251901537    
   3.24000001      0.252810180    
   3.25000000      0.253718078    
   3.25999999      0.254625589    
   3.26999998      0.255532414    
   3.27999997      0.256436825    
   3.28999996      0.257343739    
   3.29999995      0.258248448    
   3.30999994      0.259152770    
   3.31999993      0.260056257    
   3.32999992      0.260959357    
   3.33999991      0.261861742    
   3.34999990      0.262763649    
   3.35999990      0.263664931    
   3.36999989      0.264565676    
   3.37999988      0.265465558    
   3.38999987      0.266365528    
   3.39999986      0.267264724    
   3.40999985      0.268163264    
   3.41999984      0.269061148    
   3.42999983      0.269958645    
   3.43999982      0.270855695    
   3.44999981      0.271752328    
   3.46000004      0.272648484    
   3.47000003      0.273543626    
   3.48000002      0.274439096    
   3.49000001      0.275333762    
   3.50000000      0.276227742    
   3.50999999      0.277120411    
