   9.99999978E-03   1.53687259E-04
   1.99999996E-02   2.53511098E-04
   2.99999993E-02   3.46311455E-04
   3.99999991E-02   4.51428496E-04
   4.99999970E-02   5.55773731E-04
   5.99999987E-02   6.55691372E-04
   7.00000003E-02   7.50089006E-04
   7.99999982E-02   8.38234031E-04
   8.99999961E-02   9.21447529E-04
   9.99999940E-02   9.99324606E-04
  0.109999999       1.07239815E-03
  0.119999997       1.14102464E-03
  0.129999995       1.20581326E-03
  0.140000001       1.26666250E-03
  0.149999991       1.32408657E-03
  0.159999996       1.37842691E-03
  0.170000002       1.42969517E-03
  0.179999992       1.47798774E-03
  0.189999998       1.52362511E-03
  0.199999988       1.56692858E-03
  0.209999993       1.60785520E-03
  0.219999999       1.64658402E-03
  0.229999989       1.68310548E-03
  0.239999995       1.71781331E-03
  0.250000000       1.75067538E-03
  0.259999990       1.78173068E-03
  0.269999981       1.81116187E-03
  0.280000001       1.83926790E-03
  0.289999992       1.86570932E-03
  0.299999982       1.89086667E-03
  0.310000002       1.91465381E-03
  0.319999993       1.93725177E-03
  0.329999983       1.95861724E-03
  0.340000004       1.97906885E-03
  0.349999994       1.99827133E-03
  0.359999985       2.01646402E-03
  0.370000005       2.03388999E-03
  0.379999995       2.05019093E-03
  0.389999986       2.06641806E-03
  0.399999976       2.08128756E-03
  0.409999996       2.09498964E-03
  0.419999987       2.10837531E-03
  0.429999977       2.12074001E-03
  0.439999998       2.13309820E-03
  0.449999988       2.14422541E-03
  0.459999979       2.15500966E-03
  0.469999999       2.16545677E-03
  0.479999989       2.17555743E-03
  0.489999980       2.18637101E-03
  0.500000000       2.21711118E-03
  0.509999990       2.21890281E-03
  0.519999981       2.22660811E-03
  0.529999971       2.23440374E-03
  0.539999962       2.24228855E-03
  0.550000012       2.25003972E-03
  0.560000002       2.25727982E-03
  0.569999993       2.26502726E-03
  0.579999983       2.27250042E-03
  0.589999974       2.28038314E-03
  0.599999964       2.28848401E-03
  0.610000014       2.29642587E-03
  0.620000005       2.30655540E-03
  0.629999995       2.31923698E-03
  0.639999986       2.33539008E-03
  0.649999976       2.36156792E-03
  0.659999967       2.42944132E-03
  0.669999957       2.76026316E-03
  0.680000007       2.72944616E-03
  0.689999998       2.72830389E-03
  0.699999988       2.73407227E-03
  0.709999979       2.74295639E-03
  0.719999969       2.75393226E-03
  0.729999959       2.76644295E-03
  0.740000010       2.78019882E-03
  0.750000000       2.79459823E-03
  0.759999990       2.81049311E-03
  0.769999981       2.82709929E-03
  0.779999971       2.84488616E-03
  0.789999962       2.86447885E-03
  0.799999952       2.88514677E-03
  0.810000002       2.90714856E-03
  0.819999993       2.93102860E-03
  0.829999983       2.95690470E-03
  0.839999974       2.98506254E-03
  0.849999964       3.01555009E-03
  0.859999955       3.04966094E-03
  0.870000005       3.08709266E-03
  0.879999995       3.12894909E-03
  0.889999986       3.17620463E-03
  0.899999976       3.23011586E-03
  0.909999967       3.29291169E-03
  0.919999957       3.36610153E-03
  0.930000007       3.45438835E-03
  0.939999998       3.56327603E-03
  0.949999988       3.70243727E-03
  0.959999979       3.88970831E-03
  0.969999969       4.16121492E-03
  0.979999959       4.60956804E-03
  0.989999950       5.57966158E-03
   1.00000000       1.23584773E-02
   1.00999999       1.20482817E-02
   1.01999998       1.18653802E-02
   1.02999997       1.18006198E-02
   1.03999996       1.17907561E-02
   1.04999995       1.18123330E-02
   1.05999994       1.18543608E-02
   1.06999993       1.19106267E-02
   1.07999992       1.19773494E-02
   1.09000003       1.20525258E-02
   1.10000002       1.21342782E-02
   1.11000001       1.22214491E-02
   1.12000000       1.23130325E-02
   1.13000000       1.24087911E-02
   1.13999999       1.25079732E-02
   1.14999998       1.26102949E-02
   1.15999997       1.27157932E-02
   1.16999996       1.28239999E-02
   1.17999995       1.29347891E-02
   1.18999994       1.30475955E-02
   1.19999993       1.31637426E-02
   1.20999992       1.32804960E-02
   1.22000003       1.34014841E-02
   1.23000002       1.35241393E-02
   1.24000001       1.36487633E-02
   1.25000000       1.37756178E-02
   1.25999999       1.39046842E-02
   1.26999998       1.40360249E-02
   1.27999997       1.41696399E-02
   1.28999996       1.43056586E-02
   1.29999995       1.44433547E-02
   1.30999994       1.45846624E-02
   1.31999993       1.47278765E-02
   1.32999992       1.48735689E-02
   1.33999991       1.50219658E-02
   1.35000002       1.51728410E-02
   1.36000001       1.53264897E-02
   1.37000000       1.54831363E-02
   1.38000000       1.56426318E-02
   1.38999999       1.58041772E-02
   1.39999998       1.59707051E-02
   1.40999997       1.61396358E-02
   1.41999996       1.63119212E-02
   1.42999995       1.64877158E-02
   1.43999994       1.66671239E-02
   1.44999993       1.68504473E-02
   1.45999992       1.70374941E-02
   1.46999991       1.72287375E-02
   1.48000002       1.74243599E-02
   1.49000001       1.76242981E-02
   1.50000000       1.78291406E-02
   1.50999999       1.80389807E-02
   1.51999998       1.82536319E-02
   1.52999997       1.84738170E-02
   1.53999996       1.87001899E-02
   1.54999995       1.89314820E-02
   1.55999994       1.91694871E-02
   1.56999993       1.94140803E-02
   1.57999992       1.96655896E-02
   1.58999991       1.99244320E-02
   1.59999990       2.01910511E-02
   1.61000001       2.04657689E-02
   1.62000000       2.07491368E-02
   1.63000000       2.10417844E-02
   1.63999999       2.13441327E-02
   1.64999998       2.16568857E-02
   1.65999997       2.19807792E-02
   1.66999996       2.23167855E-02
   1.67999995       2.26645879E-02
   1.68999994       2.30263900E-02
   1.69999993       2.34026145E-02
   1.70999992       2.37946808E-02
   1.71999991       2.42035519E-02
   1.73000002       2.46305577E-02
   1.74000001       2.50775237E-02
   1.75000000       2.55420208E-02
   1.75999999       2.60372944E-02
   1.76999998       2.65549570E-02
   1.77999997       2.71006227E-02
   1.78999996       2.76771467E-02
   1.79999995       2.82877926E-02
   1.80999994       2.89364643E-02
   1.81999993       2.96272337E-02
   1.82999992       3.03661637E-02
   1.83999991       3.11579108E-02
   1.84999990       3.20113674E-02
   1.86000001       3.29335295E-02
   1.87000000       3.39360572E-02
   1.88000000       3.50311622E-02
   1.88999999       3.62349488E-02
   1.89999998       3.75674814E-02
   1.90999997       3.90545912E-02
   1.91999996       4.07298543E-02
   1.92999995       4.26376611E-02
   1.93999994       4.48394008E-02
   1.94999993       4.74209823E-02
   1.95999992       5.05083725E-02
   1.96999991       5.42937927E-02
   1.97999990       5.90882897E-02
   1.99000001       6.54267669E-02
   2.00000000       7.43007734E-02
   2.00999999       8.70950371E-02
   2.01999998       9.84174609E-02
   2.02999997      0.107533380    
   2.03999996      0.114973858    
   2.04999995      0.121187791    
   2.05999994      0.126491383    
   2.06999993      0.131104141    
   2.07999992      0.135182336    
   2.08999991      0.138837487    
   2.09999990      0.142152801    
   2.10999990      0.145191580    
   2.11999989      0.148000956    
   2.12999988      0.150618955    
   2.13999987      0.153075114    
   2.14999986      0.155393451    
   2.15999985      0.157587975    
   2.16999984      0.159689710    
   2.18000007      0.161697149    
   2.19000006      0.163625821    
   2.20000005      0.165484995    
   2.21000004      0.167283088    
   2.22000003      0.169025481    
   2.23000002      0.170718968    
   2.24000001      0.172368154    
   2.25000000      0.173977718    
   2.25999999      0.175550893    
   2.26999998      0.177091196    
   2.27999997      0.178601101    
   2.28999996      0.180084288    
   2.29999995      0.181542188    
   2.30999994      0.182976082    
   2.31999993      0.184388906    
   2.32999992      0.185782015    
   2.33999991      0.187156841    
   2.34999990      0.188514903    
   2.35999990      0.189856961    
   2.36999989      0.191183954    
   2.37999988      0.192497477    
   2.38999987      0.193798244    
   2.39999986      0.195086643    
   2.40999985      0.196363330    
   2.41999984      0.197630078    
   2.42999983      0.198886573    
   2.44000006      0.200133443    
   2.45000005      0.201371044    
   2.46000004      0.202600598    
   2.47000003      0.203822106    
   2.48000002      0.205035940    
   2.49000001      0.206242755    
   2.50000000      0.207442462    
   2.50999999      0.208635479    
   2.51999998      0.209822699    
   2.52999997      0.211003736    
   2.53999996      0.212179050    
   2.54999995      0.213349223    
   2.55999994      0.214514047    
   2.56999993      0.215674117    
   2.57999992      0.216829076    
   2.58999991      0.217979923    
   2.59999990      0.219126493    
   2.60999990      0.220268518    
   2.61999989      0.221406892    
   2.62999988      0.222541034    
   2.63999987      0.223671496    
   2.64999986      0.224798858    
   2.65999985      0.225922361    
   2.66999984      0.227042675    
   2.67999983      0.228159875    
   2.69000006      0.229273513    
   2.70000005      0.230385035    
   2.71000004      0.231492773    
   2.72000003      0.232598633    
   2.73000002      0.233701408    
   2.74000001      0.234801620    
   2.75000000      0.235899076    
   2.75999999      0.236994460    
   2.76999998      0.238086969    
   2.77999997      0.239177749    
   2.78999996      0.240265876    
   2.79999995      0.241352156    
   2.80999994      0.242435992    
   2.81999993      0.243518159    
   2.82999992      0.244598046    
   2.83999991      0.245675966    
   2.84999990      0.246752381    
   2.85999990      0.247826874    
   2.86999989      0.248899490    
   2.87999988      0.249970496    
   2.88999987      0.251039833    
   2.89999986      0.252107263    
   2.90999985      0.253173292    
   2.91999984      0.254237890    
   2.92999983      0.255300730    
   2.93999982      0.256362289    
   2.95000005      0.257421702    
   2.96000004      0.258480936    
   2.97000003      0.259538263    
   2.98000002      0.260593891    
   2.99000001      0.261648834    
   3.00000000      0.262701988    
   3.00999999      0.263753891    
   3.01999998      0.264804780    
   3.02999997      0.265853345    
   3.03999996      0.266902894    
   3.04999995      0.267950267    
   3.05999994      0.268996388    
   3.06999993      0.270041496    
   3.07999992      0.271085471    
   3.08999991      0.272128582    
   3.09999990      0.273170143    
   3.10999990      0.274210930    
   3.11999989      0.275251091    
   3.12999988      0.276289999    
   3.13999987      0.277327746    
   3.14999986      0.278364778    
   3.15999985      0.279400945    
   3.16999984      0.280436218    
   3.17999983      0.281470478    
   3.18999982      0.282503784    
   3.19999981      0.283536404    
   3.21000004      0.284567893    
   3.22000003      0.285599172    
   3.23000002      0.286629200    
   3.24000001      0.287658870    
   3.25000000      0.288687289    
   3.25999999      0.289715022    
   3.26999998      0.290742278    
   3.27999997      0.291768074    
   3.28999996      0.292793959    
   3.29999995      0.293818682    
   3.30999994      0.294842482    
   3.31999993      0.295866489    
   3.32999992      0.296888024    
   3.33999991      0.297911286    
   3.34999990      0.298932642    
   3.35999990      0.299953043    
   3.36999989      0.300973445    
   3.37999988      0.301992625    
   3.38999987      0.303011686    
   3.39999986      0.304030001    
   3.40999985      0.305047452    
   3.41999984      0.306064665    
   3.42999983      0.307081103    
   3.43999982      0.308097243    
   3.44999981      0.309112579    
   3.46000004      0.310127169    
   3.47000003      0.311141014    
   3.48000002      0.312154889    
   3.49000001      0.313168049    
   3.50000000      0.314180583    
   3.50999999      0.315192908    
