   9.99999978E-03   1.55719114E-04
   1.99999996E-02   2.61247274E-04
   2.99999993E-02   3.53034789E-04
   3.99999991E-02   4.59418981E-04
   4.99999970E-02   5.65643248E-04
   5.99999987E-02   6.68294961E-04
   7.00000003E-02   7.64574215E-04
   7.99999982E-02   8.55029619E-04
   8.99999961E-02   9.40520084E-04
   9.99999940E-02   1.02058053E-03
  0.109999999       1.09568133E-03
  0.119999997       1.16629654E-03
  0.129999995       1.23298971E-03
  0.140000001       1.29566889E-03
  0.149999991       1.35469949E-03
  0.159999996       1.41063426E-03
  0.170000002       1.46343512E-03
  0.179999992       1.51317648E-03
  0.189999998       1.56018417E-03
  0.199999988       1.60478614E-03
  0.209999993       1.64694746E-03
  0.219999999       1.68685650E-03
  0.229999989       1.72393827E-03
  0.239999995       1.76023424E-03
  0.250000000       1.79411774E-03
  0.259999990       1.82625640E-03
  0.269999981       1.85648573E-03
  0.280000001       1.88547291E-03
  0.289999992       1.91272912E-03
  0.299999982       1.93869299E-03
  0.310000002       1.96320331E-03
  0.319999993       1.98651780E-03
  0.329999983       2.00856873E-03
  0.340000004       2.02962989E-03
  0.349999994       2.04944215E-03
  0.359999985       2.06825091E-03
  0.370000005       2.08624033E-03
  0.379999995       2.10307189E-03
  0.389999986       2.11912091E-03
  0.399999976       2.13529845E-03
  0.409999996       2.14940589E-03
  0.419999987       2.16338201E-03
  0.429999977       2.17604009E-03
  0.439999998       2.18860502E-03
  0.449999988       2.20036297E-03
  0.459999979       2.21156422E-03
  0.469999999       2.22241972E-03
  0.479999989       2.23298836E-03
  0.489999980       2.24444503E-03
  0.500000000       2.27863947E-03
  0.509999990       2.27968465E-03
  0.519999981       2.28768215E-03
  0.529999971       2.29557534E-03
  0.539999962       2.30409182E-03
  0.550000012       2.31227791E-03
  0.560000002       2.31993129E-03
  0.569999993       2.32819351E-03
  0.579999983       2.33619940E-03
  0.589999974       2.34454172E-03
  0.599999964       2.35339697E-03
  0.610000014       2.36288179E-03
  0.620000005       2.37321970E-03
  0.629999995       2.38731643E-03
  0.639999986       2.40529492E-03
  0.649999976       2.43502273E-03
  0.659999967       2.51222658E-03
  0.669999957       2.87335087E-03
  0.680000007       2.83880532E-03
  0.689999998       2.83728098E-03
  0.699999988       2.84328242E-03
  0.709999979       2.85293744E-03
  0.719999969       2.86485977E-03
  0.729999959       2.87830411E-03
  0.740000010       2.89343391E-03
  0.750000000       2.90931435E-03
  0.759999990       2.92675965E-03
  0.769999981       2.94498145E-03
  0.779999971       2.96491128E-03
  0.789999962       2.98557291E-03
  0.799999952       3.00871977E-03
  0.810000002       3.03315488E-03
  0.819999993       3.05949012E-03
  0.829999983       3.08802398E-03
  0.839999974       3.11909220E-03
  0.849999964       3.15274112E-03
  0.859999955       3.19037400E-03
  0.870000005       3.23173380E-03
  0.879999995       3.27801611E-03
  0.889999986       3.32996249E-03
  0.899999976       3.38969729E-03
  0.909999967       3.45903379E-03
  0.919999957       3.53987026E-03
  0.930000007       3.63736274E-03
  0.939999998       3.75757343E-03
  0.949999988       3.91107285E-03
  0.959999979       4.11780272E-03
  0.969999969       4.41710884E-03
  0.979999959       4.91086952E-03
  0.989999950       5.97513141E-03
   1.00000000       1.31047592E-02
   1.00999999       1.28013697E-02
   1.01999998       1.26088951E-02
   1.02999997       1.25399297E-02
   1.03999996       1.25289494E-02
   1.04999995       1.25513636E-02
   1.05999994       1.25955632E-02
   1.06999993       1.26552023E-02
   1.07999992       1.27256354E-02
   1.09000003       1.28053166E-02
   1.10000002       1.28918560E-02
   1.11000001       1.29845925E-02
   1.12000000       1.30819250E-02
   1.13000000       1.31834196E-02
   1.13999999       1.32892122E-02
   1.14999998       1.33980718E-02
   1.15999997       1.35103473E-02
   1.16999996       1.36255184E-02
   1.17999995       1.37434928E-02
   1.18999994       1.38636511E-02
   1.19999993       1.39873372E-02
   1.20999992       1.41117135E-02
   1.22000003       1.42406123E-02
   1.23000002       1.43712899E-02
   1.24000001       1.45040983E-02
   1.25000000       1.46392453E-02
   1.25999999       1.47768548E-02
   1.26999998       1.49168596E-02
   1.27999997       1.50592821E-02
   1.28999996       1.52042918E-02
   1.29999995       1.53510813E-02
   1.30999994       1.55017683E-02
   1.31999993       1.56544447E-02
   1.32999992       1.58084650E-02
   1.33999991       1.59680266E-02
   1.35000002       1.61288921E-02
   1.36000001       1.62927229E-02
   1.37000000       1.64597724E-02
   1.38000000       1.66297927E-02
   1.38999999       1.68021731E-02
   1.39999998       1.69797037E-02
   1.40999997       1.71598215E-02
   1.41999996       1.73435621E-02
   1.42999995       1.75309982E-02
   1.43999994       1.77223086E-02
   1.44999993       1.79177932E-02
   1.45999992       1.81172695E-02
   1.46999991       1.83211397E-02
   1.48000002       1.85298007E-02
   1.49000001       1.87429860E-02
   1.50000000       1.89613905E-02
   1.50999999       1.91851165E-02
   1.51999998       1.94139481E-02
   1.52999997       1.96487065E-02
   1.53999996       1.98899638E-02
   1.54999995       2.01365817E-02
   1.55999994       2.03903113E-02
   1.56999993       2.06510257E-02
   1.57999992       2.09190715E-02
   1.58999991       2.11949702E-02
   1.59999990       2.14790907E-02
   1.61000001       2.17718594E-02
   1.62000000       2.20738091E-02
   1.63000000       2.23855320E-02
   1.63999999       2.27077361E-02
   1.64999998       2.30409019E-02
   1.65999997       2.33858973E-02
   1.66999996       2.37436276E-02
   1.67999995       2.41141617E-02
   1.68999994       2.44994089E-02
   1.69999993       2.48999521E-02
   1.70999992       2.53172498E-02
   1.71999991       2.57525388E-02
   1.73000002       2.62069479E-02
   1.74000001       2.66825166E-02
   1.75000000       2.71768626E-02
   1.75999999       2.77038831E-02
   1.76999998       2.82538701E-02
   1.77999997       2.88339537E-02
   1.78999996       2.94466894E-02
   1.79999995       3.00955232E-02
   1.80999994       3.07845529E-02
   1.81999993       3.15179862E-02
   1.82999992       3.23022716E-02
   1.83999991       3.31422389E-02
   1.84999990       3.40472981E-02
   1.86000001       3.50246914E-02
   1.87000000       3.60866114E-02
   1.88000000       3.72458138E-02
   1.88999999       3.85190733E-02
   1.89999998       3.99272740E-02
   1.90999997       4.14971225E-02
   1.91999996       4.32635061E-02
   1.92999995       4.52720858E-02
   1.93999994       4.75859977E-02
   1.94999993       5.02930954E-02
   1.95999992       5.35215139E-02
   1.96999991       5.74651808E-02
   1.97999990       6.24348745E-02
   1.99000001       6.89574182E-02
   2.00000000       7.79874921E-02
   2.00999999       9.08263177E-02
   2.01999998      0.102243952    
   2.02999997      0.111490257    
   2.03999996      0.119070180    
   2.04999995      0.125421375    
   2.05999994      0.130855650    
   2.06999993      0.135591239    
   2.07999992      0.139784545    
   2.08999991      0.143111870    
   2.09999990      0.146963835    
   2.10999990      0.150097206    
   2.11999989      0.152995899    
   2.12999988      0.155698553    
   2.13999987      0.158235252    
   2.14999986      0.160630375    
   2.15999985      0.162898123    
   2.16999984      0.165070206    
   2.18000007      0.167144880    
   2.19000006      0.169138789    
   2.20000005      0.171060681    
   2.21000004      0.172919661    
   2.22000003      0.174721122    
   2.23000002      0.176472142    
   2.24000001      0.178177163    
   2.25000000      0.179841325    
   2.25999999      0.181467712    
   2.26999998      0.183059841    
   2.27999997      0.184621200    
   2.28999996      0.186154231    
   2.29999995      0.187660947    
   2.30999994      0.189143389    
   2.31999993      0.190603629    
   2.32999992      0.192043498    
   2.33999991      0.193464503    
   2.34999990      0.194867358    
   2.35999990      0.196254686    
   2.36999989      0.197626084    
   2.37999988      0.198983431    
   2.38999987      0.200327486    
   2.39999986      0.201658815    
   2.40999985      0.202978134    
   2.41999984      0.204286516    
   2.42999983      0.205584526    
   2.44000006      0.206872642    
   2.45000005      0.208151400    
   2.46000004      0.209421307    
   2.47000003      0.210682839    
   2.48000002      0.211936831    
   2.49000001      0.213183016    
   2.50000000      0.214422211    
   2.50999999      0.215654388    
   2.51999998      0.216880396    
   2.52999997      0.218100175    
   2.53999996      0.219313949    
   2.54999995      0.220522314    
   2.55999994      0.221725181    
   2.56999993      0.222923025    
   2.57999992      0.224116072    
   2.58999991      0.225300625    
   2.59999990      0.226487875    
   2.60999990      0.227667108    
   2.61999989      0.228842467    
   2.62999988      0.230013579    
   2.63999987      0.231180593    
   2.64999986      0.232344612    
   2.65999985      0.233504444    
   2.66999984      0.234661192    
   2.67999983      0.235814452    
   2.69000006      0.236964062    
   2.70000005      0.238111570    
   2.71000004      0.239255711    
   2.72000003      0.240396693    
   2.73000002      0.241535246    
   2.74000001      0.242670730    
   2.75000000      0.243803918    
   2.75999999      0.244934320    
   2.76999998      0.246062472    
   2.77999997      0.247188061    
   2.78999996      0.248310998    
   2.79999995      0.249432459    
   2.80999994      0.250551432    
   2.81999993      0.251668274    
   2.82999992      0.252783000    
   2.83999991      0.253895372    
   2.84999990      0.255006611    
   2.85999990      0.256115764    
   2.86999989      0.257222593    
   2.87999988      0.258328199    
   2.88999987      0.259431750    
   2.89999986      0.260533601    
   2.90999985      0.261633724    
   2.91999984      0.262732267    
   2.92999983      0.263829440    
   2.93999982      0.264924854    
   2.95000005      0.266018480    
   2.96000004      0.267111689    
   2.97000003      0.268202722    
   2.98000002      0.269292593    
   2.99000001      0.270380735    
   3.00000000      0.271467865    
   3.00999999      0.272553444    
   3.01999998      0.273637950    
   3.02999997      0.274721056    
   3.03999996      0.275803506    
   3.04999995      0.276883811    
   3.05999994      0.277963996    
   3.06999993      0.279042244    
   3.07999992      0.280119777    
   3.08999991      0.281195879    
   3.09999990      0.282270968    
   3.10999990      0.283345252    
   3.11999989      0.284418464    
   3.12999988      0.285490543    
   3.13999987      0.286561668    
   3.14999986      0.287631750    
   3.15999985      0.288700938    
   3.16999984      0.289769441    
   3.17999983      0.290836960    
   3.18999982      0.291903168    
   3.19999981      0.292968810    
   3.21000004      0.294033080    
   3.22000003      0.295097530    
   3.23000002      0.296160638    
   3.24000001      0.297222644    
   3.25000000      0.298284113    
   3.25999999      0.299344540    
   3.26999998      0.300404370    
   3.27999997      0.301463574    
   3.28999996      0.302521855    
   3.29999995      0.303579330    
   3.30999994      0.304636121    
   3.31999993      0.305692077    
   3.32999992      0.306746900    
   3.33999991      0.307802349    
   3.34999990      0.308856279    
   3.35999990      0.309909642    
   3.36999989      0.310962021    
   3.37999988      0.312013954    
   3.38999987      0.313065559    
   3.39999986      0.314116120    
   3.40999985      0.315166384    
   3.41999984      0.316215754    
   3.42999983      0.317264736    
   3.43999982      0.318313181    
   3.44999981      0.319360465    
   3.46000004      0.320407867    
   3.47000003      0.321454495    
   3.48000002      0.322500408    
   3.49000001      0.323545605    
   3.50000000      0.324590445    
   3.50999999      0.325635105    
