   9.99999978E-03   1.54139881E-04
   1.99999996E-02   2.55980296E-04
   2.99999993E-02   3.48562578E-04
   3.99999991E-02   4.54055786E-04
   4.99999970E-02   5.59065200E-04
   5.99999987E-02   6.59761310E-04
   7.00000003E-02   7.54955690E-04
   7.99999982E-02   8.43873189E-04
   8.99999961E-02   9.27845773E-04
   9.99999940E-02   1.00644864E-03
  0.109999999       1.08020834E-03
  0.119999997       1.14949280E-03
  0.129999995       1.21536397E-03
  0.140000001       1.27634977E-03
  0.149999991       1.33433461E-03
  0.159999996       1.38920860E-03
  0.170000002       1.44104217E-03
  0.179999992       1.48975989E-03
  0.189999998       1.53585558E-03
  0.199999988       1.57958909E-03
  0.209999993       1.62092980E-03
  0.219999999       1.66005187E-03
  0.229999989       1.69694447E-03
  0.239999995       1.73200574E-03
  0.250000000       1.76518632E-03
  0.259999990       1.79668597E-03
  0.269999981       1.82631821E-03
  0.280000001       1.85470842E-03
  0.289999992       1.88142364E-03
  0.299999982       1.90760521E-03
  0.310000002       1.93087640E-03
  0.319999993       1.95371360E-03
  0.329999983       1.97530445E-03
  0.340000004       1.99732324E-03
  0.349999994       2.01537996E-03
  0.359999985       2.03376403E-03
  0.370000005       2.05137837E-03
  0.379999995       2.06785649E-03
  0.389999986       2.08356208E-03
  0.399999976       2.09931564E-03
  0.409999996       2.11314880E-03
  0.419999987       2.12672469E-03
  0.429999977       2.13920767E-03
  0.439999998       2.15147249E-03
  0.449999988       2.16297084E-03
  0.459999979       2.17389269E-03
  0.469999999       2.18447251E-03
  0.479999989       2.19472311E-03
  0.489999980       2.20574602E-03
  0.500000000       2.23752647E-03
  0.509999990       2.23916024E-03
  0.519999981       2.24696449E-03
  0.529999971       2.25463812E-03
  0.539999962       2.26288731E-03
  0.550000012       2.27077794E-03
  0.560000002       2.27815402E-03
  0.569999993       2.28606584E-03
  0.579999983       2.29372503E-03
  0.589999974       2.30167550E-03
  0.599999964       2.31010467E-03
  0.610000014       2.31827423E-03
  0.620000005       2.32872972E-03
  0.629999995       2.34186416E-03
  0.639999986       2.35856790E-03
  0.649999976       2.38510361E-03
  0.659999967       2.45680474E-03
  0.669999957       2.79738777E-03
  0.680000007       2.76547321E-03
  0.689999998       2.76424619E-03
  0.699999988       2.77002249E-03
  0.709999979       2.77923187E-03
  0.719999969       2.79051648E-03
  0.729999959       2.80339364E-03
  0.740000010       2.81756814E-03
  0.750000000       2.83240969E-03
  0.759999990       2.84881890E-03
  0.769999981       2.86596245E-03
  0.779999971       2.88431928E-03
  0.789999962       2.90455739E-03
  0.799999952       2.92590098E-03
  0.810000002       2.94864061E-03
  0.819999993       2.97332788E-03
  0.829999983       3.00006359E-03
  0.839999974       3.02916719E-03
  0.849999964       3.06067942E-03
  0.859999955       3.09595326E-03
  0.870000005       3.13465181E-03
  0.879999995       3.17792268E-03
  0.889999986       3.22661316E-03
  0.899999976       3.28252977E-03
  0.909999967       3.34745855E-03
  0.919999957       3.42313456E-03
  0.930000007       3.51441721E-03
  0.939999998       3.62598733E-03
  0.949999988       3.77085479E-03
  0.959999979       3.96441482E-03
  0.969999969       4.24498972E-03
  0.979999959       4.70812013E-03
  0.989999950       5.70855988E-03
   1.00000000       1.26042031E-02
   1.00999999       1.22961011E-02
   1.01999998       1.21099707E-02
   1.02999997       1.20438375E-02
   1.03999996       1.20335966E-02
   1.04999995       1.20554436E-02
   1.05999994       1.20981894E-02
   1.06999993       1.21556949E-02
   1.07999992       1.22235194E-02
   1.09000003       1.23001691E-02
   1.10000002       1.23833828E-02
   1.11000001       1.24725047E-02
   1.12000000       1.25659993E-02
   1.13000000       1.26637341E-02
   1.13999999       1.27649931E-02
   1.14999998       1.28401890E-02
   1.15999997       1.29771931E-02
   1.16999996       1.30876983E-02
   1.17999995       1.32008493E-02
   1.18999994       1.33160781E-02
   1.19999993       1.34347053E-02
   1.20999992       1.35539761E-02
   1.22000003       1.36775719E-02
   1.23000002       1.38028655E-02
   1.24000001       1.39301699E-02
   1.25000000       1.40597411E-02
   1.25999999       1.41916573E-02
   1.26999998       1.43258329E-02
   1.27999997       1.44623574E-02
   1.28999996       1.46013275E-02
   1.29999995       1.47420159E-02
   1.30999994       1.48864267E-02
   1.31999993       1.50327515E-02
   1.32999992       1.51803605E-02
   1.33999991       1.53332483E-02
   1.35000002       1.54874166E-02
   1.36000001       1.56444125E-02
   1.37000000       1.58044957E-02
   1.38000000       1.59674641E-02
   1.38999999       1.61325559E-02
   1.39999998       1.63027067E-02
   1.40999997       1.64753273E-02
   1.41999996       1.66513734E-02
   1.42999995       1.68310013E-02
   1.43999994       1.70143489E-02
   1.44999993       1.72016565E-02
   1.45999992       1.73927862E-02
   1.46999991       1.75881758E-02
   1.48000002       1.77881122E-02
   1.49000001       1.79924220E-02
   1.50000000       1.82017311E-02
   1.50999999       1.84161272E-02
   1.51999998       1.86354574E-02
   1.52999997       1.88604295E-02
   1.53999996       1.90916657E-02
   1.54999995       1.93280485E-02
   1.55999994       1.95712298E-02
   1.56999993       1.98211111E-02
   1.57999992       2.00780723E-02
   1.58999991       2.03425419E-02
   1.59999990       2.06149071E-02
   1.61000001       2.08955836E-02
   1.62000000       2.11850777E-02
   1.63000000       2.14840062E-02
   1.63999999       2.17928831E-02
   1.64999998       2.21129525E-02
   1.65999997       2.24431865E-02
   1.66999996       2.27862988E-02
   1.67999995       2.31416430E-02
   1.68999994       2.35111900E-02
   1.69999993       2.38954127E-02
   1.70999992       2.42958199E-02
   1.71999991       2.47133616E-02
   1.73000002       2.51494087E-02
   1.74000001       2.56057978E-02
   1.75000000       2.60801390E-02
   1.75999999       2.65857279E-02
   1.76999998       2.71141920E-02
   1.77999997       2.76711863E-02
   1.78999996       2.82596629E-02
   1.79999995       2.88829058E-02
   1.80999994       2.95449328E-02
   1.81999993       3.02497502E-02
   1.82999992       3.10036372E-02
   1.83999991       3.18112895E-02
   1.84999990       3.26817967E-02
   1.86000001       3.36221606E-02
   1.87000000       3.46443169E-02
   1.88000000       3.57606150E-02
   1.88999999       3.69873792E-02
   1.89999998       3.83449532E-02
   1.90999997       3.98594476E-02
   1.91999996       4.15648669E-02
   1.92999995       4.35060486E-02
   1.93999994       4.57450151E-02
   1.94999993       4.83682528E-02
   1.95999992       5.15024960E-02
   1.96999991       5.53407334E-02
   1.97999990       6.01937100E-02
   1.99000001       6.65939301E-02
   2.00000000       7.55204037E-02
   2.00999999       8.83296058E-02
   2.01999998       9.96843055E-02
   2.02999997      0.108844340    
   2.03999996      0.116331778    
   2.04999995      0.122591868    
   2.05999994      0.127939403    
   2.06999993      0.132593140    
   2.07999992      0.136709973    
   2.08999991      0.140401125    
   2.09999990      0.143750325    
   2.10999990      0.146820635    
   2.11999989      0.149659842    
   2.12999988      0.152306125    
   2.13999987      0.154789135    
   2.14999986      0.157133162    
   2.15999985      0.159352019    
   2.16999984      0.161477253    
   2.18000007      0.163507253    
   2.19000006      0.165457577    
   2.20000005      0.167337522    
   2.21000004      0.169155955    
   2.22000003      0.170918122    
   2.23000002      0.172628194    
   2.24000001      0.174298525    
   2.25000000      0.175926283    
   2.25999999      0.177517086    
   2.26999998      0.179074705    
   2.27999997      0.180601776    
   2.28999996      0.182101473    
   2.29999995      0.183575556    
   2.30999994      0.185025737    
   2.31999993      0.186454266    
   2.32999992      0.187862903    
   2.33999991      0.189253345    
   2.34999990      0.190626338    
   2.35999990      0.191983208    
   2.36999989      0.193325162    
   2.37999988      0.194653228    
   2.38999987      0.195968375    
   2.39999986      0.197271168    
   2.40999985      0.198562071    
   2.41999984      0.199842513    
   2.42999983      0.201112822    
   2.44000006      0.202373520    
   2.45000005      0.203624606    
   2.46000004      0.204867661    
   2.47000003      0.206102595    
   2.48000002      0.207329780    
   2.49000001      0.208549872    
   2.50000000      0.209762484    
   2.50999999      0.210968807    
   2.51999998      0.212168574    
   2.52999997      0.213362560    
   2.53999996      0.214550748    
   2.54999995      0.215733573    
   2.55999994      0.216911271    
   2.56999993      0.218083665    
   2.57999992      0.219251499    
   2.58999991      0.220414624    
   2.59999990      0.221573427    
   2.60999990      0.222728044    
   2.61999989      0.223878562    
   2.62999988      0.225025192    
   2.63999987      0.226167828    
   2.64999986      0.227307379    
   2.65999985      0.228442818    
   2.66999984      0.229575559    
   2.67999983      0.230704501    
   2.69000006      0.231830090    
   2.70000005      0.232953772    
   2.71000004      0.234073773    
   2.72000003      0.235190988    
   2.73000002      0.236305833    
   2.74000001      0.237417623    
   2.75000000      0.238527030    
   2.75999999      0.239634022    
   2.76999998      0.240738496    
   2.77999997      0.241840720    
   2.78999996      0.242940336    
   2.79999995      0.244038537    
   2.80999994      0.245133787    
   2.81999993      0.246227771    
   2.82999992      0.247319356    
   2.83999991      0.248408601    
   2.84999990      0.249496683    
   2.85999990      0.250582576    
   2.86999989      0.251666754    
   2.87999988      0.252749294    
   2.88999987      0.253829926    
   2.89999986      0.254908770    
   2.90999985      0.255986333    
   2.91999984      0.257061958    
   2.92999983      0.258136362    
   2.93999982      0.259209245    
   2.95000005      0.260280192    
   2.96000004      0.261350602    
   2.97000003      0.262419105    
   2.98000002      0.263486147    
   2.99000001      0.264551818    
   3.00000000      0.265616387    
   3.00999999      0.266679585    
   3.01999998      0.267742127    
   3.02999997      0.268801302    
   3.03999996      0.269862294    
   3.04999995      0.270920724    
   3.05999994      0.271977961    
   3.06999993      0.273034304    
   3.07999992      0.274089456    
   3.08999991      0.275143355    
   3.09999990      0.276196212    
   3.10999990      0.277248144    
   3.11999989      0.278299212    
   3.12999988      0.279343367    
   3.13999987      0.280398101    
   3.14999986      0.281446308    
   3.15999985      0.282493353    
   3.16999984      0.283539623    
   3.17999983      0.284584939    
   3.18999982      0.285629541    
   3.19999981      0.286673188    
   3.21000004      0.287715524    
   3.22000003      0.288757682    
   3.23000002      0.289798647    
   3.24000001      0.290839046    
   3.25000000      0.291878313    
   3.25999999      0.292917103    
   3.26999998      0.293955028    
   3.27999997      0.294992238    
   3.28999996      0.296028763    
   3.29999995      0.297064483    
   3.30999994      0.298098862    
   3.31999993      0.299133837    
   3.32999992      0.300166517    
   3.33999991      0.301200271    
   3.34999990      0.302232534    
   3.35999990      0.303263903    
   3.36999989      0.304294854    
   3.37999988      0.305325270    
   3.38999987      0.306355119    
   3.39999986      0.307383806    
   3.40999985      0.308412462    
   3.41999984      0.309440702    
   3.42999983      0.310467750    
   3.43999982      0.311494440    
   3.44999981      0.312520206    
   3.46000004      0.313545972    
   3.47000003      0.314571232    
   3.48000002      0.315595329    
   3.49000001      0.316619009    
   3.50000000      0.317642510    
   3.50999999      0.318665326    
