   9.99999978E-03   1.61392833E-04
   1.99999996E-02   2.82013032E-04
   2.99999993E-02   3.71443370E-04
   3.99999991E-02   4.79607290E-04
   4.99999970E-02   5.90527197E-04
   5.99999987E-02   6.98445714E-04
   7.00000003E-02   8.01268150E-04
   7.99999982E-02   8.97944614E-04
   8.99999961E-02   9.89028602E-04
   9.99999940E-02   1.07492122E-03
  0.109999999       1.15537038E-03
  0.119999997       1.23126199E-03
  0.129999995       1.30293251E-03
  0.140000001       1.37031137E-03
  0.149999991       1.43378018E-03
  0.159999996       1.49407773E-03
  0.170000002       1.55080575E-03
  0.179999992       1.60440640E-03
  0.189999998       1.65503076E-03
  0.199999988       1.70308631E-03
  0.209999993       1.74851844E-03
  0.219999999       1.79165578E-03
  0.229999989       1.82623824E-03
  0.239999995       1.87073601E-03
  0.250000000       1.90728728E-03
  0.259999990       1.94192980E-03
  0.269999981       1.97458011E-03
  0.280000001       2.00591190E-03
  0.289999992       2.03539268E-03
  0.299999982       2.06344086E-03
  0.310000002       2.08991277E-03
  0.319999993       2.11539003E-03
  0.329999983       2.13899394E-03
  0.340000004       2.16180808E-03
  0.349999994       2.18323455E-03
  0.359999985       2.20420188E-03
  0.370000005       2.22294033E-03
  0.379999995       2.24137446E-03
  0.389999986       2.25893268E-03
  0.399999976       2.27718079E-03
  0.409999996       2.29216018E-03
  0.419999987       2.30708439E-03
  0.429999977       2.32113223E-03
  0.439999998       2.33467086E-03
  0.449999988       2.34754290E-03
  0.459999979       2.35987175E-03
  0.469999999       2.37187999E-03
  0.479999989       2.38381443E-03
  0.489999980       2.39676260E-03
  0.500000000       2.44109333E-03
  0.509999990       2.44077016E-03
  0.519999981       2.44840956E-03
  0.529999971       2.45874282E-03
  0.539999962       2.46803067E-03
  0.550000012       2.47748033E-03
  0.560000002       2.48665642E-03
  0.569999993       2.49616127E-03
  0.579999983       2.50574294E-03
  0.589999974       2.51586270E-03
  0.599999964       2.52682925E-03
  0.610000014       2.53892876E-03
  0.620000005       2.55229929E-03
  0.629999995       2.56998581E-03
  0.639999986       2.59480160E-03
  0.649999976       2.63543334E-03
  0.659999967       2.74245325E-03
  0.669999957       3.19158519E-03
  0.680000007       3.14679765E-03
  0.689999998       3.14116059E-03
  0.699999988       3.14999907E-03
  0.709999979       3.16029182E-03
  0.719999969       3.17599764E-03
  0.729999959       3.19322059E-03
  0.740000010       3.21202725E-03
  0.750000000       3.23216873E-03
  0.759999990       3.25405528E-03
  0.769999981       3.27738235E-03
  0.779999971       3.30273644E-03
  0.789999962       3.32975062E-03
  0.799999952       3.35879903E-03
  0.810000002       3.38998181E-03
  0.819999993       3.42360162E-03
  0.829999983       3.46014346E-03
  0.839999974       3.49913607E-03
  0.849999964       3.54319555E-03
  0.859999955       3.59127694E-03
  0.870000005       3.64460330E-03
  0.879999995       3.70407593E-03
  0.889999986       3.77087784E-03
  0.899999976       3.84760322E-03
  0.909999967       3.93637875E-03
  0.919999957       4.04049549E-03
  0.930000007       4.16578865E-03
  0.939999998       4.32011299E-03
  0.949999988       4.51729586E-03
  0.959999979       4.78104642E-03
  0.969999969       5.16475970E-03
  0.979999959       5.79359615E-03
  0.989999950       7.13913143E-03
   1.00000000       1.52135119E-02
   1.00999999       1.49359619E-02
   1.01999998       1.47188641E-02
   1.02999997       1.46387387E-02
   1.03999996       1.46248657E-02
   1.04999995       1.46497227E-02
   1.05999994       1.47001017E-02
   1.06999993       1.47686340E-02
   1.07999992       1.48502635E-02
   1.09000003       1.49424430E-02
   1.10000002       1.50430147E-02
   1.11000001       1.51507398E-02
   1.12000000       1.52644133E-02
   1.13000000       1.53832231E-02
   1.13999999       1.55065022E-02
   1.14999998       1.56340264E-02
   1.15999997       1.57652143E-02
   1.16999996       1.59000736E-02
   1.17999995       1.60382744E-02
   1.18999994       1.61792096E-02
   1.19999993       1.63242128E-02
   1.20999992       1.64712220E-02
   1.22000003       1.66213475E-02
   1.23000002       1.67747457E-02
   1.24000001       1.69306770E-02
   1.25000000       1.70894042E-02
   1.25999999       1.72510538E-02
   1.26999998       1.74155626E-02
   1.27999997       1.75829269E-02
   1.28999996       1.77533533E-02
   1.29999995       1.79267712E-02
   1.30999994       1.81030072E-02
   1.31999993       1.82825066E-02
   1.32999992       1.84651427E-02
   1.33999991       1.86512005E-02
   1.35000002       1.88403837E-02
   1.36000001       1.90330520E-02
   1.37000000       1.92295369E-02
   1.38000000       1.94294527E-02
   1.38999999       1.96323544E-02
   1.39999998       1.98409911E-02
   1.40999997       2.00528502E-02
   1.41999996       2.02684011E-02
   1.42999995       2.04892308E-02
   1.43999994       2.07143724E-02
   1.44999993       2.09443290E-02
   1.45999992       2.11788397E-02
   1.46999991       2.14186274E-02
   1.48000002       2.16639061E-02
   1.49000001       2.19146013E-02
   1.50000000       2.21713446E-02
   1.50999999       2.24343669E-02
   1.51999998       2.27033459E-02
   1.52999997       2.29792204E-02
   1.53999996       2.32621618E-02
   1.54999995       2.35525463E-02
   1.55999994       2.38506086E-02
   1.56999993       2.41569113E-02
   1.57999992       2.44717542E-02
   1.58999991       2.47957464E-02
   1.59999990       2.51293611E-02
   1.61000001       2.54730135E-02
   1.62000000       2.58274227E-02
   1.63000000       2.61932947E-02
   1.63999999       2.65711844E-02
   1.64999998       2.69619301E-02
   1.65999997       2.73664054E-02
   1.66999996       2.77852956E-02
   1.67999995       2.82199215E-02
   1.68999994       2.86712646E-02
   1.69999993       2.91404072E-02
   1.70999992       2.96288207E-02
   1.71999991       3.01381052E-02
   1.73000002       3.06697413E-02
   1.74000001       3.12255751E-02
   1.75000000       3.18076573E-02
   1.75999999       3.24186422E-02
   1.76999998       3.30602750E-02
   1.77999997       3.37371007E-02
   1.78999996       3.44512612E-02
   1.79999995       3.52069102E-02
   1.80999994       3.60087082E-02
   1.81999993       3.68614271E-02
   1.82999992       3.77722494E-02
   1.83999991       3.87468003E-02
   1.84999990       3.97953056E-02
   1.86000001       4.09261659E-02
   1.87000000       4.21528034E-02
   1.88000000       4.34894487E-02
   1.88999999       4.49546464E-02
   1.89999998       4.65712845E-02
   1.90999997       4.83685732E-02
   1.91999996       5.03842384E-02
   1.92999995       5.26676141E-02
   1.93999994       5.52861094E-02
   1.94999993       5.83314113E-02
   1.95999992       6.19370341E-02
   1.96999991       6.62999377E-02
   1.97999990       7.17280060E-02
   1.99000001       7.87233412E-02
   2.00000000       8.81471485E-02
   2.00999999      0.101097591    
   2.01999998      0.112744443    
   2.02999997      0.122310951    
   2.03999996      0.130238965    
   2.04999995      0.136936635    
   2.05999994      0.142703921    
   2.06999993      0.147755474    
   2.07999992      0.152244776    
   2.08999991      0.156286567    
   2.09999990      0.159965515    
   2.10999990      0.163346425    
   2.11999989      0.166479483    
   2.12999988      0.169404164    
   2.13999987      0.172152326    
   2.14999986      0.174748927    
   2.15999985      0.177215084    
   2.16999984      0.179567546    
   2.18000007      0.181820944    
   2.19000006      0.183986768    
   2.20000005      0.186075270    
   2.21000004      0.188095093    
   2.22000003      0.190053493    
   2.23000002      0.191956908    
   2.24000001      0.193810225    
   2.25000000      0.195619151    
   2.25999999      0.197387055    
   2.26999998      0.199117854    
   2.27999997      0.200814724    
   2.28999996      0.202480569    
   2.29999995      0.204118013    
   2.30999994      0.205729008    
   2.31999993      0.207315728    
   2.32999992      0.208880290    
   2.33999991      0.210423931    
   2.34999990      0.211948276    
   2.35999990      0.213454589    
   2.36999989      0.214943931    
   2.37999988      0.216416866    
   2.38999987      0.217877224    
   2.39999986      0.219322398    
   2.40999985      0.220754594    
   2.41999984      0.222174779    
   2.42999983      0.223584026    
   2.44000006      0.224981755    
   2.45000005      0.226369113    
   2.46000004      0.227747351    
   2.47000003      0.229116216    
   2.48000002      0.230476469    
   2.49000001      0.231828496    
   2.50000000      0.233172610    
   2.50999999      0.234509379    
   2.51999998      0.235838994    
   2.52999997      0.237161487    
   2.53999996      0.238477930    
   2.54999995      0.239788130    
   2.55999994      0.241092384    
   2.56999993      0.242391139    
   2.57999992      0.243684486    
   2.58999991      0.244972557    
   2.59999990      0.246255621    
   2.60999990      0.247534111    
   2.61999989      0.248807833    
   2.62999988      0.250076860    
   2.63999987      0.251342267    
   2.64999986      0.252603471    
   2.65999985      0.253860593    
   2.66999984      0.255114079    
   2.67999983      0.256363660    
   2.69000006      0.257609844    
   2.70000005      0.258852780    
   2.71000004      0.260092467    
   2.72000003      0.261328638    
   2.73000002      0.262562096    
   2.74000001      0.263792396    
   2.75000000      0.265019625    
   2.75999999      0.266244471    
   2.76999998      0.267460048    
   2.77999997      0.268685669    
   2.78999996      0.269902438    
   2.79999995      0.271117151    
   2.80999994      0.272328943    
   2.81999993      0.273538589    
   2.82999992      0.274746031    
   2.83999991      0.275950670    
   2.84999990      0.277154118    
   2.85999990      0.278355241    
   2.86999989      0.279554337    
   2.87999988      0.280751437    
   2.88999987      0.281946570    
   2.89999986      0.283139616    
   2.90999985      0.284331083    
   2.91999984      0.285520941    
   2.92999983      0.286708862    
   2.93999982      0.287892789    
   2.95000005      0.289079696    
   2.96000004      0.290262818    
   2.97000003      0.291444063    
   2.98000002      0.292623907    
   2.99000001      0.293802679    
   3.00000000      0.294979632    
   3.00999999      0.296155274    
   3.01999998      0.297329426    
   3.02999997      0.298502386    
   3.03999996      0.299673557    
   3.04999995      0.300843745    
   3.05999994      0.302013069    
   3.06999993      0.303180516    
   3.07999992      0.304346740    
   3.08999991      0.305511892    
   3.09999990      0.306676149    
   3.10999990      0.307838976    
   3.11999989      0.309000760    
   3.12999988      0.310161442    
   3.13999987      0.311320812    
   3.14999986      0.312479258    
   3.15999985      0.313636959    
   3.16999984      0.314793378    
   3.17999983      0.315948784    
   3.18999982      0.317103028    
   3.19999981      0.318256825    
   3.21000004      0.319409341    
   3.22000003      0.320560902    
   3.23000002      0.321711600    
   3.24000001      0.322861701    
   3.25000000      0.324010611    
   3.25999999      0.325158447    
   3.26999998      0.326305985    
   3.27999997      0.327452272    
   3.28999996      0.328597605    
   3.29999995      0.329742193    
   3.30999994      0.330886364    
   3.31999993      0.332029343    
   3.32999992      0.333171040    
   3.33999991      0.334313542    
   3.34999990      0.335454434    
   3.35999990      0.336594224    
   3.36999989      0.337734014    
   3.37999988      0.338872522    
   3.38999987      0.340010375    
   3.39999986      0.341147840    
   3.40999985      0.342284113    
   3.41999984      0.343420684    
   3.42999983      0.344555825    
   3.43999982      0.345690012    
   3.44999981      0.346824378    
   3.46000004      0.347957671    
   3.47000003      0.349090546    
   3.48000002      0.350222439    
   3.49000001      0.351354122    
   3.50000000      0.352485031    
   3.50999999      0.353615284    
