   9.99999978E-03   1.60312222E-04
   1.99999996E-02   2.79331143E-04
   2.99999993E-02   3.69111105E-04
   3.99999991E-02   4.77108697E-04
   4.99999970E-02   5.87565708E-04
   5.99999987E-02   6.94734801E-04
   7.00000003E-02   7.96812354E-04
   7.99999982E-02   8.92749697E-04
   8.99999961E-02   9.83204227E-04
   9.99999940E-02   1.06828997E-03
  0.109999999       1.14806148E-03
  0.119999997       1.22331281E-03
  0.129999995       1.29436352E-03
  0.140000001       1.36114762E-03
  0.149999991       1.42407150E-03
  0.159999996       1.48383772E-03
  0.170000002       1.54006155E-03
  0.179999992       1.59316685E-03
  0.189999998       1.64670590E-03
  0.199999988       1.69099192E-03
  0.209999993       1.73599680E-03
  0.219999999       1.77875406E-03
  0.229999989       1.81887730E-03
  0.239999995       1.85710681E-03
  0.250000000       1.89331966E-03
  0.259999990       1.92768313E-03
  0.269999981       1.95999769E-03
  0.280000001       1.99104729E-03
  0.289999992       2.02023890E-03
  0.299999982       2.04802514E-03
  0.310000002       2.07425072E-03
  0.319999993       2.09948700E-03
  0.329999983       2.12286529E-03
  0.340000004       2.14546337E-03
  0.349999994       2.17330013E-03
  0.359999985       2.18744157E-03
  0.370000005       2.20600795E-03
  0.379999995       2.22424068E-03
  0.389999986       2.24167109E-03
  0.399999976       2.25957762E-03
  0.409999996       2.27449369E-03
  0.419999987       2.28926749E-03
  0.429999977       2.30314070E-03
  0.439999998       2.31656735E-03
  0.449999988       2.32929969E-03
  0.459999979       2.34148069E-03
  0.469999999       2.35334318E-03
  0.479999989       2.36509787E-03
  0.489999980       2.37779389E-03
  0.500000000       2.42076069E-03
  0.509999990       2.42066500E-03
  0.519999981       2.42861104E-03
  0.529999971       2.43839598E-03
  0.539999962       2.44753901E-03
  0.550000012       2.45682127E-03
  0.560000002       2.46581924E-03
  0.569999993       2.47512222E-03
  0.579999983       2.48447200E-03
  0.589999974       2.49438360E-03
  0.599999964       2.50505726E-03
  0.610000014       2.51680776E-03
  0.620000005       2.52947840E-03
  0.629999995       2.54687038E-03
  0.639999986       2.57080165E-03
  0.649999976       2.60990695E-03
  0.659999967       2.71277083E-03
  0.669999957       3.15033947E-03
  0.680000007       3.10694985E-03
  0.689999998       3.10165598E-03
  0.699999988       3.11027444E-03
  0.709999979       3.12173599E-03
  0.719999969       3.13564716E-03
  0.729999959       3.15241003E-03
  0.740000010       3.17070447E-03
  0.750000000       3.19028646E-03
  0.759999990       3.21161211E-03
  0.769999981       3.23421857E-03
  0.779999971       3.25884554E-03
  0.789999962       3.28507717E-03
  0.799999952       3.31327599E-03
  0.810000002       3.34354420E-03
  0.819999993       3.37616750E-03
  0.829999983       3.41162621E-03
  0.839999974       3.44942324E-03
  0.849999964       3.49217071E-03
  0.859999955       3.53885605E-03
  0.870000005       3.59059474E-03
  0.879999995       3.64828319E-03
  0.889999986       3.71334027E-03
  0.899999976       3.78751243E-03
  0.909999967       3.87363648E-03
  0.919999957       3.97469802E-03
  0.930000007       4.09619138E-03
  0.939999998       4.24591498E-03
  0.949999988       4.43723798E-03
  0.959999979       4.69317753E-03
  0.969999969       5.06564975E-03
  0.979999959       5.67631889E-03
  0.989999950       6.98449416E-03
   1.00000000       1.49397124E-02
   1.00999999       1.46583235E-02
   1.01999998       1.44442031E-02
   1.02999997       1.43654868E-02
   1.03999996       1.43519528E-02
   1.04999995       1.43764690E-02
   1.05999994       1.44253206E-02
   1.06999993       1.44934505E-02
   1.07999992       1.45736421E-02
   1.09000003       1.46641787E-02
   1.10000002       1.47629343E-02
   1.11000001       1.48686962E-02
   1.12000000       1.49802687E-02
   1.13000000       1.50968786E-02
   1.13999999       1.52178509E-02
   1.14999998       1.53427636E-02
   1.15999997       1.54716922E-02
   1.16999996       1.56039950E-02
   1.17999995       1.57395694E-02
   1.18999994       1.58778112E-02
   1.19999993       1.60200428E-02
   1.20999992       1.61642451E-02
   1.22000003       1.63114704E-02
   1.23000002       1.64619200E-02
   1.24000001       1.66148525E-02
   1.25000000       1.67705286E-02
   1.25999999       1.69290639E-02
   1.26999998       1.70903690E-02
   1.27999997       1.72544904E-02
   1.28999996       1.74216162E-02
   1.29999995       1.75916906E-02
   1.30999994       1.77645050E-02
   1.31999993       1.79405231E-02
   1.32999992       1.81196202E-02
   1.33999991       1.83020644E-02
   1.35000002       1.84875615E-02
   1.36000001       1.86764877E-02
   1.37000000       1.88691504E-02
   1.38000000       1.90651901E-02
   1.38999999       1.92641132E-02
   1.39999998       1.94686949E-02
   1.40999997       1.96764469E-02
   1.41999996       1.98877957E-02
   1.42999995       2.01043375E-02
   1.43999994       2.03251094E-02
   1.44999993       2.05505788E-02
   1.45999992       2.07805447E-02
   1.46999991       2.10156627E-02
   1.48000002       2.12561730E-02
   1.49000001       2.15019900E-02
   1.50000000       2.17537638E-02
   1.50999999       2.20116861E-02
   1.51999998       2.22754721E-02
   1.52999997       2.25460026E-02
   1.53999996       2.28234585E-02
   1.54999995       2.31082030E-02
   1.55999994       2.34005563E-02
   1.56999993       2.37009078E-02
   1.57999992       2.40096934E-02
   1.58999991       2.43274160E-02
   1.59999990       2.46546324E-02
   1.61000001       2.49917023E-02
   1.62000000       2.53392812E-02
   1.63000000       2.56981552E-02
   1.63999999       2.60688178E-02
   1.64999998       2.64520925E-02
   1.65999997       2.68488508E-02
   1.66999996       2.72597577E-02
   1.67999995       2.76861526E-02
   1.68999994       2.81289313E-02
   1.69999993       2.85892002E-02
   1.70999992       2.90683825E-02
   1.71999991       2.95681246E-02
   1.73000002       3.00897658E-02
   1.74000001       3.06351855E-02
   1.75000000       3.12065538E-02
   1.75999999       3.18060480E-02
   1.76999998       3.24362963E-02
   1.77999997       3.31001766E-02
   1.78999996       3.38012502E-02
   1.79999995       3.45431268E-02
   1.80999994       3.53304185E-02
   1.81999993       3.61677147E-02
   1.82999992       3.70622538E-02
   1.83999991       3.80195156E-02
   1.84999990       3.90431844E-02
   1.86000001       4.01606858E-02
   1.87000000       4.13662009E-02
   1.88000000       4.26801220E-02
   1.88999999       4.41207401E-02
   1.89999998       4.57107387E-02
   1.90999997       4.74790446E-02
   1.91999996       4.94629852E-02
   1.92999995       5.17115556E-02
   1.93999994       5.42914309E-02
   1.94999993       5.72941080E-02
   1.95999992       6.08524159E-02
   1.96999991       6.51630759E-02
   1.97999990       7.05343783E-02
   1.99000001       7.74515942E-02
   2.00000000       8.68481472E-02
   2.00999999       9.97851044E-02
   2.01999998      0.111405082    
   2.02999997      0.120933510    
   2.03999996      0.128819555    
   2.04999995      0.135475501    
   2.05999994      0.141202256    
   2.06999993      0.146215245    
   2.07999992      0.150668204    
   2.08999991      0.154675543    
   2.09999990      0.158322170    
   2.10999990      0.161672577    
   2.11999989      0.164776534    
   2.12999988      0.167673796    
   2.13999987      0.170395643    
   2.14999986      0.172967404    
   2.15999985      0.175410286    
   2.16999984      0.177738860    
   2.18000007      0.179969877    
   2.19000006      0.182114214    
   2.20000005      0.184181884    
   2.21000004      0.186181799    
   2.22000003      0.188120618    
   2.23000002      0.190004811    
   2.24000001      0.191839784    
   2.25000000      0.193630427    
   2.25999999      0.195380822    
   2.26999998      0.197094217    
   2.27999997      0.198774025    
   2.28999996      0.200423315    
   2.29999995      0.202044457    
   2.30999994      0.203639448    
   2.31999993      0.205210403    
   2.32999992      0.206759274    
   2.33999991      0.208287418    
   2.34999990      0.209796622    
   2.35999990      0.211288199    
   2.36999989      0.212762743    
   2.37999988      0.214221016    
   2.38999987      0.215666935    
   2.39999986      0.217097685    
   2.40999985      0.218515933    
   2.41999984      0.219922259    
   2.42999983      0.221317574    
   2.44000006      0.222701371    
   2.45000005      0.224075332    
   2.46000004      0.225439757    
   2.47000003      0.226795346    
   2.48000002      0.228142142    
   2.49000001      0.229481041    
   2.50000000      0.230812013    
   2.50999999      0.232135609    
   2.51999998      0.233452156    
   2.52999997      0.234761983    
   2.53999996      0.236065373    
   2.54999995      0.237363100    
   2.55999994      0.238654569    
   2.56999993      0.239940569    
   2.57999992      0.241221353    
   2.58999991      0.242496997    
   2.59999990      0.243767574    
   2.60999990      0.245033532    
   2.61999989      0.246294871    
   2.62999988      0.247552067    
   2.63999987      0.248804763    
   2.64999986      0.250053853    
   2.65999985      0.251298815    
   2.66999984      0.252540231    
   2.67999983      0.253777683    
   2.69000006      0.255011976    
   2.70000005      0.256242931    
   2.71000004      0.257470608    
   2.72000003      0.258694619    
   2.73000002      0.259916365    
   2.74000001      0.261134535    
   2.75000000      0.262350470    
   2.75999999      0.263563275    
   2.76999998      0.264773101    
   2.77999997      0.265981168    
   2.78999996      0.267186105    
   2.79999995      0.268388748    
   2.80999994      0.269589394    
   2.81999993      0.270787299    
   2.82999992      0.271983027    
   2.83999991      0.273176104    
   2.84999990      0.274368048    
   2.85999990      0.275557637    
   2.86999989      0.276742518    
   2.87999988      0.277930707    
   2.88999987      0.279114157    
   2.89999986      0.280295998    
   2.90999985      0.281476200    
   2.91999984      0.282654226    
   2.92999983      0.283830971    
   2.93999982      0.285003811    
   2.95000005      0.286179364    
   2.96000004      0.287350982    
   2.97000003      0.288521051    
   2.98000002      0.289689571    
   2.99000001      0.290856838    
   3.00000000      0.292022556    
   3.00999999      0.293186724    
   3.01999998      0.294349581    
   3.02999997      0.295511365    
   3.03999996      0.296671838    
   3.04999995      0.297828883    
   3.05999994      0.298988521    
   3.06999993      0.300144762    
   3.07999992      0.301300257    
   3.08999991      0.302454114    
   3.09999990      0.303607017    
   3.10999990      0.304758728    
   3.11999989      0.305909783    
   3.12999988      0.307058990    
   3.13999987      0.308207303    
   3.14999986      0.309354931    
   3.15999985      0.310501248    
   3.16999984      0.311646909    
   3.17999983      0.312791407    
   3.18999982      0.313934654    
   3.19999981      0.315077156    
   3.21000004      0.316218942    
   3.22000003      0.317359567    
   3.23000002      0.318499178    
   3.24000001      0.319638073    
   3.25000000      0.320775717    
   3.25999999      0.321912825    
   3.26999998      0.323049456    
   3.27999997      0.324184805    
   3.28999996      0.325319201    
   3.29999995      0.326453000    
   3.30999994      0.327585936    
   3.31999993      0.328717917    
   3.32999992      0.329849124    
   3.33999991      0.330980778    
   3.34999990      0.332110614    
   3.35999990      0.333239615    
   3.36999989      0.334368438    
   3.37999988      0.335496008    
   3.38999987      0.336623371    
   3.39999986      0.337749839    
   3.40999985      0.338875383    
   3.41999984      0.340000570    
   3.42999983      0.341125160    
   3.43999982      0.342248946    
   3.44999981      0.343372464    
   3.46000004      0.344494700    
   3.47000003      0.345616609    
   3.48000002      0.346737862    
   3.49000001      0.347858459    
   3.50000000      0.348978668    
   3.50999999      0.350098431    
