   9.99999978E-03   1.65192818E-04
   1.99999996E-02   2.95718055E-04
   2.99999993E-02   3.83365055E-04
   3.99999991E-02   4.91899438E-04
   4.99999970E-02   6.05342793E-04
   5.99999987E-02   7.16443814E-04
   7.00000003E-02   8.22907081E-04
   7.99999982E-02   9.23179730E-04
   8.99999961E-02   1.01787399E-03
   9.99999940E-02   1.10725709E-03
  0.109999999       1.19080709E-03
  0.119999997       1.27011619E-03
  0.129999995       1.34485518E-03
  0.140000001       1.41514512E-03
  0.149999991       1.48126972E-03
  0.159999996       1.54430838E-03
  0.170000002       1.60353177E-03
  0.179999992       1.65953301E-03
  0.189999998       1.71239930E-03
  0.199999988       1.76260062E-03
  0.209999993       1.81007467E-03
  0.219999999       1.85514684E-03
  0.229999989       1.89750176E-03
  0.239999995       1.93783105E-03
  0.250000000       1.97604951E-03
  0.259999990       2.01224373E-03
  0.269999981       2.04666588E-03
  0.280000001       2.07922305E-03
  0.289999992       2.11005914E-03
  0.299999982       2.13942211E-03
  0.310000002       2.16712523E-03
  0.319999993       2.19379598E-03
  0.329999983       2.21852399E-03
  0.340000004       2.24241312E-03
  0.349999994       2.26486987E-03
  0.359999985       2.28640251E-03
  0.370000005       2.30649184E-03
  0.379999995       2.32583191E-03
  0.389999986       2.34408095E-03
  0.399999976       2.36440240E-03
  0.409999996       2.37940764E-03
  0.419999987       2.39505642E-03
  0.429999977       2.40987493E-03
  0.439999998       2.42414582E-03
  0.449999988       2.43772031E-03
  0.459999979       2.45084800E-03
  0.469999999       2.46357918E-03
  0.479999989       2.47643562E-03
  0.489999980       2.49073631E-03
  0.500000000       2.54251435E-03
  0.509999990       2.54108873E-03
  0.519999981       2.54880986E-03
  0.529999971       2.56004510E-03
  0.539999962       2.56931223E-03
  0.550000012       2.58042221E-03
  0.560000002       2.59054778E-03
  0.569999993       2.60107126E-03
  0.579999983       2.61074840E-03
  0.589999974       2.62335362E-03
  0.599999964       2.63573602E-03
  0.610000014       2.64969538E-03
  0.620000005       2.66491622E-03
  0.629999995       2.68615480E-03
  0.639999986       2.71584117E-03
  0.649999976       2.76481896E-03
  0.659999967       2.89455894E-03
  0.669999957       3.40412045E-03
  0.680000007       3.35157383E-03
  0.689999998       3.34653421E-03
  0.699999988       3.35404556E-03
  0.709999979       3.36714112E-03
  0.719999969       3.38380574E-03
  0.729999959       3.40298866E-03
  0.740000010       3.42444237E-03
  0.750000000       3.44757107E-03
  0.759999990       3.47271701E-03
  0.769999981       3.49959359E-03
  0.779999971       3.52876261E-03
  0.789999962       3.55994678E-03
  0.799999952       3.59348464E-03
  0.810000002       3.62924673E-03
  0.819999993       3.66841955E-03
  0.829999983       3.71071743E-03
  0.839999974       3.75677738E-03
  0.849999964       3.80685413E-03
  0.859999955       3.86257982E-03
  0.870000005       3.92433116E-03
  0.879999995       3.99326207E-03
  0.889999986       4.07067128E-03
  0.899999976       4.15969919E-03
  0.909999967       4.26242081E-03
  0.919999957       4.38316772E-03
  0.930000007       4.52824356E-03
  0.939999998       4.70694806E-03
  0.949999988       4.93517984E-03
  0.959999979       5.24031650E-03
  0.969999969       5.68354037E-03
  0.979999959       6.40815776E-03
  0.989999950       7.94980489E-03
   1.00000000       1.66203622E-02
   1.00999999       1.63645819E-02
   1.01999998       1.61330011E-02
   1.02999997       1.60460509E-02
   1.03999996       1.60305165E-02
   1.04999995       1.60571113E-02
   1.05999994       1.61116738E-02
   1.06999993       1.61861572E-02
   1.07999992       1.62750855E-02
   1.09000003       1.63756926E-02
   1.10000002       1.64855663E-02
   1.11000001       1.66032724E-02
   1.12000000       1.67276431E-02
   1.13000000       1.68578923E-02
   1.13999999       1.69930737E-02
   1.14999998       1.71328783E-02
   1.15999997       1.72767974E-02
   1.16999996       1.72229651E-02
   1.17999995       1.75764319E-02
   1.18999994       1.77312139E-02
   1.19999993       1.78904179E-02
   1.20999992       1.80519521E-02
   1.22000003       1.82164926E-02
   1.23000002       1.83853749E-02
   1.24000001       1.85568184E-02
   1.25000000       1.87312085E-02
   1.25999999       1.89088751E-02
   1.26999998       1.90897323E-02
   1.27999997       1.92737617E-02
   1.28999996       1.94611028E-02
   1.29999995       1.96518339E-02
   1.30999994       1.98456421E-02
   1.31999993       2.00428870E-02
   1.32999992       2.02439111E-02
   1.33999991       2.04485673E-02
   1.35000002       2.06566416E-02
   1.36000001       2.08685528E-02
   1.37000000       2.10846830E-02
   1.38000000       2.13045981E-02
   1.38999999       2.15278510E-02
   1.39999998       2.17572600E-02
   1.40999997       2.19903085E-02
   1.41999996       2.22279672E-02
   1.42999995       2.24703178E-02
   1.43999994       2.27179136E-02
   1.44999993       2.29708180E-02
   1.45999992       2.32288130E-02
   1.46999991       2.34925225E-02
   1.48000002       2.37622894E-02
   1.49000001       2.40379665E-02
   1.50000000       2.43203342E-02
   1.50999999       2.46095248E-02
   1.51999998       2.49052737E-02
   1.52999997       2.52086185E-02
   1.53999996       2.55196877E-02
   1.54999995       2.58388799E-02
   1.55999994       2.61665583E-02
   1.56999993       2.65031941E-02
   1.57999992       2.68492159E-02
   1.58999991       2.72052363E-02
   1.59999990       2.75718141E-02
   1.61000001       2.79493518E-02
   1.62000000       2.83386856E-02
   1.63000000       2.87396051E-02
   1.63999999       2.91555226E-02
   1.64999998       2.95845419E-02
   1.65999997       3.00285518E-02
   1.66999996       3.04883588E-02
   1.67999995       3.09653282E-02
   1.68999994       3.14605124E-02
   1.69999993       3.19751427E-02
   1.70999992       3.25107314E-02
   1.71999991       3.30691300E-02
   1.73000002       3.36518213E-02
   1.74000001       3.42608355E-02
   1.75000000       3.48985121E-02
   1.75999999       3.55675668E-02
   1.76999998       3.62703428E-02
   1.77999997       3.70104350E-02
   1.78999996       3.77915017E-02
   1.79999995       3.86175178E-02
   1.80999994       3.94936018E-02
   1.81999993       4.04251814E-02
   1.82999992       4.14186306E-02
   1.83999991       4.24818434E-02
   1.84999990       4.36238088E-02
   1.86000001       4.48549353E-02
   1.87000000       4.61890437E-02
   1.88000000       4.76411358E-02
   1.88999999       4.92309220E-02
   1.89999998       5.09824529E-02
   1.90999997       5.29263504E-02
   1.91999996       5.51022179E-02
   1.92999995       5.75612672E-02
   1.93999994       6.03731014E-02
   1.94999993       6.36320338E-02
   1.95999992       6.74736723E-02
   1.96999991       7.20959902E-02
   1.97999990       7.78028369E-02
   1.99000001       8.50813091E-02
   2.00000000       9.47357193E-02
   2.00999999      0.107751116    
   2.01999998      0.119525112    
   2.02999997      0.129273519    
   2.03999996      0.137402460    
   2.04999995      0.144303247    
   2.05999994      0.150267616    
   2.06999993      0.155507192    
   2.07999992      0.160174534    
   2.08999991      0.164384753    
   2.09999990      0.168223083    
   2.10999990      0.171756923    
   2.11999989      0.175030619    
   2.12999988      0.178091362    
   2.13999987      0.180969194    
   2.14999986      0.183690056    
   2.15999985      0.186275005    
   2.16999984      0.188742116    
   2.18000007      0.191105545    
   2.19000006      0.193378031    
   2.20000005      0.195569366    
   2.21000004      0.197689369    
   2.22000003      0.199744880    
   2.23000002      0.201742783    
   2.24000001      0.203688219    
   2.25000000      0.205587104    
   2.25999999      0.207443014    
   2.26999998      0.209260151    
   2.27999997      0.211041316    
   2.28999996      0.212790072    
   2.29999995      0.214508712    
   2.30999994      0.216199949    
   2.31999993      0.217865542    
   2.32999992      0.219506070    
   2.33999991      0.221127450    
   2.34999990      0.222727031    
   2.35999990      0.224308297    
   2.36999989      0.225871474    
   2.37999988      0.227416664    
   2.38999987      0.228949040    
   2.39999986      0.230465233    
   2.40999985      0.231968179    
   2.41999984      0.233458117    
   2.42999983      0.234936088    
   2.44000006      0.236402690    
   2.45000005      0.237858310    
   2.46000004      0.239303648    
   2.47000003      0.240739614    
   2.48000002      0.242166400    
   2.49000001      0.243584335    
   2.50000000      0.244993791    
   2.50999999      0.246395737    
   2.51999998      0.247790128    
   2.52999997      0.249177173    
   2.53999996      0.250557542    
   2.54999995      0.251931310    
   2.55999994      0.253298819    
   2.56999993      0.254660666    
   2.57999992      0.256016463    
   2.58999991      0.257366925    
   2.59999990      0.258712202    
   2.60999990      0.260052472    
   2.61999989      0.261387706    
   2.62999988      0.262718767    
   2.63999987      0.264044642    
   2.64999986      0.265366912    
   2.65999985      0.266684681    
   2.66999984      0.267998248    
   2.67999983      0.269308388    
   2.69000006      0.270614624    
   2.70000005      0.271917403    
   2.71000004      0.273216546    
   2.72000003      0.274512261    
   2.73000002      0.275805116    
   2.74000001      0.277094543    
   2.75000000      0.278380632    
   2.75999999      0.279664308    
   2.76999998      0.280944526    
   2.77999997      0.282223195    
   2.78999996      0.283497751    
   2.79999995      0.284770787    
   2.80999994      0.286040664    
   2.81999993      0.287308097    
   2.82999992      0.288573474    
   2.83999991      0.289836228    
   2.84999990      0.291097134    
   2.85999990      0.292355806    
   2.86999989      0.293612421    
   2.87999988      0.294866651    
   2.88999987      0.296118617    
   2.89999986      0.297368824    
   2.90999985      0.298617482    
   2.91999984      0.299864203    
   2.92999983      0.301108778    
   2.93999982      0.302349657    
   2.95000005      0.303592712    
   2.96000004      0.304832429    
   2.97000003      0.306069851    
   2.98000002      0.307306588    
   2.99000001      0.308541238    
   3.00000000      0.309774548    
   3.00999999      0.311006159    
   3.01999998      0.312236488    
   3.02999997      0.313465118    
   3.03999996      0.314692646    
   3.04999995      0.315918326    
   3.05999994      0.317143291    
   3.06999993      0.318366408    
   3.07999992      0.319588542    
   3.08999991      0.320809007    
   3.09999990      0.322028786    
   3.10999990      0.323247015    
   3.11999989      0.324464232    
   3.12999988      0.325680435    
   3.13999987      0.326895088    
   3.14999986      0.328108490    
   3.15999985      0.329321444    
   3.16999984      0.330532789    
   3.17999983      0.331743330    
   3.18999982      0.332952768    
   3.19999981      0.334161252    
   3.21000004      0.335367829    
   3.22000003      0.336575150    
   3.23000002      0.337780565    
   3.24000001      0.338985384    
   3.25000000      0.340188712    
   3.25999999      0.341391683    
   3.26999998      0.342593014    
   3.27999997      0.343794107    
   3.28999996      0.344993979    
   3.29999995      0.346193165    
   3.30999994      0.347391754    
   3.31999993      0.348589063    
   3.32999992      0.349785119    
   3.33999991      0.350981891    
   3.34999990      0.352177054    
   3.35999990      0.353371292    
   3.36999989      0.354564875    
   3.37999988      0.355757654    
   3.38999987      0.356949836    
   3.39999986      0.358141065    
   3.40999985      0.359331787    
   3.41999984      0.360521734    
   3.42999983      0.361711055    
   3.43999982      0.362899780    
   3.44999981      0.364087641    
   3.46000004      0.365275025    
   3.47000003      0.366461843    
   3.48000002      0.367647558    
   3.49000001      0.368832469    
   3.50000000      0.370017499    
   3.50999999      0.371201485    
