   9.99999978E-03   1.73302324E-04
   1.99999996E-02   3.15619516E-04
   2.99999993E-02   4.00641555E-04
   3.99999991E-02   5.08837227E-04
   4.99999970E-02   6.25557674E-04
   5.99999987E-02   7.40349118E-04
   7.00000003E-02   8.51583784E-04
   7.99999982E-02   9.56710079E-04
   8.99999961E-02   1.05619396E-03
   9.99999940E-02   1.15049025E-03
  0.109999999       1.23944844E-03
  0.119999997       1.32233836E-03
  0.129999995       1.40130846E-03
  0.140000001       1.47565559E-03
  0.149999991       1.54555554E-03
  0.159999996       1.61235512E-03
  0.170000002       1.67497224E-03
  0.179999992       1.73427619E-03
  0.189999998       1.79029384E-03
  0.199999988       1.84347492E-03
  0.209999993       1.89375156E-03
  0.219999999       1.94127625E-03
  0.229999989       1.98651059E-03
  0.239999995       2.02939659E-03
  0.250000000       2.06982601E-03
  0.259999990       2.10830569E-03
  0.269999981       2.14480888E-03
  0.280000001       2.17934372E-03
  0.289999992       2.21214211E-03
  0.299999982       2.24326784E-03
  0.310000002       2.27268972E-03
  0.319999993       2.30077887E-03
  0.329999983       2.32734671E-03
  0.340000004       2.35276134E-03
  0.349999994       2.37850077E-03
  0.359999985       2.39936798E-03
  0.370000005       2.42094928E-03
  0.379999995       2.44152150E-03
  0.389999986       2.46106205E-03
  0.399999976       2.48358212E-03
  0.409999996       2.49921833E-03
  0.419999987       2.51594232E-03
  0.429999977       2.53173010E-03
  0.439999998       2.54719052E-03
  0.449999988       2.56187283E-03
  0.459999979       2.57597305E-03
  0.469999999       2.59002252E-03
  0.479999989       2.60437629E-03
  0.489999980       2.62134289E-03
  0.500000000       2.68464372E-03
  0.509999990       2.68133078E-03
  0.519999981       2.69070733E-03
  0.529999971       2.70161452E-03
  0.539999962       2.71288026E-03
  0.550000012       2.72436184E-03
  0.560000002       2.73610093E-03
  0.569999993       2.74827890E-03
  0.579999983       2.76075001E-03
  0.589999974       2.77454103E-03
  0.599999964       2.78940494E-03
  0.610000014       2.80643324E-03
  0.620000005       2.82669207E-03
  0.629999995       2.85185990E-03
  0.639999986       2.88959965E-03
  0.649999976       2.95252353E-03
  0.659999967       3.12000629E-03
  0.669999957       3.72321531E-03
  0.680000007       3.65553889E-03
  0.689999998       3.64922523E-03
  0.699999988       3.65733216E-03
  0.709999979       3.67263891E-03
  0.719999969       3.69224511E-03
  0.729999959       3.71508067E-03
  0.740000010       3.74053814E-03
  0.750000000       3.76849645E-03
  0.759999990       3.79881496E-03
  0.769999981       3.83138820E-03
  0.779999971       3.86637938E-03
  0.789999962       3.90408165E-03
  0.799999952       3.94484075E-03
  0.810000002       3.98805924E-03
  0.819999993       4.03584866E-03
  0.829999983       4.08693915E-03
  0.839999974       4.14345786E-03
  0.849999964       4.20418568E-03
  0.859999955       4.27209819E-03
  0.870000005       4.34659794E-03
  0.879999995       4.43034573E-03
  0.889999986       4.52483399E-03
  0.899999976       4.63278778E-03
  0.909999967       4.75825137E-03
  0.919999957       4.90433956E-03
  0.930000007       5.08080702E-03
  0.939999998       5.29693812E-03
  0.949999988       5.57536678E-03
  0.959999979       5.94510138E-03
  0.969999969       6.48140581E-03
  0.979999959       7.35541340E-03
  0.989999950       9.19881091E-03
   1.00000000       1.87059846E-02
   1.00999999       1.84877720E-02
   1.01999998       1.82372909E-02
   1.02999997       1.81413647E-02
   1.03999996       1.81238353E-02
   1.04999995       1.81532279E-02
   1.05999994       1.82140581E-02
   1.06999993       1.82973910E-02
   1.07999992       1.83971394E-02
   1.09000003       1.85104124E-02
   1.10000002       1.86338518E-02
   1.11000001       1.87664703E-02
   1.12000000       1.89067423E-02
   1.13000000       1.90535523E-02
   1.13999999       1.92063935E-02
   1.14999998       1.93644110E-02
   1.15999997       1.95258167E-02
   1.16999996       1.96945034E-02
   1.17999995       1.98661424E-02
   1.18999994       2.00413987E-02
   1.19999993       2.02216301E-02
   1.20999992       2.04046015E-02
   1.22000003       2.05914043E-02
   1.23000002       2.07821988E-02
   1.24000001       2.09766831E-02
   1.25000000       2.11743768E-02
   1.25999999       2.13758182E-02
   1.26999998       2.15808954E-02
   1.27999997       2.17895787E-02
   1.28999996       2.20020767E-02
   1.29999995       2.22182479E-02
   1.30999994       2.24382449E-02
   1.31999993       2.26620641E-02
   1.32999992       2.28901226E-02
   1.33999991       2.31223088E-02
   1.35000002       2.33584009E-02
   1.36000001       2.35985089E-02
   1.37000000       2.38439050E-02
   1.38000000       2.40936354E-02
   1.38999999       2.43474524E-02
   1.39999998       2.46072896E-02
   1.40999997       2.48717256E-02
   1.41999996       2.51414143E-02
   1.42999995       2.54165400E-02
   1.43999994       2.56973300E-02
   1.44999993       2.59842649E-02
   1.45999992       2.62769628E-02
   1.46999991       2.65761577E-02
   1.48000002       2.68821828E-02
   1.49000001       2.71948986E-02
   1.50000000       2.75151711E-02
   1.50999999       2.78431587E-02
   1.51999998       2.81785764E-02
   1.52999997       2.85225417E-02
   1.53999996       2.88741272E-02
   1.54999995       2.92371046E-02
   1.55999994       2.96085496E-02
   1.56999993       2.99901012E-02
   1.57999992       3.03822272E-02
   1.58999991       3.07856444E-02
   1.59999990       3.12009212E-02
   1.61000001       3.16285677E-02
   1.62000000       3.20694894E-02
   1.63000000       3.25235613E-02
   1.63999999       3.29941735E-02
   1.64999998       3.34798098E-02
   1.65999997       3.39822173E-02
   1.66999996       3.45023870E-02
   1.67999995       3.50417979E-02
   1.68999994       3.56016010E-02
   1.69999993       3.61832567E-02
   1.70999992       3.67883854E-02
   1.71999991       3.74190621E-02
   1.73000002       3.80769335E-02
   1.74000001       3.87642048E-02
   1.75000000       3.94834876E-02
   1.75999999       4.02377695E-02
   1.76999998       4.10297476E-02
   1.77999997       4.18632142E-02
   1.78999996       4.27423231E-02
   1.79999995       4.36714217E-02
   1.80999994       4.46560420E-02
   1.81999993       4.57022265E-02
   1.82999992       4.68169302E-02
   1.83999991       4.80086170E-02
   1.84999990       4.92872335E-02
   1.86000001       5.06641045E-02
   1.87000000       5.21539785E-02
   1.88000000       5.37732020E-02
   1.88999999       5.55427335E-02
   1.89999998       5.74884228E-02
   1.90999997       5.96428066E-02
   1.91999996       6.20476641E-02
   1.92999995       6.47567958E-02
   1.93999994       6.78425655E-02
   1.94999993       7.14019984E-02
   1.95999992       7.55731910E-02
   1.96999991       8.05539712E-02
   1.97999990       8.66419598E-02
   1.99000001       9.42998752E-02
   2.00000000      0.104258731    
   2.00999999      0.117359556    
   2.01999998      0.129293948    
   2.02999997      0.139275655    
   2.03999996      0.147667035    
   2.04999995      0.154835373    
   2.05999994      0.161061913    
   2.06999993      0.166553140    
   2.07999992      0.171460941    
   2.08999991      0.175899267    
   2.09999990      0.179953665    
   2.10999990      0.183691129    
   2.11999989      0.187162787    
   2.12999988      0.190410018    
   2.13999987      0.193466201    
   2.14999986      0.196357831    
   2.15999985      0.199107230    
   2.16999984      0.201731995    
   2.18000007      0.204248190    
   2.19000006      0.206667855    
   2.20000005      0.209002301    
   2.21000004      0.211260930    
   2.22000003      0.213451341    
   2.23000002      0.215580359    
   2.24000001      0.217654154    
   2.25000000      0.219678238    
   2.25999999      0.221656442    
   2.26999998      0.223593414    
   2.27999997      0.225492179    
   2.28999996      0.227356419    
   2.29999995      0.229188606    
   2.30999994      0.230991215    
   2.31999993      0.232766747    
   2.32999992      0.234516799    
   2.33999991      0.236243695    
   2.34999990      0.237948626    
   2.35999990      0.239633277    
   2.36999989      0.241299227    
   2.37999988      0.242947325    
   2.38999987      0.244578972    
   2.39999986      0.246194437    
   2.40999985      0.247795731    
   2.41999984      0.249383315    
   2.42999983      0.250957906    
   2.44000006      0.252520204    
   2.45000005      0.254070610    
   2.46000004      0.255606771    
   2.47000003      0.257139713    
   2.48000002      0.258659244    
   2.49000001      0.260169238    
   2.50000000      0.261670530    
   2.50999999      0.263163567    
   2.51999998      0.264648378    
   2.52999997      0.266125262    
   2.53999996      0.267594665    
   2.54999995      0.269057930    
   2.55999994      0.270514250    
   2.56999993      0.271963596    
   2.57999992      0.273407251    
   2.58999991      0.274845213    
   2.59999990      0.276277125    
   2.60999990      0.277703822    
   2.61999989      0.279125065    
   2.62999988      0.280541569    
   2.63999987      0.281953007    
   2.64999986      0.283360213    
   2.65999985      0.284762502    
   2.66999984      0.286161423    
   2.67999983      0.287555248    
   2.69000006      0.288945436    
   2.70000005      0.290331721    
   2.71000004      0.291714162    
   2.72000003      0.293093354    
   2.73000002      0.294468820    
   2.74000001      0.295840889    
   2.75000000      0.297209978    
   2.75999999      0.298575342    
   2.76999998      0.299931526    
   2.77999997      0.301297963    
   2.78999996      0.302654713    
   2.79999995      0.304008603    
   2.80999994      0.305360347    
   2.81999993      0.306708843    
   2.82999992      0.308054864    
   2.83999991      0.309398413    
   2.84999990      0.310739785    
   2.85999990      0.312078685    
   2.86999989      0.313415080    
   2.87999988      0.314749956    
   2.88999987      0.316082120    
   2.89999986      0.317412317    
   2.90999985      0.318739951    
   2.91999984      0.320066214    
   2.92999983      0.321390271    
   2.93999982      0.322712600    
   2.95000005      0.324032962    
   2.96000004      0.325351655    
   2.97000003      0.326667666    
   2.98000002      0.327983528    
   2.99000001      0.329296559    
   3.00000000      0.330608368    
   3.00999999      0.331918746    
   3.01999998      0.333227038    
   3.02999997      0.334533960    
   3.03999996      0.335839778    
   3.04999995      0.337143511    
   3.05999994      0.338446200    
   3.06999993      0.339747578    
   3.07999992      0.341047347    
   3.08999991      0.342345715    
   3.09999990      0.343642741    
   3.10999990      0.344938368    
   3.11999989      0.346232921    
   3.12999988      0.347526431    
   3.13999987      0.348818421    
   3.14999986      0.350109130    
   3.15999985      0.351398915    
   3.16999984      0.352687538    
   3.17999983      0.353974998    
   3.18999982      0.355261326    
   3.19999981      0.356546789    
   3.21000004      0.357831001    
   3.22000003      0.359110773    
   3.23000002      0.360396147    
   3.24000001      0.361677349    
   3.25000000      0.362957180    
   3.25999999      0.364236176    
   3.26999998      0.365514219    
   3.27999997      0.366791070    
   3.28999996      0.368067771    
   3.29999995      0.369343102    
   3.30999994      0.370617509    
   3.31999993      0.371891290    
   3.32999992      0.373163402    
   3.33999991      0.374435782    
   3.34999990      0.375706673    
   3.35999990      0.376976848    
   3.36999989      0.378246099    
   3.37999988      0.379514664    
   3.38999987      0.380782574    
   3.39999986      0.382049650    
   3.40999985      0.383315891    
   3.41999984      0.384581447    
   3.42999983      0.385846198    
   3.43999982      0.387110233    
   3.44999981      0.388373613    
   3.46000004      0.389636189    
   3.47000003      0.390898108    
   3.48000002      0.392159373    
   3.49000001      0.393419594    
   3.50000000      0.394679427    
   3.50999999      0.395938873    
