   9.99999978E-03   1.87534184E-04
   1.99999996E-02   3.47353489E-04
   2.99999993E-02   4.29275853E-04
   3.99999991E-02   5.35395870E-04
   4.99999970E-02   6.54383563E-04
   5.99999987E-02   7.75302411E-04
   7.00000003E-02   8.92684679E-04
   7.99999982E-02   1.00549671E-03
   8.99999961E-02   1.11233548E-03
   9.99999940E-02   1.21363718E-03
  0.109999999       1.30975689E-03
  0.119999997       1.39956863E-03
  0.129999995       1.48505985E-03
  0.140000001       1.56547979E-03
  0.149999991       1.64172729E-03
  0.159999996       1.71392318E-03
  0.170000002       1.78200880E-03
  0.179999992       1.84644957E-03
  0.189999998       1.90736761E-03
  0.199999988       1.96527550E-03
  0.209999993       2.01986753E-03
  0.219999999       2.07168469E-03
  0.229999989       2.12095678E-03
  0.239999995       2.16750102E-03
  0.250000000       2.21172441E-03
  0.259999990       2.25368002E-03
  0.269999981       2.29341723E-03
  0.280000001       2.33116839E-03
  0.289999992       2.36711325E-03
  0.299999982       2.40092934E-03
  0.310000002       2.43317685E-03
  0.319999993       2.46375753E-03
  0.329999983       2.49399152E-03
  0.340000004       2.52069556E-03
  0.349999994       2.54657166E-03
  0.359999985       2.57167150E-03
  0.370000005       2.59528216E-03
  0.379999995       2.61795567E-03
  0.389999986       2.63958820E-03
  0.399999976       2.66395113E-03
  0.409999996       2.68260995E-03
  0.419999987       2.70101102E-03
  0.429999977       2.71844259E-03
  0.439999998       2.73570651E-03
  0.449999988       2.75218952E-03
  0.459999979       2.76822597E-03
  0.469999999       2.78451294E-03
  0.479999989       2.80176825E-03
  0.489999980       2.82346574E-03
  0.500000000       2.90949293E-03
  0.509999990       2.90109986E-03
  0.519999981       2.91225337E-03
  0.529999971       2.92492704E-03
  0.539999962       2.93848990E-03
  0.550000012       2.95247068E-03
  0.560000002       2.96678557E-03
  0.569999993       2.98175868E-03
  0.579999983       2.99805612E-03
  0.589999974       3.01638059E-03
  0.599999964       3.03591159E-03
  0.610000014       3.05790524E-03
  0.620000005       3.08663840E-03
  0.629999995       3.12378048E-03
  0.639999986       3.17637087E-03
  0.649999976       3.26771336E-03
  0.659999967       3.51039134E-03
  0.669999957       4.27027326E-03
  0.680000007       4.18162346E-03
  0.689999998       4.17162897E-03
  0.699999988       4.18114290E-03
  0.709999979       4.20030532E-03
  0.719999969       4.22532856E-03
  0.729999959       4.25482076E-03
  0.740000010       4.28799586E-03
  0.750000000       4.32605622E-03
  0.759999990       4.36422229E-03
  0.769999981       4.40719491E-03
  0.779999971       4.45330516E-03
  0.789999962       4.50308807E-03
  0.799999952       4.55693668E-03
  0.810000002       4.61430475E-03
  0.819999993       4.67755180E-03
  0.829999983       4.74545406E-03
  0.839999974       4.81974054E-03
  0.849999964       4.90122894E-03
  0.859999955       4.99006175E-03
  0.870000005       5.09057147E-03
  0.879999995       5.20216906E-03
  0.889999986       5.32780169E-03
  0.899999976       5.47155505E-03
  0.909999967       5.63775608E-03
  0.919999957       5.83293755E-03
  0.930000007       6.06727740E-03
  0.939999998       6.35558506E-03
  0.949999988       6.72353478E-03
  0.959999979       7.21430592E-03
  0.969999969       7.92079512E-03
  0.979999959       9.06742364E-03
  0.989999950       1.14505235E-02
   1.00000000       2.22671423E-02
   1.00999999       2.21243370E-02
   1.01999998       2.18486786E-02
   1.02999997       2.17400864E-02
   1.03999996       2.17205156E-02
   1.04999995       2.17554122E-02
   1.05999994       2.18272693E-02
   1.06999993       2.19256766E-02
   1.07999992       2.20440812E-02
   1.09000003       2.21786760E-02
   1.10000002       2.23257970E-02
   1.11000001       2.24835519E-02
   1.12000000       2.26508975E-02
   1.13000000       2.28261445E-02
   1.13999999       2.30086558E-02
   1.14999998       2.31977105E-02
   1.15999997       2.33924743E-02
   1.16999996       2.35928688E-02
   1.17999995       2.37984974E-02
   1.18999994       2.40086559E-02
   1.19999993       2.42247451E-02
   1.20999992       2.44441610E-02
   1.22000003       2.46685483E-02
   1.23000002       2.48973351E-02
   1.24000001       2.51307394E-02
   1.25000000       2.53681820E-02
   1.25999999       2.56101694E-02
   1.26999998       2.58565340E-02
   1.27999997       2.61073485E-02
   1.28999996       2.63626520E-02
   1.29999995       2.66224258E-02
   1.30999994       2.68869288E-02
   1.31999993       2.71559954E-02
   1.32999992       2.74160765E-02
   1.33999991       2.77093221E-02
   1.35000002       2.79931836E-02
   1.36000001       2.82823816E-02
   1.37000000       2.85769943E-02
   1.38000000       2.88772490E-02
   1.38999999       2.91822124E-02
   1.39999998       2.94949096E-02
   1.40999997       2.98128836E-02
   1.41999996       3.01371347E-02
   1.42999995       3.04679461E-02
   1.43999994       3.08055338E-02
   1.44999993       3.11504975E-02
   1.45999992       3.15022767E-02
   1.46999991       3.18618193E-02
   1.48000002       3.22297551E-02
   1.49000001       3.26056443E-02
   1.50000000       3.29904035E-02
   1.50999999       3.33838090E-02
   1.51999998       3.37873027E-02
   1.52999997       3.42004560E-02
   1.53999996       3.46239991E-02
   1.54999995       3.50584425E-02
   1.55999994       3.55042778E-02
   1.56999993       3.59621905E-02
   1.57999992       3.64327095E-02
   1.58999991       3.69166173E-02
   1.59999990       3.74146476E-02
   1.61000001       3.79267707E-02
   1.62000000       3.84558216E-02
   1.63000000       3.90004851E-02
   1.63999999       3.95634659E-02
   1.64999998       4.01449837E-02
   1.65999997       4.07462753E-02
   1.66999996       4.13685665E-02
   1.67999995       4.20136265E-02
   1.68999994       4.26827744E-02
   1.69999993       4.33775671E-02
   1.70999992       4.41003069E-02
   1.71999991       4.48527746E-02
   1.73000002       4.56373580E-02
   1.74000001       4.64564413E-02
   1.75000000       4.73130755E-02
   1.75999999       4.82106991E-02
   1.76999998       4.91524488E-02
   1.77999997       5.01425713E-02
   1.78999996       5.11858463E-02
   1.79999995       5.22873886E-02
   1.80999994       5.34534901E-02
   1.81999993       5.46906106E-02
   1.82999992       5.60071282E-02
   1.83999991       5.74122407E-02
   1.84999990       5.89174330E-02
   1.86000001       6.05353825E-02
   1.87000000       6.22819364E-02
   1.88000000       6.41757324E-02
   1.88999999       6.62397519E-02
   1.89999998       6.85022324E-02
   1.90999997       7.09983557E-02
   1.91999996       7.37730563E-02
   1.92999995       7.68834651E-02
   1.93999994       8.04053694E-02
   1.94999993       8.44392404E-02
   1.95999992       8.91244262E-02
   1.96999991       9.46566537E-02
   1.97999990      0.101320326    
   1.99000001      0.109538451    
   2.00000000      0.119936615    
   2.00999999      0.133160353    
   2.01999998      0.145311639    
   2.02999997      0.155617028    
   2.03999996      0.164379835    
   2.04999995      0.171933547    
   2.05999994      0.178542286    
   2.06999993      0.184404761    
   2.07999992      0.189669490    
   2.08999991      0.194448575    
   2.09999990      0.198828638    
   2.10999990      0.202877030    
   2.11999989      0.206645489    
   2.12999988      0.210177034    
   2.13999987      0.213505864    
   2.14999986      0.216659725    
   2.15999985      0.219660759    
   2.16999984      0.222529039    
   2.18000007      0.225280419    
   2.19000006      0.227928117    
   2.20000005      0.230483577    
   2.21000004      0.232956767    
   2.22000003      0.235356465    
   2.23000002      0.237689599    
   2.24000001      0.239962444    
   2.25000000      0.242181167    
   2.25999999      0.244350150    
   2.26999998      0.246474057    
   2.27999997      0.248556226    
   2.28999996      0.250600427    
   2.29999995      0.252609521    
   2.30999994      0.254586428    
   2.31999993      0.256533355    
   2.32999992      0.258452743    
   2.33999991      0.260346293    
   2.34999990      0.262216032    
   2.35999990      0.264063418    
   2.36999989      0.265889823    
   2.37999988      0.267696500    
   2.38999987      0.269485116    
   2.39999986      0.271256477    
   2.40999985      0.273012102    
   2.41999984      0.274752349    
   2.42999983      0.276477784    
   2.44000006      0.278190494    
   2.45000005      0.279889762    
   2.46000004      0.281577408    
   2.47000003      0.283253044    
   2.48000002      0.284918189    
   2.49000001      0.286573023    
   2.50000000      0.288217723    
   2.50999999      0.289853185    
   2.51999998      0.291479796    
   2.52999997      0.293098003    
   2.53999996      0.294707745    
   2.54999995      0.296310186    
   2.55999994      0.297905326    
   2.56999993      0.299493104    
   2.57999992      0.301073700    
   2.58999991      0.302648485    
   2.59999990      0.304216892    
   2.60999990      0.305779368    
   2.61999989      0.307335526    
   2.62999988      0.308886588    
   2.63999987      0.310431957    
   2.64999986      0.311972916    
   2.65999985      0.313508242    
   2.66999984      0.315039337    
   2.67999983      0.316565603    
   2.69000006      0.318087190    
   2.70000005      0.319605023    
   2.71000004      0.321118474    
   2.72000003      0.322627932    
   2.73000002      0.324133843    
   2.74000001      0.325635552    
   2.75000000      0.327133805    
   2.75999999      0.328628600    
   2.76999998      0.330119520    
   2.77999997      0.331608355    
   2.78999996      0.333093047    
   2.79999995      0.334574878    
   2.80999994      0.336053669    
   2.81999993      0.337529570    
   2.82999992      0.339002788    
   2.83999991      0.340473473    
   2.84999990      0.341940641    
   2.85999990      0.343405902    
   2.86999989      0.344868690    
   2.87999988      0.346328735    
   2.88999987      0.347786665    
   2.89999986      0.349241972    
   2.90999985      0.350695103    
   2.91999984      0.352146119    
   2.92999983      0.353594780    
   2.93999982      0.355041236    
   2.95000005      0.356486261    
   2.96000004      0.357928753    
   2.97000003      0.359368920    
   2.98000002      0.360808194    
   2.99000001      0.362244874    
   3.00000000      0.363680214    
   3.00999999      0.365113318    
   3.01999998      0.366545022    
   3.02999997      0.367974877    
   3.03999996      0.369403034    
   3.04999995      0.370829493    
   3.05999994      0.372254789    
   3.06999993      0.373678058    
   3.07999992      0.375099957    
   3.08999991      0.376520216    
   3.09999990      0.377939165    
   3.10999990      0.379356802    
   3.11999989      0.380772859    
   3.12999988      0.382187486    
   3.13999987      0.383600980    
   3.14999986      0.385012954    
   3.15999985      0.386423975    
   3.16999984      0.387832522    
   3.17999983      0.389241457    
   3.18999982      0.390648633    
   3.19999981      0.392054439    
   3.21000004      0.393459141    
   3.22000003      0.394862771    
   3.23000002      0.396265119    
   3.24000001      0.397666395    
   3.25000000      0.399066716    
   3.25999999      0.400465727    
   3.26999998      0.401863396    
   3.27999997      0.403260618    
   3.28999996      0.404656559    
   3.29999995      0.406051576    
   3.30999994      0.407445729    
   3.31999993      0.408838630    
   3.32999992      0.410230100    
   3.33999991      0.411621660    
   3.34999990      0.413011968    
   3.35999990      0.414401352    
   3.36999989      0.415789872    
   3.37999988      0.417176843    
   3.38999987      0.418564022    
   3.39999986      0.419949591    
   3.40999985      0.421334803    
   3.41999984      0.422718793    
   3.42999983      0.424102336    
   3.43999982      0.425484687    
   3.44999981      0.426866502    
   3.46000004      0.428247333    
   3.47000003      0.429627657    
   3.48000002      0.431006908    
   3.49000001      0.432385176    
   3.50000000      0.433763355    
   3.50999999      0.435140640    
