   9.99999978E-03   1.94963359E-04
   1.99999996E-02   3.61099868E-04
   2.99999993E-02   4.43161902E-04
   3.99999991E-02   5.47591946E-04
   4.99999970E-02   6.67192566E-04
   5.99999987E-02   7.90074933E-04
   7.00000003E-02   9.10306117E-04
   7.99999982E-02   1.02618989E-03
   8.99999961E-02   1.13621855E-03
   9.99999940E-02   1.24056311E-03
  0.109999999       1.33994885E-03
  0.119999997       1.43275526E-03
  0.129999995       1.52103719E-03
  0.140000001       1.60437240E-03
  0.149999991       1.68326974E-03
  0.159999996       1.75803632E-03
  0.170000002       1.82855281E-03
  0.179999992       1.89529720E-03
  0.189999998       1.95847452E-03
  0.199999988       2.01845495E-03
  0.209999993       2.07501743E-03
  0.219999999       2.12899107E-03
  0.229999989       2.17986153E-03
  0.239999995       2.22812849E-03
  0.250000000       2.27400777E-03
  0.259999990       2.31753755E-03
  0.269999981       2.35875812E-03
  0.280000001       2.39796215E-03
  0.289999992       2.43524672E-03
  0.299999982       2.47036666E-03
  0.310000002       2.50384468E-03
  0.319999993       2.53559439E-03
  0.329999983       2.56595528E-03
  0.340000004       2.59478786E-03
  0.349999994       2.62168399E-03
  0.359999985       2.64779455E-03
  0.370000005       2.67241197E-03
  0.379999995       2.69645522E-03
  0.389999986       2.71944888E-03
  0.399999976       2.74464767E-03
  0.409999996       2.76400405E-03
  0.419999987       2.78318184E-03
  0.429999977       2.80167325E-03
  0.439999998       2.81956955E-03
  0.449999988       2.83689168E-03
  0.459999979       2.85380939E-03
  0.469999999       2.87128822E-03
  0.479999989       2.88981781E-03
  0.489999980       2.91448087E-03
  0.500000000       3.01234913E-03
  0.509999990       3.00122960E-03
  0.519999981       3.01359035E-03
  0.529999971       3.02709988E-03
  0.539999962       3.04459687E-03
  0.550000012       3.05711641E-03
  0.560000002       3.07283364E-03
  0.569999993       3.08991573E-03
  0.579999983       3.10797780E-03
  0.589999974       3.12836049E-03
  0.599999964       3.15058022E-03
  0.610000014       3.17684072E-03
  0.620000005       3.20931105E-03
  0.629999995       3.25195887E-03
  0.639999986       3.31337913E-03
  0.649999976       3.42047773E-03
  0.659999967       3.70495347E-03
  0.669999957       4.53327782E-03
  0.680000007       4.44267178E-03
  0.689999998       4.43004910E-03
  0.699999988       4.44013020E-03
  0.709999979       4.45982860E-03
  0.719999969       4.48561413E-03
  0.729999959       4.52192873E-03
  0.740000010       4.55905730E-03
  0.750000000       4.60174773E-03
  0.759999990       4.64460673E-03
  0.769999981       4.69293259E-03
  0.779999971       4.74485056E-03
  0.789999962       4.80093155E-03
  0.799999952       4.86159371E-03
  0.810000002       4.92633646E-03
  0.819999993       4.99767717E-03
  0.829999983       5.07432874E-03
  0.839999974       5.15822228E-03
  0.849999964       5.25025185E-03
  0.859999955       5.34929801E-03
  0.870000005       5.46380039E-03
  0.879999995       5.59018785E-03
  0.889999986       5.73218893E-03
  0.899999976       5.89452172E-03
  0.909999967       6.08224748E-03
  0.919999957       6.30267290E-03
  0.930000007       6.56722160E-03
  0.939999998       6.89255353E-03
  0.949999988       7.30698137E-03
  0.959999979       7.86053762E-03
  0.969999969       8.65535531E-03
  0.979999959       9.94165614E-03
  0.989999950       1.25962859E-02
   1.00000000       2.40008719E-02
   1.00999999       2.38986239E-02
   1.01999998       2.36135777E-02
   1.02999997       2.35001836E-02
   1.03999996       2.34802086E-02
   1.04999995       2.35181078E-02
   1.05999994       2.35955343E-02
   1.06999993       2.37014648E-02
   1.07999992       2.38289926E-02
   1.09000003       2.39738952E-02
   1.10000002       2.41324194E-02
   1.11000001       2.43026819E-02
   1.12000000       2.44829841E-02
   1.13000000       2.46720370E-02
   1.13999999       2.48688608E-02
   1.14999998       2.50729155E-02
   1.15999997       2.52833795E-02
   1.16999996       2.54998151E-02
   1.17999995       2.57219113E-02
   1.18999994       2.59490013E-02
   1.19999993       2.61826981E-02
   1.20999992       2.64196675E-02
   1.22000003       2.66621783E-02
   1.23000002       2.69095022E-02
   1.24000001       2.71618515E-02
   1.25000000       2.74186078E-02
   1.25999999       2.76802946E-02
   1.26999998       2.79467050E-02
   1.27999997       2.82179564E-02
   1.28999996       2.84940992E-02
   1.29999995       2.87750848E-02
   1.30999994       2.90611945E-02
   1.31999993       2.93522403E-02
   1.32999992       2.96487957E-02
   1.33999991       2.99508013E-02
   1.35000002       3.02578602E-02
   1.36000001       3.05707175E-02
   1.37000000       3.08894366E-02
   1.38000000       3.12142428E-02
   1.38999999       3.15452106E-02
   1.39999998       3.18824463E-02
   1.40999997       3.22263986E-02
   1.41999996       3.25771607E-02
   1.42999995       3.29350233E-02
   1.43999994       3.33001874E-02
   1.44999993       3.36733125E-02
   1.45999992       3.40538323E-02
   1.46999991       3.44427042E-02
   1.48000002       3.48405652E-02
   1.49000001       3.52471136E-02
   1.50000000       3.56631838E-02
   1.50999999       3.60882543E-02
   1.51999998       3.65248397E-02
   1.52999997       3.69715355E-02
   1.53999996       3.74294259E-02
   1.54999995       3.78990583E-02
   1.55999994       3.83809917E-02
   1.56999993       3.88759896E-02
   1.57999992       3.93843502E-02
   1.58999991       3.99072096E-02
   1.59999990       4.04452272E-02
   1.61000001       4.09991480E-02
   1.62000000       4.15699370E-02
   1.63000000       4.21581604E-02
   1.63999999       4.27660793E-02
   1.64999998       4.33938801E-02
   1.65999997       4.40429002E-02
   1.66999996       4.47145253E-02
   1.67999995       4.54104766E-02
   1.68999994       4.61323932E-02
   1.69999993       4.68817838E-02
   1.70999992       4.76609804E-02
   1.71999991       4.84720953E-02
   1.73000002       4.93176058E-02
   1.74000001       5.02000488E-02
   1.75000000       5.11226468E-02
   1.75999999       5.20889759E-02
   1.76999998       5.31024858E-02
   1.77999997       5.41675687E-02
   1.78999996       5.52894063E-02
   1.79999995       5.64732440E-02
   1.80999994       5.77258579E-02
   1.81999993       5.90539910E-02
   1.82999992       6.04664013E-02
   1.83999991       6.19728491E-02
   1.84999990       6.35853782E-02
   1.86000001       6.53171763E-02
   1.87000000       6.71847835E-02
   1.88000000       6.92077205E-02
   1.88999999       7.14098215E-02
   1.89999998       7.38202259E-02
   1.90999997       7.64753670E-02
   1.91999996       7.94213340E-02
   1.92999995       8.27165768E-02
   1.93999994       8.64380077E-02
   1.94999993       9.06870887E-02
   1.95999992       9.56033766E-02
   1.96999991      0.101380415    
   1.97999990      0.108295903    
   1.99000001      0.116754413    
   2.00000000      0.127337530    
   2.00999999      0.140613079    
   2.01999998      0.152850911    
   2.02999997      0.163287893    
   2.03999996      0.172204360    
   2.04999995      0.179920122    
   2.05999994      0.186691016    
   2.06999993      0.192712545    
   2.07999992      0.198131144    
   2.08999991      0.203058392    
   2.09999990      0.207580581    
   2.10999990      0.211764887    
   2.11999989      0.215663999    
   2.12999988      0.219320998    
   2.13999987      0.222770289    
   2.14999986      0.226039782    
   2.15999985      0.229153499    
   2.16999984      0.232130080    
   2.18000007      0.234986275    
   2.19000006      0.237735704    
   2.20000005      0.240390420    
   2.21000004      0.242959782    
   2.22000003      0.245453075    
   2.23000002      0.247877702    
   2.24000001      0.250239968    
   2.25000000      0.252546132    
   2.25999999      0.254800797    
   2.26999998      0.257008761    
   2.27999997      0.259173423    
   2.28999996      0.261298925    
   2.29999995      0.263387889    
   2.30999994      0.265443474    
   2.31999993      0.267467827    
   2.32999992      0.269463420    
   2.33999991      0.271432310    
   2.34999990      0.273376673    
   2.35999990      0.275297284    
   2.36999989      0.277196050    
   2.37999988      0.279074490    
   2.38999987      0.280934244    
   2.39999986      0.282776266    
   2.40999985      0.284600914    
   2.41999984      0.286410362    
   2.42999983      0.288204998    
   2.44000006      0.289984852    
   2.45000005      0.291751683    
   2.46000004      0.293505818    
   2.47000003      0.295248270    
   2.48000002      0.296978861    
   2.49000001      0.298699051    
   2.50000000      0.300409406    
   2.50999999      0.302109390    
   2.51999998      0.303799927    
   2.52999997      0.305482507    
   2.53999996      0.307155609    
   2.54999995      0.308821231    
   2.55999994      0.310478985    
   2.56999993      0.312129498    
   2.57999992      0.313772559    
   2.58999991      0.315409034    
   2.59999990      0.317039043    
   2.60999990      0.318663061    
   2.61999989      0.320280522    
   2.62999988      0.321892828    
   2.63999987      0.323498428    
   2.64999986      0.325100213    
   2.65999985      0.326695889    
   2.66999984      0.328286946    
   2.67999983      0.329873055    
   2.69000006      0.331454635    
   2.70000005      0.333031654    
   2.71000004      0.334604561    
   2.72000003      0.336173087    
   2.73000002      0.337737858    
   2.74000001      0.339298546    
   2.75000000      0.340855598    
   2.75999999      0.342408627    
   2.76999998      0.343958437    
   2.77999997      0.345504999    
   2.78999996      0.347048044    
   2.79999995      0.348587662    
   2.80999994      0.350124449    
   2.81999993      0.351657957    
   2.82999992      0.353188694    
   2.83999991      0.354716897    
   2.84999990      0.356241763    
   2.85999990      0.357764125    
   2.86999989      0.359283715    
   2.87999988      0.360800892    
   2.88999987      0.362315595    
   2.89999986      0.363827735    
   2.90999985      0.365337670    
   2.91999984      0.366845012    
   2.92999983      0.368350536    
   2.93999982      0.369853795    
   2.95000005      0.371354550    
   2.96000004      0.372853428    
   2.97000003      0.374349773    
   2.98000002      0.375845253    
   2.99000001      0.377338290    
   3.00000000      0.378829122    
   3.00999999      0.380318224    
   3.01999998      0.381805867    
   3.02999997      0.383291364    
   3.03999996      0.384775102    
   3.04999995      0.386257380    
   3.05999994      0.387738198    
   3.06999993      0.389216602    
   3.07999992      0.390693933    
   3.08999991      0.392169952    
   3.09999990      0.393643916    
   3.10999990      0.395116419    
   3.11999989      0.396587908    
   3.12999988      0.398057640    
   3.13999987      0.399526268    
   3.14999986      0.400993228    
   3.15999985      0.402458966    
   3.16999984      0.403923064    
   3.17999983      0.405386329    
   3.18999982      0.406848133    
   3.19999981      0.408309042    
   3.21000004      0.409768075    
   3.22000003      0.411226124    
   3.23000002      0.412683159    
   3.24000001      0.414139301    
   3.25000000      0.415593445    
   3.25999999      0.417047501    
   3.26999998      0.418499678    
   3.27999997      0.419950873    
   3.28999996      0.421401113    
   3.29999995      0.422850609    
   3.30999994      0.424298584    
   3.31999993      0.425745785    
   3.32999992      0.427191526    
   3.33999991      0.428637356    
   3.34999990      0.430081248    
   3.35999990      0.431525111    
   3.36999989      0.432966739    
   3.37999988      0.434408724    
   3.38999987      0.435849518    
   3.39999986      0.437289238    
   3.40999985      0.438728094    
   3.41999984      0.440165907    
   3.42999983      0.441603363    
   3.43999982      0.443039387    
   3.44999981      0.444475085    
   3.46000004      0.445909351    
   3.47000003      0.447343349    
   3.48000002      0.448775977    
   3.49000001      0.450208068    
   3.50000000      0.451639950    
   3.50999999      0.453070968    
