   9.99999978E-03   1.98109148E-04
   1.99999996E-02   3.66564054E-04
   2.99999993E-02   4.49010549E-04
   3.99999991E-02   5.52441634E-04
   4.99999970E-02   6.72249007E-04
   5.99999987E-02   7.95874163E-04
   7.00000003E-02   9.17160534E-04
   7.99999982E-02   1.03422627E-03
   8.99999961E-02   1.14550139E-03
   9.99999940E-02   1.25110266E-03
  0.109999999       1.35171670E-03
  0.119999997       1.44572160E-03
  0.129999995       1.53516105E-03
  0.140000001       1.61960477E-03
  0.149999991       1.69955997E-03
  0.159999996       1.77477684E-03
  0.170000002       1.84683537E-03
  0.179999992       1.91450643E-03
  0.189999998       1.97856408E-03
  0.199999988       2.03921576E-03
  0.209999993       2.09674402E-03
  0.219999999       2.15148111E-03
  0.229999989       2.20279954E-03
  0.239999995       2.25203414E-03
  0.250000000       2.29857326E-03
  0.259999990       2.34273449E-03
  0.269999981       2.38455809E-03
  0.280000001       2.42532860E-03
  0.289999992       2.46215309E-03
  0.299999982       2.49779271E-03
  0.310000002       2.53176200E-03
  0.319999993       2.56398600E-03
  0.329999983       2.59481254E-03
  0.340000004       2.62407819E-03
  0.349999994       2.65159574E-03
  0.359999985       2.67792284E-03
  0.370000005       2.70289951E-03
  0.379999995       2.72735604E-03
  0.389999986       2.75073922E-03
  0.399999976       2.77664745E-03
  0.409999996       2.79624457E-03
  0.419999987       2.81577744E-03
  0.429999977       2.83460552E-03
  0.439999998       2.85286154E-03
  0.449999988       2.87052547E-03
  0.459999979       2.88783805E-03
  0.469999999       2.90579698E-03
  0.479999989       2.92177312E-03
  0.489999980       2.95084878E-03
  0.500000000       3.05432547E-03
  0.509999990       3.04407044E-03
  0.519999981       3.05446982E-03
  0.529999971       3.06825689E-03
  0.539999962       3.08350520E-03
  0.550000012       3.09929228E-03
  0.560000002       3.11563467E-03
  0.569999993       3.13345017E-03
  0.579999983       3.15240980E-03
  0.589999974       3.17368913E-03
  0.599999964       3.19707440E-03
  0.610000014       3.22485063E-03
  0.620000005       3.25913145E-03
  0.629999995       3.30477906E-03
  0.639999986       3.36962566E-03
  0.649999976       3.48377391E-03
  0.659999967       3.78619879E-03
  0.669999957       4.65622870E-03
  0.680000007       4.55104467E-03
  0.689999998       4.53750510E-03
  0.699999988       4.54782927E-03
  0.709999979       4.56966460E-03
  0.719999969       4.59507573E-03
  0.729999959       4.63303085E-03
  0.740000010       4.67119599E-03
  0.750000000       4.71497467E-03
  0.759999990       4.76132287E-03
  0.769999981       4.81192581E-03
  0.779999971       4.86630201E-03
  0.789999962       4.92505124E-03
  0.799999952       4.98861959E-03
  0.810000002       5.05647808E-03
  0.819999993       5.13124326E-03
  0.829999983       5.21162245E-03
  0.839999974       5.29958494E-03
  0.849999964       5.39608812E-03
  0.859999955       5.50141558E-03
  0.870000005       5.62003907E-03
  0.879999995       5.75258071E-03
  0.889999986       5.90159884E-03
  0.899999976       6.07174728E-03
  0.909999967       6.26860373E-03
  0.919999957       6.49974030E-03
  0.930000007       6.77710818E-03
  0.939999998       7.11813290E-03
  0.949999988       7.55245332E-03
  0.959999979       8.13235343E-03
  0.969999969       8.96447338E-03
  0.979999959       1.03095537E-02
  0.989999950       1.30774723E-02
   1.00000000       2.47156955E-02
   1.00999999       2.46307850E-02
   1.01999998       2.43424121E-02
   1.02999997       2.42272262E-02
   1.03999996       2.41906717E-02
   1.04999995       2.42464785E-02
   1.05999994       2.43262183E-02
   1.06999993       2.44352650E-02
   1.07999992       2.45665573E-02
   1.09000003       2.47157086E-02
   1.10000002       2.48789601E-02
   1.11000001       2.50542853E-02
   1.12000000       2.52400022E-02
   1.13000000       2.54347473E-02
   1.13999999       2.56375391E-02
   1.14999998       2.58477703E-02
   1.15999997       2.60646325E-02
   1.16999996       2.62876395E-02
   1.17999995       2.65165549E-02
   1.18999994       2.67508738E-02
   1.19999993       2.69914921E-02
   1.20999992       2.72357166E-02
   1.22000003       2.74857488E-02
   1.23000002       2.77407002E-02
   1.24000001       2.80008409E-02
   1.25000000       2.82655563E-02
   1.25999999       2.85353474E-02
   1.26999998       2.88100317E-02
   1.27999997       2.90897116E-02
   1.28999996       2.93744262E-02
   1.29999995       2.96641495E-02
   1.30999994       2.99591385E-02
   1.31999993       3.02592535E-02
   1.32999992       3.05650048E-02
   1.33999991       3.08764279E-02
   1.35000002       3.11930366E-02
   1.36000001       3.15156728E-02
   1.37000000       3.18443105E-02
   1.38000000       3.21792103E-02
   1.38999999       3.25204879E-02
   1.39999998       3.28682326E-02
   1.40999997       3.32228765E-02
   1.41999996       3.35845500E-02
   1.42999995       3.39535624E-02
   1.43999994       3.43300439E-02
   1.44999993       3.47148068E-02
   1.45999992       3.51071097E-02
   1.46999991       3.55081074E-02
   1.48000002       3.59183028E-02
   1.49000001       3.63374501E-02
   1.50000000       3.67664099E-02
   1.50999999       3.72046493E-02
   1.51999998       3.76547650E-02
   1.52999997       3.81151997E-02
   1.53999996       3.85872386E-02
   1.54999995       3.90713438E-02
   1.55999994       3.95681113E-02
   1.56999993       4.00782786E-02
   1.57999992       4.06022705E-02
   1.58999991       4.11411636E-02
   1.59999990       4.16956432E-02
   1.61000001       4.22665216E-02
   1.62000000       4.28546816E-02
   1.63000000       4.34608012E-02
   1.63999999       4.40871604E-02
   1.64999998       4.47339639E-02
   1.65999997       4.54026051E-02
   1.66999996       4.60944735E-02
   1.67999995       4.68113869E-02
   1.68999994       4.75548953E-02
   1.69999993       4.83266823E-02
   1.70999992       4.91290726E-02
   1.71999991       4.99642305E-02
   1.73000002       5.08347154E-02
   1.74000001       5.17431311E-02
   1.75000000       5.26927374E-02
   1.75999999       5.36872223E-02
   1.76999998       5.47300726E-02
   1.77999997       5.58258668E-02
   1.78999996       5.69797568E-02
   1.79999995       5.81972487E-02
   1.80999994       5.94852045E-02
   1.81999993       6.08504452E-02
   1.82999992       6.23019896E-02
   1.83999991       6.38498291E-02
   1.84999990       6.55059963E-02
   1.86000001       6.72841221E-02
   1.87000000       6.92009479E-02
   1.88000000       7.12763369E-02
   1.88999999       7.35343620E-02
   1.89999998       7.60046393E-02
   1.90999997       7.87241161E-02
   1.91999996       8.17390308E-02
   1.92999995       8.51085633E-02
   1.93999994       8.89101177E-02
   1.94999993       9.32452977E-02
   1.95999992       9.82535854E-02
   1.96999991      0.104127631    
   1.97999990      0.111142129    
   1.99000001      0.119694628    
   2.00000000      0.130349442    
   2.00999999      0.143644884    
   2.01999998      0.155915231    
   2.02999997      0.166402802    
   2.03999996      0.175378606    
   2.04999995      0.183156833    
   2.05999994      0.189991042    
   2.06999993      0.196074530    
   2.07999992      0.201553255    
   2.08999991      0.206538603    
   2.09999990      0.211116537    
   2.10999990      0.215354666    
   2.11999989      0.219305217    
   2.12999988      0.223011792    
   2.13999987      0.226508811    
   2.14999986      0.229824483    
   2.15999985      0.232982397    
   2.16999984      0.236002013    
   2.18000007      0.238899931    
   2.19000006      0.241689593    
   2.20000005      0.244383857    
   2.21000004      0.246991307    
   2.22000003      0.249522015    
   2.23000002      0.251982957    
   2.24000001      0.254381031    
   2.25000000      0.256722242    
   2.25999999      0.259010822    
   2.26999998      0.261252314    
   2.27999997      0.263449967    
   2.28999996      0.265607774    
   2.29999995      0.267728448    
   2.30999994      0.269815326    
   2.31999993      0.271870553    
   2.32999992      0.273896337    
   2.33999991      0.275895774    
   2.34999990      0.277869463    
   2.35999990      0.279819310    
   2.36999989      0.281747550    
   2.37999988      0.283654630    
   2.38999987      0.285542816    
   2.39999986      0.287412792    
   2.40999985      0.289264917    
   2.41999984      0.291102558    
   2.42999983      0.292924255    
   2.44000006      0.294731498    
   2.45000005      0.296525151    
   2.46000004      0.298306376    
   2.47000003      0.300075024    
   2.48000002      0.301832229    
   2.49000001      0.303578526    
   2.50000000      0.305314690    
   2.50999999      0.307040483    
   2.51999998      0.308757007    
   2.52999997      0.310464412    
   2.53999996      0.312163234    
   2.54999995      0.313854158    
   2.55999994      0.315537542    
   2.56999993      0.317212492    
   2.57999992      0.318880826    
   2.58999991      0.320541978    
   2.59999990      0.322196871    
   2.60999990      0.323845118    
   2.61999989      0.325487107    
   2.62999988      0.327123463    
   2.63999987      0.328753769    
   2.64999986      0.330379575    
   2.65999985      0.331998944    
   2.66999984      0.333614707    
   2.67999983      0.335224360    
   2.69000006      0.336829990    
   2.70000005      0.338430822    
   2.71000004      0.340027541    
   2.72000003      0.341619521    
   2.73000002      0.343208253    
   2.74000001      0.344792217    
   2.75000000      0.346372843    
   2.75999999      0.347949475    
   2.76999998      0.349522412    
   2.77999997      0.351092279    
   2.78999996      0.352658510    
   2.79999995      0.354221314    
   2.80999994      0.355781376    
   2.81999993      0.357337892    
   2.82999992      0.358891845    
   2.83999991      0.360442877    
   2.84999990      0.361990720    
   2.85999990      0.363535792    
   2.86999989      0.365078568    
   2.87999988      0.366618425    
   2.88999987      0.368155599    
   2.89999986      0.369690776    
   2.90999985      0.371223539    
   2.91999984      0.372753590    
   2.92999983      0.374281555    
   2.93999982      0.375807166    
   2.95000005      0.377330661    
   2.96000004      0.378852278    
   2.97000003      0.380371094    
   2.98000002      0.381888598    
   2.99000001      0.383404344    
   3.00000000      0.384917468    
   3.00999999      0.386428893    
   3.01999998      0.387938172    
   3.02999997      0.389446497    
   3.03999996      0.390952885    
   3.04999995      0.392457008    
   3.05999994      0.393959820    
   3.06999993      0.395460993    
   3.07999992      0.396960318    
   3.08999991      0.398458004    
   3.09999990      0.399954408    
   3.10999990      0.401449412    
   3.11999989      0.402942330    
   3.12999988      0.404434532    
   3.13999987      0.405925035    
   3.14999986      0.407413870    
   3.15999985      0.408901721    
   3.16999984      0.410388201    
   3.17999983      0.411873043    
   3.18999982      0.413356602    
   3.19999981      0.414839119    
   3.21000004      0.416320413    
   3.22000003      0.417800397    
   3.23000002      0.419279248    
   3.24000001      0.420757055    
   3.25000000      0.422233254    
   3.25999999      0.423708469    
   3.26999998      0.425182909    
   3.27999997      0.426655948    
   3.28999996      0.428128004    
   3.29999995      0.429598629    
   3.30999994      0.431069016    
   3.31999993      0.432537675    
   3.32999992      0.434005082    
   3.33999991      0.435472369    
   3.34999990      0.436938554    
   3.35999990      0.438403368    
   3.36999989      0.439867198    
   3.37999988      0.441330045    
   3.38999987      0.442792445    
   3.39999986      0.444253951    
   3.40999985      0.445714295    
   3.41999984      0.447173834    
   3.42999983      0.448632419    
   3.43999982      0.450090051    
   3.44999981      0.451547205    
   3.46000004      0.453003436    
   3.47000003      0.454458773    
   3.48000002      0.455913335    
   3.49000001      0.457366884    
   3.50000000      0.458819836    
   3.50999999      0.460272104    
