   9.99999978E-03   2.08953817E-04
   1.99999996E-02   3.84911400E-04
   2.99999993E-02   4.69905674E-04
   3.99999991E-02   5.70116274E-04
   4.99999970E-02   6.89760025E-04
   5.99999987E-02   8.15576874E-04
   7.00000003E-02   9.40290513E-04
   7.99999982E-02   1.06189353E-03
   8.99999961E-02   1.17683318E-03
   9.99999940E-02   1.28671166E-03
  0.109999999       1.39147905E-03
  0.119999997       1.48944510E-03
  0.129999995       1.58315373E-03
  0.140000001       1.67169026E-03
  0.149999991       1.75519462E-03
  0.159999996       1.83441478E-03
  0.170000002       1.90926553E-03
  0.179999992       1.98015478E-03
  0.189999998       2.04729848E-03
  0.199999988       2.11620936E-03
  0.209999993       2.17119744E-03
  0.219999999       2.22858158E-03
  0.229999989       2.28264392E-03
  0.239999995       2.33409600E-03
  0.250000000       2.38466240E-03
  0.259999990       2.42927531E-03
  0.269999981       2.47317692E-03
  0.280000001       2.51493673E-03
  0.289999992       2.55467463E-03
  0.299999982       2.59212777E-03
  0.310000002       2.62779649E-03
  0.319999993       2.66168523E-03
  0.329999983       2.69416743E-03
  0.340000004       2.72502005E-03
  0.349999994       2.75397301E-03
  0.359999985       2.78166309E-03
  0.370000005       2.80795689E-03
  0.379999995       2.83332635E-03
  0.389999986       2.85782758E-03
  0.399999976       2.88851955E-03
  0.409999996       2.90779932E-03
  0.419999987       2.92853010E-03
  0.429999977       2.94849533E-03
  0.439999998       2.96818395E-03
  0.449999988       2.98715779E-03
  0.459999979       3.00599472E-03
  0.469999999       3.02567752E-03
  0.479999989       3.04715661E-03
  0.489999980       3.07804206E-03
  0.500000000       3.20151215E-03
  0.509999990       3.18582193E-03
  0.519999981       3.19840154E-03
  0.529999971       3.21445800E-03
  0.539999962       3.23057058E-03
  0.550000012       3.24845035E-03
  0.560000002       3.26716620E-03
  0.569999993       3.28760361E-03
  0.579999983       3.30989552E-03
  0.589999974       3.33497208E-03
  0.599999964       3.36290011E-03
  0.610000014       3.39631783E-03
  0.620000005       3.43786227E-03
  0.629999995       3.49299284E-03
  0.639999986       3.57343210E-03
  0.649999976       3.71425762E-03
  0.659999967       4.08694753E-03
  0.669999957       5.07336576E-03
  0.680000007       4.94963769E-03
  0.689999998       4.93259076E-03
  0.699999988       4.94392589E-03
  0.709999979       4.96861292E-03
  0.719999969       5.00184856E-03
  0.729999959       5.04164491E-03
  0.740000010       5.08669252E-03
  0.750000000       5.13692480E-03
  0.759999990       5.18753845E-03
  0.769999981       5.24942577E-03
  0.779999971       5.31374384E-03
  0.789999962       5.38256299E-03
  0.799999952       5.45705529E-03
  0.810000002       5.53415390E-03
  0.819999993       5.62421093E-03
  0.829999983       5.71873831E-03
  0.839999974       5.82170766E-03
  0.849999964       5.93539746E-03
  0.859999955       6.05923543E-03
  0.870000005       6.19897945E-03
  0.879999995       6.35389984E-03
  0.889999986       6.52933959E-03
  0.899999976       6.72924565E-03
  0.909999967       6.96040597E-03
  0.919999957       7.23196892E-03
  0.930000007       7.55746569E-03
  0.939999998       7.95756839E-03
  0.949999988       8.46651383E-03
  0.959999979       9.14515182E-03
  0.969999969       1.01167122E-02
  0.979999959       1.16805630E-02
  0.989999950       1.48653323E-02
   1.00000000       2.73115952E-02
   1.00999999       2.72920132E-02
   1.01999998       2.69938409E-02
   1.02999997       2.68734321E-02
   1.03999996       2.68539619E-02
   1.04999995       2.68982314E-02
   1.05999994       2.69875005E-02
   1.06999993       2.71072220E-02
   1.07999992       2.72521712E-02
   1.09000003       2.74169389E-02
   1.10000002       2.75972597E-02
   1.11000001       2.77910195E-02
   1.12000000       2.79963613E-02
   1.13000000       2.82110665E-02
   1.13999999       2.84361131E-02
   1.14999998       2.86687426E-02
   1.15999997       2.89086308E-02
   1.16999996       2.91557256E-02
   1.17999995       2.94093080E-02
   1.18999994       2.96688620E-02
   1.19999993       2.99346652E-02
   1.20999992       3.02061513E-02
   1.22000003       3.04832980E-02
   1.23000002       3.07661127E-02
   1.24000001       3.10543552E-02
   1.25000000       3.13478895E-02
   1.25999999       3.16471048E-02
   1.26999998       3.19517180E-02
   1.27999997       3.22619155E-02
   1.28999996       3.25777419E-02
   1.29999995       3.28991562E-02
   1.30999994       3.32263522E-02
   1.31999993       3.35593484E-02
   1.32999992       3.38985585E-02
   1.33999991       3.42440493E-02
   1.35000002       3.45953330E-02
   1.36000001       3.49531360E-02
   1.37000000       3.53178941E-02
   1.38000000       3.56894806E-02
   1.38999999       3.60680893E-02
   1.39999998       3.64539325E-02
   1.40999997       3.68473716E-02
   1.41999996       3.72486226E-02
   1.42999995       3.76579538E-02
   1.43999994       3.80756147E-02
   1.44999993       3.85024138E-02
   1.45999992       3.89375351E-02
   1.46999991       3.93824019E-02
   1.48000002       3.98383811E-02
   1.49000001       4.03020084E-02
   1.50000000       4.07776050E-02
   1.50999999       4.12635542E-02
   1.51999998       4.17625047E-02
   1.52999997       4.22729589E-02
   1.53999996       4.27961014E-02
   1.54999995       4.33326326E-02
   1.55999994       4.38830629E-02
   1.56999993       4.44482006E-02
   1.57999992       4.50287499E-02
   1.58999991       4.56256047E-02
   1.59999990       4.62396219E-02
   1.61000001       4.68715988E-02
   1.62000000       4.75227199E-02
   1.63000000       4.81935479E-02
   1.63999999       4.88865748E-02
   1.64999998       4.96020503E-02
   1.65999997       5.03415428E-02
   1.66999996       5.11064604E-02
   1.67999995       5.18988408E-02
   1.68999994       5.27203120E-02
   1.69999993       5.35729229E-02
   1.70999992       5.44589348E-02
   1.71999991       5.53808212E-02
   1.73000002       5.63412718E-02
   1.74000001       5.73431626E-02
   1.75000000       5.83899915E-02
   1.75999999       5.94857819E-02
   1.76999998       6.06341287E-02
   1.77999997       6.18402399E-02
   1.78999996       6.31094724E-02
   1.79999995       6.44477308E-02
   1.80999994       6.58565089E-02
   1.81999993       6.73603937E-02
   1.82999992       6.89522848E-02
   1.83999991       7.06477910E-02
   1.84999990       7.24600554E-02
   1.86000001       7.44033903E-02
   1.87000000       7.64955580E-02
   1.88000000       7.87574202E-02
   1.88999999       8.12142342E-02
   1.89999998       8.38968158E-02
   1.90999997       8.68433788E-02
   1.91999996       9.01018903E-02
   1.92999995       9.37328264E-02
   1.93999994       9.78148058E-02
   1.94999993      0.102450252    
   1.95999992      0.107777849    
   1.96999991      0.113986425    
   1.97999990      0.121340066    
   1.99000001      0.130210623    
   2.00000000      0.141106218    
   2.00999999      0.154468969    
   2.01999998      0.166846171    
   2.02999997      0.177499413    
   2.03999996      0.186672300    
   2.04999995      0.194660559    
   2.05999994      0.201707602    
   2.06999993      0.208001360    
   2.07999992      0.213684961    
   2.08999991      0.218868271    
   2.09999990      0.223637238    
   2.10999990      0.228059068    
   2.11999989      0.232186571    
   2.12999988      0.236063555    
   2.13999987      0.239725038    
   2.14999986      0.243199393    
   2.15999985      0.246510819    
   2.16999984      0.249678925    
   2.18000007      0.252720952    
   2.19000006      0.255654395    
   2.20000005      0.258481264    
   2.21000004      0.261221588    
   2.22000003      0.263881743    
   2.23000002      0.266469389    
   2.24000001      0.268991143    
   2.25000000      0.271453470    
   2.25999999      0.273861319    
   2.26999998      0.276219130    
   2.27999997      0.278531224    
   2.28999996      0.280801773    
   2.29999995      0.283033550    
   2.30999994      0.285229474    
   2.31999993      0.287392259    
   2.32999992      0.289524376    
   2.33999991      0.291628391    
   2.34999990      0.293705463    
   2.35999990      0.295758247    
   2.36999989      0.297786951    
   2.37999988      0.299794436    
   2.38999987      0.301781327    
   2.39999986      0.303749204    
   2.40999985      0.305698752    
   2.41999984      0.307632625    
   2.42999983      0.309549540    
   2.44000006      0.311451912    
   2.45000005      0.313339561    
   2.46000004      0.315213501    
   2.47000003      0.317074955    
   2.48000002      0.318923980    
   2.49000001      0.320762098    
   2.50000000      0.322588831    
   2.50999999      0.324404657    
   2.51999998      0.326211065    
   2.52999997      0.328007728    
   2.53999996      0.329795092    
   2.54999995      0.331574440    
   2.55999994      0.333344936    
   2.56999993      0.335107684    
   2.57999992      0.336862952    
   2.58999991      0.338611186    
   2.59999990      0.340352029    
   2.60999990      0.342086673    
   2.61999989      0.343813717    
   2.62999988      0.345535159    
   2.63999987      0.347250670    
   2.64999986      0.348960876    
   2.65999985      0.350665212    
   2.66999984      0.352364093    
   2.67999983      0.354057878    
   2.69000006      0.355746686    
   2.70000005      0.357431084    
   2.71000004      0.359110475    
   2.72000003      0.360785216    
   2.73000002      0.362456352    
   2.74000001      0.364122778    
   2.75000000      0.365785033    
   2.75999999      0.367443234    
   2.76999998      0.369097888    
   2.77999997      0.370749474    
   2.78999996      0.372396976    
   2.79999995      0.374040902    
   2.80999994      0.375681490    
   2.81999993      0.377318978    
   2.82999992      0.378953069    
   2.83999991      0.380584270    
   2.84999990      0.382212609    
   2.85999990      0.383837849    
   2.86999989      0.385460436    
   2.87999988      0.387080193    
   2.88999987      0.388697147    
   2.89999986      0.390311599    
   2.90999985      0.391923577    
   2.91999984      0.393532842    
   2.92999983      0.395139813    
   2.93999982      0.396744579    
   2.95000005      0.398346901    
   2.96000004      0.399946809    
   2.97000003      0.401544660    
   2.98000002      0.403140754    
   2.99000001      0.404734492    
   3.00000000      0.406325996    
   3.00999999      0.407915801    
   3.01999998      0.409503460    
   3.02999997      0.411089331    
   3.03999996      0.412673533    
   3.04999995      0.414255351    
   3.05999994      0.415836126    
   3.06999993      0.417414665    
   3.07999992      0.418991745    
   3.08999991      0.420566857    
   3.09999990      0.422140300    
   3.10999990      0.423712552    
   3.11999989      0.425282925    
   3.12999988      0.426851720    
   3.13999987      0.428419083    
   3.14999986      0.429984987    
   3.15999985      0.431549668    
   3.16999984      0.433112919    
   3.17999983      0.434674621    
   3.18999982      0.436235040    
   3.19999981      0.437794030    
   3.21000004      0.439351678    
   3.22000003      0.440907925    
   3.23000002      0.442463666    
   3.24000001      0.444017380    
   3.25000000      0.445569813    
   3.25999999      0.447121352    
   3.26999998      0.448671997    
   3.27999997      0.450220585    
   3.28999996      0.451769024    
   3.29999995      0.453315824    
   3.30999994      0.454861552    
   3.31999993      0.456406325    
   3.32999992      0.457949430    
   3.33999991      0.459492654    
   3.34999990      0.461034089    
   3.35999990      0.462574810    
   3.36999989      0.464114249    
   3.37999988      0.465639263    
   3.38999987      0.467190415    
   3.39999986      0.468727171    
   3.40999985      0.470263183    
   3.41999984      0.471797675    
   3.42999983      0.473331481    
   3.43999982      0.474864751    
   3.44999981      0.476396769    
   3.46000004      0.477928191    
   3.47000003      0.479458839    
   3.48000002      0.480988264    
   3.49000001      0.482516915    
   3.50000000      0.484044909    
   3.50999999      0.485572189    
