   9.99999978E-03   2.06154335E-04
   1.99999996E-02   3.79870209E-04
   2.99999993E-02   4.63811069E-04
   3.99999991E-02   5.65020717E-04
   4.99999970E-02   6.84778788E-04
   5.99999987E-02   8.06556200E-04
   7.00000003E-02   9.33800358E-04
   7.99999982E-02   1.05430605E-03
   8.99999961E-02   1.16807618E-03
   9.99999940E-02   1.27673068E-03
  0.109999999       1.38031249E-03
  0.119999997       1.47737470E-03
  0.129999995       1.56966515E-03
  0.140000001       1.65710039E-03
  0.149999991       1.73956936E-03
  0.159999996       1.81777833E-03
  0.170000002       1.89166528E-03
  0.179999992       1.96164055E-03
  0.189999998       2.02790601E-03
  0.199999988       2.09076935E-03
  0.209999993       2.15017213E-03
  0.219999999       2.20680167E-03
  0.229999989       2.26020161E-03
  0.239999995       2.31090444E-03
  0.250000000       2.35907384E-03
  0.259999990       2.40480038E-03
  0.269999981       2.44810921E-03
  0.280000001       2.48929719E-03
  0.289999992       2.52849143E-03
  0.299999982       2.56542861E-03
  0.310000002       2.60060350E-03
  0.319999993       2.63402006E-03
  0.329999983       2.66602868E-03
  0.340000004       2.69643031E-03
  0.349999994       2.72497628E-03
  0.359999985       2.75227404E-03
  0.370000005       2.77817156E-03
  0.379999995       2.80314707E-03
  0.389999986       2.82721594E-03
  0.399999976       2.85701873E-03
  0.409999996       2.87616858E-03
  0.419999987       2.89650680E-03
  0.429999977       2.91627203E-03
  0.439999998       2.93543772E-03
  0.449999988       2.95403204E-03
  0.459999979       2.97241681E-03
  0.469999999       2.99157738E-03
  0.479999989       3.01238964E-03
  0.489999980       3.04167857E-03
  0.500000000       3.15649668E-03
  0.509999990       3.14470683E-03
  0.519999981       3.15706548E-03
  0.529999971       3.17240413E-03
  0.539999962       3.18534719E-03
  0.550000012       3.20555456E-03
  0.560000002       3.22355772E-03
  0.569999993       3.24316486E-03
  0.579999983       3.26449284E-03
  0.589999974       3.28842783E-03
  0.599999964       3.31498869E-03
  0.610000014       3.34670395E-03
  0.620000005       3.38603999E-03
  0.629999995       3.43814935E-03
  0.639999986       3.51403235E-03
  0.649999976       3.64688365E-03
  0.659999967       3.99839459E-03
  0.669999957       4.95081674E-03
  0.680000007       4.83256998E-03
  0.689999998       4.81657358E-03
  0.699999988       4.82769543E-03
  0.709999979       4.85150423E-03
  0.719999969       4.88343136E-03
  0.729999959       4.92163887E-03
  0.740000010       4.96483641E-03
  0.750000000       5.01296064E-03
  0.759999990       5.06406697E-03
  0.769999981       5.12133632E-03
  0.779999971       5.18221082E-03
  0.789999962       5.24804415E-03
  0.799999952       5.31927124E-03
  0.810000002       5.39303152E-03
  0.819999993       5.47911180E-03
  0.829999983       5.56946918E-03
  0.839999974       5.66817448E-03
  0.849999964       5.77655667E-03
  0.859999955       5.89489099E-03
  0.870000005       6.02850690E-03
  0.879999995       6.17653877E-03
  0.889999986       6.34421548E-03
  0.899999976       6.53528888E-03
  0.909999967       6.75621675E-03
  0.919999957       7.01580802E-03
  0.930000007       7.32697640E-03
  0.939999998       7.70956790E-03
  0.949999988       8.19634646E-03
  0.959999979       8.84571578E-03
  0.969999969       9.77598969E-03
  0.979999959       1.12752263E-02
  0.989999950       1.43376524E-02
   1.00000000       2.65546441E-02
   1.00999999       2.65156589E-02
   1.01999998       2.62199771E-02
   1.02999997       2.61009075E-02
   1.03999996       2.60811895E-02
   1.04999995       2.61239111E-02
   1.05999994       2.62105893E-02
   1.06999993       2.63269730E-02
   1.07999992       2.64679212E-02
   1.09000003       2.66281590E-02
   1.10000002       2.68035047E-02
   1.11000001       2.69918777E-02
   1.12000000       2.71914806E-02
   1.13000000       2.74008550E-02
   1.13999999       2.76189242E-02
   1.14999998       2.78450586E-02
   1.15999997       2.80783810E-02
   1.16999996       2.83183232E-02
   1.17999995       2.85647139E-02
   1.18999994       2.88169086E-02
   1.19999993       2.90751643E-02
   1.20999992       2.93389373E-02
   1.22000003       2.96081677E-02
   1.23000002       2.98829060E-02
   1.24000001       3.01629212E-02
   1.25000000       3.04480605E-02
   1.25999999       3.07387207E-02
   1.26999998       3.10345925E-02
   1.27999997       3.13359313E-02
   1.28999996       3.16426866E-02
   1.29999995       3.19548324E-02
   1.30999994       3.22726928E-02
   1.31999993       3.25960815E-02
   1.32999992       3.29255350E-02
   1.33999991       3.32610942E-02
   1.35000002       3.36023346E-02
   1.36000001       3.39498185E-02
   1.37000000       3.43040414E-02
   1.38000000       3.46649922E-02
   1.38999999       3.50327417E-02
   1.39999998       3.54074687E-02
   1.40999997       3.57896164E-02
   1.41999996       3.61793078E-02
   1.42999995       3.65769193E-02
   1.43999994       3.69826145E-02
   1.44999993       3.73971090E-02
   1.45999992       3.78198177E-02
   1.46999991       3.82519178E-02
   1.48000002       3.86948213E-02
   1.49000001       3.91451903E-02
   1.50000000       3.96072157E-02
   1.50999999       4.00792956E-02
   1.51999998       4.05640341E-02
   1.52999997       4.10599001E-02
   1.53999996       4.15682197E-02
   1.54999995       4.20894548E-02
   1.55999994       4.26242761E-02
   1.56999993       4.31733616E-02
   1.57999992       4.37375009E-02
   1.58999991       4.43174914E-02
   1.59999990       4.49141972E-02
   1.61000001       4.55284342E-02
   1.62000000       4.61612046E-02
   1.63000000       4.68131863E-02
   1.63999999       4.74868827E-02
   1.64999998       4.81823981E-02
   1.65999997       4.89012599E-02
   1.66999996       4.96449582E-02
   1.67999995       5.04154116E-02
   1.68999994       5.12148365E-02
   1.69999993       5.20433411E-02
   1.70999992       5.29050641E-02
   1.71999991       5.38018048E-02
   1.73000002       5.47361188E-02
   1.74000001       5.57108782E-02
   1.75000000       5.67294732E-02
   1.75999999       5.77959158E-02
   1.76999998       5.89133278E-02
   1.77999997       6.00877665E-02
   1.78999996       6.13235608E-02
   1.79999995       6.26268461E-02
   1.80999994       6.40048161E-02
   1.81999993       6.54643700E-02
   1.82999992       6.70157373E-02
   1.83999991       6.86684921E-02
   1.84999990       7.04356655E-02
   1.86000001       7.23313168E-02
   1.87000000       7.43729174E-02
   1.88000000       7.65809566E-02
   1.88999999       7.89805502E-02
   1.89999998       8.16020668E-02
   1.90999997       8.44833851E-02
   1.91999996       8.76720399E-02
   1.92999995       9.12280828E-02
   1.93999994       9.52298269E-02
   1.94999993       9.97796208E-02
   1.95999992      0.105016485    
   1.96999991      0.111130193    
   1.97999990      0.118388139    
   1.99000001      0.127169386    
   2.00000000      0.137997806    
   2.00999999      0.151341766    
   2.01999998      0.163689688    
   2.02999997      0.174297020    
   2.03999996      0.183415115    
   2.04999995      0.191344678    
   2.05999994      0.198332205    
   2.06999993      0.204566851    
   2.07999992      0.210192949    
   2.08999991      0.215320602    
   2.09999990      0.220035687    
   2.10999990      0.224405468    
   2.11999989      0.228483036    
   2.12999988      0.232310832    
   2.13999987      0.235926762    
   2.14999986      0.239356130    
   2.15999985      0.242623925    
   2.16999984      0.245750055    
   2.18000007      0.248751000    
   2.19000006      0.251641214    
   2.20000005      0.254432797    
   2.21000004      0.257135242    
   2.22000003      0.259758472    
   2.23000002      0.262310266    
   2.24000001      0.264796674    
   2.25000000      0.267224550    
   2.25999999      0.269598275    
   2.26999998      0.271923095    
   2.27999997      0.274202853    
   2.28999996      0.276441157    
   2.29999995      0.278641403    
   2.30999994      0.280805975    
   2.31999993      0.282938123    
   2.32999992      0.285039961    
   2.33999991      0.287114054    
   2.34999990      0.289161712    
   2.35999990      0.291185200    
   2.36999989      0.293185294    
   2.37999988      0.295164019    
   2.38999987      0.297122896    
   2.39999986      0.299063116    
   2.40999985      0.300984770    
   2.41999984      0.302891135    
   2.42999983      0.304780900    
   2.44000006      0.306656003    
   2.45000005      0.308516562    
   2.46000004      0.310364455    
   2.47000003      0.312199205    
   2.48000002      0.314022094    
   2.49000001      0.315834016    
   2.50000000      0.317634642    
   2.50999999      0.319424719    
   2.51999998      0.321205944    
   2.52999997      0.322976559    
   2.53999996      0.324739277    
   2.54999995      0.326492935    
   2.55999994      0.328238994    
   2.56999993      0.329976618    
   2.57999992      0.331706733    
   2.58999991      0.333430260    
   2.59999990      0.335146338    
   2.60999990      0.336856335    
   2.61999989      0.338559240    
   2.62999988      0.340256482    
   2.63999987      0.341947496    
   2.64999986      0.343633592    
   2.65999985      0.345313609    
   2.66999984      0.346988529    
   2.67999983      0.348658890    
   2.69000006      0.350323647    
   2.70000005      0.351984292    
   2.71000004      0.353639841    
   2.72000003      0.355290920    
   2.73000002      0.356938511    
   2.74000001      0.358581603    
   2.75000000      0.360220820    
   2.75999999      0.361855656    
   2.76999998      0.363487005    
   2.77999997      0.365114927    
   2.78999996      0.366739213    
   2.79999995      0.368352205    
   2.80999994      0.369977564    
   2.81999993      0.371591657    
   2.82999992      0.373203069    
   2.83999991      0.374811679    
   2.84999990      0.376416951    
   2.85999990      0.378019363    
   2.86999989      0.379619032    
   2.87999988      0.381216228    
   2.88999987      0.382810354    
   2.89999986      0.384401619    
   2.90999985      0.385990858    
   2.91999984      0.387577862    
   2.92999983      0.389162153    
   2.93999982      0.390744388    
   2.95000005      0.392324328    
   2.96000004      0.393902063    
   2.97000003      0.395477086    
   2.98000002      0.397050858    
   2.99000001      0.398621917    
   3.00000000      0.400191575    
   3.00999999      0.401758820    
   3.01999998      0.403324425    
   3.02999997      0.404887438    
   3.03999996      0.406449437    
   3.04999995      0.408009470    
   3.05999994      0.409567744    
   3.06999993      0.411124408    
   3.07999992      0.412678927    
   3.08999991      0.414232165    
   3.09999990      0.415783525    
   3.10999990      0.417333603    
   3.11999989      0.418881983    
   3.12999988      0.420429051    
   3.13999987      0.421974391    
   3.14999986      0.423518449    
   3.15999985      0.425061017    
   3.16999984      0.426602066    
   3.17999983      0.428142071    
   3.18999982      0.429680586    
   3.19999981      0.431217313    
   3.21000004      0.432753384    
   3.22000003      0.434288085    
   3.23000002      0.435821503    
   3.24000001      0.437353730    
   3.25000000      0.438884884    
   3.25999999      0.440414071    
   3.26999998      0.441942871    
   3.27999997      0.443470210    
   3.28999996      0.444996655    
   3.29999995      0.446521699    
   3.30999994      0.448045999    
   3.31999993      0.449568868    
   3.32999992      0.451090217    
   3.33999991      0.452611566    
   3.34999990      0.454132080    
   3.35999990      0.455650926    
   3.36999989      0.457168996    
   3.37999988      0.458672196    
   3.38999987      0.460202157    
   3.39999986      0.461717010    
   3.40999985      0.463231295    
   3.41999984      0.464744687    
   3.42999983      0.466256618    
   3.43999982      0.467768550    
   3.44999981      0.469279408    
   3.46000004      0.470789254    
   3.47000003      0.472298294    
   3.48000002      0.473806113    
   3.49000001      0.475313604    
   3.50000000      0.476820290    
   3.50999999      0.478325546    
