   9.99999978E-03   2.16230474E-04
   1.99999996E-02   3.96662857E-04
   2.99999993E-02   4.85523604E-04
   3.99999991E-02   5.83049085E-04
   4.99999970E-02   7.02078163E-04
   5.99999987E-02   8.29169760E-04
   7.00000003E-02   9.56079399E-04
   7.99999982E-02   1.08030997E-03
   8.99999961E-02   1.19827420E-03
   9.99999940E-02   1.31096551E-03
  0.109999999       1.41877774E-03
  0.119999997       1.51984731E-03
  0.129999995       1.61608693E-03
  0.140000001       1.70735025E-03
  0.149999991       1.79344462E-03
  0.159999996       1.87513919E-03
  0.170000002       1.95241545E-03
  0.179999992       2.02558818E-03
  0.189999998       2.09492352E-03
  0.199999988       2.16062018E-03
  0.209999993       2.22286978E-03
  0.219999999       2.28215195E-03
  0.229999989       2.33801105E-03
  0.239999995       2.39118538E-03
  0.250000000       2.44164886E-03
  0.259999990       2.48957239E-03
  0.269999981       2.53494806E-03
  0.280000001       2.57812953E-03
  0.289999992       2.61924393E-03
  0.299999982       2.65770918E-03
  0.310000002       2.69490690E-03
  0.319999993       2.72992207E-03
  0.329999983       2.76360754E-03
  0.340000004       2.79560569E-03
  0.349999994       2.82560196E-03
  0.359999985       2.85427924E-03
  0.370000005       2.88160611E-03
  0.379999995       2.90792924E-03
  0.389999986       2.93364655E-03
  0.399999976       2.96517322E-03
  0.409999996       2.98617175E-03
  0.419999987       3.00789881E-03
  0.429999977       3.02875647E-03
  0.439999998       3.04947002E-03
  0.449999988       3.06950160E-03
  0.459999979       3.08941607E-03
  0.469999999       3.11055477E-03
  0.479999989       3.13314912E-03
  0.489999980       3.16903740E-03
  0.500000000       3.30837327E-03
  0.509999990       3.28983623E-03
  0.519999981       3.30335414E-03
  0.529999971       3.31785646E-03
  0.539999962       3.33724311E-03
  0.550000012       3.35677760E-03
  0.560000002       3.37739731E-03
  0.569999993       3.40015790E-03
  0.579999983       3.42488079E-03
  0.589999974       3.45274620E-03
  0.599999964       3.48472875E-03
  0.610000014       3.52274370E-03
  0.620000005       3.57025512E-03
  0.629999995       3.63367121E-03
  0.639999986       3.72650754E-03
  0.649999976       3.88912950E-03
  0.659999967       4.31908900E-03
  0.669999957       5.39188553E-03
  0.680000007       5.25383977E-03
  0.689999998       5.23392344E-03
  0.699999988       5.24557009E-03
  0.709999979       5.27265249E-03
  0.719999969       5.30942855E-03
  0.729999959       5.35343867E-03
  0.740000010       5.40336082E-03
  0.750000000       5.45871118E-03
  0.759999990       5.51904039E-03
  0.769999981       5.58488816E-03
  0.779999971       5.65596763E-03
  0.789999962       5.73262060E-03
  0.799999952       5.81545336E-03
  0.810000002       5.90499397E-03
  0.819999993       6.00209180E-03
  0.829999983       6.10762509E-03
  0.839999974       6.22299314E-03
  0.849999964       6.34960597E-03
  0.859999955       6.48893742E-03
  0.870000005       6.64401753E-03
  0.879999995       6.81704050E-03
  0.889999986       7.01301033E-03
  0.899999976       7.23691843E-03
  0.909999967       7.49437045E-03
  0.919999957       7.79750431E-03
  0.930000007       8.16074386E-03
  0.939999998       8.60702340E-03
  0.949999988       9.17425379E-03
  0.959999979       9.92988888E-03
  0.969999969       1.10097174E-02
  0.979999959       1.27424654E-02
  0.989999950       1.62441861E-02
   1.00000000       2.92567890E-02
   1.00999999       2.92881988E-02
   1.01999998       2.89850347E-02
   1.02999997       2.88618580E-02
   1.03999996       2.88433861E-02
   1.04999995       2.88919285E-02
   1.05999994       2.89878957E-02
   1.06999993       2.91162599E-02
   1.07999992       2.92715579E-02
   1.09000003       2.94480287E-02
   1.10000002       2.96411496E-02
   1.11000001       2.98487004E-02
   1.12000000       3.00689265E-02
   1.13000000       3.02996300E-02
   1.13999999       3.05400845E-02
   1.14999998       3.07894796E-02
   1.15999997       3.10467035E-02
   1.16999996       3.13116945E-02
   1.17999995       3.15836705E-02
   1.18999994       3.18621397E-02
   1.19999993       3.21472883E-02
   1.20999992       3.24386097E-02
   1.22000003       3.27360556E-02
   1.23000002       3.30395512E-02
   1.24000001       3.33489031E-02
   1.25000000       3.36639695E-02
   1.25999999       3.39851864E-02
   1.26999998       3.43122110E-02
   1.27999997       3.46452259E-02
   1.28999996       3.49844769E-02
   1.29999995       3.53293642E-02
   1.30999994       3.56807075E-02
   1.31999993       3.60382199E-02
   1.32999992       3.64025012E-02
   1.33999991       3.67734358E-02
   1.35000002       3.71506363E-02
   1.36000001       3.75349671E-02
   1.37000000       3.79264541E-02
   1.38000000       3.83255035E-02
   1.38999999       3.87320518E-02
   1.39999998       3.91462743E-02
   1.40999997       3.95687260E-02
   1.41999996       3.99995446E-02
   1.42999995       4.04390097E-02
   1.43999994       4.08874340E-02
   1.44999993       4.13455814E-02
   1.45999992       4.18127216E-02
   1.46999991       4.22902703E-02
   1.48000002       4.27784659E-02
   1.49000001       4.32773344E-02
   1.50000000       4.37877961E-02
   1.50999999       4.43093404E-02
   1.51999998       4.48447503E-02
   1.52999997       4.53924388E-02
   1.53999996       4.59537618E-02
   1.54999995       4.65293676E-02
   1.55999994       4.71198708E-02
   1.56999993       4.77260500E-02
   1.57999992       4.83486764E-02
   1.58999991       4.89887260E-02
   1.59999990       4.96470854E-02
   1.61000001       5.03246821E-02
   1.62000000       5.10225892E-02
   1.63000000       5.17421253E-02
   1.63999999       5.24843894E-02
   1.64999998       5.32508418E-02
   1.65999997       5.40429763E-02
   1.66999996       5.48622385E-02
   1.67999995       5.57106547E-02
   1.68999994       5.65900840E-02
   1.69999993       5.75026758E-02
   1.70999992       5.84507436E-02
   1.71999991       5.94369285E-02
   1.73000002       6.04640953E-02
   1.74000001       6.15352131E-02
   1.75000000       6.26540259E-02
   1.75999999       6.38247281E-02
   1.76999998       6.50510937E-02
   1.77999997       6.63387254E-02
   1.78999996       6.76925704E-02
   1.79999995       6.91202655E-02
   1.80999994       7.06282482E-02
   1.81999993       7.22243786E-02
   1.82999992       7.39189908E-02
   1.83999991       7.57229179E-02
   1.84999990       7.76496008E-02
   1.86000001       7.97138438E-02
   1.87000000       8.19341689E-02
   1.88000000       8.43319371E-02
   1.88999999       8.69331658E-02
   1.89999998       8.97696689E-02
   1.90999997       9.28805843E-02
   1.91999996       9.63146538E-02
   1.92999995      0.100133166    
   1.93999994      0.104415573    
   1.94999993      0.109264374    
   1.95999992      0.114817299    
   1.96999991      0.121260047    
   1.97999990      0.128848448    
   1.99000001      0.137936845    
   2.00000000      0.148995101    
   2.00999999      0.162403241    
   2.01999998      0.174850047    
   2.02999997      0.185612693    
   2.03999996      0.194917277    
   2.04999995      0.203047186    
   2.05999994      0.210238948    
   2.06999993      0.216675982    
   2.07999992      0.222500324    
   2.08999991      0.227820426    
   2.09999990      0.232721567    
   2.10999990      0.237271041    
   2.11999989      0.241521895    
   2.12999988      0.245517850    
   2.13999987      0.249294326    
   2.14999986      0.252879500    
   2.15999985      0.256298929    
   2.16999984      0.259572297    
   2.18000007      0.262714624    
   2.19000006      0.265743375    
   2.20000005      0.268669218    
   2.21000004      0.271503478    
   2.22000003      0.274255306    
   2.23000002      0.276932597    
   2.24000001      0.279541731    
   2.25000000      0.282089740    
   2.25999999      0.284579873    
   2.26999998      0.287022412    
   2.27999997      0.289416105    
   2.28999996      0.291766137    
   2.29999995      0.294076592    
   2.30999994      0.296350211    
   2.31999993      0.298589230    
   2.32999992      0.300796717    
   2.33999991      0.302974969    
   2.34999990      0.305125803    
   2.35999990      0.307251096    
   2.36999989      0.309351772    
   2.37999988      0.311430216    
   2.38999987      0.313487709    
   2.39999986      0.315525919    
   2.40999985      0.317544729    
   2.41999984      0.319546521    
   2.42999983      0.321531177    
   2.44000006      0.323501110    
   2.45000005      0.325455606    
   2.46000004      0.327396274    
   2.47000003      0.329323590    
   2.48000002      0.331238091    
   2.49000001      0.333140880    
   2.50000000      0.335032403    
   2.50999999      0.336912870    
   2.51999998      0.338782638    
   2.52999997      0.340642899    
   2.53999996      0.342493892    
   2.54999995      0.344335735    
   2.55999994      0.346168965    
   2.56999993      0.347994000    
   2.57999992      0.349810988    
   2.58999991      0.351621002    
   2.59999990      0.353423536    
   2.60999990      0.355218858    
   2.61999989      0.357007295    
   2.62999988      0.358789444    
   2.63999987      0.360565305    
   2.64999986      0.362335622    
   2.65999985      0.364100009    
   2.66999984      0.365858883    
   2.67999983      0.367612332    
   2.69000006      0.369360805    
   2.70000005      0.371104479    
   2.71000004      0.372842938    
   2.72000003      0.374576479    
   2.73000002      0.376306415    
   2.74000001      0.378031552    
   2.75000000      0.379752517    
   2.75999999      0.381469280    
   2.76999998      0.383182079    
   2.77999997      0.384891510    
   2.78999996      0.386596888    
   2.79999995      0.388298631    
   2.80999994      0.389996678    
   2.81999993      0.391691953    
   2.82999992      0.393383503    
   2.83999991      0.395072490    
   2.84999990      0.396757215    
   2.85999990      0.398440033    
   2.86999989      0.400119275    
   2.87999988      0.401796103    
   2.88999987      0.403469771    
   2.89999986      0.405140728    
   2.90999985      0.406809092    
   2.91999984      0.408474952    
   2.92999983      0.410138637    
   2.93999982      0.411799759    
   2.95000005      0.413458437    
   2.96000004      0.415114552    
   2.97000003      0.416768014    
   2.98000002      0.418420315    
   2.99000001      0.420069605    
   3.00000000      0.421717346    
   3.00999999      0.423362881    
   3.01999998      0.425006330    
   3.02999997      0.426647604    
   3.03999996      0.428287029    
   3.04999995      0.429925025    
   3.05999994      0.431560904    
   3.06999993      0.433194906    
   3.07999992      0.434826702    
   3.08999991      0.436457038    
   3.09999990      0.438085735    
   3.10999990      0.439713031    
   3.11999989      0.441338301    
   3.12999988      0.442962825    
   3.13999987      0.444585145    
   3.14999986      0.446205854    
   3.15999985      0.447825015    
   3.16999984      0.449443072    
   3.17999983      0.451059580    
   3.18999982      0.452674359    
   3.19999981      0.454288125    
   3.21000004      0.455900252    
   3.22000003      0.457511544    
   3.23000002      0.459120959    
   3.24000001      0.460729688    
   3.25000000      0.462336808    
   3.25999999      0.463942558    
   3.26999998      0.465546936    
   3.27999997      0.467150509    
   3.28999996      0.468752831    
   3.29999995      0.470353842    
   3.30999994      0.471953630    
   3.31999993      0.473552555    
   3.32999992      0.475149870    
   3.33999991      0.476746768    
   3.34999990      0.478342623    
   3.35999990      0.479937136    
   3.36999989      0.481530488    
   3.37999988      0.483122885    
   3.38999987      0.484714419    
   3.39999986      0.486304998    
   3.40999985      0.487894624    
   3.41999984      0.489483029    
   3.42999983      0.491070896    
   3.43999982      0.492657483    
   3.44999981      0.494243413    
   3.46000004      0.495828211    
   3.47000003      0.497412264    
   3.48000002      0.498995513    
   3.49000001      0.500577569    
   3.50000000      0.502158940    
   3.50999999      0.503739536    
