   9.99999978E-03   2.10542072E-04
   1.99999996E-02   3.87420994E-04
   2.99999993E-02   4.72984219E-04
   3.99999991E-02   5.72669262E-04
   4.99999970E-02   6.92241068E-04
   5.99999987E-02   8.18323344E-04
   7.00000003E-02   9.43505904E-04
   7.99999982E-02   1.06563640E-03
   8.99999961E-02   1.18117977E-03
   9.99999940E-02   1.29163521E-03
  0.109999999       1.39707932E-03
  0.119999997       1.49578718E-03
  0.129999995       1.58981991E-03
  0.140000001       1.67890033E-03
  0.149999991       1.76292611E-03
  0.159999996       1.84265280E-03
  0.170000002       1.91798084E-03
  0.179999992       1.98932481E-03
  0.189999998       2.05709715E-03
  0.199999988       2.12102337E-03
  0.209999993       2.18161801E-03
  0.219999999       2.23937933E-03
  0.229999989       2.29380513E-03
  0.239999995       2.34559993E-03
  0.250000000       2.39475560E-03
  0.259999990       2.44142185E-03
  0.269999981       2.48561753E-03
  0.280000001       2.52766279E-03
  0.289999992       2.56767147E-03
  0.299999982       2.60538352E-03
  0.310000002       2.64129927E-03
  0.319999993       2.67542084E-03
  0.329999983       2.70813936E-03
  0.340000004       2.73921899E-03
  0.349999994       2.76837545E-03
  0.359999985       2.79626762E-03
  0.370000005       2.82275327E-03
  0.379999995       2.84832250E-03
  0.389999986       2.87304190E-03
  0.399999976       2.90419161E-03
  0.409999996       2.92356196E-03
  0.419999987       2.94446037E-03
  0.429999977       2.96459952E-03
  0.439999998       2.98452540E-03
  0.449999988       3.00365244E-03
  0.459999979       3.02271545E-03
  0.469999999       3.04267625E-03
  0.479999989       3.06454254E-03
  0.489999980       3.09619470E-03
  0.500000000       3.22273117E-03
  0.509999990       3.20642232E-03
  0.519999981       3.21910949E-03
  0.529999971       3.23536992E-03
  0.539999962       3.25175840E-03
  0.550000012       3.26995808E-03
  0.560000002       3.28904227E-03
  0.569999993       3.30990716E-03
  0.579999983       3.33269383E-03
  0.589999974       3.35805677E-03
  0.599999964       3.38699250E-03
  0.610000014       3.42129124E-03
  0.620000005       3.46397469E-03
  0.629999995       3.52071924E-03
  0.639999986       3.60347750E-03
  0.649999976       3.74849048E-03
  0.659999967       4.13214136E-03
  0.669999957       5.13558276E-03
  0.680000007       5.00905979E-03
  0.689999998       4.99147829E-03
  0.699999988       5.00362460E-03
  0.709999979       5.02808299E-03
  0.719999969       5.06194634E-03
  0.729999959       5.10254968E-03
  0.740000010       5.14855376E-03
  0.750000000       5.19986497E-03
  0.759999990       5.25510637E-03
  0.769999981       5.31552220E-03
  0.779999971       5.38055552E-03
  0.789999962       5.45089832E-03
  0.799999952       5.52704278E-03
  0.810000002       5.60888043E-03
  0.819999993       5.69794560E-03
  0.829999983       5.79460850E-03
  0.839999974       5.89992106E-03
  0.849999964       6.01614965E-03
  0.859999955       6.14368590E-03
  0.870000005       6.28569955E-03
  0.879999995       6.44412730E-03
  0.889999986       6.62354566E-03
  0.899999976       6.82797190E-03
  0.909999967       7.06435880E-03
  0.919999957       7.34203216E-03
  0.930000007       7.67483981E-03
  0.939999998       8.08389112E-03
  0.949999988       8.60414747E-03
  0.959999979       9.29773413E-03
  0.969999969       1.02903349E-02
  0.979999959       1.18870884E-02
  0.989999950       1.51339006E-02
   1.00000000       2.76940595E-02
   1.00999999       2.76843905E-02
   1.01999998       2.73850877E-02
   1.02999997       2.72640493E-02
   1.03999996       2.72447430E-02
   1.04999995       2.72898264E-02
   1.05999994       2.73804013E-02
   1.06999993       2.75018215E-02
   1.07999992       2.76487824E-02
   1.09000003       2.78158430E-02
   1.10000002       2.79986952E-02
   1.11000001       2.81951539E-02
   1.12000000       2.84033976E-02
   1.13000000       2.86211260E-02
   1.13999999       2.88493671E-02
   1.14999998       2.90852915E-02
   1.15999997       2.93285903E-02
   1.16999996       2.95792222E-02
   1.17999995       2.98364032E-02
   1.18999994       3.00997104E-02
   1.19999993       3.03693023E-02
   1.20999992       3.06446943E-02
   1.22000003       3.09258010E-02
   1.23000002       3.12126856E-02
   1.24000001       3.15050930E-02
   1.25000000       3.18028741E-02
   1.25999999       3.21064293E-02
   1.26999998       3.24154720E-02
   1.27999997       3.27301435E-02
   1.28999996       3.30505222E-02
   1.29999995       3.33766043E-02
   1.30999994       3.37085724E-02
   1.31999993       3.40463929E-02
   1.32999992       3.43904942E-02
   1.33999991       3.47410180E-02
   1.35000002       3.50974053E-02
   1.36000001       3.54605131E-02
   1.37000000       3.58304381E-02
   1.38000000       3.62074450E-02
   1.38999999       3.65915559E-02
   1.39999998       3.69829535E-02
   1.40999997       3.73821184E-02
   1.41999996       3.77891809E-02
   1.42999995       3.82044464E-02
   1.43999994       3.86281610E-02
   1.44999993       3.90611328E-02
   1.45999992       3.95025648E-02
   1.46999991       3.99538502E-02
   1.48000002       4.04164419E-02
   1.49000001       4.08867523E-02
   1.50000000       4.13692221E-02
   1.50999999       4.18621972E-02
   1.51999998       4.23682779E-02
   1.52999997       4.28860374E-02
   1.53999996       4.34167683E-02
   1.54999995       4.39609811E-02
   1.55999994       4.45192643E-02
   1.56999993       4.50925156E-02
   1.57999992       4.56813313E-02
   1.58999991       4.62866984E-02
   1.59999990       4.69094738E-02
   1.61000001       4.75504547E-02
   1.62000000       4.82108071E-02
   1.63000000       4.88910936E-02
   1.63999999       4.95939180E-02
   1.64999998       5.03194928E-02
   1.65999997       5.10693043E-02
   1.66999996       5.18449880E-02
   1.67999995       5.26483878E-02
   1.68999994       5.34813218E-02
   1.69999993       5.43457717E-02
   1.70999992       5.52440248E-02
   1.71999991       5.61785810E-02
   1.73000002       5.71521968E-02
   1.74000001       5.81677034E-02
   1.75000000       5.92287704E-02
   1.75999999       6.03393614E-02
   1.76999998       6.15031235E-02
   1.77999997       6.27253503E-02
   1.78999996       6.40109256E-02
   1.79999995       6.53671846E-02
   1.80999994       6.68002963E-02
   1.81999993       6.83177561E-02
   1.82999992       6.99300095E-02
   1.83999991       7.16469213E-02
   1.84999990       7.34819025E-02
   1.86000001       7.54423887E-02
   1.87000000       7.75668249E-02
   1.88000000       7.98556581E-02
   1.88999999       8.23411420E-02
   1.89999998       8.50542858E-02
   1.90999997       8.80335867E-02
   1.91999996       9.13271457E-02
   1.92999995       9.49953720E-02
   1.93999994       9.91174579E-02
   1.94999993      0.103795640    
   1.95999992      0.109168388    
   1.96999991      0.115424156    
   1.97999990      0.122825094    
   1.99000001      0.131739825    
   2.00000000      0.142668635    
   2.00999999      0.156040505    
   2.01999998      0.168432072    
   2.02999997      0.179107711    
   2.03999996      0.188307315    
   2.04999995      0.196324557    
   2.05999994      0.203398749    
   2.06999993      0.209723681    
   2.07999992      0.215435773    
   2.08999991      0.220646679    
   2.09999990      0.225442469    
   2.10999990      0.229890049    
   2.11999989      0.234042495    
   2.12999988      0.237943396    
   2.13999987      0.241628021    
   2.14999986      0.245124504    
   2.15999985      0.248457670    
   2.16999984      0.251646936    
   2.18000007      0.254709154    
   2.19000006      0.257658929    
   2.20000005      0.260508388    
   2.21000004      0.263267636    
   2.22000003      0.265945852    
   2.23000002      0.268551797    
   2.24000001      0.271091014    
   2.25000000      0.273570746    
   2.25999999      0.275995195    
   2.26999998      0.278369427    
   2.27999997      0.280698180    
   2.28999996      0.282984555    
   2.29999995      0.285231978    
   2.30999994      0.287443399    
   2.31999993      0.289621830    
   2.32999992      0.291768909    
   2.33999991      0.293887466    
   2.34999990      0.295979470    
   2.35999990      0.298046619    
   2.36999989      0.300090075    
   2.37999988      0.302111566    
   2.38999987      0.304112494    
   2.39999986      0.306094944    
   2.40999985      0.308057874    
   2.41999984      0.310005486    
   2.42999983      0.311936110    
   2.44000006      0.313851774    
   2.45000005      0.315752715    
   2.46000004      0.317639977    
   2.47000003      0.319514543    
   2.48000002      0.321377009    
   2.49000001      0.323227614    
   2.50000000      0.325067580    
   2.50999999      0.326896310    
   2.51999998      0.328715593    
   2.52999997      0.330524921    
   2.53999996      0.332325190    
   2.54999995      0.334116697    
   2.55999994      0.335900009    
   2.56999993      0.337674916    
   2.57999992      0.339442700    
   2.58999991      0.341203183    
   2.59999990      0.342956066    
   2.60999990      0.344702810    
   2.61999989      0.346442550    
   2.62999988      0.348176211    
   2.63999987      0.349903792    
   2.64999986      0.351626039    
   2.65999985      0.353342086    
   2.66999984      0.355052948    
   2.67999983      0.356759071    
   2.69000006      0.358459413    
   2.70000005      0.360155404    
   2.71000004      0.361846656    
   2.72000003      0.363533497    
   2.73000002      0.365215868    
   2.74000001      0.366894215    
   2.75000000      0.368568540    
   2.75999999      0.370238572    
   2.76999998      0.371904880    
   2.77999997      0.373567581    
   2.78999996      0.375226468    
   2.79999995      0.376882493    
   2.80999994      0.378534436    
   2.81999993      0.380183399    
   2.82999992      0.381828994    
   2.83999991      0.383472055    
   2.84999990      0.385111481    
   2.85999990      0.386748284    
   2.86999989      0.388381898    
   2.87999988      0.390013486    
   2.88999987      0.391641557    
   2.89999986      0.393267155    
   2.90999985      0.394890487    
   2.91999984      0.396511197    
   2.92999983      0.398129612    
   2.93999982      0.399745047    
   2.95000005      0.401358873    
   2.96000004      0.402970135    
   2.97000003      0.404579252    
   2.98000002      0.406186312    
   2.99000001      0.407791317    
   3.00000000      0.409394085    
   3.00999999      0.410994560    
   3.01999998      0.412593812    
   3.02999997      0.414190799    
   3.03999996      0.415785968    
   3.04999995      0.417379081    
   3.05999994      0.418970376    
   3.06999993      0.420560300    
   3.07999992      0.422148228    
   3.08999991      0.423734397    
   3.09999990      0.425318748    
   3.10999990      0.426887661    
   3.11999989      0.428483963    
   3.12999988      0.430063754    
   3.13999987      0.431641787    
   3.14999986      0.433219105    
   3.15999985      0.434794575    
   3.16999984      0.436368376    
   3.17999983      0.437941402    
   3.18999982      0.439512432    
   3.19999981      0.441082388    
   3.21000004      0.442651123    
   3.22000003      0.444218487    
   3.23000002      0.445784420    
   3.24000001      0.447349191    
   3.25000000      0.448912680    
   3.25999999      0.450474709    
   3.26999998      0.452036321    
   3.27999997      0.453596175    
   3.28999996      0.455155313    
   3.29999995      0.456712931    
   3.30999994      0.458269387    
   3.31999993      0.459824950    
   3.32999992      0.461378425    
   3.33999991      0.462932706    
   3.34999990      0.464485615    
   3.35999990      0.466036767    
   3.36999989      0.467587143    
   3.37999988      0.469136238    
   3.38999987      0.470684975    
   3.39999986      0.472231865    
   3.40999985      0.473778605    
   3.41999984      0.475324243    
   3.42999983      0.476868957    
   3.43999982      0.478412837    
   3.44999981      0.479955614    
   3.46000004      0.481497556    
   3.47000003      0.483038723    
   3.48000002      0.484579057    
   3.49000001      0.486118495    
   3.50000000      0.487657309    
   3.50999999      0.489194781    
