   9.99999978E-03   2.07509249E-04
   1.99999996E-02   3.82390223E-04
   2.99999993E-02   4.66845493E-04
   3.99999991E-02   5.67556359E-04
   4.99999970E-02   6.87268330E-04
   5.99999987E-02   8.12807411E-04
   7.00000003E-02   9.37046832E-04
   7.99999982E-02   1.05810782E-03
   8.99999961E-02   1.17247598E-03
   9.99999940E-02   1.28173444E-03
  0.109999999       1.38590822E-03
  0.119999997       1.48356170E-03
  0.129999995       1.57642213E-03
  0.140000001       1.66440988E-03
  0.149999991       1.74739375E-03
  0.159999996       1.83172966E-03
  0.170000002       1.90047792E-03
  0.179999992       1.97091070E-03
  0.189999998       2.03761319E-03
  0.199999988       2.10089283E-03
  0.209999993       2.16069305E-03
  0.219999999       2.21769931E-03
  0.229999989       2.27146270E-03
  0.239999995       2.32251058E-03
  0.250000000       2.37100641E-03
  0.259999990       2.41704588E-03
  0.269999981       2.46065180E-03
  0.280000001       2.50212266E-03
  0.289999992       2.54159025E-03
  0.299999982       2.57878331E-03
  0.310000002       2.61420733E-03
  0.319999993       2.64785858E-03
  0.329999983       2.68010190E-03
  0.340000004       2.71072844E-03
  0.349999994       2.73948000E-03
  0.359999985       2.76697497E-03
  0.370000005       2.79306411E-03
  0.379999995       2.81824241E-03
  0.389999986       2.84252246E-03
  0.399999976       2.87276576E-03
  0.409999996       2.89195357E-03
  0.419999987       2.91251461E-03
  0.429999977       2.93230335E-03
  0.439999998       2.95180548E-03
  0.449999988       2.97058397E-03
  0.459999979       2.98919622E-03
  0.469999999       3.00860475E-03
  0.479999989       3.02970689E-03
  0.489999980       3.05982190E-03
  0.500000000       3.17963748E-03
  0.509999990       3.16521176E-03
  0.519999981       3.17767682E-03
  0.529999971       3.19321686E-03
  0.539999962       3.20937671E-03
  0.550000012       3.22694262E-03
  0.560000002       3.24529782E-03
  0.569999993       3.26531543E-03
  0.579999983       3.28711933E-03
  0.589999974       3.31161800E-03
  0.599999964       3.33885406E-03
  0.610000014       3.37140867E-03
  0.620000005       3.41183529E-03
  0.629999995       3.46543291E-03
  0.639999986       3.54357110E-03
  0.649999976       3.68026365E-03
  0.659999967       4.04221332E-03
  0.669999957       5.01166191E-03
  0.680000007       4.89069428E-03
  0.689999998       4.87417588E-03
  0.699999988       4.88540763E-03
  0.709999979       4.90965461E-03
  0.719999969       4.94223321E-03
  0.729999959       4.98122349E-03
  0.740000010       5.02533512E-03
  0.750000000       5.07450430E-03
  0.759999990       5.12742763E-03
  0.769999981       5.18527441E-03
  0.779999971       5.24750724E-03
  0.789999962       5.31481393E-03
  0.799999952       5.38767828E-03
  0.810000002       5.46307769E-03
  0.819999993       5.55112259E-03
  0.829999983       5.64354891E-03
  0.839999974       5.74420579E-03
  0.849999964       5.85537404E-03
  0.859999955       5.97643899E-03
  0.870000005       6.11310406E-03
  0.879999995       6.26453711E-03
  0.889999986       6.43605180E-03
  0.899999976       6.63149497E-03
  0.909999967       6.85749808E-03
  0.919999957       7.12302420E-03
  0.930000007       7.44129531E-03
  0.939999998       7.83255510E-03
  0.949999988       8.33032094E-03
  0.959999979       8.99420027E-03
  0.969999969       9.94493626E-03
  0.979999959       1.14762150E-02
  0.989999950       1.45994257E-02
   1.00000000       2.69310605E-02
   1.00999999       2.69016698E-02
   1.01999998       2.66047381E-02
   1.02999997       2.64849495E-02
   1.03999996       2.64653675E-02
   1.04999995       2.65088212E-02
   1.05999994       2.65968200E-02
   1.06999993       2.67148484E-02
   1.07999992       2.68577971E-02
   1.09000003       2.70202756E-02
   1.10000002       2.71981042E-02
   1.11000001       2.73891501E-02
   1.12000000       2.75916103E-02
   1.13000000       2.78039500E-02
   1.13999999       2.80251466E-02
   1.14999998       2.82545388E-02
   1.15999997       2.84910370E-02
   1.16999996       2.87346300E-02
   1.17999995       2.89845821E-02
   1.18999994       2.92404424E-02
   1.19999993       2.95024570E-02
   1.20999992       2.97700614E-02
   1.22000003       3.00432071E-02
   1.23000002       3.03219762E-02
   1.24000001       3.06060947E-02
   1.25000000       3.08954176E-02
   1.25999999       3.11878584E-02
   1.26999998       3.14905718E-02
   1.27999997       3.17962915E-02
   1.28999996       3.21075357E-02
   1.29999995       3.24243233E-02
   1.30999994       3.27468105E-02
   1.31999993       3.30749787E-02
   1.32999992       3.34092788E-02
   1.33999991       3.37498263E-02
   1.35000002       3.40960398E-02
   1.36000001       3.44486274E-02
   1.37000000       3.48081179E-02
   1.38000000       3.51743661E-02
   1.38999999       3.55475247E-02
   1.39999998       3.59277315E-02
   1.40999997       3.63155082E-02
   1.41999996       3.67109701E-02
   1.42999995       3.71144041E-02
   1.43999994       3.75260487E-02
   1.44999993       3.79466452E-02
   1.45999992       3.83755118E-02
   1.46999991       3.88139784E-02
   1.48000002       3.92633528E-02
   1.49000001       3.97203453E-02
   1.50000000       4.01891358E-02
   1.50999999       4.06680852E-02
   1.51999998       4.11599167E-02
   1.52999997       4.16630320E-02
   1.53999996       4.21787240E-02
   1.54999995       4.27075550E-02
   1.55999994       4.32501696E-02
   1.56999993       4.38072085E-02
   1.57999992       4.43795212E-02
   1.58999991       4.49679233E-02
   1.59999990       4.55732457E-02
   1.61000001       4.61962856E-02
   1.62000000       4.68381941E-02
   1.63000000       4.74995598E-02
   1.63999999       4.81828749E-02
   1.64999998       4.88883331E-02
   1.65999997       4.96174619E-02
   1.66999996       5.03717214E-02
   1.67999995       5.11530712E-02
   1.68999994       5.19631542E-02
   1.69999993       5.28039970E-02
   1.70999992       5.36778085E-02
   1.71999991       5.45870103E-02
   1.73000002       5.55343814E-02
   1.74000001       5.65226488E-02
   1.75000000       5.75553030E-02
   1.75999999       5.86363301E-02
   1.76999998       5.97693138E-02
   1.77999997       6.09593913E-02
   1.78999996       6.22118041E-02
   1.79999995       6.35325089E-02
   1.80999994       6.49287105E-02
   1.81999993       6.64074346E-02
   1.82999992       6.79789707E-02
   1.83999991       6.96530938E-02
   1.84999990       7.14426637E-02
   1.86000001       7.33620822E-02
   1.87000000       7.54288882E-02
   1.88000000       7.76638091E-02
   1.88999999       8.00918415E-02
   1.89999998       8.27438310E-02
   1.90999997       8.56577083E-02
   1.91999996       8.88812169E-02
   1.92999995       9.24745500E-02
   1.93999994       9.65164453E-02
   1.94999993      0.101108700    
   1.95999992      0.106391191    
   1.96999991      0.112552390    
   1.97999990      0.119858183    
   1.99000001      0.128684282    
   2.00000000      0.139546365    
   2.00999999      0.152899727    
   2.01999998      0.165262282    
   2.02999997      0.175892815    
   2.03999996      0.185038343    
   2.04999995      0.192997411    
   2.05999994      0.200014800    
   2.06999993      0.206279039    
   2.07999992      0.211933836    
   2.08999991      0.217089385    
   2.09999990      0.221831471    
   2.10999990      0.226227418    
   2.11999989      0.230329871    
   2.12999988      0.234182745    
   2.13999987      0.237820923    
   2.14999986      0.241272688    
   2.15999985      0.244562522    
   2.16999984      0.247709528    
   2.18000007      0.250730991    
   2.19000006      0.253641129    
   2.20000005      0.256451845    
   2.21000004      0.259173363    
   2.22000003      0.261815161    
   2.23000002      0.264384836    
   2.24000001      0.266889095    
   2.25000000      0.269333959    
   2.25999999      0.271724731    
   2.26999998      0.274065942    
   2.27999997      0.276361912    
   2.28999996      0.278616399    
   2.29999995      0.280832380    
   2.30999994      0.283012450    
   2.31999993      0.285160005    
   2.32999992      0.287277341    
   2.33999991      0.289365977    
   2.34999990      0.291428089    
   2.35999990      0.293466240    
   2.36999989      0.295481026    
   2.37999988      0.297473997    
   2.38999987      0.299447089    
   2.39999986      0.301400781    
   2.40999985      0.303336501    
   2.41999984      0.305256397    
   2.42999983      0.307160079    
   2.44000006      0.309048474    
   2.45000005      0.310922712    
   2.46000004      0.312783718    
   2.47000003      0.314631671    
   2.48000002      0.316467732    
   2.49000001      0.318292737    
   2.50000000      0.320106149    
   2.50999999      0.321909428    
   2.51999998      0.323703051    
   2.52999997      0.325487047    
   2.53999996      0.327261865    
   2.54999995      0.329028398    
   2.55999994      0.330786556    
   2.56999993      0.332536668    
   2.57999992      0.334279567    
   2.58999991      0.336014986    
   2.59999990      0.337743461    
   2.60999990      0.339465857    
   2.61999989      0.341180980    
   2.62999988      0.342890203    
   2.63999987      0.344593644    
   2.64999986      0.346291572    
   2.65999985      0.347983748    
   2.66999984      0.349670619    
   2.67999983      0.351352572    
   2.69000006      0.353029549    
   2.70000005      0.354701877    
   2.71000004      0.356369376    
   2.72000003      0.358032435    
   2.73000002      0.359691709    
   2.74000001      0.361346483    
   2.75000000      0.362996995    
   2.75999999      0.364643574    
   2.76999998      0.366286665    
   2.77999997      0.367926508    
   2.78999996      0.369562060    
   2.79999995      0.371194690    
   2.80999994      0.372824013    
   2.81999993      0.374449611    
   2.82999992      0.376072377    
   2.83999991      0.377692461    
   2.84999990      0.379308641    
   2.85999990      0.380922794    
   2.86999989      0.382533789    
   2.87999988      0.384142250    
   2.88999987      0.385747939    
   2.89999986      0.387350738    
   2.90999985      0.388950706    
   2.91999984      0.390549511    
   2.92999983      0.392144978    
   2.93999982      0.393738359    
   2.95000005      0.395329416    
   2.96000004      0.396918386    
   2.97000003      0.398504078    
   2.98000002      0.400089443    
   2.99000001      0.401672065    
   3.00000000      0.403252780    
   3.00999999      0.404831171    
   3.01999998      0.406407803    
   3.02999997      0.407982618    
   3.03999996      0.409555227    
   3.04999995      0.411126256    
   3.05999994      0.412695676    
   3.06999993      0.414263189    
   3.07999992      0.415829062    
   3.08999991      0.417393237    
   3.09999990      0.418955833    
   3.10999990      0.420516849    
   3.11999989      0.422076076    
   3.12999988      0.423634052    
   3.13999987      0.425190568    
   3.14999986      0.426745653    
   3.15999985      0.428298831    
   3.16999984      0.429851145    
   3.17999983      0.431402087    
   3.18999982      0.432951212    
   3.19999981      0.434499443    
   3.21000004      0.436046362    
   3.22000003      0.437591791    
   3.23000002      0.439135939    
   3.24000001      0.440679014    
   3.25000000      0.442221016    
   3.25999999      0.443761379    
   3.26999998      0.445300907    
   3.27999997      0.446839035    
   3.28999996      0.448376298    
   3.29999995      0.449912310    
   3.30999994      0.451447070    
   3.31999993      0.452980995    
   3.32999992      0.454513103    
   3.33999991      0.456045747    
   3.34999990      0.457576215    
   3.35999990      0.459106147    
   3.36999989      0.460634768    
   3.37999988      0.462149024    
   3.38999987      0.463689446    
   3.39999986      0.465215266    
   3.40999985      0.466740638    
   3.41999984      0.468264669    
   3.42999983      0.469787568    
   3.43999982      0.471309960    
   3.44999981      0.472831368    
   3.46000004      0.474351674    
   3.47000003      0.475871444    
   3.48000002      0.477390289    
   3.49000001      0.478908300    
   3.50000000      0.480425686    
   3.50999999      0.481942117    
