   9.99999978E-03   2.27063210E-04
   1.99999996E-02   4.16701747E-04
   2.99999993E-02   5.18463261E-04
   3.99999991E-02   6.10152492E-04
   4.99999970E-02   7.27229635E-04
   5.99999987E-02   8.55400518E-04
   7.00000003E-02   9.85935563E-04
   7.99999982E-02   1.11449638E-03
   8.99999961E-02   1.23827823E-03
   9.99999940E-02   1.35672977E-03
  0.109999999       1.46978255E-03
  0.119999997       1.57694099E-03
  0.129999995       1.67862896E-03
  0.140000001       1.77527370E-03
  0.149999991       1.86642527E-03
  0.159999996       1.95312465E-03
  0.170000002       2.03520851E-03
  0.179999992       2.11318652E-03
  0.189999998       2.18651886E-03
  0.199999988       2.25645606E-03
  0.209999993       2.32257647E-03
  0.219999999       2.38546287E-03
  0.229999989       2.44507962E-03
  0.239999995       2.50170450E-03
  0.250000000       2.55538221E-03
  0.259999990       2.60645128E-03
  0.269999981       2.65487307E-03
  0.280000001       2.70082243E-03
  0.289999992       2.74463487E-03
  0.299999982       2.78596045E-03
  0.310000002       2.82534491E-03
  0.319999993       2.86284648E-03
  0.329999983       2.89883721E-03
  0.340000004       2.93307332E-03
  0.349999994       2.96526728E-03
  0.359999985       2.99592456E-03
  0.370000005       3.02525936E-03
  0.379999995       3.05367215E-03
  0.389999986       3.08194687E-03
  0.399999976       3.12014041E-03
  0.409999996       3.14051379E-03
  0.419999987       3.16369790E-03
  0.429999977       3.18711507E-03
  0.439999998       3.20957438E-03
  0.449999988       3.23187653E-03
  0.459999979       3.25238123E-03
  0.469999999       3.27881961E-03
  0.479999989       3.30695719E-03
  0.489999980       3.35223740E-03
  0.500000000       3.52767133E-03
  0.509999990       3.50130093E-03
  0.519999981       3.51551524E-03
  0.529999971       3.53451399E-03
  0.539999962       3.55558959E-03
  0.550000012       3.57832573E-03
  0.560000002       3.60418600E-03
  0.569999993       3.63213709E-03
  0.579999983       3.66297667E-03
  0.589999974       3.69796576E-03
  0.599999964       3.73859098E-03
  0.610000014       3.78747983E-03
  0.620000005       3.84912919E-03
  0.629999995       3.93203087E-03
  0.639999986       4.05423716E-03
  0.649999976       4.26894194E-03
  0.659999967       4.83229477E-03
  0.669999957       6.08539302E-03
  0.680000007       5.91505552E-03
  0.689999998       5.88862039E-03
  0.699999988       5.90150757E-03
  0.709999979       5.93364099E-03
  0.719999969       5.97784994E-03
  0.729999959       6.03116956E-03
  0.740000010       6.09126827E-03
  0.750000000       6.15957472E-03
  0.759999990       6.23368984E-03
  0.769999981       6.31418405E-03
  0.779999971       6.40146947E-03
  0.789999962       6.49582734E-03
  0.799999952       6.59770239E-03
  0.810000002       6.70796307E-03
  0.819999993       6.82777679E-03
  0.829999983       6.95796078E-03
  0.839999974       7.10023288E-03
  0.849999964       7.25524640E-03
  0.859999955       7.42841698E-03
  0.870000005       7.61982612E-03
  0.879999995       7.83389993E-03
  0.889999986       8.07515252E-03
  0.899999976       8.35078489E-03
  0.909999967       8.66914354E-03
  0.919999957       9.04277619E-03
  0.930000007       9.49035678E-03
  0.939999998       1.00395782E-02
  0.949999988       1.07364608E-02
  0.959999979       1.16639920E-02
  0.969999969       1.29821654E-02
  0.979999959       1.50848031E-02
  0.989999950       1.92662552E-02
   1.00000000       3.33787054E-02
   1.00999999       3.35224047E-02
   1.01999998       3.32147926E-02
   1.02999997       3.30885202E-02
   1.03999996       3.30740176E-02
   1.04999995       3.31324860E-02
   1.05999994       3.32424976E-02
   1.06999993       3.33905220E-02
   1.07999992       3.35680135E-02
   1.09000003       3.37692425E-02
   1.10000002       3.39898393E-02
   1.11000001       3.42267491E-02
   1.12000000       3.44778523E-02
   1.13000000       3.47412005E-02
   1.13999999       3.50157768E-02
   1.14999998       3.53005677E-02
   1.15999997       3.55944224E-02
   1.16999996       3.58970873E-02
   1.17999995       3.62081192E-02
   1.18999994       3.65264527E-02
   1.19999993       3.68525796E-02
   1.20999992       3.71857658E-02
   1.22000003       3.75260152E-02
   1.23000002       3.78732346E-02
   1.24000001       3.82271707E-02
   1.25000000       3.85876670E-02
   1.25999999       3.89555581E-02
   1.26999998       3.93297672E-02
   1.27999997       3.97110134E-02
   1.28999996       4.00993861E-02
   1.29999995       4.04942594E-02
   1.30999994       4.08964865E-02
   1.31999993       4.13059965E-02
   1.32999992       4.17229347E-02
   1.33999991       4.21472415E-02
   1.35000002       4.25796099E-02
   1.36000001       4.30193618E-02
   1.37000000       4.34679650E-02
   1.38000000       4.39248942E-02
   1.38999999       4.43902798E-02
   1.39999998       4.48645987E-02
   1.40999997       4.53482121E-02
   1.41999996       4.58414294E-02
   1.42999995       4.63445038E-02
   1.43999994       4.68578041E-02
   1.44999993       4.73821051E-02
   1.45999992       4.79167700E-02
   1.46999991       4.84632142E-02
   1.48000002       4.90217879E-02
   1.49000001       4.95925434E-02
   1.50000000       5.01764789E-02
   1.50999999       5.07729836E-02
   1.51999998       5.13851866E-02
   1.52999997       5.20114154E-02
   1.53999996       5.26530817E-02
   1.54999995       5.33108935E-02
   1.55999994       5.39857112E-02
   1.56999993       5.46782985E-02
   1.57999992       5.53893968E-02
   1.58999991       5.61203286E-02
   1.59999990       5.68719134E-02
   1.61000001       5.76452985E-02
   1.62000000       5.84408939E-02
   1.63000000       5.92623018E-02
   1.63999999       6.01086654E-02
   1.64999998       6.09823316E-02
   1.65999997       6.18848503E-02
   1.66999996       6.28180131E-02
   1.67999995       6.37840554E-02
   1.68999994       6.47848397E-02
   1.69999993       6.58228472E-02
   1.70999992       6.69007003E-02
   1.71999991       6.80202395E-02
   1.73000002       6.91877231E-02
   1.74000001       7.04033524E-02
   1.75000000       7.16722831E-02
   1.75999999       7.29990751E-02
   1.76999998       7.43879601E-02
   1.77999997       7.58449137E-02
   1.78999996       7.73759484E-02
   1.79999995       7.89879337E-02
   1.80999994       8.06892887E-02
   1.81999993       8.24878290E-02
   1.82999992       8.43953192E-02
   1.83999991       8.64228457E-02
   1.84999990       8.85850862E-02
   1.86000001       9.08977762E-02
   1.87000000       9.33805704E-02
   1.88000000       9.60562751E-02
   1.88999999       9.89522859E-02
   1.89999998      0.102101684    
   1.90999997      0.105545335    
   1.91999996      0.109333307    
   1.92999995      0.113528341    
   1.93999994      0.118210658    
   1.94999993      0.123482108    
   1.95999992      0.129478008    
   1.96999991      0.136376321    
   1.97999990      0.144416258    
   1.99000001      0.153916970    
   2.00000000      0.165279686    
   2.00999999      0.178772107    
   2.01999998      0.191343501    
   2.02999997      0.202304900    
   2.03999996      0.211851940    
   2.04999995      0.220245823    
   2.05999994      0.227709353    
   2.06999993      0.234418601    
   2.07999992      0.240510881    
   2.08999991      0.246092603    
   2.09999990      0.251247853    
   2.10999990      0.256043881    
   2.11999989      0.260533214    
   2.12999988      0.264760226    
   2.13999987      0.268760294    
   2.14999986      0.272562504    
   2.15999985      0.276192456    
   2.16999984      0.279669285    
   2.18000007      0.283011496    
   2.19000006      0.286233783    
   2.20000005      0.289348602    
   2.21000004      0.292367578    
   2.22000003      0.295299679    
   2.23000002      0.298153192    
   2.24000001      0.300935179    
   2.25000000      0.303652823    
   2.25999999      0.306310982    
   2.26999998      0.308915019    
   2.27999997      0.311469376    
   2.28999996      0.313978076    
   2.29999995      0.316443980    
   2.30999994      0.318871230    
   2.31999993      0.321261793    
   2.32999992      0.323619097    
   2.33999991      0.325945318    
   2.34999990      0.328241646    
   2.35999990      0.330511123    
   2.36999989      0.332754910    
   2.37999988      0.334974945    
   2.38999987      0.337172478    
   2.39999986      0.339348853    
   2.40999985      0.341505378    
   2.41999984      0.343643337    
   2.42999983      0.345763624    
   2.44000006      0.347867012    
   2.45000005      0.349954665    
   2.46000004      0.352027327    
   2.47000003      0.354085952    
   2.48000002      0.356130987    
   2.49000001      0.358163089    
   2.50000000      0.360183388    
   2.50999999      0.362191677    
   2.51999998      0.364189178    
   2.52999997      0.366175920    
   2.53999996      0.368152708    
   2.54999995      0.370120078    
   2.55999994      0.372078061    
   2.56999993      0.374027222    
   2.57999992      0.375967830    
   2.58999991      0.377900958    
   2.59999990      0.379825503    
   2.60999990      0.381743222    
   2.61999989      0.383652836    
   2.62999988      0.385555983    
   2.63999987      0.387452573    
   2.64999986      0.389343381    
   2.65999985      0.391227186    
   2.66999984      0.393105239    
   2.67999983      0.394978136    
   2.69000006      0.396844834    
   2.70000005      0.398706973    
   2.71000004      0.400563568    
   2.72000003      0.402415037    
   2.73000002      0.404262096    
   2.74000001      0.406103700    
   2.75000000      0.407941759    
   2.75999999      0.409774929    
   2.76999998      0.411603510    
   2.77999997      0.413428903    
   2.78999996      0.415249765    
   2.79999995      0.417067111    
   2.80999994      0.418880641    
   2.81999993      0.420690000    
   2.82999992      0.422496229    
   2.83999991      0.424299389    
   2.84999990      0.426098883    
   2.85999990      0.427895039    
   2.86999989      0.429688126    
   2.87999988      0.431478471    
   2.88999987      0.433265388    
   2.89999986      0.435049772    
   2.90999985      0.436831087    
   2.91999984      0.438609868    
   2.92999983      0.440385699    
   2.93999982      0.442159146    
   2.95000005      0.443930000    
   2.96000004      0.445698112    
   2.97000003      0.447463423    
   2.98000002      0.449227542    
   2.99000001      0.450988770    
   3.00000000      0.452747643    
   3.00999999      0.454504550    
   3.01999998      0.456258923    
   3.02999997      0.458011717    
   3.03999996      0.459762067    
   3.04999995      0.461510211    
   3.05999994      0.463256836    
   3.06999993      0.465001166    
   3.07999992      0.466736466    
   3.08999991      0.468484610    
   3.09999990      0.470223248    
   3.10999990      0.471960336    
   3.11999989      0.473695815    
   3.12999988      0.475429654    
   3.13999987      0.477161646    
   3.14999986      0.478892297    
   3.15999985      0.480621189    
   3.16999984      0.482348442    
   3.17999983      0.484074026    
   3.18999982      0.485798448    
   3.19999981      0.487521172    
   3.21000004      0.489242196    
   3.22000003      0.490962088    
   3.23000002      0.492680937    
   3.24000001      0.494397551    
   3.25000000      0.496113449    
   3.25999999      0.497827828    
   3.26999998      0.499540776    
   3.27999997      0.501252651    
   3.28999996      0.502963245    
   3.29999995      0.504672766    
   3.30999994      0.506380737    
   3.31999993      0.508087337    
   3.32999992      0.509792566    
   3.33999991      0.511497378    
   3.34999990      0.513201237    
   3.35999990      0.514903486    
   3.36999989      0.516604781    
   3.37999988      0.518304646    
   3.38999987      0.520004213    
   3.39999986      0.521701753    
   3.40999985      0.523398638    
   3.41999984      0.525094450    
   3.42999983      0.526789367    
   3.43999982      0.528484106    
   3.44999981      0.530177236    
   3.46000004      0.531868219    
   3.47000003      0.533559501    
   3.48000002      0.535249591    
   3.49000001      0.536938667    
   3.50000000      0.538627446    
   3.50999999      0.540314913    
