   9.99999978E-03   2.25291762E-04
   1.99999996E-02   4.13105910E-04
   2.99999993E-02   5.11713792E-04
   3.99999991E-02   6.04600296E-04
   4.99999970E-02   7.22274184E-04
   5.99999987E-02   8.50237440E-04
   7.00000003E-02   9.80133889E-04
   7.99999982E-02   1.10776920E-03
   8.99999961E-02   1.23051088E-03
   9.99999940E-02   1.34786952E-03
  0.109999999       1.45979924E-03
  0.119999997       1.56584731E-03
  0.129999995       1.66645320E-03
  0.140000001       1.76208280E-03
  0.149999991       1.85216719E-03
  0.159999996       1.93788449E-03
  0.170000002       2.01902725E-03
  0.179999992       2.09582737E-03
  0.189999998       2.16857693E-03
  0.199999988       2.23779469E-03
  0.209999993       2.30302638E-03
  0.219999999       2.36533629E-03
  0.229999989       2.42406479E-03
  0.239999995       2.48000468E-03
  0.250000000       2.53303116E-03
  0.259999990       2.58347811E-03
  0.269999981       2.63130688E-03
  0.280000001       2.67668930E-03
  0.289999992       2.71996693E-03
  0.299999982       2.76049692E-03
  0.310000002       2.79965950E-03
  0.319999993       2.83668377E-03
  0.329999983       2.87219230E-03
  0.340000004       2.90602213E-03
  0.349999994       2.93751433E-03
  0.359999985       2.96797464E-03
  0.370000005       2.99691828E-03
  0.379999995       3.02489498E-03
  0.389999986       3.05264862E-03
  0.399999976       3.08785960E-03
  0.409999996       3.10994079E-03
  0.419999987       3.13277147E-03
  0.429999977       3.15576931E-03
  0.439999998       3.17779998E-03
  0.449999988       3.19962902E-03
  0.459999979       3.22041684E-03
  0.469999999       3.24532716E-03
  0.479999989       3.27238743E-03
  0.489999980       3.31543176E-03
  0.500000000       3.48317181E-03
  0.509999990       3.45839048E-03
  0.519999981       3.47238430E-03
  0.529999971       3.49086616E-03
  0.539999962       3.51127889E-03
  0.550000012       3.53321154E-03
  0.560000002       3.55809857E-03
  0.569999993       3.58492555E-03
  0.579999983       3.61446058E-03
  0.589999974       3.64790019E-03
  0.599999964       3.68663599E-03
  0.610000014       3.73316114E-03
  0.620000005       3.79173970E-03
  0.629999995       3.87040037E-03
  0.639999986       3.98620637E-03
  0.649999976       4.18958068E-03
  0.659999967       4.72406391E-03
  0.669999957       5.94001217E-03
  0.680000007       5.77698695E-03
  0.689999998       5.75646758E-03
  0.699999988       5.76451793E-03
  0.709999979       5.79565484E-03
  0.719999969       5.83829405E-03
  0.729999959       5.88902319E-03
  0.740000010       5.94814960E-03
  0.750000000       6.01317594E-03
  0.759999990       6.08441466E-03
  0.769999981       6.16177358E-03
  0.779999971       6.24563359E-03
  0.789999962       6.33625733E-03
  0.799999952       6.43409416E-03
  0.810000002       6.53995527E-03
  0.819999993       6.65499549E-03
  0.829999983       6.77994918E-03
  0.839999974       6.91651320E-03
  0.849999964       7.06641562E-03
  0.859999955       7.23150838E-03
  0.870000005       7.41523458E-03
  0.879999995       7.62070157E-03
  0.889999986       7.85239320E-03
  0.899999976       8.11683573E-03
  0.909999967       8.42244364E-03
  0.919999957       8.78121704E-03
  0.930000007       9.21092462E-03
  0.939999998       9.73840617E-03
  0.949999988       1.04080234E-02
  0.959999979       1.12970909E-02
  0.969999969       1.25673609E-02
  0.979999959       1.45914285E-02
  0.989999950       1.86333992E-02
   1.00000000       3.25298682E-02
   1.00999999       3.26500684E-02
   1.01999998       3.23427171E-02
   1.02999997       3.22167464E-02
   1.03999996       3.22012566E-02
   1.04999995       3.22575718E-02
   1.05999994       3.23644467E-02
   1.06999993       3.24948579E-02
   1.07999992       3.26814316E-02
   1.09000003       3.28773446E-02
   1.10000002       3.30924913E-02
   1.11000001       3.33231390E-02
   1.12000000       3.35680619E-02
   1.13000000       3.38247120E-02
   1.13999999       3.40922847E-02
   1.14999998       3.43697853E-02
   1.15999997       3.46561298E-02
   1.16999996       3.49509828E-02
   1.17999995       3.52540165E-02
   1.18999994       3.55641879E-02
   1.19999993       3.58818583E-02
   1.20999992       3.62064615E-02
   1.22000003       3.65379043E-02
   1.23000002       3.68761532E-02
   1.24000001       3.72209102E-02
   1.25000000       3.75720523E-02
   1.25999999       3.79303657E-02
   1.26999998       3.82948630E-02
   1.27999997       3.86661701E-02
   1.28999996       3.90444845E-02
   1.29999995       3.94290611E-02
   1.30999994       3.98208387E-02
   1.31999993       4.02197056E-02
   1.32999992       4.06257994E-02
   1.33999991       4.10390384E-02
   1.35000002       4.14601229E-02
   1.36000001       4.18884531E-02
   1.37000000       4.23253551E-02
   1.38000000       4.27703857E-02
   1.38999999       4.32237089E-02
   1.39999998       4.36856747E-02
   1.40999997       4.41567563E-02
   1.41999996       4.46371138E-02
   1.42999995       4.51271273E-02
   1.43999994       4.56270948E-02
   1.44999993       4.61378358E-02
   1.45999992       4.66585718E-02
   1.46999991       4.71909456E-02
   1.48000002       4.77350242E-02
   1.49000001       4.82910350E-02
   1.50000000       4.88598458E-02
   1.50999999       4.94409911E-02
   1.51999998       5.00374176E-02
   1.52999997       5.06475568E-02
   1.53999996       5.12726977E-02
   1.54999995       5.19136190E-02
   1.55999994       5.25711849E-02
   1.56999993       5.32460064E-02
   1.57999992       5.39389960E-02
   1.58999991       5.46513051E-02
   1.59999990       5.53837232E-02
   1.61000001       5.61374947E-02
   1.62000000       5.69128916E-02
   1.63000000       5.77135943E-02
   1.63999999       5.85386306E-02
   1.64999998       5.93903176E-02
   1.65999997       6.02702349E-02
   1.66999996       6.11801222E-02
   1.67999995       6.21220656E-02
   1.68999994       6.30980209E-02
   1.69999993       6.41103908E-02
   1.70999992       6.51616678E-02
   1.71999991       6.62537590E-02
   1.73000002       6.73927665E-02
   1.74000001       6.85788468E-02
   1.75000000       6.98171780E-02
   1.75999999       7.11121783E-02
   1.76999998       7.24678189E-02
   1.77999997       7.38902465E-02
   1.78999996       7.53852949E-02
   1.79999995       7.69596472E-02
   1.80999994       7.86217004E-02
   1.81999993       8.03790167E-02
   1.82999992       8.22433084E-02
   1.83999991       8.42254087E-02
   1.84999990       8.63398388E-02
   1.86000001       8.86022672E-02
   1.87000000       9.10319909E-02
   1.88000000       9.36514512E-02
   1.88999999       9.64879841E-02
   1.89999998       9.95743945E-02
   1.90999997      0.102951117    
   1.91999996      0.106668107    
   1.92999995      0.110787891    
   1.93999994      0.115390413    
   1.94999993      0.120577909    
   1.95999992      0.126486152    
   1.96999991      0.133294642    
   1.97999990      0.141246319    
   1.99000001      0.150666967    
   2.00000000      0.161971077    
   2.00999999      0.175447255    
   2.01999998      0.187995255    
   2.02999997      0.198918805    
   2.03999996      0.208419517    
   2.04999995      0.216762722    
   2.05999994      0.224173561    
   2.06999993      0.230830014    
   2.07999992      0.236870199    
   2.08999991      0.242400661    
   2.09999990      0.247506425    
   2.10999990      0.252254188    
   2.11999989      0.256696701    
   2.12999988      0.260877758    
   2.13999987      0.264834076    
   2.14999986      0.268593639    
   2.15999985      0.272181451    
   2.16999984      0.275618374    
   2.18000007      0.278921425    
   2.19000006      0.282105029    
   2.20000005      0.285182685    
   2.21000004      0.288164884    
   2.22000003      0.291061223    
   2.23000002      0.293879896    
   2.24000001      0.296627730    
   2.25000000      0.299311668    
   2.25999999      0.301936477    
   2.26999998      0.304508269    
   2.27999997      0.307030767    
   2.28999996      0.309507787    
   2.29999995      0.311942786    
   2.30999994      0.314339578    
   2.31999993      0.316700041    
   2.32999992      0.319027305    
   2.33999991      0.321324080    
   2.34999990      0.323591292    
   2.35999990      0.325832933    
   2.36999989      0.328047901    
   2.37999988      0.330239445    
   2.38999987      0.332409143    
   2.39999986      0.334558070    
   2.40999985      0.336686969    
   2.41999984      0.338797152    
   2.42999983      0.340891510    
   2.44000006      0.342968196    
   2.45000005      0.345029116    
   2.46000004      0.347075135    
   2.47000003      0.349107891    
   2.48000002      0.351126909    
   2.49000001      0.353133112    
   2.50000000      0.355127782    
   2.50999999      0.357110769    
   2.51999998      0.359082818    
   2.52999997      0.361044198    
   2.53999996      0.362995982    
   2.54999995      0.364938200    
   2.55999994      0.366871387    
   2.56999993      0.368795633    
   2.57999992      0.370711893    
   2.58999991      0.372620195    
   2.59999990      0.374520153    
   2.60999990      0.376413673    
   2.61999989      0.378299147    
   2.62999988      0.380178422    
   2.63999987      0.382050633    
   2.64999986      0.383917153    
   2.65999985      0.385777324    
   2.66999984      0.387631625    
   2.67999983      0.389480919    
   2.69000006      0.391324073    
   2.70000005      0.393162102    
   2.71000004      0.394995272    
   2.72000003      0.396823108    
   2.73000002      0.398646533    
   2.74000001      0.400465727    
   2.75000000      0.402280152    
   2.75999999      0.404089779    
   2.76999998      0.405895561    
   2.77999997      0.407697529    
   2.78999996      0.409495652    
   2.79999995      0.411289692    
   2.80999994      0.413080126    
   2.81999993      0.414866805    
   2.82999992      0.416650295    
   2.83999991      0.418430805    
   2.84999990      0.420207441    
   2.85999990      0.421980739    
   2.86999989      0.423751146    
   2.87999988      0.425518751    
   2.88999987      0.427283198    
   2.89999986      0.429044545    
   2.90999985      0.430803269    
   2.91999984      0.432559609    
   2.92999983      0.434313148    
   2.93999982      0.436063886    
   2.95000005      0.437812537    
   2.96000004      0.439558446    
   2.97000003      0.441301763    
   2.98000002      0.443043292    
   2.99000001      0.444782048    
   3.00000000      0.446518719    
   3.00999999      0.448253423    
   3.01999998      0.449985445    
   3.02999997      0.451715916    
   3.03999996      0.453444570    
   3.04999995      0.455170572    
   3.05999994      0.456894726    
   3.06999993      0.458617508    
   3.07999992      0.460330516    
   3.08999991      0.462056488    
   3.09999990      0.463773251    
   3.10999990      0.465488464    
   3.11999989      0.467202067    
   3.12999988      0.468913794    
   3.13999987      0.470623821    
   3.14999986      0.472332716    
   3.15999985      0.474039644    
   3.16999984      0.475744873    
   3.17999983      0.477448672    
   3.18999982      0.479151189    
   3.19999981      0.480852365    
   3.21000004      0.482552022    
   3.22000003      0.484249413    
   3.23000002      0.485946685    
   3.24000001      0.487641960    
   3.25000000      0.489335924    
   3.25999999      0.491028547    
   3.26999998      0.492720246    
   3.27999997      0.494410127    
   3.28999996      0.496099055    
   3.29999995      0.497787148    
   3.30999994      0.499473393    
   3.31999993      0.501159251    
   3.32999992      0.502842486    
   3.33999991      0.504525244    
   3.34999990      0.506207645    
   3.35999990      0.507888496    
   3.36999989      0.509567976    
   3.37999988      0.511246860    
   3.38999987      0.512924075    
   3.39999986      0.514600515    
   3.40999985      0.516275942    
   3.41999984      0.517950952    
   3.42999983      0.519624710    
   3.43999982      0.521297216    
   3.44999981      0.522968411    
   3.46000004      0.524639428    
   3.47000003      0.526308954    
   3.48000002      0.527977705    
   3.49000001      0.529645741    
   3.50000000      0.531311929    
   3.50999999      0.532978177    
