   9.99999978E-03   2.21122609E-04
   1.99999996E-02   4.05343337E-04
   2.99999993E-02   4.98449197E-04
   3.99999991E-02   5.93665522E-04
   4.99999970E-02   7.12374866E-04
   5.99999987E-02   8.39796325E-04
   7.00000003E-02   9.64870851E-04
   7.99999982E-02   1.09458598E-03
   8.99999961E-02   1.21459959E-03
   9.99999940E-02   1.32972060E-03
  0.109999999       1.43926253E-03
  0.119999997       1.54317322E-03
  0.129999995       1.64154149E-03
  0.140000001       1.73505396E-03
  0.149999991       1.82307756E-03
  0.159999996       1.90682651E-03
  0.170000002       1.98607682E-03
  0.179999992       2.06107018E-03
  0.189999998       2.13208375E-03
  0.199999988       2.19955668E-03
  0.209999993       2.26332014E-03
  0.219999999       2.32411362E-03
  0.229999989       2.38141464E-03
  0.239999995       2.43595080E-03
  0.250000000       2.48772954E-03
  0.259999990       2.53689848E-03
  0.269999981       2.58351932E-03
  0.280000001       2.62778788E-03
  0.289999992       2.66997865E-03
  0.299999982       2.70947395E-03
  0.310000002       2.74765771E-03
  0.319999993       2.78361957E-03
  0.329999983       2.81826430E-03
  0.340000004       2.85117747E-03
  0.349999994       2.88185687E-03
  0.359999985       2.91148270E-03
  0.370000005       2.93961773E-03
  0.379999995       2.96675763E-03
  0.389999986       2.99353013E-03
  0.399999976       3.02676414E-03
  0.409999996       3.04828631E-03
  0.419999987       3.07051931E-03
  0.429999977       3.09230993E-03
  0.439999998       3.11385677E-03
  0.449999988       3.13905044E-03
  0.459999979       3.15565709E-03
  0.469999999       3.17802071E-03
  0.479999989       3.20615293E-03
  0.489999980       3.24203866E-03
  0.500000000       3.39510571E-03
  0.509999990       3.37335444E-03
  0.519999981       3.38691892E-03
  0.529999971       3.40439868E-03
  0.539999962       3.42356390E-03
  0.550000012       3.44470842E-03
  0.560000002       3.46698193E-03
  0.569999993       3.48941213E-03
  0.579999983       3.51874530E-03
  0.589999974       3.54929222E-03
  0.599999964       3.58447758E-03
  0.610000014       3.62657220E-03
  0.620000005       3.67962965E-03
  0.629999995       3.75006814E-03
  0.639999986       3.85387708E-03
  0.649999976       4.03599627E-03
  0.659999967       4.50809300E-03
  0.669999957       5.65971388E-03
  0.680000007       5.50952088E-03
  0.689999998       5.48716355E-03
  0.699999988       5.49925584E-03
  0.709999979       5.52826375E-03
  0.719999969       5.56798605E-03
  0.729999959       5.61550632E-03
  0.740000010       5.66960126E-03
  0.750000000       5.72681613E-03
  0.759999990       5.79419266E-03
  0.769999981       5.86671242E-03
  0.779999971       5.94398472E-03
  0.789999962       6.02741679E-03
  0.799999952       6.11753855E-03
  0.810000002       6.21501449E-03
  0.819999993       6.32087607E-03
  0.829999983       6.43578265E-03
  0.839999974       6.56142598E-03
  0.849999964       6.69931481E-03
  0.859999955       6.85113156E-03
  0.870000005       7.02010095E-03
  0.879999995       7.20906304E-03
  0.889999986       7.42215617E-03
  0.899999976       7.66539900E-03
  0.909999967       7.94656202E-03
  0.919999957       8.27668421E-03
  0.930000007       8.67189094E-03
  0.939999998       9.15790908E-03
  0.949999988       9.77488328E-03
  0.959999979       1.05957901E-02
  0.969999969       1.17679192E-02
  0.979999959       1.36434222E-02
  0.989999950       1.74097586E-02
   1.00000000       3.08688302E-02
   1.00999999       3.09425108E-02
   1.01999998       3.06366868E-02
   1.02999997       3.05118542E-02
   1.03999996       3.04945949E-02
   1.04999995       3.05468589E-02
   1.05999994       3.06485984E-02
   1.06999993       3.07841897E-02
   1.07999992       3.09481509E-02
   1.09000003       3.11342906E-02
   1.10000002       3.13381590E-02
   1.11000001       3.15570310E-02
   1.12000000       3.17894034E-02
   1.13000000       3.20328772E-02
   1.13999999       3.22867073E-02
   1.14999998       3.25499289E-02
   1.15999997       3.28214914E-02
   1.16999996       3.31012793E-02
   1.17999995       3.33884880E-02
   1.18999994       3.36825699E-02
   1.19999993       3.39837410E-02
   1.20999992       3.42914574E-02
   1.22000003       3.46056484E-02
   1.23000002       3.49262320E-02
   1.24000001       3.52530330E-02
   1.25000000       3.55859548E-02
   1.25999999       3.59253287E-02
   1.26999998       3.62708680E-02
   1.27999997       3.66227627E-02
   1.28999996       3.69812474E-02
   1.29999995       3.73457186E-02
   1.30999994       3.77169736E-02
   1.31999993       3.80948111E-02
   1.32999992       3.84797268E-02
   1.33999991       3.88715640E-02
   1.35000002       3.92703228E-02
   1.36000001       3.96765098E-02
   1.37000000       4.00902107E-02
   1.38000000       4.05119173E-02
   1.38999999       4.09414619E-02
   1.39999998       4.13792394E-02
   1.40999997       4.18256372E-02
   1.41999996       4.22808826E-02
   1.42999995       4.27452736E-02
   1.43999994       4.32190970E-02
   1.44999993       4.37031984E-02
   1.45999992       4.41967286E-02
   1.46999991       4.47012968E-02
   1.48000002       4.52170409E-02
   1.49000001       4.57440391E-02
   1.50000000       4.62832935E-02
   1.50999999       4.68341932E-02
   1.51999998       4.73996773E-02
   1.52999997       4.79781441E-02
   1.53999996       4.85709980E-02
   1.54999995       4.91787717E-02
   1.55999994       4.98023443E-02
   1.56999993       5.04423603E-02
   1.57999992       5.10997064E-02
   1.58999991       5.17753661E-02
   1.59999990       5.24702892E-02
   1.61000001       5.31854555E-02
   1.62000000       5.39212748E-02
   1.63000000       5.46811819E-02
   1.63999999       5.54643050E-02
   1.64999998       5.62727936E-02
   1.65999997       5.71082570E-02
   1.66999996       5.79722524E-02
   1.67999995       5.88668473E-02
   1.68999994       5.97939901E-02
   1.69999993       6.07558489E-02
   1.70999992       6.17549084E-02
   1.71999991       6.27929270E-02
   1.73000002       6.38758242E-02
   1.74000001       6.50037527E-02
   1.75000000       6.61816299E-02
   1.75999999       6.74137771E-02
   1.76999998       6.87041208E-02
   1.77999997       7.00584576E-02
   1.78999996       7.14819804E-02
   1.79999995       7.29825422E-02
   1.80999994       7.45667443E-02
   1.81999993       7.62426704E-02
   1.82999992       7.80214667E-02
   1.83999991       7.99137205E-02
   1.84999990       8.19335058E-02
   1.86000001       8.40961337E-02
   1.87000000       8.64204019E-02
   1.88000000       8.89283121E-02
   1.88999999       9.16466564E-02
   1.89999998       9.46075693E-02
   1.90999997       9.78507847E-02
   1.91999996      0.101426102    
   1.92999995      0.105395071    
   1.93999994      0.109837636    
   1.94999993      0.114856057    
   1.95999992      0.120587476    
   1.96999991      0.127214402    
   1.97999990      0.134986266    
   1.99000001      0.144243285    
   2.00000000      0.155426487    
   2.00999999      0.168869376    
   2.01999998      0.181368291    
   2.02999997      0.192213416    
   2.03999996      0.201618016    
   2.04999995      0.209856585    
   2.05999994      0.217159614    
   2.06999993      0.223708019    
   2.07999992      0.229641676    
   2.08999991      0.235068083    
   2.09999990      0.240072593    
   2.10999990      0.244722039    
   2.11999989      0.249069512    
   2.12999988      0.253158957    
   2.13999987      0.257025927    
   2.14999986      0.260698646    
   2.15999985      0.264203101    
   2.16999984      0.267558992    
   2.18000007      0.270781606    
   2.19000006      0.273888201    
   2.20000005      0.276890308    
   2.21000004      0.279798716    
   2.22000003      0.282623678    
   2.23000002      0.285370946    
   2.24000001      0.288049757    
   2.25000000      0.290665954    
   2.25999999      0.293224573    
   2.26999998      0.295730889    
   2.27999997      0.298188895    
   2.28999996      0.300602555    
   2.29999995      0.302976102    
   2.30999994      0.305310994    
   2.31999993      0.307610959    
   2.32999992      0.309878588    
   2.33999991      0.312116295    
   2.34999990      0.314325243    
   2.35999990      0.316508532    
   2.36999989      0.318666667    
   2.37999988      0.320801914    
   2.38999987      0.322915345    
   2.39999986      0.325008810    
   2.40999985      0.327083230    
   2.41999984      0.329139262    
   2.42999983      0.331178606    
   2.44000006      0.333202034    
   2.45000005      0.335209578    
   2.46000004      0.337202907    
   2.47000003      0.339182705    
   2.48000002      0.341149837    
   2.49000001      0.343104631    
   2.50000000      0.345047683    
   2.50999999      0.346979439    
   2.51999998      0.348900110    
   2.52999997      0.350811213    
   2.53999996      0.352712840    
   2.54999995      0.354604602    
   2.55999994      0.356487840    
   2.56999993      0.358362615    
   2.57999992      0.360229224    
   2.58999991      0.362088591    
   2.59999990      0.363939524    
   2.60999990      0.365784466    
   2.61999989      0.367620856    
   2.62999988      0.369451702    
   2.63999987      0.371275932    
   2.64999986      0.373094350    
   2.65999985      0.374906629    
   2.66999984      0.376713276    
   2.67999983      0.378515065    
   2.69000006      0.380310416    
   2.70000005      0.382101327    
   2.71000004      0.383887112    
   2.72000003      0.385668039    
   2.73000002      0.387444407    
   2.74000001      0.389216781    
   2.75000000      0.390984058    
   2.75999999      0.392747581    
   2.76999998      0.394506842    
   2.77999997      0.396262586    
   2.78999996      0.398014277    
   2.79999995      0.399762303    
   2.80999994      0.401506513    
   2.81999993      0.403247684    
   2.82999992      0.404984981    
   2.83999991      0.406719685    
   2.84999990      0.408450484    
   2.85999990      0.410178453    
   2.86999989      0.411903411    
   2.87999988      0.413625538    
   2.88999987      0.415344477    
   2.89999986      0.417060852    
   2.90999985      0.418774813    
   2.91999984      0.420485586    
   2.92999983      0.422194004    
   2.93999982      0.423900217    
   2.95000005      0.425603598    
   2.96000004      0.427304804    
   2.97000003      0.429003358    
   2.98000002      0.430699855    
   2.99000001      0.432394326    
   3.00000000      0.434086323    
   3.00999999      0.435776353    
   3.01999998      0.437464029    
   3.02999997      0.439149976    
   3.03999996      0.440834373    
   3.04999995      0.442515999    
   3.05999994      0.444196105    
   3.06999993      0.445874423    
   3.07999992      0.447550595    
   3.08999991      0.449225456    
   3.09999990      0.450897723    
   3.10999990      0.452569038    
   3.11999989      0.454238892    
   3.12999988      0.455906689    
   3.13999987      0.457573086    
   3.14999986      0.459237546    
   3.15999985      0.460900396    
   3.16999984      0.462562531    
   3.17999983      0.464222610    
   3.18999982      0.465881169    
   3.19999981      0.467538565    
   3.21000004      0.469194680    
   3.22000003      0.470848948    
   3.23000002      0.472502083    
   3.24000001      0.474154204    
   3.25000000      0.475804627    
   3.25999999      0.477453500    
   3.26999998      0.479102075    
   3.27999997      0.480748773    
   3.28999996      0.482394189    
   3.29999995      0.484038293    
   3.30999994      0.485681891    
   3.31999993      0.487323880    
   3.32999992      0.488964349    
   3.33999991      0.490604550    
   3.34999990      0.492243439    
   3.35999990      0.493881375    
   3.36999989      0.495517910    
   3.37999988      0.497153252    
   3.38999987      0.498787999    
   3.39999986      0.500421345    
   3.40999985      0.502053738    
   3.41999984      0.503685653    
   3.42999983      0.505315959    
   3.43999982      0.506945431    
   3.44999981      0.508574486    
   3.46000004      0.510202050    
   3.47000003      0.511828780    
   3.48000002      0.513454735    
   3.49000001      0.515079975    
   3.50000000      0.516704142    
   3.50999999      0.518328011    
