   9.99999978E-03   2.32424965E-04
   1.99999996E-02   4.28869127E-04
   2.99999993E-02   5.46177442E-04
   3.99999991E-02   6.33152144E-04
   4.99999970E-02   7.47303013E-04
   5.99999987E-02   8.75713944E-04
   7.00000003E-02   1.00850395E-03
   7.99999982E-02   1.13705837E-03
   8.99999961E-02   1.26812700E-03
   9.99999940E-02   1.39084389E-03
  0.109999999       1.50814629E-03
  0.119999997       1.61987124E-03
  0.129999995       1.72545959E-03
  0.140000001       1.82659354E-03
  0.149999991       1.92173279E-03
  0.159999996       2.01241137E-03
  0.170000002       2.09822040E-03
  0.179999992       2.17948132E-03
  0.189999998       2.25630845E-03
  0.199999988       2.32971180E-03
  0.209999993       2.39901594E-03
  0.219999999       2.46490003E-03
  0.229999989       2.52736267E-03
  0.239999995       2.58675241E-03
  0.250000000       2.64299894E-03
  0.259999990       2.69654905E-03
  0.269999981       2.74731452E-03
  0.280000001       2.79555307E-03
  0.289999992       2.84156017E-03
  0.299999982       2.88493955E-03
  0.310000002       2.92630983E-03
  0.319999993       2.96572456E-03
  0.329999983       3.00389528E-03
  0.340000004       3.03981546E-03
  0.349999994       3.07363039E-03
  0.359999985       3.10605462E-03
  0.370000005       3.13721597E-03
  0.379999995       3.16720898E-03
  0.389999986       3.19775823E-03
  0.399999976       3.24087497E-03
  0.409999996       3.26205045E-03
  0.419999987       3.28631513E-03
  0.429999977       3.31156724E-03
  0.439999998       3.34907253E-03
  0.449999988       3.36018531E-03
  0.459999979       3.38506256E-03
  0.469999999       3.41280829E-03
  0.479999989       3.44614894E-03
  0.489999980       3.50113586E-03
  0.500000000       3.70974233E-03
  0.509999990       3.67652252E-03
  0.519999981       3.69134499E-03
  0.529999971       3.71259777E-03
  0.539999962       3.73682636E-03
  0.550000012       3.76404123E-03
  0.560000002       3.79322655E-03
  0.569999993       3.82615952E-03
  0.579999983       3.86272022E-03
  0.589999974       3.90332751E-03
  0.599999964       3.95361986E-03
  0.610000014       4.01300378E-03
  0.620000005       4.08830727E-03
  0.629999995       4.19007801E-03
  0.639999986       4.34278138E-03
  0.649999976       4.60586138E-03
  0.659999967       5.27115026E-03
  0.669999957       6.69661583E-03
  0.680000007       6.49951072E-03
  0.689999998       6.46727672E-03
  0.699999988       6.48102211E-03
  0.709999979       6.51766732E-03
  0.719999969       6.56836433E-03
  0.729999959       6.63020741E-03
  0.740000010       6.70084031E-03
  0.750000000       6.77956967E-03
  0.759999990       6.86595822E-03
  0.769999981       6.95995195E-03
  0.779999971       7.06194714E-03
  0.789999962       7.17232469E-03
  0.799999952       7.29159731E-03
  0.810000002       7.42079783E-03
  0.819999993       7.56110903E-03
  0.829999983       7.71374535E-03
  0.839999974       7.88051635E-03
  0.849999964       8.06368981E-03
  0.859999955       8.26544221E-03
  0.870000005       8.48985277E-03
  0.879999995       8.74090567E-03
  0.889999986       9.02381632E-03
  0.899999976       9.34694614E-03
  0.909999967       9.71791986E-03
  0.919999957       1.01580406E-02
  0.930000007       1.06816459E-02
  0.939999998       1.13240136E-02
  0.949999988       1.21380230E-02
  0.959999979       1.32181728E-02
  0.969999969       1.47511857E-02
  0.979999959       1.71810277E-02
  0.989999950       2.19488256E-02
   1.00000000       3.69050130E-02
   1.00999999       3.71479392E-02
   1.01999998       3.68423089E-02
   1.02999997       3.67166661E-02
   1.03999996       3.67072150E-02
   1.04999995       3.67752835E-02
   1.05999994       3.68986502E-02
   1.06999993       3.70633900E-02
   1.07999992       3.72599848E-02
   1.09000003       3.74826640E-02
   1.10000002       3.77266556E-02
   1.11000001       3.79886627E-02
   1.12000000       3.82663533E-02
   1.13000000       3.85577567E-02
   1.13999999       3.88612822E-02
   1.14999998       3.91761772E-02
   1.15999997       3.95013988E-02
   1.16999996       3.98362689E-02
   1.17999995       4.01747376E-02
   1.18999994       4.05329913E-02
   1.19999993       4.08938155E-02
   1.20999992       4.12626863E-02
   1.22000003       4.16393802E-02
   1.23000002       4.20238785E-02
   1.24000001       4.24158052E-02
   1.25000000       4.28152047E-02
   1.25999999       4.32225578E-02
   1.26999998       4.36370708E-02
   1.27999997       4.40592095E-02
   1.28999996       4.44892868E-02
   1.29999995       4.49270159E-02
   1.30999994       4.53725904E-02
   1.31999993       4.58263159E-02
   1.32999992       4.62881699E-02
   1.33999991       4.67584282E-02
   1.35000002       4.72372435E-02
   1.36000001       4.77244742E-02
   1.37000000       4.82214056E-02
   1.38000000       4.87275831E-02
   1.38999999       4.92431447E-02
   1.39999998       4.97685149E-02
   1.40999997       5.03042862E-02
   1.41999996       5.08504733E-02
   1.42999995       5.14076874E-02
   1.43999994       5.19762114E-02
   1.44999993       5.25567830E-02
   1.45999992       5.31487688E-02
   1.46999991       5.37538677E-02
   1.48000002       5.43719418E-02
   1.49000001       5.50040416E-02
   1.50000000       5.56503423E-02
   1.50999999       5.63105419E-02
   1.51999998       5.69879785E-02
   1.52999997       5.76808900E-02
   1.53999996       5.83907217E-02
   1.54999995       5.91183044E-02
   1.55999994       5.98645695E-02
   1.56999993       6.06301054E-02
   1.57999992       6.14165477E-02
   1.58999991       6.22243881E-02
   1.59999990       6.30549267E-02
   1.61000001       6.39093593E-02
   1.62000000       6.47889152E-02
   1.63000000       6.56951964E-02
   1.63999999       6.66295588E-02
   1.64999998       6.75937906E-02
   1.65999997       6.85895756E-02
   1.66999996       6.96189031E-02
   1.67999995       7.06839412E-02
   1.68999994       7.17870593E-02
   1.69999993       7.29306862E-02
   1.70999992       7.41177946E-02
   1.71999991       7.53512606E-02
   1.73000002       7.66348317E-02
   1.74000001       7.79717714E-02
   1.75000000       7.93665946E-02
   1.75999999       8.08239803E-02
   1.76999998       8.23489800E-02
   1.77999997       8.39475319E-02
   1.78999996       8.56224447E-02
   1.79999995       8.73920396E-02
   1.80999994       8.92543420E-02
   1.81999993       9.12211016E-02
   1.82999992       9.33049247E-02
   1.83999991       9.55176130E-02
   1.84999990       9.78743732E-02
   1.86000001      0.100391768    
   1.87000000      0.103090309    
   1.88000000      0.105993666    
   1.88999999      0.109130256    
   1.89999998      0.112534203    
   1.90999997      0.116247259    
   1.91999996      0.120320499    
   1.92999995      0.124817349    
   1.93999994      0.129817605    
   1.94999993      0.135422990    
   1.95999992      0.141765237    
   1.96999991      0.149015665    
   1.97999990      0.157399848    
   1.99000001      0.167209893    
   2.00000000      0.178797066    
   2.00999999      0.192351356    
   2.01999998      0.205009997    
   2.02999997      0.216113284    
   2.03999996      0.225836381    
   2.04999995      0.234424323    
   2.05999994      0.242089793    
   2.06999993      0.249002963    
   2.07999992      0.255297363    
   2.08999991      0.261077881    
   2.09999990      0.266427159    
   2.10999990      0.271412194    
   2.11999989      0.276084512    
   2.12999988      0.280490428    
   2.13999987      0.284663439    
   2.14999986      0.288633972    
   2.15999985      0.292427540    
   2.16999984      0.296063781    
   2.18000007      0.299561560    
   2.19000006      0.302935541    
   2.20000005      0.306198388    
   2.21000004      0.309362024    
   2.22000003      0.312435389    
   2.23000002      0.315427899    
   2.24000001      0.318344563    
   2.25000000      0.321197212    
   2.25999999      0.323986739    
   2.26999998      0.326720506    
   2.27999997      0.329400927    
   2.28999996      0.332034439    
   2.29999995      0.334624261    
   2.30999994      0.337172866    
   2.31999993      0.339683890    
   2.32999992      0.342159539    
   2.33999991      0.344602436    
   2.34999990      0.347014636    
   2.35999990      0.349398643    
   2.36999989      0.351755917    
   2.37999988      0.354087770    
   2.38999987      0.356396377    
   2.39999986      0.358683378    
   2.40999985      0.360948771    
   2.41999984      0.363196254    
   2.42999983      0.365422934    
   2.44000006      0.367633104    
   2.45000005      0.369826645    
   2.46000004      0.372004241    
   2.47000003      0.374167293    
   2.48000002      0.376315892    
   2.49000001      0.378451347    
   2.50000000      0.380574167    
   2.50999999      0.382684529    
   2.51999998      0.384783089    
   2.52999997      0.386870861    
   2.53999996      0.388947755    
   2.54999995      0.391014755    
   2.55999994      0.393072098    
   2.56999993      0.395120233    
   2.57999992      0.397159219    
   2.58999991      0.399190426    
   2.59999990      0.401212186    
   2.60999990      0.403227299    
   2.61999989      0.405234158    
   2.62999988      0.407233953    
   2.63999987      0.409226686    
   2.64999986      0.411213130    
   2.65999985      0.413192391    
   2.66999984      0.415165693    
   2.67999983      0.417133510    
   2.69000006      0.419095099    
   2.70000005      0.421051294    
   2.71000004      0.423002005    
   2.72000003      0.424947321    
   2.73000002      0.426887542    
   2.74000001      0.428823113    
   2.75000000      0.430753946    
   2.75999999      0.432679683    
   2.76999998      0.434601367    
   2.77999997      0.436518610    
   2.78999996      0.438432127    
   2.79999995      0.440341264    
   2.80999994      0.442246497    
   2.81999993      0.444148123    
   2.82999992      0.446045518    
   2.83999991      0.447939932    
   2.84999990      0.449830681    
   2.85999990      0.451717585    
   2.86999989      0.453601629    
   2.87999988      0.455482095    
   2.88999987      0.457360089    
   2.89999986      0.459234625    
   2.90999985      0.461106181    
   2.91999984      0.462974787    
   2.92999983      0.464840263    
   2.93999982      0.466703773    
   2.95000005      0.468564034    
   2.96000004      0.470421672    
   2.97000003      0.472276568    
   2.98000002      0.474130124    
   2.99000001      0.475980133    
   3.00000000      0.477827996    
   3.00999999      0.479673535    
   3.01999998      0.481516927    
   3.02999997      0.483358175    
   3.03999996      0.485197186    
   3.04999995      0.487033457    
   3.05999994      0.488868684    
   3.06999993      0.490701348    
   3.07999992      0.492532015    
   3.08999991      0.494360745    
   3.09999990      0.496187449    
   3.10999990      0.498012781    
   3.11999989      0.499835849    
   3.12999988      0.501653492    
   3.13999987      0.503476620    
   3.14999986      0.505295098    
   3.15999985      0.507111311    
   3.16999984      0.508925974    
   3.17999983      0.510739028    
   3.18999982      0.512550533    
   3.19999981      0.514359832    
   3.21000004      0.516168594    
   3.22000003      0.517975450    
   3.23000002      0.519780874    
   3.24000001      0.521585047    
   3.25000000      0.523387015    
   3.25999999      0.525188625    
   3.26999998      0.526988029    
   3.27999997      0.528785646    
   3.28999996      0.530583084    
   3.29999995      0.532378852    
   3.30999994      0.534173250    
   3.31999993      0.535966694    
   3.32999992      0.537758708    
   3.33999991      0.539549112    
   3.34999990      0.541338861    
   3.35999990      0.543127656    
   3.36999989      0.544915438    
   3.37999988      0.546701133    
   3.38999987      0.548485935    
   3.39999986      0.550270021    
   3.40999985      0.552052557    
   3.41999984      0.553834260    
   3.42999983      0.555615187    
   3.43999982      0.557394385    
   3.44999981      0.559173644    
   3.46000004      0.560950696    
   3.47000003      0.562727869    
   3.48000002      0.564502895    
   3.49000001      0.566277206    
   3.50000000      0.568051696    
   3.50999999      0.569824517    
