   9.99999978E-03   2.33206330E-04
   1.99999996E-02   4.31390421E-04
   2.99999993E-02   5.53275633E-04
   3.99999991E-02   6.39120815E-04
   4.99999970E-02   7.52397289E-04
   5.99999987E-02   8.80733889E-04
   7.00000003E-02   1.01397256E-03
   7.99999982E-02   1.14331336E-03
   8.99999961E-02   1.27533788E-03
   9.99999940E-02   1.39904756E-03
  0.109999999       1.51741353E-03
  0.119999997       1.63020613E-03
  0.129999995       1.73685583E-03
  0.140000001       1.83901738E-03
  0.149999991       1.93518109E-03
  0.159999996       2.02680356E-03
  0.170000002       2.11354205E-03
  0.179999992       2.19569053E-03
  0.189999998       2.27336469E-03
  0.199999988       2.34759063E-03
  0.209999993       2.41773808E-03
  0.219999999       2.48444825E-03
  0.229999989       2.54748203E-03
  0.239999995       2.60754908E-03
  0.250000000       2.66444567E-03
  0.259999990       2.71861698E-03
  0.269999981       2.76997709E-03
  0.280000001       2.81877746E-03
  0.289999992       2.86533195E-03
  0.299999982       2.90922984E-03
  0.310000002       2.95109628E-03
  0.319999993       2.99100019E-03
  0.329999983       3.02968151E-03
  0.340000004       3.06606339E-03
  0.349999994       3.10030975E-03
  0.359999985       3.13315191E-03
  0.370000005       3.16447928E-03
  0.379999995       3.19520058E-03
  0.389999986       3.22633842E-03
  0.399999976       3.27081163E-03
  0.409999996       3.29211028E-03
  0.419999987       3.31822620E-03
  0.429999977       3.34243546E-03
  0.439999998       3.36719840E-03
  0.449999988       3.39210546E-03
  0.459999979       3.41765024E-03
  0.469999999       3.44629888E-03
  0.479999989       3.47863720E-03
  0.489999980       3.53884138E-03
  0.500000000       3.75981769E-03
  0.509999990       3.72128980E-03
  0.519999981       3.73664871E-03
  0.529999971       3.75818321E-03
  0.539999962       3.78347840E-03
  0.550000012       3.81141622E-03
  0.560000002       3.84173682E-03
  0.569999993       3.87601997E-03
  0.579999983       3.91417649E-03
  0.589999974       3.95796169E-03
  0.599999964       4.00929293E-03
  0.610000014       4.07158118E-03
  0.620000005       4.15067561E-03
  0.629999995       4.25767107E-03
  0.639999986       4.41837078E-03
  0.649999976       4.69523063E-03
  0.659999967       5.41950716E-03
  0.669999957       6.85839076E-03
  0.680000007       6.65391795E-03
  0.689999998       6.62011234E-03
  0.699999988       6.63408358E-03
  0.709999979       6.67193579E-03
  0.719999969       6.72438042E-03
  0.729999959       6.78846845E-03
  0.740000010       6.86171604E-03
  0.750000000       6.94341725E-03
  0.759999990       7.03232037E-03
  0.769999981       7.13072345E-03
  0.779999971       7.23665021E-03
  0.789999962       7.35132117E-03
  0.799999952       7.47522619E-03
  0.810000002       7.60948565E-03
  0.819999993       7.75531447E-03
  0.829999983       7.91393593E-03
  0.839999974       8.08727648E-03
  0.849999964       8.27767048E-03
  0.859999955       8.48791469E-03
  0.870000005       8.72067083E-03
  0.879999995       8.97481758E-03
  0.889999986       9.27584246E-03
  0.899999976       9.61149950E-03
  0.909999967       9.99924354E-03
  0.919999957       1.04543604E-02
  0.930000007       1.09983748E-02
  0.939999998       1.16655696E-02
  0.949999988       1.25107877E-02
  0.959999979       1.36317890E-02
  0.969999969       1.52214728E-02
  0.979999959       1.77375097E-02
  0.989999950       2.26575751E-02
   1.00000000       3.78191397E-02
   1.00999999       3.80881354E-02
   1.01999998       3.77838314E-02
   1.02999997       3.76587398E-02
   1.03999996       3.76508869E-02
   1.04999995       3.77215482E-02
   1.05999994       3.78486067E-02
   1.06999993       3.80176120E-02
   1.07999992       3.82192656E-02
   1.09000003       3.84475701E-02
   1.10000002       3.86976302E-02
   1.11000001       3.89661528E-02
   1.12000000       3.92507277E-02
   1.13000000       3.95493284E-02
   1.13999999       3.98604237E-02
   1.14999998       4.01831083E-02
   1.15999997       4.05164324E-02
   1.16999996       4.08596471E-02
   1.17999995       4.12064977E-02
   1.18999994       4.15736996E-02
   1.19999993       4.19435762E-02
   1.20999992       4.23216783E-02
   1.22000003       4.27078083E-02
   1.23000002       4.31019552E-02
   1.24000001       4.35037874E-02
   1.25000000       4.39132340E-02
   1.25999999       4.43307161E-02
   1.26999998       4.47556041E-02
   1.27999997       4.51884046E-02
   1.28999996       4.56293374E-02
   1.29999995       4.60780673E-02
   1.30999994       4.65348065E-02
   1.31999993       4.69999537E-02
   1.32999992       4.74734269E-02
   1.33999991       4.79555093E-02
   1.35000002       4.84463908E-02
   1.36000001       4.89458777E-02
   1.37000000       4.94553037E-02
   1.38000000       4.99742292E-02
   1.38999999       5.05027063E-02
   1.39999998       5.10413200E-02
   1.40999997       5.15905470E-02
   1.41999996       5.21504767E-02
   1.42999995       5.27216159E-02
   1.43999994       5.33043742E-02
   1.44999993       5.38988523E-02
   1.45999992       5.45063429E-02
   1.46999991       5.51265106E-02
   1.48000002       5.57599589E-02
   1.49000001       5.64079210E-02
   1.50000000       5.70703298E-02
   1.50999999       5.77469803E-02
   1.51999998       5.84412552E-02
   1.52999997       5.91513179E-02
   1.53999996       5.98787479E-02
   1.54999995       6.06243759E-02
   1.55999994       6.13890924E-02
   1.56999993       6.21734150E-02
   1.57999992       6.29792958E-02
   1.58999991       6.38069063E-02
   1.59999990       6.46578297E-02
   1.61000001       6.55330941E-02
   1.62000000       6.64340854E-02
   1.63000000       6.73623905E-02
   1.63999999       6.83193579E-02
   1.64999998       6.93070292E-02
   1.65999997       7.03267679E-02
   1.66999996       7.13807642E-02
   1.67999995       7.24713355E-02
   1.68999994       7.36007020E-02
   1.69999993       7.47715011E-02
   1.70999992       7.59865940E-02
   1.71999991       7.72467107E-02
   1.73000002       7.85627365E-02
   1.74000001       7.99308196E-02
   1.75000000       8.13578144E-02
   1.75999999       8.28487352E-02
   1.76999998       8.44085664E-02
   1.77999997       8.60432982E-02
   1.78999996       8.77558142E-02
   1.79999995       8.95647258E-02
   1.80999994       9.14681926E-02
   1.81999993       9.34779271E-02
   1.82999992       9.56065059E-02
   1.83999991       9.78664011E-02
   1.84999990      0.100272529    
   1.86000001      0.102841921    
   1.87000000      0.105595164    
   1.88000000      0.108556047    
   1.88999999      0.111753464    
   1.89999998      0.115221553    
   1.90999997      0.119002253    
   1.91999996      0.123147011    
   1.92999995      0.127719223    
   1.93999994      0.132798880    
   1.94999993      0.138486832    
   1.95999992      0.144914523    
   1.96999991      0.152251348    
   1.97999990      0.160719380    
   1.99000001      0.170603916    
   2.00000000      0.182244793    
   2.00999999      0.195813760    
   2.01999998      0.208492711    
   2.02999997      0.219629183    
   2.03999996      0.229394004    
   2.04999995      0.238028377    
   2.05999994      0.245742321    
   2.06999993      0.252704710    
   2.07999992      0.259048223    
   2.08999991      0.264876753    
   2.09999990      0.270273417    
   2.10999990      0.275304377    
   2.11999989      0.280021697    
   2.12999988      0.284471184    
   2.13999987      0.288687080    
   2.14999986      0.292698801    
   2.15999985      0.296532571    
   2.16999984      0.300208330    
   2.18000007      0.303744227    
   2.19000006      0.307155490    
   2.20000005      0.310455114    
   2.21000004      0.313654333    
   2.22000003      0.316762954    
   2.23000002      0.319789529    
   2.24000001      0.322740227    
   2.25000000      0.325625867    
   2.25999999      0.328447521    
   2.26999998      0.331213921    
   2.27999997      0.333925486    
   2.28999996      0.336590588    
   2.29999995      0.339210570    
   2.30999994      0.341789365    
   2.31999993      0.344330043    
   2.32999992      0.346835405    
   2.33999991      0.349307805    
   2.34999990      0.351748556    
   2.35999990      0.354160994    
   2.36999989      0.356545359    
   2.37999988      0.358906209    
   2.38999987      0.361242890    
   2.39999986      0.363556623    
   2.40999985      0.365849853    
   2.41999984      0.368122905    
   2.42999983      0.370377392    
   2.44000006      0.372614175    
   2.45000005      0.374833912    
   2.46000004      0.377037883    
   2.47000003      0.379226744    
   2.48000002      0.381401658    
   2.49000001      0.383562595    
   2.50000000      0.385710716    
   2.50999999      0.387846559    
   2.51999998      0.389970243    
   2.52999997      0.392083347    
   2.53999996      0.394184887    
   2.54999995      0.396277457    
   2.55999994      0.398359448    
   2.56999993      0.400432050    
   2.57999992      0.402495891    
   2.58999991      0.404550970    
   2.59999990      0.406597733    
   2.60999990      0.408636928    
   2.61999989      0.410667837    
   2.62999988      0.412691444    
   2.63999987      0.414708525    
   2.64999986      0.416718602    
   2.65999985      0.418722153    
   2.66999984      0.420719177    
   2.67999983      0.422710508    
   2.69000006      0.424695849    
   2.70000005      0.426675320    
   2.71000004      0.428649455    
   2.72000003      0.430618137    
   2.73000002      0.432582259    
   2.74000001      0.434540898    
   2.75000000      0.436495215    
   2.75999999      0.438444108    
   2.76999998      0.440388918    
   2.77999997      0.442329377    
   2.78999996      0.444265664    
   2.79999995      0.446197629    
   2.80999994      0.448125988    
   2.81999993      0.450050235    
   2.82999992      0.451970845    
   2.83999991      0.453887641    
   2.84999990      0.455801308    
   2.85999990      0.457711160    
   2.86999989      0.459617555    
   2.87999988      0.461520791    
   2.88999987      0.463421166    
   2.89999986      0.465317905    
   2.90999985      0.467212439    
   2.91999984      0.469103336    
   2.92999983      0.470991641    
   2.93999982      0.472877115    
   2.95000005      0.474759847    
   2.96000004      0.476639807    
   2.97000003      0.478517234    
   2.98000002      0.480392903    
   2.99000001      0.482265353    
   3.00000000      0.484135419    
   3.00999999      0.486003339    
   3.01999998      0.487868637    
   3.02999997      0.489731938    
   3.03999996      0.491593271    
   3.04999995      0.493451685    
   3.05999994      0.495308727    
   3.06999993      0.497163713    
   3.07999992      0.499016225    
   3.08999991      0.500867069    
   3.09999990      0.502715588    
   3.10999990      0.504562795    
   3.11999989      0.506408334    
   3.12999988      0.508247256    
   3.13999987      0.510093272    
   3.14999986      0.511932611    
   3.15999985      0.513771057    
   3.16999984      0.515607476    
   3.17999983      0.517441928    
   3.18999982      0.519274414    
   3.19999981      0.521106780    
   3.21000004      0.522937119    
   3.22000003      0.524765551    
   3.23000002      0.526593149    
   3.24000001      0.528418779    
   3.25000000      0.530242383    
   3.25999999      0.532065630    
   3.26999998      0.533887088    
   3.27999997      0.535706222    
   3.28999996      0.537525713    
   3.29999995      0.539342046    
   3.30999994      0.541158557    
   3.31999993      0.542973220    
   3.32999992      0.544787109    
   3.33999991      0.546599627    
   3.34999990      0.548410416    
   3.35999990      0.550220191    
   3.36999989      0.552029192    
   3.37999988      0.553836465    
   3.38999987      0.555643141    
   3.39999986      0.557448149    
   3.40999985      0.559253275    
   3.41999984      0.561055958    
   3.42999983      0.562857866    
   3.43999982      0.564659655    
   3.44999981      0.566459000    
   3.46000004      0.568258584    
   3.47000003      0.570055783    
   3.48000002      0.571853220    
   3.49000001      0.573649406    
   3.50000000      0.575444400    
   3.50999999      0.577238679    
