   9.99999978E-03   2.31856393E-04
   1.99999996E-02   4.24617785E-04
   2.99999993E-02   5.35674684E-04
   3.99999991E-02   6.24358363E-04
   4.99999970E-02   7.39715470E-04
   5.99999987E-02   8.68146657E-04
   7.00000003E-02   1.00016885E-03
   7.99999982E-02   1.13082619E-03
   8.99999961E-02   1.25716813E-03
   9.99999940E-02   1.37830270E-03
  0.109999999       1.49399822E-03
  0.119999997       1.60401850E-03
  0.129999995       1.70306745E-03
  0.140000001       1.80765800E-03
  0.149999991       1.90131599E-03
  0.159999996       1.99049083E-03
  0.170000002       2.07492174E-03
  0.179999992       2.15484435E-03
  0.189999998       2.23048660E-03
  0.199999988       2.30256817E-03
  0.209999993       2.37068837E-03
  0.219999999       2.43545882E-03
  0.229999989       2.49685463E-03
  0.239999995       2.55518476E-03
  0.250000000       2.61049275E-03
  0.259999990       2.66311457E-03
  0.269999981       2.71301763E-03
  0.280000001       2.76038423E-03
  0.289999992       2.80557480E-03
  0.299999982       2.84817582E-03
  0.310000002       2.88880477E-03
  0.319999993       2.92749587E-03
  0.329999983       2.96472292E-03
  0.340000004       3.00012366E-03
  0.349999994       3.03331390E-03
  0.359999985       3.06509901E-03
  0.370000005       3.09541170E-03
  0.379999995       3.12492647E-03
  0.389999986       3.15461890E-03
  0.399999976       3.19580710E-03
  0.409999996       3.21664638E-03
  0.419999987       3.24052386E-03
  0.429999977       3.26508842E-03
  0.439999998       3.28866369E-03
  0.449999988       3.31221963E-03
  0.459999979       3.33612412E-03
  0.469999999       3.36259534E-03
  0.479999989       3.39223235E-03
  0.489999980       3.44498362E-03
  0.500000000       3.64064379E-03
  0.509999990       3.61013855E-03
  0.519999981       3.62492283E-03
  0.529999971       3.64529295E-03
  0.539999962       3.66789708E-03
  0.550000012       3.69303185E-03
  0.560000002       3.72143299E-03
  0.569999993       3.75238573E-03
  0.579999983       3.78673919E-03
  0.589999974       3.82591016E-03
  0.599999964       3.87161621E-03
  0.610000014       3.92686296E-03
  0.620000005       3.99679411E-03
  0.629999995       4.09110822E-03
  0.639999986       4.23019566E-03
  0.649999976       4.47582174E-03
  0.659999967       5.11594210E-03
  0.669999957       6.46064663E-03
  0.680000007       6.27428526E-03
  0.689999998       6.24436839E-03
  0.699999988       6.25773007E-03
  0.709999979       6.29247539E-03
  0.719999969       6.34085806E-03
  0.729999959       6.39926596E-03
  0.740000010       6.46619685E-03
  0.750000000       6.53989334E-03
  0.759999990       6.62222831E-03
  0.769999981       6.71113376E-03
  0.779999971       6.80727279E-03
  0.789999962       6.91144122E-03
  0.799999952       7.02396687E-03
  0.810000002       7.14583742E-03
  0.819999993       7.27817416E-03
  0.829999983       7.42207514E-03
  0.839999974       7.57935410E-03
  0.849999964       7.75205484E-03
  0.859999955       7.94224441E-03
  0.870000005       8.15387350E-03
  0.879999995       8.38905387E-03
  0.889999986       8.65725521E-03
  0.899999976       8.96202773E-03
  0.909999967       9.31388792E-03
  0.919999957       9.72680468E-03
  0.930000007       1.02210790E-02
  0.939999998       1.08273504E-02
  0.949999988       1.15960371E-02
  0.959999979       1.26168011E-02
  0.969999969       1.40672196E-02
  0.979999959       1.63710900E-02
  0.989999950       2.09148042E-02
   1.00000000       3.55586931E-02
   1.00999999       3.57634798E-02
   1.01999998       3.54565084E-02
   1.02999997       3.53302732E-02
   1.03999996       3.53187285E-02
   1.04999995       3.53830084E-02
   1.05999994       3.55012380E-02
   1.06999993       3.56595293E-02
   1.07999992       3.58352475E-02
   1.09000003       3.60632576E-02
   1.10000002       3.62982936E-02
   1.11000001       3.65507118E-02
   1.12000000       3.68182622E-02
   1.13000000       3.70988473E-02
   1.13999999       3.73914167E-02
   1.14999998       3.76947671E-02
   1.15999997       3.80081162E-02
   1.16999996       3.83306816E-02
   1.17999995       3.86565253E-02
   1.18999994       3.90017517E-02
   1.19999993       3.93493138E-02
   1.20999992       3.97045687E-02
   1.22000003       4.00673784E-02
   1.23000002       4.04376350E-02
   1.24000001       4.08151224E-02
   1.25000000       4.11996990E-02
   1.25999999       4.15919423E-02
   1.26999998       4.19910885E-02
   1.27999997       4.23977114E-02
   1.28999996       4.28117551E-02
   1.29999995       4.32331711E-02
   1.30999994       4.36622351E-02
   1.31999993       4.40991595E-02
   1.32999992       4.45437990E-02
   1.33999991       4.49966341E-02
   1.35000002       4.54577059E-02
   1.36000001       4.59268577E-02
   1.37000000       4.64053340E-02
   1.38000000       4.68926877E-02
   1.38999999       4.73891720E-02
   1.39999998       4.78951037E-02
   1.40999997       4.84109744E-02
   1.41999996       4.89370041E-02
   1.42999995       4.94735762E-02
   1.43999994       5.00209667E-02
   1.44999993       5.05800955E-02
   1.45999992       5.11502661E-02
   1.46999991       5.17330170E-02
   1.48000002       5.23283370E-02
   1.49000001       5.29371761E-02
   1.50000000       5.35596907E-02
   1.50999999       5.41956425E-02
   1.51999998       5.48482053E-02
   1.52999997       5.55157475E-02
   1.53999996       5.61995804E-02
   1.54999995       5.69006167E-02
   1.55999994       5.76196797E-02
   1.56999993       5.83573096E-02
   1.57999992       5.91152012E-02
   1.58999991       5.98936565E-02
   1.59999990       6.06942549E-02
   1.61000001       6.15177564E-02
   1.62000000       6.23656511E-02
   1.63000000       6.32394180E-02
   1.63999999       6.41402379E-02
   1.64999998       6.50700331E-02
   1.65999997       6.60303757E-02
   1.66999996       6.70231134E-02
   1.67999995       6.80504888E-02
   1.68999994       6.91146925E-02
   1.69999993       7.02182129E-02
   1.70999992       7.13637546E-02
   1.71999991       7.25544542E-02
   1.73000002       7.37934634E-02
   1.74000001       7.50843585E-02
   1.75000000       7.64313564E-02
   1.75999999       7.78390840E-02
   1.76999998       7.93125182E-02
   1.77999997       8.08574259E-02
   1.78999996       8.24799240E-02
   1.79999995       8.41875970E-02
   1.80999994       8.59888792E-02
   1.81999993       8.78920332E-02
   1.82999992       8.99091661E-02
   1.83999991       9.20517221E-02
   1.84999990       9.43348855E-02
   1.86000001       9.67749953E-02
   1.87000000       9.93920937E-02
   1.88000000      0.102209486    
   1.88999999      0.105255499    
   1.89999998      0.108563647    
   1.90999997      0.112175278    
   1.91999996      0.116141506    
   1.92999995      0.120525099    
   1.93999994      0.125406504    
   1.94999993      0.130887166    
   1.95999992      0.137100413    
   1.96999991      0.144220144    
   1.97999990      0.152477041    
   1.99000001      0.162173316    
   2.00000000      0.173678026    
   2.00999999      0.187209651    
   2.01999998      0.199836522    
   2.02999997      0.210888520    
   2.03999996      0.220547378    
   2.04999995      0.229064390    
   2.05999994      0.236655593    
   2.06999993      0.243493512    
   2.07999992      0.249713570    
   2.08999991      0.255420506    
   2.09999990      0.260698050    
   2.10999990      0.265612930    
   2.11999989      0.270217687    
   2.12999988      0.274556994    
   2.13999987      0.278665870    
   2.14999986      0.282573938    
   2.15999985      0.286306351    
   2.16999984      0.289883703    
   2.18000007      0.293323517    
   2.19000006      0.296640664    
   2.20000005      0.299848408    
   2.21000004      0.302957952    
   2.22000003      0.305978835    
   2.23000002      0.308919311    
   2.24000001      0.311784446    
   2.25000000      0.314587951    
   2.25999999      0.317328513    
   2.26999998      0.320014179    
   2.27999997      0.322647184    
   2.28999996      0.325233787    
   2.29999995      0.327777326    
   2.30999994      0.330280751    
   2.31999993      0.332746863    
   2.32999992      0.335177898    
   2.33999991      0.337577581    
   2.34999990      0.339946061    
   2.35999990      0.342287451    
   2.36999989      0.344602466    
   2.37999988      0.346892267    
   2.38999987      0.349159747    
   2.39999986      0.351405054    
   2.40999985      0.353629678    
   2.41999984      0.355835646    
   2.42999983      0.358023107    
   2.44000006      0.360191733    
   2.45000005      0.362346858    
   2.46000004      0.364485264    
   2.47000003      0.366609126    
   2.48000002      0.368719131    
   2.49000001      0.370816171    
   2.50000000      0.372900248    
   2.50999999      0.374972314    
   2.51999998      0.377033383    
   2.52999997      0.379083425    
   2.53999996      0.381122589    
   2.54999995      0.383152366    
   2.55999994      0.385172397    
   2.56999993      0.387183458    
   2.57999992      0.389185578    
   2.58999991      0.391179830    
   2.59999990      0.393165410    
   2.60999990      0.395144373    
   2.61999989      0.397114456    
   2.62999988      0.399078161    
   2.63999987      0.401034832    
   2.64999986      0.402985394    
   2.65999985      0.404928982    
   2.66999984      0.406866580    
   2.67999983      0.408798963    
   2.69000006      0.410725087    
   2.70000005      0.412645966    
   2.71000004      0.414561152    
   2.72000003      0.416471332    
   2.73000002      0.418376833    
   2.74000001      0.420277297    
   2.75000000      0.422173023    
   2.75999999      0.424064308    
   2.76999998      0.425951153    
   2.77999997      0.427834183    
   2.78999996      0.429712802    
   2.79999995      0.431587487    
   2.80999994      0.433458060    
   2.81999993      0.435324967    
   2.82999992      0.437188864    
   2.83999991      0.439048886    
   2.84999990      0.440905243    
   2.85999990      0.442758381    
   2.86999989      0.444608212    
   2.87999988      0.446455151    
   2.88999987      0.448298961    
   2.89999986      0.450139493    
   2.90999985      0.451977164    
   2.91999984      0.453812242    
   2.92999983      0.455644339    
   2.93999982      0.457473874    
   2.95000005      0.459300727    
   2.96000004      0.461124986    
   2.97000003      0.462946177    
   2.98000002      0.464765847    
   2.99000001      0.466582596    
   3.00000000      0.468397200    
   3.00999999      0.470209599    
   3.01999998      0.472020179    
   3.02999997      0.473827451    
   3.03999996      0.475634038    
   3.04999995      0.477436870    
   3.05999994      0.479239017    
   3.06999993      0.481038600    
   3.07999992      0.482836217    
   3.08999991      0.484632134    
   3.09999990      0.486425549    
   3.10999990      0.488217980    
   3.11999989      0.490008265    
   3.12999988      0.491792798    
   3.13999987      0.493584067    
   3.14999986      0.495368987    
   3.15999985      0.497152269    
   3.16999984      0.498934120    
   3.17999983      0.500714362    
   3.18999982      0.502493143    
   3.19999981      0.504270434    
   3.21000004      0.506045938    
   3.22000003      0.507820249    
   3.23000002      0.509593070    
   3.24000001      0.511364520    
   3.25000000      0.513134420    
   3.25999999      0.514902890    
   3.26999998      0.516670287    
   3.27999997      0.518436313    
   3.28999996      0.520200968    
   3.29999995      0.521964133    
   3.30999994      0.523726702    
   3.31999993      0.525486946    
   3.32999992      0.527247071    
   3.33999991      0.529005170    
   3.34999990      0.530762732    
   3.35999990      0.532518625    
   3.36999989      0.534273863    
   3.37999988      0.536026716    
   3.38999987      0.537780643    
   3.39999986      0.539531946    
   3.40999985      0.541282713    
   3.41999984      0.543032587    
   3.42999983      0.544781148    
   3.43999982      0.546528935    
   3.44999981      0.548275590    
   3.46000004      0.550020337    
   3.47000003      0.551765203    
   3.48000002      0.553509057    
   3.49000001      0.555251598    
   3.50000000      0.556993484    
   3.50999999      0.558733761    
