   9.99999978E-03   2.32562728E-04
   1.99999996E-02   4.30144690E-04
   2.99999993E-02   5.49731485E-04
   3.99999991E-02   6.36129524E-04
   4.99999970E-02   7.49845465E-04
   5.99999987E-02   8.78230203E-04
   7.00000003E-02   1.01124984E-03
   7.99999982E-02   1.14017678E-03
   8.99999961E-02   1.27174007E-03
   9.99999940E-02   1.39496941E-03
  0.109999999       1.51280453E-03
  0.119999997       1.62505999E-03
  0.129999995       1.73118582E-03
  0.140000001       1.83283386E-03
  0.149999991       1.92849955E-03
  0.159999996       2.01785751E-03
  0.170000002       2.10591336E-03
  0.179999992       2.18761899E-03
  0.189999998       2.26486893E-03
  0.199999988       2.33868486E-03
  0.209999993       2.40843953E-03
  0.219999999       2.47461232E-03
  0.229999989       2.53745704E-03
  0.239999995       2.59718578E-03
  0.250000000       2.65375874E-03
  0.259999990       2.70761712E-03
  0.269999981       2.75868201E-03
  0.280000001       2.80720228E-03
  0.289999992       2.85348389E-03
  0.299999982       2.89712078E-03
  0.310000002       2.93874228E-03
  0.319999993       2.97840126E-03
  0.329999983       3.01683019E-03
  0.340000004       3.05297738E-03
  0.349999994       3.08700069E-03
  0.359999985       3.11964029E-03
  0.370000005       3.15076578E-03
  0.379999995       3.18124122E-03
  0.389999986       3.21208639E-03
  0.399999976       3.25587252E-03
  0.409999996       3.27711133E-03
  0.419999987       3.30210384E-03
  0.429999977       3.32702626E-03
  0.439999998       3.35153937E-03
  0.449999988       3.37617006E-03
  0.459999979       3.40137933E-03
  0.469999999       3.42957140E-03
  0.479999989       3.46129108E-03
  0.489999980       3.51998513E-03
  0.500000000       3.73303937E-03
  0.509999990       3.69888288E-03
  0.519999981       3.71381943E-03
  0.529999971       3.73536395E-03
  0.539999962       3.75999161E-03
  0.550000012       3.78769427E-03
  0.560000002       3.81744746E-03
  0.569999993       3.85104236E-03
  0.579999983       3.88839841E-03
  0.589999974       3.93123273E-03
  0.599999964       3.98139050E-03
  0.610000014       4.04221471E-03
  0.620000005       4.11939016E-03
  0.629999995       4.22375556E-03
  0.639999986       4.38047200E-03
  0.649999976       4.65032691E-03
  0.659999967       5.35719376E-03
  0.669999957       6.77715428E-03
  0.680000007       6.57638442E-03
  0.689999998       6.54336810E-03
  0.699999988       6.55722106E-03
  0.709999979       6.59447024E-03
  0.719999969       6.64604269E-03
  0.729999959       6.70899823E-03
  0.740000010       6.78093359E-03
  0.750000000       6.86114281E-03
  0.759999990       6.94839796E-03
  0.769999981       7.04495097E-03
  0.779999971       7.14892102E-03
  0.789999962       7.26141548E-03
  0.799999952       7.38299871E-03
  0.810000002       7.51471706E-03
  0.819999993       7.65777752E-03
  0.829999983       7.81338103E-03
  0.839999974       7.98342004E-03
  0.849999964       8.17021728E-03
  0.859999955       8.37642793E-03
  0.870000005       8.60472769E-03
  0.879999995       8.85394774E-03
  0.889999986       9.14922357E-03
  0.899999976       9.47859045E-03
  0.909999967       9.85896122E-03
  0.919999957       1.03054876E-02
  0.930000007       1.08392294E-02
  0.939999998       1.14939520E-02
  0.949999988       1.23234820E-02
  0.959999979       1.34239644E-02
  0.969999969       1.49851888E-02
  0.979999959       1.74579602E-02
  0.989999950       2.23017093E-02
   1.00000000       3.73610072E-02
   1.00999999       3.76169458E-02
   1.01999998       3.73119079E-02
   1.02999997       3.71865146E-02
   1.03999996       3.71778496E-02
   1.04999995       3.72472331E-02
   1.05999994       3.73723991E-02
   1.06999993       3.75392586E-02
   1.07999992       3.77383903E-02
   1.09000003       3.79639119E-02
   1.10000002       3.82108800E-02
   1.11000001       3.84761132E-02
   1.12000000       3.87572609E-02
   1.13000000       3.90522443E-02
   1.13999999       3.93595621E-02
   1.14999998       3.96783538E-02
   1.15999997       4.00076061E-02
   1.16999996       4.03466672E-02
   1.17999995       4.06894051E-02
   1.18999994       4.10520211E-02
   1.19999993       4.14173491E-02
   1.20999992       4.17908542E-02
   1.22000003       4.21722233E-02
   1.23000002       4.25615534E-02
   1.24000001       4.29583937E-02
   1.25000000       4.33628932E-02
   1.25999999       4.37752008E-02
   1.26999998       4.41949144E-02
   1.27999997       4.46223989E-02
   1.28999996       4.50578779E-02
   1.29999995       4.55010906E-02
   1.30999994       4.59522456E-02
   1.31999993       4.64116968E-02
   1.32999992       4.68793325E-02
   1.33999991       4.73554693E-02
   1.35000002       4.78403084E-02
   1.36000001       4.83336337E-02
   1.37000000       4.88368273E-02
   1.38000000       4.93493490E-02
   1.38999999       4.98713665E-02
   1.39999998       5.04033417E-02
   1.40999997       5.09457998E-02
   1.41999996       5.14988750E-02
   1.42999995       5.20630516E-02
   1.43999994       5.26386201E-02
   1.44999993       5.32265007E-02
   1.45999992       5.38258962E-02
   1.46999991       5.44385128E-02
   1.48000002       5.50641827E-02
   1.49000001       5.57042807E-02
   1.50000000       5.63586242E-02
   1.50999999       5.70270009E-02
   1.51999998       5.77128753E-02
   1.52999997       5.84143326E-02
   1.53999996       5.91329411E-02
   1.54999995       5.98695874E-02
   1.55999994       6.06250577E-02
   1.56999993       6.13999665E-02
   1.57999992       6.21960424E-02
   1.58999991       6.30138144E-02
   1.59999990       6.38544858E-02
   1.61000001       6.47193268E-02
   1.62000000       6.56096041E-02
   1.63000000       6.65268973E-02
   1.63999999       6.74725100E-02
   1.64999998       6.84483871E-02
   1.65999997       6.94561601E-02
   1.66999996       7.04978332E-02
   1.67999995       7.15756416E-02
   1.68999994       7.26918206E-02
   1.69999993       7.38490447E-02
   1.70999992       7.50501156E-02
   1.71999991       7.62956217E-02
   1.73000002       7.75966570E-02
   1.74000001       7.89491162E-02
   1.75000000       8.03600624E-02
   1.75999999       8.18342045E-02
   1.76999998       8.33765641E-02
   1.77999997       8.49932134E-02
   1.78999996       8.66869166E-02
   1.79999995       8.84761661E-02
   1.80999994       9.03589502E-02
   1.81999993       9.23472494E-02
   1.82999992       9.44532976E-02
   1.83999991       9.66897011E-02
   1.84999990       9.90710706E-02
   1.86000001      0.101614580    
   1.87000000      0.104340397    
   1.88000000      0.107272595    
   1.88999999      0.110439517    
   1.89999998      0.113875605    
   1.90999997      0.117622428    
   1.91999996      0.121731438    
   1.92999995      0.126266077    
   1.93999994      0.131306022    
   1.94999993      0.136952877    
   1.95999992      0.143337876    
   1.96999991      0.150631696    
   1.97999990      0.159057945    
   1.99000001      0.168905616    
   2.00000000      0.180519551    
   2.00999999      0.194081381    
   2.01999998      0.206750244    
   2.02999997      0.217870310    
   2.03999996      0.227614298    
   2.04999995      0.236225456    
   2.05999994      0.243915379    
   2.06999993      0.250853330    
   2.07999992      0.257172406    
   2.08999991      0.262976885    
   2.09999990      0.268349737    
   2.10999990      0.273358107    
   2.11999989      0.278052926    
   2.12999988      0.282480687    
   2.13999987      0.286675304    
   2.14999986      0.290666610    
   2.15999985      0.294480145    
   2.16999984      0.298136503    
   2.18000007      0.301653534    
   2.19000006      0.305046022    
   2.20000005      0.308327347    
   2.21000004      0.311508745    
   2.22000003      0.314599723    
   2.23000002      0.317609310    
   2.24000001      0.320543021    
   2.25000000      0.323412180    
   2.25999999      0.326217562    
   2.26999998      0.328967780    
   2.27999997      0.331663877    
   2.28999996      0.334313035    
   2.29999995      0.336918056    
   2.30999994      0.339481950    
   2.31999993      0.342007637    
   2.32999992      0.344498038    
   2.33999991      0.346955866    
   2.34999990      0.349382699    
   2.35999990      0.351780742    
   2.36999989      0.354151696    
   2.37999988      0.356498212    
   2.38999987      0.358820707    
   2.39999986      0.361120880    
   2.40999985      0.363400340    
   2.41999984      0.365661561    
   2.42999983      0.367901087    
   2.44000006      0.370124519    
   2.45000005      0.372331321    
   2.46000004      0.374521971    
   2.47000003      0.376698554    
   2.48000002      0.378859997    
   2.49000001      0.381008297    
   2.50000000      0.383143544    
   2.50999999      0.385266691    
   2.51999998      0.387378186    
   2.52999997      0.389478266    
   2.53999996      0.391567945    
   2.54999995      0.393647403    
   2.55999994      0.395717055    
   2.56999993      0.397777528    
   2.57999992      0.399828970    
   2.58999991      0.401872098    
   2.59999990      0.403906435    
   2.60999990      0.405933410    
   2.61999989      0.407952249    
   2.62999988      0.409964263    
   2.63999987      0.411969364    
   2.64999986      0.413967282    
   2.65999985      0.415958703    
   2.66999984      0.417944163    
   2.67999983      0.419922769    
   2.69000006      0.421896994    
   2.70000005      0.423864722    
   2.71000004      0.425827265    
   2.72000003      0.427784294    
   2.73000002      0.429736435    
   2.74000001      0.431683570    
   2.75000000      0.433626115    
   2.75999999      0.435563862    
   2.76999998      0.437496692    
   2.77999997      0.439425856    
   2.78999996      0.441350758    
   2.79999995      0.443271011    
   2.80999994      0.445188135    
   2.81999993      0.447100699    
   2.82999992      0.449009746    
   2.83999991      0.450915694    
   2.84999990      0.452817649    
   2.85999990      0.454716206    
   2.86999989      0.456611603    
   2.87999988      0.458503455    
   2.88999987      0.460392654    
   2.89999986      0.462278217    
   2.90999985      0.464160860    
   2.91999984      0.466040999    
   2.92999983      0.467917919    
   2.93999982      0.469792426    
   2.95000005      0.471663892    
   2.96000004      0.473532736    
   2.97000003      0.475398839    
   2.98000002      0.477263272    
   2.99000001      0.479124725    
   3.00000000      0.480983585    
   3.00999999      0.482840568    
   3.01999998      0.484694690    
   3.02999997      0.486547142    
   3.03999996      0.488397032    
   3.04999995      0.490244895    
   3.05999994      0.492090732    
   3.06999993      0.493934602    
   3.07999992      0.495776385    
   3.08999991      0.497616142    
   3.09999990      0.499453723    
   3.10999990      0.501289964    
   3.11999989      0.503124118    
   3.12999988      0.504952788    
   3.13999987      0.506787181    
   3.14999986      0.508616149    
   3.15999985      0.510443389    
   3.16999984      0.512268901    
   3.17999983      0.514092922    
   3.18999982      0.515914917    
   3.19999981      0.517735600    
   3.21000004      0.519555092    
   3.22000003      0.521372557    
   3.23000002      0.523188949    
   3.24000001      0.525003970    
   3.25000000      0.526817203    
   3.25999999      0.528629482    
   3.26999998      0.530439675    
   3.27999997      0.532249093    
   3.28999996      0.534056067    
   3.29999995      0.535863101    
   3.30999994      0.537668705    
   3.31999993      0.539472461    
   3.32999992      0.541275024    
   3.33999991      0.543076813    
   3.34999990      0.544877350    
   3.35999990      0.546676636    
   3.36999989      0.548475027    
   3.37999988      0.550271690    
   3.38999987      0.552067041    
   3.39999986      0.553861797    
   3.40999985      0.555655241    
   3.41999984      0.557448149    
   3.42999983      0.559238851    
   3.43999982      0.561029255    
   3.44999981      0.562819242    
   3.46000004      0.564607561    
   3.47000003      0.566394985    
   3.48000002      0.568181276    
   3.49000001      0.569965720    
   3.50000000      0.571751177    
   3.50999999      0.573534250    
