   9.99999978E-03   2.33411862E-04
   1.99999996E-02   4.32456698E-04
   2.99999993E-02   5.56834624E-04
   3.99999991E-02   6.42133004E-04
   4.99999970E-02   7.54966226E-04
   5.99999987E-02   8.83239089E-04
   7.00000003E-02   1.01668586E-03
   7.99999982E-02   1.14640396E-03
   8.99999961E-02   1.27888040E-03
   9.99999940E-02   1.40309788E-03
  0.109999999       1.52197760E-03
  0.119999997       1.63531327E-03
  0.129999995       1.74248917E-03
  0.140000001       1.84516143E-03
  0.149999991       1.94182270E-03
  0.159999996       2.03392748E-03
  0.170000002       2.12112884E-03
  0.179999992       2.20372085E-03
  0.189999998       2.28187209E-03
  0.199999988       2.35645310E-03
  0.209999993       2.42692302E-03
  0.219999999       2.49406858E-03
  0.229999989       2.55746045E-03
  0.239999995       2.61782669E-03
  0.250000000       2.67508766E-03
  0.259999990       2.72957049E-03
  0.269999981       2.78122630E-03
  0.280000001       2.83030956E-03
  0.289999992       2.87713576E-03
  0.299999982       2.92128953E-03
  0.310000002       2.96348054E-03
  0.319999993       3.00355209E-03
  0.329999983       3.04504856E-03
  0.340000004       3.07910657E-03
  0.349999994       3.11356457E-03
  0.359999985       3.14661954E-03
  0.370000005       3.17815342E-03
  0.379999995       3.20912083E-03
  0.389999986       3.24055529E-03
  0.399999976       3.28572909E-03
  0.409999996       3.30708176E-03
  0.419999987       3.33251292E-03
  0.429999977       3.35782464E-03
  0.439999998       3.38283787E-03
  0.449999988       3.40802572E-03
  0.459999979       3.43403453E-03
  0.469999999       3.46302614E-03
  0.479999989       3.49889486E-03
  0.489999980       3.55775980E-03
  0.500000000       3.77988163E-03
  0.509999990       3.74380942E-03
  0.519999981       3.75928008E-03
  0.529999971       3.78141506E-03
  0.539999962       3.80682573E-03
  0.550000012       3.83526110E-03
  0.560000002       3.86616844E-03
  0.569999993       3.90114752E-03
  0.579999983       3.93986236E-03
  0.589999974       3.98488436E-03
  0.599999964       4.03740769E-03
  0.610000014       4.10119025E-03
  0.620000005       4.18222928E-03
  0.629999995       4.29191580E-03
  0.639999986       4.45667561E-03
  0.649999976       4.74068103E-03
  0.659999967       5.48267784E-03
  0.669999957       6.94051757E-03
  0.680000007       6.73231296E-03
  0.689999998       6.69770176E-03
  0.699999988       6.71179499E-03
  0.709999979       6.75025070E-03
  0.719999969       6.80367323E-03
  0.729999959       6.86874567E-03
  0.740000010       6.94340002E-03
  0.750000000       7.02661369E-03
  0.759999990       7.11331144E-03
  0.769999981       7.21743051E-03
  0.779999971       7.32536474E-03
  0.789999962       7.44221965E-03
  0.799999952       7.56850047E-03
  0.810000002       7.70534063E-03
  0.819999993       7.85392895E-03
  0.829999983       8.01565498E-03
  0.839999974       8.19233619E-03
  0.849999964       8.38642195E-03
  0.859999955       8.60019587E-03
  0.870000005       8.83797556E-03
  0.879999995       9.10396781E-03
  0.889999986       9.40388348E-03
  0.899999976       9.74377338E-03
  0.909999967       1.01412088E-02
  0.919999957       1.06050624E-02
  0.930000007       1.11566139E-02
  0.939999998       1.18392911E-02
  0.949999988       1.27003817E-02
  0.959999979       1.38421515E-02
  0.969999969       1.54606402E-02
  0.979999959       1.80203747E-02
  0.989999950       2.30172537E-02
   1.00000000       3.82805355E-02
   1.00999999       3.85627188E-02
   1.01999998       3.82592119E-02
   1.02999997       3.81344892E-02
   1.03999996       3.81274335E-02
   1.04999995       3.81994769E-02
   1.05999994       3.83283161E-02
   1.06999993       3.84995975E-02
   1.07999992       3.87037657E-02
   1.09000003       3.89349051E-02
   1.10000002       3.91845889E-02
   1.11000001       3.94598395E-02
   1.12000000       3.97478752E-02
   1.13000000       4.00501490E-02
   1.13999999       4.03650478E-02
   1.14999998       4.06916663E-02
   1.15999997       4.10290807E-02
   1.16999996       4.13765199E-02
   1.17999995       4.17276993E-02
   1.18999994       4.20993380E-02
   1.19999993       4.24737521E-02
   1.20999992       4.28565070E-02
   1.22000003       4.32473794E-02
   1.23000002       4.36463989E-02
   1.24000001       4.40531708E-02
   1.25000000       4.44676913E-02
   1.25999999       4.48903106E-02
   1.26999998       4.53204736E-02
   1.27999997       4.57586199E-02
   1.28999996       4.62049991E-02
   1.29999995       4.66592871E-02
   1.30999994       4.71216813E-02
   1.31999993       4.75926064E-02
   1.32999992       4.80719209E-02
   1.33999991       4.85599861E-02
   1.35000002       4.90569510E-02
   1.36000001       4.95625734E-02
   1.37000000       5.00783660E-02
   1.38000000       5.06036282E-02
   1.38999999       5.11387512E-02
   1.39999998       5.16839921E-02
   1.40999997       5.22399545E-02
   1.41999996       5.28068393E-02
   1.42999995       5.33850268E-02
   1.43999994       5.39749488E-02
   1.44999993       5.45767583E-02
   1.45999992       5.51917031E-02
   1.46999991       5.58195710E-02
   1.48000002       5.64607717E-02
   1.49000001       5.71166463E-02
   1.50000000       5.77871762E-02
   1.50999999       5.84721379E-02
   1.51999998       5.91748990E-02
   1.52999997       5.98936491E-02
   1.53999996       6.06299117E-02
   1.54999995       6.13846518E-02
   1.55999994       6.21586032E-02
   1.56999993       6.29524738E-02
   1.57999992       6.37680441E-02
   1.58999991       6.46057352E-02
   1.59999990       6.54668212E-02
   1.61000001       6.63526282E-02
   1.62000000       6.72644824E-02
   1.63000000       6.82039112E-02
   1.63999999       6.91722259E-02
   1.64999998       7.01715872E-02
   1.65999997       7.12034255E-02
   1.66999996       7.22698942E-02
   1.67999995       7.33733177E-02
   1.68999994       7.45158717E-02
   1.69999993       7.57003352E-02
   1.70999992       7.69295469E-02
   1.71999991       7.82042146E-02
   1.73000002       7.95354471E-02
   1.74000001       8.09190050E-02
   1.75000000       8.23623464E-02
   1.75999999       8.38701278E-02
   1.76999998       8.54474232E-02
   1.77999997       8.71003345E-02
   1.78999996       8.88317898E-02
   1.79999995       9.06605572E-02
   1.80999994       9.25846323E-02
   1.81999993       9.46159735E-02
   1.82999992       9.67670307E-02
   1.83999991       9.90506038E-02
   1.84999990      0.101481549    
   1.86000001      0.104076944    
   1.87000000      0.106857501    
   1.88000000      0.109847344    
   1.88999999      0.113075145    
   1.89999998      0.116575368    
   1.90999997      0.120389864    
   1.91999996      0.124570325    
   1.92999995      0.129180193    
   1.93999994      0.134299338    
   1.94999993      0.140028611    
   1.95999992      0.146498710    
   1.96999991      0.153878406    
   1.97999990      0.162387833    
   1.99000001      0.172307014    
   2.00000000      0.183976576    
   2.00999999      0.197552815    
   2.01999998      0.210241601    
   2.02999997      0.221394584    
   2.03999996      0.231179863    
   2.04999995      0.239837006    
   2.05999994      0.247574791    
   2.06999993      0.254561424    
   2.07999992      0.260929048    
   2.08999991      0.266781449    
   2.09999990      0.272201747    
   2.10999990      0.277255535    
   2.11999989      0.281995058    
   2.12999988      0.286466330    
   2.13999987      0.290702969    
   2.14999986      0.294735610    
   2.15999985      0.298589289    
   2.16999984      0.302284807    
   2.18000007      0.305839628    
   2.19000006      0.309269488    
   2.20000005      0.312587231    
   2.21000004      0.315804422    
   2.22000003      0.318930447    
   2.23000002      0.321974516    
   2.24000001      0.324941605    
   2.25000000      0.327843875    
   2.25999999      0.330681980    
   2.26999998      0.333463758    
   2.27999997      0.336191565    
   2.28999996      0.338871658    
   2.29999995      0.341507047    
   2.30999994      0.344100982    
   2.31999993      0.346656501    
   2.32999992      0.349176496    
   2.33999991      0.351663083    
   2.34999990      0.354118675    
   2.35999990      0.356545389    
   2.36999989      0.358944595    
   2.37999988      0.361318707    
   2.38999987      0.363669068    
   2.39999986      0.365996331    
   2.40999985      0.368303120    
   2.41999984      0.370589525    
   2.42999983      0.372857451    
   2.44000006      0.375107497    
   2.45000005      0.377340674    
   2.46000004      0.379557341    
   2.47000003      0.381759554    
   2.48000002      0.383946836    
   2.49000001      0.386120796    
   2.50000000      0.388281792    
   2.50999999      0.390430421    
   2.51999998      0.392566592    
   2.52999997      0.394692153    
   2.53999996      0.396806628    
   2.54999995      0.398910940    
   2.55999994      0.401005328    
   2.56999993      0.403090328    
   2.57999992      0.405166209    
   2.58999991      0.407234073    
   2.59999990      0.409292758    
   2.60999990      0.411344379    
   2.61999989      0.413386762    
   2.62999988      0.415422916    
   2.63999987      0.417451829    
   2.64999986      0.419474125    
   2.65999985      0.421489030    
   2.66999984      0.423498064    
   2.67999983      0.425501436    
   2.69000006      0.427498043    
   2.70000005      0.429489702    
   2.71000004      0.431475580    
   2.72000003      0.433456093    
   2.73000002      0.435431331    
   2.74000001      0.437401831    
   2.75000000      0.439367294    
   2.75999999      0.441327870    
   2.76999998      0.443284214    
   2.77999997      0.445236444    
   2.78999996      0.447184294    
   2.79999995      0.449127972    
   2.80999994      0.451067358    
   2.81999993      0.453003198    
   2.82999992      0.454935133    
   2.83999991      0.456863105    
   2.84999990      0.458788067    
   2.85999990      0.460709512    
   2.86999989      0.462627500    
   2.87999988      0.464542091    
   2.88999987      0.466453224    
   2.89999986      0.468362033    
   2.90999985      0.470266968    
   2.91999984      0.472169429    
   2.92999983      0.474069029    
   2.93999982      0.475965798    
   2.95000005      0.477859408    
   2.96000004      0.479750693    
   2.97000003      0.481639177    
   2.98000002      0.483525783    
   2.99000001      0.485409290    
   3.00000000      0.487290412    
   3.00999999      0.489169478    
   3.01999998      0.491045922    
   3.02999997      0.492920637    
   3.03999996      0.494792879    
   3.04999995      0.496662170    
   3.05999994      0.498530418    
   3.06999993      0.500396013    
   3.07999992      0.502259612    
   3.08999991      0.504121423    
   3.09999990      0.505981028    
   3.10999990      0.507839322    
   3.11999989      0.509695411    
   3.12999988      0.511545718    
   3.13999987      0.513402164    
   3.14999986      0.515252709    
   3.15999985      0.517102182    
   3.16999984      0.518949330    
   3.17999983      0.520794928    
   3.18999982      0.522638381    
   3.19999981      0.524481535    
   3.21000004      0.526322424    
   3.22000003      0.528162360    
   3.23000002      0.529999852    
   3.24000001      0.531836808    
   3.25000000      0.533671558    
   3.25999999      0.535504758    
   3.26999998      0.537337124    
   3.27999997      0.539168000    
   3.28999996      0.540997565    
   3.29999995      0.542825401    
   3.30999994      0.544652104    
   3.31999993      0.546448648    
   3.32999992      0.548302352    
   3.33999991      0.550125420    
   3.34999990      0.551947236    
   3.35999990      0.553767800    
   3.36999989      0.555587828    
   3.37999988      0.557405710    
   3.38999987      0.559222400    
   3.39999986      0.561039329    
   3.40999985      0.562853158    
   3.41999984      0.564668179    
   3.42999983      0.566480577    
   3.43999982      0.568292439    
   3.44999981      0.570103228    
   3.46000004      0.571912766    
   3.47000003      0.573721409    
   3.48000002      0.575529218    
   3.49000001      0.577335715    
   3.50000000      0.579141259    
   3.50999999      0.580946386    
