   9.99999978E-03   2.36987558E-04
   1.99999996E-02   4.41429351E-04
   2.99999993E-02   5.89324220E-04
   3.99999991E-02   6.70342881E-04
   4.99999970E-02   7.78490794E-04
   5.99999987E-02   9.05596418E-04
   7.00000003E-02   1.04081782E-03
   7.99999982E-02   1.17653981E-03
   8.99999961E-02   1.30641856E-03
   9.99999940E-02   1.43819524E-03
  0.109999999       1.56090432E-03
  0.119999997       1.67973863E-03
  0.129999995       1.79179979E-03
  0.140000001       1.89843122E-03
  0.149999991       1.99978938E-03
  0.159999996       2.09617894E-03
  0.170000002       2.18757195E-03
  0.179999992       2.27414141E-03
  0.189999998       2.35608919E-03
  0.199999988       2.43431842E-03
  0.209999993       2.50816136E-03
  0.219999999       2.57868785E-03
  0.229999989       2.64535239E-03
  0.239999995       2.70873075E-03
  0.250000000       2.76894565E-03
  0.259999990       2.82622268E-03
  0.269999981       2.88052927E-03
  0.280000001       2.93216435E-03
  0.289999992       2.98140012E-03
  0.299999982       3.02793295E-03
  0.310000002       3.07236658E-03
  0.319999993       3.11465468E-03
  0.329999983       3.15605709E-03
  0.340000004       3.19483783E-03
  0.349999994       3.23102716E-03
  0.359999985       3.26616107E-03
  0.370000005       3.29956040E-03
  0.379999995       3.33281769E-03
  0.389999986       3.36699397E-03
  0.399999976       3.41928261E-03
  0.409999996       3.44055076E-03
  0.419999987       3.46840057E-03
  0.429999977       3.49569367E-03
  0.439999998       3.52317817E-03
  0.449999988       3.55074601E-03
  0.459999979       3.58071318E-03
  0.469999999       3.61328968E-03
  0.479999989       3.65717406E-03
  0.489999980       3.73106566E-03
  0.500000000       3.99732590E-03
  0.509999990       3.95195279E-03
  0.519999981       3.96844558E-03
  0.529999971       3.99346510E-03
  0.539999962       4.02291631E-03
  0.550000012       4.05624323E-03
  0.560000002       4.09302767E-03
  0.569999993       4.13480308E-03
  0.579999983       4.18186281E-03
  0.589999974       4.23635496E-03
  0.599999964       4.30070516E-03
  0.610000014       4.37935814E-03
  0.620000005       4.47979802E-03
  0.629999995       4.61630477E-03
  0.639999986       4.81937919E-03
  0.649999976       5.17637935E-03
  0.659999967       6.09222148E-03
  0.669999957       7.72233400E-03
  0.680000007       7.47874007E-03
  0.689999998       7.43639888E-03
  0.699999988       7.45158689E-03
  0.709999979       7.49552855E-03
  0.719999969       7.55912764E-03
  0.729999959       7.63381785E-03
  0.740000010       7.72123691E-03
  0.750000000       7.81893265E-03
  0.759999990       7.92701077E-03
  0.769999981       8.04359838E-03
  0.779999971       8.16997606E-03
  0.789999962       8.30874592E-03
  0.799999952       8.45787302E-03
  0.810000002       8.61953385E-03
  0.819999993       8.79572984E-03
  0.829999983       8.98633897E-03
  0.839999974       9.19631962E-03
  0.849999964       9.42475908E-03
  0.859999955       9.67765693E-03
  0.870000005       9.95613821E-03
  0.879999995       1.02734296E-02
  0.889999986       1.06279952E-02
  0.899999976       1.10324156E-02
  0.909999967       1.14993509E-02
  0.919999957       1.20471762E-02
  0.930000007       1.27010671E-02
  0.939999998       1.35022514E-02
  0.949999988       1.45154241E-02
  0.959999979       1.58555675E-02
  0.969999969       1.77482180E-02
  0.979999959       2.07212511E-02
  0.989999950       2.64341924E-02
   1.00000000       4.25859690E-02
   1.00999999       4.29580882E-02
   1.01999998       4.26995717E-02
   1.02999997       4.25802991E-02
   1.03999996       4.25822735E-02
   1.04999995       4.26679440E-02
   1.05999994       4.28142175E-02
   1.06999993       4.30061631E-02
   1.07999992       4.32347842E-02
   1.09000003       4.34923470E-02
   1.10000002       4.37741764E-02
   1.11000001       4.40770090E-02
   1.12000000       4.43972424E-02
   1.13000000       4.47335243E-02
   1.13999999       4.50837910E-02
   1.14999998       4.54473421E-02
   1.15999997       4.58226427E-02
   1.16999996       4.62092571E-02
   1.17999995       4.66065295E-02
   1.18999994       4.70137186E-02
   1.19999993       4.74304780E-02
   1.20999992       4.78566438E-02
   1.22000003       4.82917130E-02
   1.23000002       4.87359390E-02
   1.24000001       4.91888449E-02
   1.25000000       4.96505052E-02
   1.25999999       5.01209386E-02
   1.26999998       5.06000370E-02
   1.27999997       5.10881282E-02
   1.28999996       5.15852608E-02
   1.29999995       5.20912334E-02
   1.30999994       5.26062250E-02
   1.31999993       5.31307049E-02
   1.32999992       5.36645688E-02
   1.33999991       5.42081259E-02
   1.35000002       5.47620691E-02
   1.36000001       5.53251728E-02
   1.37000000       5.58993146E-02
   1.38000000       5.64836152E-02
   1.38999999       5.70800118E-02
   1.39999998       5.76872230E-02
   1.40999997       5.83062321E-02
   1.41999996       5.89373596E-02
   1.42999995       5.95810898E-02
   1.43999994       6.02377839E-02
   1.44999993       6.09084480E-02
   1.45999992       6.15920909E-02
   1.46999991       6.22908026E-02
   1.48000002       6.30043522E-02
   1.49000001       6.37341067E-02
   1.50000000       6.44800514E-02
   1.50999999       6.52419329E-02
   1.51999998       6.60234466E-02
   1.52999997       6.68222234E-02
   1.53999996       6.76412880E-02
   1.54999995       6.84801266E-02
   1.55999994       6.93403035E-02
   1.56999993       7.02224448E-02
   1.57999992       7.11283833E-02
   1.58999991       7.20587447E-02
   1.59999990       7.30149522E-02
   1.61000001       7.39982128E-02
   1.62000000       7.50101656E-02
   1.63000000       7.60522783E-02
   1.63999999       7.71263763E-02
   1.64999998       7.82343969E-02
   1.65999997       7.93780386E-02
   1.66999996       8.05595964E-02
   1.67999995       8.17817003E-02
   1.68999994       8.30466226E-02
   1.69999993       8.43572989E-02
   1.70999992       8.57169330E-02
   1.71999991       8.71288553E-02
   1.73000002       8.85970220E-02
   1.74000001       9.01249945E-02
   1.75000000       9.17178914E-02
   1.75999999       9.33808088E-02
   1.76999998       9.51192006E-02
   1.77999997       9.69396308E-02
   1.78999996       9.88491550E-02
   1.79999995      0.100855730    
   1.80999994      0.102968693    
   1.81999993      0.105198078    
   1.82999992      0.107555784    
   1.83999991      0.110055670    
   1.84999990      0.112713337    
   1.86000001      0.115546525    
   1.87000000      0.118576802    
   1.88000000      0.121819153    
   1.88999999      0.125333384    
   1.89999998      0.129124358    
   1.90999997      0.133245274    
   1.91999996      0.137747929    
   1.92999995      0.142696306    
   1.93999994      0.148169219    
   1.94999993      0.154266030    
   1.95999992      0.161113352    
   1.96999991      0.168871149    
   1.97999990      0.177743882    
   1.99000001      0.187985614    
   2.00000000      0.199880898    
   2.00999999      0.213519052    
   2.01999998      0.226290867    
   2.02999997      0.237581864    
   2.03999996      0.247542471    
   2.04999995      0.256395876    
   2.05999994      0.264340252    
   2.06999993      0.271538466    
   2.07999992      0.278117418    
   2.08999991      0.284178853    
   2.09999990      0.289804220    
   2.10999990      0.295059174    
   2.11999989      0.299995273    
   2.12999988      0.304657757    
   2.13999987      0.309081167    
   2.14999986      0.313295573    
   2.15999985      0.317326993    
   2.16999984      0.321195871    
   2.18000007      0.324920148    
   2.19000006      0.328515410    
   2.20000005      0.331995010    
   2.21000004      0.335371047    
   2.22000003      0.338652372    
   2.23000002      0.341848940    
   2.24000001      0.344967425    
   2.25000000      0.348015636    
   2.25999999      0.350998431    
   2.26999998      0.353922278    
   2.27999997      0.356790692    
   2.28999996      0.359608144    
   2.29999995      0.362381428    
   2.30999994      0.365110397    
   2.31999993      0.367798924    
   2.32999992      0.370450437    
   2.33999991      0.373067230    
   2.34999990      0.375651181    
   2.35999990      0.378205270    
   2.36999989      0.380730987    
   2.37999988      0.383229554    
   2.38999987      0.385703564    
   2.39999986      0.388154238    
   2.40999985      0.390582114    
   2.41999984      0.392989695    
   2.42999983      0.395377070    
   2.44000006      0.397746176    
   2.45000005      0.400098354    
   2.46000004      0.402431309    
   2.47000003      0.404750139    
   2.48000002      0.407053620    
   2.49000001      0.409342229    
   2.50000000      0.411617935    
   2.50999999      0.413879752    
   2.51999998      0.416130334    
   2.52999997      0.418368042    
   2.53999996      0.420594662    
   2.54999995      0.422810435    
   2.55999994      0.425016195    
   2.56999993      0.427211583    
   2.57999992      0.429397702    
   2.58999991      0.431574941    
   2.59999990      0.433742821    
   2.60999990      0.435903430    
   2.61999989      0.438054383    
   2.62999988      0.440198362    
   2.63999987      0.442334712    
   2.64999986      0.444464296    
   2.65999985      0.446586728    
   2.66999984      0.448702246    
   2.67999983      0.450811416    
   2.69000006      0.452914178    
   2.70000005      0.455011725    
   2.71000004      0.457102895    
   2.72000003      0.459188372    
   2.73000002      0.461268932    
   2.74000001      0.463343740    
   2.75000000      0.465413749    
   2.75999999      0.467478395    
   2.76999998      0.469538122    
   2.77999997      0.471594274    
   2.78999996      0.473645419    
   2.79999995      0.475691885    
   2.80999994      0.477734447    
   2.81999993      0.479773134    
   2.82999992      0.481807381    
   2.83999991      0.483838201    
   2.84999990      0.485865146    
   2.85999990      0.487888515    
   2.86999989      0.489908129    
   2.87999988      0.491924226    
   2.88999987      0.493937075    
   2.89999986      0.495946765    
   2.90999985      0.497953087    
   2.91999984      0.499956220    
   2.92999983      0.501957119    
   2.93999982      0.503953993    
   2.95000005      0.505948484    
   2.96000004      0.507940114    
   2.97000003      0.509928763    
   2.98000002      0.511915684    
   2.99000001      0.513899148    
   3.00000000      0.515880525    
   3.00999999      0.517858922    
   3.01999998      0.519834936    
   3.02999997      0.521808624    
   3.03999996      0.523780048    
   3.04999995      0.525749087    
   3.05999994      0.527716219    
   3.06999993      0.529681206    
   3.07999992      0.531643689    
   3.08999991      0.533604383    
   3.09999990      0.535562634    
   3.10999990      0.537519574    
   3.11999989      0.539473951    
   3.12999988      0.541427255    
   3.13999987      0.543377817    
   3.14999986      0.545326531    
   3.15999985      0.547274053    
   3.16999984      0.549218953    
   3.17999983      0.551163316    
   3.18999982      0.553104877    
   3.19999981      0.555045307    
   3.21000004      0.556981802    
   3.22000003      0.558920979    
   3.23000002      0.560856521    
   3.24000001      0.562790513    
   3.25000000      0.564723253    
   3.25999999      0.566653192    
   3.26999998      0.568582356    
   3.27999997      0.570510864    
   3.28999996      0.572437465    
   3.29999995      0.574362695    
   3.30999994      0.576286793    
   3.31999993      0.578208745    
   3.32999992      0.580130219    
   3.33999991      0.582050562    
   3.34999990      0.583968997    
   3.35999990      0.585886061    
   3.36999989      0.587802887    
   3.37999988      0.589717686    
   3.38999987      0.591630816    
   3.39999986      0.593543530    
   3.40999985      0.595455229    
   3.41999984      0.597365558    
   3.42999983      0.599274337    
   3.43999982      0.601182580    
   3.44999981      0.603089273    
   3.46000004      0.604995489    
   3.47000003      0.606899917    
   3.48000002      0.608803570    
   3.49000001      0.610705972    
   3.50000000      0.612607598    
   3.50999999      0.614508152    
