   9.99999978E-03   2.34617793E-04
   1.99999996E-02   4.35868220E-04
   2.99999993E-02   5.67590527E-04
   3.99999991E-02   6.51332142E-04
   4.99999970E-02   7.62697135E-04
   5.99999987E-02   8.90591997E-04
   7.00000003E-02   1.02473539E-03
   7.99999982E-02   1.15885504E-03
   8.99999961E-02   1.28936395E-03
   9.99999940E-02   1.41506956E-03
  0.109999999       1.53551658E-03
  0.119999997       1.65043923E-03
  0.129999995       1.75917172E-03
  0.140000001       1.86338194E-03
  0.149999991       1.96151342E-03
  0.159999996       2.05507921E-03
  0.170000002       2.14367011E-03
  0.179999992       2.22758064E-03
  0.189999998       2.30701314E-03
  0.199999988       2.38281349E-03
  0.209999993       2.45449529E-03
  0.219999999       2.52271676E-03
  0.229999989       2.58716755E-03
  0.239999995       2.64855847E-03
  0.250000000       2.70679384E-03
  0.259999990       2.76220473E-03
  0.269999981       2.81474786E-03
  0.280000001       2.86468212E-03
  0.289999992       2.91228294E-03
  0.299999982       2.95726000E-03
  0.310000002       3.00017605E-03
  0.319999993       3.04099615E-03
  0.329999983       3.08075198E-03
  0.340000004       3.11803957E-03
  0.349999994       3.15307057E-03
  0.359999985       3.18684010E-03
  0.370000005       3.21900123E-03
  0.379999995       3.25071742E-03
  0.389999986       3.28319124E-03
  0.399999976       3.33043560E-03
  0.409999996       3.35184857E-03
  0.419999987       3.37796938E-03
  0.429999977       3.40351067E-03
  0.439999998       3.42973252E-03
  0.449999988       3.45553644E-03
  0.459999979       3.48310033E-03
  0.469999999       3.51223745E-03
  0.479999989       3.55143822E-03
  0.489999980       3.61443358E-03
  0.500000000       3.85117903E-03
  0.509999990       3.81107791E-03
  0.519999981       3.82795674E-03
  0.529999971       3.85095808E-03
  0.539999962       3.87771009E-03
  0.550000012       3.90769867E-03
  0.560000002       3.94043000E-03
  0.569999993       3.97758232E-03
  0.579999983       4.01909556E-03
  0.589999974       4.06653620E-03
  0.599999964       4.12316294E-03
  0.610000014       4.19161934E-03
  0.620000005       4.27875249E-03
  0.629999995       4.39686794E-03
  0.639999986       4.57223877E-03
  0.649999976       4.88064019E-03
  0.659999967       5.67770004E-03
  0.669999957       7.19277747E-03
  0.680000007       6.97311247E-03
  0.689999998       6.93602301E-03
  0.699999988       6.95047807E-03
  0.709999979       6.99060457E-03
  0.719999969       7.04697752E-03
  0.729999959       7.11555872E-03
  0.740000010       7.19884643E-03
  0.750000000       7.28219841E-03
  0.759999990       7.37924874E-03
  0.769999981       7.48301903E-03
  0.779999971       7.59798521E-03
  0.789999962       7.72158103E-03
  0.799999952       7.85517320E-03
  0.810000002       7.99997710E-03
  0.819999993       8.15723557E-03
  0.829999983       8.32838565E-03
  0.839999974       8.51541199E-03
  0.849999964       8.72080587E-03
  0.859999955       8.94715544E-03
  0.870000005       9.19885468E-03
  0.879999995       9.48041305E-03
  0.889999986       9.79386643E-03
  0.899999976       1.01599572E-02
  0.909999967       1.05781630E-02
  0.919999957       1.10690678E-02
  0.930000007       1.16552822E-02
  0.939999998       1.23741189E-02
  0.949999988       1.32841142E-02
  0.959999979       1.44897709E-02
  0.969999969       1.61967333E-02
  0.979999959       1.88903604E-02
  0.989999950       2.41216645E-02
   1.00000000       3.96866277E-02
   1.00999999       4.00091819E-02
   1.01999998       3.97084542E-02
   1.02999997       3.95851545E-02
   1.03999996       3.95808034E-02
   1.04999995       3.96572053E-02
   1.05999994       3.97915915E-02
   1.06999993       3.99693102E-02
   1.07999992       4.01817039E-02
   1.09000003       4.04213779E-02
   1.10000002       4.06838432E-02
   1.11000001       4.09656614E-02
   1.12000000       4.12643291E-02
   1.13000000       4.15777154E-02
   1.13999999       4.19040658E-02
   1.14999998       4.22428437E-02
   1.15999997       4.25926521E-02
   1.16999996       4.29529101E-02
   1.17999995       4.33230028E-02
   1.18999994       4.37024347E-02
   1.19999993       4.40906845E-02
   1.20999992       4.44876850E-02
   1.22000003       4.48929742E-02
   1.23000002       4.53067794E-02
   1.24000001       4.57286276E-02
   1.25000000       4.61585745E-02
   1.25999999       4.65968810E-02
   1.26999998       4.70430404E-02
   1.27999997       4.74975035E-02
   1.28999996       4.79604714E-02
   1.29999995       4.84317169E-02
   1.30999994       4.89112847E-02
   1.31999993       4.93997261E-02
   1.32999992       4.98968959E-02
   1.33999991       5.04031144E-02
   1.35000002       5.09190038E-02
   1.36000001       5.14434204E-02
   1.37000000       5.19780628E-02
   1.38000000       5.25228605E-02
   1.38999999       5.30778058E-02
   1.39999998       5.36433123E-02
   1.40999997       5.42199723E-02
   1.41999996       5.48078008E-02
   1.42999995       5.54075204E-02
   1.43999994       5.60192093E-02
   1.44999993       5.66433929E-02
   1.45999992       5.72810322E-02
   1.46999991       5.79320714E-02
   1.48000002       5.85970208E-02
   1.49000001       5.92770502E-02
   1.50000000       5.99722974E-02
   1.50999999       6.06824607E-02
   1.51999998       6.14109859E-02
   1.52999997       6.21560849E-02
   1.53999996       6.29193783E-02
   1.54999995       6.37016371E-02
   1.55999994       6.45038635E-02
   1.56999993       6.53267279E-02
   1.57999992       6.61717877E-02
   1.58999991       6.70399293E-02
   1.59999990       6.79322481E-02
   1.61000001       6.88499808E-02
   1.62000000       6.97946027E-02
   1.63000000       7.07677603E-02
   1.63999999       7.17708021E-02
   1.64999998       7.28057548E-02
   1.65999997       7.38743693E-02
   1.66999996       7.49785528E-02
   1.67999995       7.61209652E-02
   1.68999994       7.73037374E-02
   1.69999993       7.85297230E-02
   1.70999992       7.98016787E-02
   1.71999991       8.11231285E-02
   1.73000002       8.24976116E-02
   1.74000001       8.39288682E-02
   1.75000000       8.54213163E-02
   1.75999999       8.69801790E-02
   1.76999998       8.86105299E-02
   1.77999997       9.03185681E-02
   1.78999996       9.21112895E-02
   1.79999995       9.39961597E-02
   1.80999994       9.59821120E-02
   1.81999993       9.80791524E-02
   1.82999992      0.100298546    
   1.83999991      0.102653541    
   1.84999990      0.105159372    
   1.86000001      0.107833527    
   1.87000000      0.110696718    
   1.88000000      0.113773681    
   1.88999999      0.117068283    
   1.89999998      0.120690040    
   1.90999997      0.124606609    
   1.91999996      0.128894463    
   1.92999995      0.133617461    
   1.93999994      0.138854802    
   1.94999993      0.144707456    
   1.95999992      0.151304573    
   1.96999991      0.158811852    
   1.97999990      0.167444617    
   1.99000001      0.177475229    
   2.00000000      0.189220622    
   2.00999999      0.202818170    
   2.01999998      0.215535805    
   2.02999997      0.226736471    
   2.03999996      0.236582175    
   2.04999995      0.245306492    
   2.05999994      0.253114849    
   2.06999993      0.260173678    
   2.07999992      0.266613364    
   2.08999991      0.272536635    
   2.09999990      0.278026253    
   2.10999990      0.283148199    
   2.11999989      0.287954032    
   2.12999988      0.292489648    
   2.13999987      0.296789527    
   2.14999986      0.300883472    
   2.15999985      0.304797024    
   2.16999984      0.308550715    
   2.18000007      0.312162757    
   2.19000006      0.315648258    
   2.20000005      0.319020301    
   2.21000004      0.322290599    
   2.22000003      0.325468898    
   2.23000002      0.328564078    
   2.24000001      0.331582785    
   2.25000000      0.334533155    
   2.25999999      0.337420046    
   2.26999998      0.340248972    
   2.27999997      0.343024433    
   2.28999996      0.345750779    
   2.29999995      0.348431677    
   2.30999994      0.351070940    
   2.31999993      0.353671044    
   2.32999992      0.356234819    
   2.33999991      0.358765393    
   2.34999990      0.361263871    
   2.35999990      0.363732815    
   2.36999989      0.366174757    
   2.37999988      0.368590087    
   2.38999987      0.370981991    
   2.39999986      0.373350739    
   2.40999985      0.375698000    
   2.41999984      0.378025204    
   2.42999983      0.380332738    
   2.44000006      0.382622540    
   2.45000005      0.384895116    
   2.46000004      0.387151152    
   2.47000003      0.389392048    
   2.48000002      0.391618699    
   2.49000001      0.393830150    
   2.50000000      0.396030098    
   2.50999999      0.398216426    
   2.51999998      0.400390774    
   2.52999997      0.402554035    
   2.53999996      0.404705971    
   2.54999995      0.406847358    
   2.55999994      0.408978909    
   2.56999993      0.411100656    
   2.57999992      0.413213611    
   2.58999991      0.415317863    
   2.59999990      0.417413235    
   2.60999990      0.419500768    
   2.61999989      0.421579748    
   2.62999988      0.423651606    
   2.63999987      0.425716668    
   2.64999986      0.427774817    
   2.65999985      0.429825366    
   2.66999984      0.431870282    
   2.67999983      0.433908761    
   2.69000006      0.435941339    
   2.70000005      0.437967569    
   2.71000004      0.439988852    
   2.72000003      0.442004442    
   2.73000002      0.444014937    
   2.74000001      0.446020246    
   2.75000000      0.448020965    
   2.75999999      0.450016141    
   2.76999998      0.452006936    
   2.77999997      0.453993857    
   2.78999996      0.455975890    
   2.79999995      0.457954079    
   2.80999994      0.459928244    
   2.81999993      0.461898059    
   2.82999992      0.463864058    
   2.83999991      0.465826958    
   2.84999990      0.467785329    
   2.85999990      0.469740778    
   2.86999989      0.471692681    
   2.87999988      0.473641276    
   2.88999987      0.475586772    
   2.89999986      0.477528602    
   2.90999985      0.479467809    
   2.91999984      0.481403917    
   2.92999983      0.483337104    
   2.93999982      0.485267282    
   2.95000005      0.487194896    
   2.96000004      0.489119709    
   2.97000003      0.491041481    
   2.98000002      0.492961437    
   2.99000001      0.494878262    
   3.00000000      0.496793211    
   3.00999999      0.498705119    
   3.01999998      0.500614882    
   3.02999997      0.502522409    
   3.03999996      0.504427791    
   3.04999995      0.506330192    
   3.05999994      0.508231759    
   3.06999993      0.510130703    
   3.07999992      0.512027383    
   3.08999991      0.513918817    
   3.09999990      0.515814304    
   3.10999990      0.517705441    
   3.11999989      0.519594431    
   3.12999988      0.521477938    
   3.13999987      0.523366928    
   3.14999986      0.525250793    
   3.15999985      0.527132750    
   3.16999984      0.529011846    
   3.17999983      0.530891001    
   3.18999982      0.532767057    
   3.19999981      0.534642875    
   3.21000004      0.536515951    
   3.22000003      0.538388133    
   3.23000002      0.540259480    
   3.24000001      0.542127728    
   3.25000000      0.543995261    
   3.25999999      0.545861900    
   3.26999998      0.547725320    
   3.27999997      0.549589157    
   3.28999996      0.551450551    
   3.29999995      0.553311408    
   3.30999994      0.555170357    
   3.31999993      0.557029307    
   3.32999992      0.558885515    
   3.33999991      0.560740530    
   3.34999990      0.562595427    
   3.35999990      0.564447939    
   3.36999989      0.566299200    
   3.37999988      0.568150282    
   3.38999987      0.569999814    
   3.39999986      0.571848094    
   3.40999985      0.573694706    
   3.41999984      0.575540781    
   3.42999983      0.577385604    
   3.43999982      0.579229236    
   3.44999981      0.581072927    
   3.46000004      0.582913935    
   3.47000003      0.584755242    
   3.48000002      0.586595118    
   3.49000001      0.588433743    
   3.50000000      0.590271473    
   3.50999999      0.592108190    
