   9.99999978E-03   2.34641833E-04
   1.99999996E-02   4.34815360E-04
   2.99999993E-02   5.63991256E-04
   3.99999991E-02   6.48240850E-04
   4.99999970E-02   7.60120281E-04
   5.99999987E-02   8.88233830E-04
   7.00000003E-02   1.02206192E-03
   7.99999982E-02   1.15575700E-03
   8.99999961E-02   1.28589349E-03
   9.99999940E-02   1.41111016E-03
  0.109999999       1.53103669E-03
  0.119999997       1.64542976E-03
  0.129999995       1.75364409E-03
  0.140000001       1.85734557E-03
  0.149999991       1.95497693E-03
  0.159999996       2.04806472E-03
  0.170000002       2.13619182E-03
  0.179999992       2.21966300E-03
  0.189999998       2.29866826E-03
  0.199999988       2.37406185E-03
  0.209999993       2.44531455E-03
  0.219999999       2.51320424E-03
  0.229999989       2.57730484E-03
  0.239999995       2.63835047E-03
  0.250000000       2.69626151E-03
  0.259999990       2.75136763E-03
  0.269999981       2.80360994E-03
  0.280000001       2.85326433E-03
  0.289999992       2.90063280E-03
  0.299999982       2.94530671E-03
  0.310000002       2.98797200E-03
  0.319999993       3.02854809E-03
  0.329999983       3.06803314E-03
  0.340000004       3.10509535E-03
  0.349999994       3.13990866E-03
  0.359999985       3.17346444E-03
  0.370000005       3.20541626E-03
  0.379999995       3.23687703E-03
  0.389999986       3.26894759E-03
  0.399999976       3.31554189E-03
  0.409999996       3.33690923E-03
  0.419999987       3.36282421E-03
  0.429999977       3.38858971E-03
  0.439999998       3.41410539E-03
  0.449999988       3.43961525E-03
  0.459999979       3.46659869E-03
  0.469999999       3.49653745E-03
  0.479999989       3.53388977E-03
  0.489999980       3.59530677E-03
  0.500000000       3.82726663E-03
  0.509999990       3.78922070E-03
  0.519999981       3.80493468E-03
  0.529999971       3.82762030E-03
  0.539999962       3.85393831E-03
  0.550000012       3.88340163E-03
  0.560000002       3.91551200E-03
  0.569999993       3.95192439E-03
  0.579999983       3.99257336E-03
  0.589999974       4.03935742E-03
  0.599999964       4.09433804E-03
  0.610000014       4.16120468E-03
  0.620000005       4.24626423E-03
  0.629999995       4.36151121E-03
  0.639999986       4.53325594E-03
  0.649999976       4.83336765E-03
  0.659999967       5.61174890E-03
  0.669999957       7.10770721E-03
  0.680000007       6.89190719E-03
  0.689999998       6.85565500E-03
  0.699999988       6.86998433E-03
  0.709999979       6.90949289E-03
  0.719999969       6.96492195E-03
  0.729999959       7.03231944E-03
  0.740000010       7.10969651E-03
  0.750000000       7.19600311E-03
  0.759999990       7.29125459E-03
  0.769999981       7.39396689E-03
  0.779999971       7.50601711E-03
  0.789999962       7.62733771E-03
  0.799999952       7.75846187E-03
  0.810000002       7.90056866E-03
  0.819999993       8.05489998E-03
  0.829999983       8.22286215E-03
  0.839999974       8.40640161E-03
  0.849999964       8.60795472E-03
  0.859999955       8.83006305E-03
  0.870000005       9.07706376E-03
  0.879999995       9.35335178E-03
  0.889999986       9.66484100E-03
  0.899999976       1.00202262E-02
  0.909999967       1.04306592E-02
  0.919999957       1.09124752E-02
  0.930000007       1.14878844E-02
  0.939999998       1.21935466E-02
  0.949999988       1.30829308E-02
  0.959999979       1.42711168E-02
  0.969999969       1.59482490E-02
  0.979999959       1.85967647E-02
  0.989999950       2.37494279E-02
   1.00000000       3.92142721E-02
   1.00999999       3.95232402E-02
   1.01999998       3.92215066E-02
   1.02999997       3.90976742E-02
   1.03999996       3.90924327E-02
   1.04999995       3.91673632E-02
   1.05999994       3.92998718E-02
   1.06999993       3.94752845E-02
   1.07999992       3.96850705E-02
   1.09000003       3.99090946E-02
   1.10000002       4.01811451E-02
   1.11000001       4.04595733E-02
   1.12000000       4.07547057E-02
   1.13000000       4.10643443E-02
   1.13999999       4.13868092E-02
   1.14999998       4.17215563E-02
   1.15999997       4.20671925E-02
   1.16999996       4.24231403E-02
   1.17999995       4.27830443E-02
   1.18999994       4.31636833E-02
   1.19999993       4.35472876E-02
   1.20999992       4.39395197E-02
   1.22000003       4.43399996E-02
   1.23000002       4.47487868E-02
   1.24000001       4.51655947E-02
   1.25000000       4.55903374E-02
   1.25999999       4.60234210E-02
   1.26999998       4.64634448E-02
   1.27999997       4.69132103E-02
   1.28999996       4.73705754E-02
   1.29999995       4.78361323E-02
   1.30999994       4.83099446E-02
   1.31999993       4.87924889E-02
   1.32999992       4.92836423E-02
   1.33999991       4.97837812E-02
   1.35000002       5.02934381E-02
   1.36000001       5.08111939E-02
   1.37000000       5.13397977E-02
   1.38000000       5.18779643E-02
   1.38999999       5.24262525E-02
   1.39999998       5.29849231E-02
   1.40999997       5.35546727E-02
   1.41999996       5.41354790E-02
   1.42999995       5.47279865E-02
   1.43999994       5.53323589E-02
   1.44999993       5.59490323E-02
   1.45999992       5.65790907E-02
   1.46999991       5.72223067E-02
   1.48000002       5.78792579E-02
   1.49000001       5.85512184E-02
   1.50000000       5.92381731E-02
   1.50999999       5.99398725E-02
   1.51999998       6.06597550E-02
   1.52999997       6.13960102E-02
   1.53999996       6.21502213E-02
   1.54999995       6.29232898E-02
   1.55999994       6.37159944E-02
   1.56999993       6.45291209E-02
   1.57999992       6.53643012E-02
   1.58999991       6.62222132E-02
   1.59999990       6.71040863E-02
   1.61000001       6.80111200E-02
   1.62000000       6.89447448E-02
   1.63000000       6.99064881E-02
   1.63999999       7.08979964E-02
   1.64999998       7.19209909E-02
   1.65999997       7.29772374E-02
   1.66999996       7.40687698E-02
   1.67999995       7.51981363E-02
   1.68999994       7.63674602E-02
   1.69999993       7.75794312E-02
   1.70999992       7.88371935E-02
   1.71999991       8.01412016E-02
   1.73000002       8.15028623E-02
   1.74000001       8.29181224E-02
   1.75000000       8.43941569E-02
   1.75999999       8.59358311E-02
   1.76999998       8.75484273E-02
   1.77999997       8.92380327E-02
   1.78999996       9.10113901E-02
   1.79999995       9.28762779E-02
   1.80999994       9.48413685E-02
   1.81999993       9.69165787E-02
   1.82999992       9.91129950E-02
   1.83999991      0.101444185    
   1.84999990      0.103924870    
   1.86000001      0.106572747    
   1.87000000      0.109408356    
   1.88000000      0.112456091    
   1.88999999      0.115745023    
   1.89999998      0.119309604    
   1.90999997      0.123192042    
   1.91999996      0.127444178    
   1.92999995      0.132129416    
   1.93999994      0.137327358    
   1.94999993      0.143138856    
   1.95999992      0.149693683    
   1.96999991      0.157158822    
   1.97999990      0.165750548    
   1.99000001      0.175742537    
   2.00000000      0.187464476    
   2.00999999      0.201055065    
   2.01999998      0.213763356    
   2.02999997      0.224948227    
   2.03999996      0.234774023    
   2.04999995      0.243476063    
   2.05999994      0.251260966    
   2.06999993      0.258295864    
   2.07999992      0.264711678    
   2.08999991      0.270611763    
   2.09999990      0.276078284    
   2.10999990      0.281177312    
   2.11999989      0.285961300    
   2.12999988      0.290475786    
   2.13999987      0.294754326    
   2.14999986      0.298828065    
   2.15999985      0.302721441    
   2.16999984      0.306456178    
   2.18000007      0.310049057    
   2.19000006      0.313515961    
   2.20000005      0.316869915    
   2.21000004      0.320122361    
   2.22000003      0.323283285    
   2.23000002      0.326361477    
   2.24000001      0.329363525    
   2.25000000      0.332297385    
   2.25999999      0.335168064    
   2.26999998      0.337980956    
   2.27999997      0.340740949    
   2.28999996      0.343452066    
   2.29999995      0.346117795    
   2.30999994      0.348741621    
   2.31999993      0.351326972    
   2.32999992      0.353876263    
   2.33999991      0.356392324    
   2.34999990      0.358875990    
   2.35999990      0.361331284    
   2.36999989      0.363758594    
   2.37999988      0.366160631    
   2.38999987      0.368538111    
   2.39999986      0.370893508    
   2.40999985      0.373227119    
   2.41999984      0.375540823    
   2.42999983      0.377835214    
   2.44000006      0.380111754    
   2.45000005      0.382370979    
   2.46000004      0.384614170    
   2.47000003      0.386842281    
   2.48000002      0.389055580    
   2.49000001      0.391254991    
   2.50000000      0.393441349    
   2.50999999      0.395615309    
   2.51999998      0.397776783    
   2.52999997      0.399927437    
   2.53999996      0.402067035    
   2.54999995      0.404196173    
   2.55999994      0.406315684    
   2.56999993      0.408424914    
   2.57999992      0.410525411    
   2.58999991      0.412617236    
   2.59999990      0.414700449    
   2.60999990      0.416776419    
   2.61999989      0.418842971    
   2.62999988      0.420902938    
   2.63999987      0.422955662    
   2.64999986      0.425001681    
   2.65999985      0.427041113    
   2.66999984      0.429074049    
   2.67999983      0.431100607    
   2.69000006      0.433120906    
   2.70000005      0.435135782    
   2.71000004      0.437145203    
   2.72000003      0.439148962    
   2.73000002      0.441148102    
   2.74000001      0.443141311    
   2.75000000      0.445130378    
   2.75999999      0.447114050    
   2.76999998      0.449093908    
   2.77999997      0.451068997    
   2.78999996      0.453039706    
   2.79999995      0.455006182    
   2.80999994      0.456968606    
   2.81999993      0.458927065    
   2.82999992      0.460881859    
   2.83999991      0.462833136    
   2.84999990      0.464781016    
   2.85999990      0.466724485    
   2.86999989      0.468665153    
   2.87999988      0.470602185    
   2.88999987      0.472536296    
   2.89999986      0.474467009    
   2.90999985      0.476394981    
   2.91999984      0.478319675    
   2.92999983      0.480241746    
   2.93999982      0.482160717    
   2.95000005      0.484077334    
   2.96000004      0.485990644    
   2.97000003      0.487901181    
   2.98000002      0.489810318    
   2.99000001      0.491715848    
   3.00000000      0.493619591    
   3.00999999      0.495520622    
   3.01999998      0.497419477    
   3.02999997      0.499312937    
   3.03999996      0.501210392    
   3.04999995      0.503101885    
   3.05999994      0.504991889    
   3.06999993      0.506880045    
   3.07999992      0.508765280    
   3.08999991      0.510645628    
   3.09999990      0.512530744    
   3.10999990      0.514410675    
   3.11999989      0.516288400    
   3.12999988      0.518160760    
   3.13999987      0.520039439    
   3.14999986      0.521911502    
   3.15999985      0.523782492    
   3.16999984      0.525651634    
   3.17999983      0.527519226    
   3.18999982      0.529385030    
   3.19999981      0.531249046    
   3.21000004      0.533112228    
   3.22000003      0.534973443    
   3.23000002      0.536832869    
   3.24000001      0.538691103    
   3.25000000      0.540547431    
   3.25999999      0.542403698    
   3.26999998      0.544257045    
   3.27999997      0.546108663    
   3.28999996      0.547959983    
   3.29999995      0.549810350    
   3.30999994      0.551658154    
   3.31999993      0.553505421    
   3.32999992      0.555351555    
   3.33999991      0.557195723    
   3.34999990      0.559039354    
   3.35999990      0.560881376    
   3.36999989      0.562723160    
   3.37999988      0.564562201    
   3.38999987      0.566401005    
   3.39999986      0.568238318    
   3.40999985      0.570075095    
   3.41999984      0.571910143    
   3.42999983      0.573744476    
   3.43999982      0.575577617    
   3.44999981      0.577409863    
   3.46000004      0.579240918    
   3.47000003      0.581071079    
   3.48000002      0.582899809    
   3.49000001      0.584727526    
   3.50000000      0.586554527    
   3.50999999      0.588381052    
