   9.99999978E-03   2.44655501E-04
   1.99999996E-02   4.49947605E-04
   2.99999993E-02   6.32837298E-04
   3.99999991E-02   7.10947439E-04
   4.99999970E-02   8.11402628E-04
   5.99999987E-02   9.35470918E-04
   7.00000003E-02   1.07096008E-03
   7.99999982E-02   1.20997382E-03
   8.99999961E-02   1.34751177E-03
   9.99999940E-02   1.47824909E-03
  0.109999999       1.61048211E-03
  0.119999997       1.73446338E-03
  0.129999995       1.85279280E-03
  0.140000001       1.96505780E-03
  0.149999991       2.07215641E-03
  0.159999996       2.17423378E-03
  0.170000002       2.27096211E-03
  0.179999992       2.36276723E-03
  0.189999998       2.44971970E-03
  0.199999988       2.53287354E-03
  0.209999993       2.61136307E-03
  0.219999999       2.68591545E-03
  0.229999989       2.75706360E-03
  0.239999995       2.82449275E-03
  0.250000000       2.88856565E-03
  0.259999990       2.94948975E-03
  0.269999981       3.00739775E-03
  0.280000001       3.06245289E-03
  0.289999992       3.11499648E-03
  0.299999982       3.16459173E-03
  0.310000002       3.21206730E-03
  0.319999993       3.25746858E-03
  0.329999983       3.30240186E-03
  0.340000004       3.34390928E-03
  0.349999994       3.38284275E-03
  0.359999985       3.41998227E-03
  0.370000005       3.45679675E-03
  0.379999995       3.49310669E-03
  0.389999986       3.53223667E-03
  0.399999976       3.59550095E-03
  0.409999996       3.61734768E-03
  0.419999987       3.64763080E-03
  0.429999977       3.67801776E-03
  0.439999998       3.70920193E-03
  0.449999988       3.74144292E-03
  0.459999979       3.77640268E-03
  0.469999999       3.81788821E-03
  0.479999989       3.87308770E-03
  0.489999980       3.97276366E-03
  0.500000000       4.30638157E-03
  0.509999990       4.24641790E-03
  0.519999981       4.26455401E-03
  0.529999971       4.29407135E-03
  0.539999962       4.32979502E-03
  0.550000012       4.37091198E-03
  0.560000002       4.41729976E-03
  0.569999993       4.47014719E-03
  0.579999983       4.53012064E-03
  0.589999974       4.60023759E-03
  0.599999964       4.68389643E-03
  0.610000014       4.78678476E-03
  0.620000005       4.91888821E-03
  0.629999995       5.09906653E-03
  0.639999986       5.36784576E-03
  0.649999976       5.83930407E-03
  0.659999967       7.02900300E-03
  0.669999957       8.88981577E-03
  0.680000007       8.59422516E-03
  0.689999998       8.54031276E-03
  0.699999988       8.55701696E-03
  0.709999979       8.60943645E-03
  0.719999969       8.68486706E-03
  0.729999959       8.77742469E-03
  0.740000010       8.88418127E-03
  0.750000000       9.00401548E-03
  0.759999990       9.13594477E-03
  0.769999981       9.27999429E-03
  0.779999971       9.43662319E-03
  0.789999962       9.60658398E-03
  0.799999952       9.79047175E-03
  0.810000002       9.99000203E-03
  0.819999993       1.02067562E-02
  0.829999983       1.04429238E-02
  0.839999974       1.07010119E-02
  0.849999964       1.09845102E-02
  0.859999955       1.12969540E-02
  0.870000005       1.16443671E-02
  0.879999995       1.20327557E-02
  0.889999986       1.24706263E-02
  0.899999976       1.29697183E-02
  0.909999967       1.35455411E-02
  0.919999957       1.42202787E-02
  0.930000007       1.50252236E-02
  0.939999998       1.60096362E-02
  0.949999988       1.72519051E-02
  0.959999979       1.88888628E-02
  0.969999969       2.11888496E-02
  0.979999959       2.47673076E-02
  0.989999950       3.14944424E-02
   1.00000000       4.87491190E-02
   1.00999999       4.93343212E-02
   1.01999998       4.90674078E-02
   1.02999997       4.89619002E-02
   1.03999996       4.89806905E-02
   1.04999995       4.90878671E-02
   1.05999994       4.92607504E-02
   1.06999993       4.94840071E-02
   1.07999992       4.97477092E-02
   1.09000003       5.00437506E-02
   1.10000002       5.03670573E-02
   1.11000001       5.07140271E-02
   1.12000000       5.10806851E-02
   1.13000000       5.14656901E-02
   1.13999999       5.18667959E-02
   1.14999998       5.22826687E-02
   1.15999997       5.27121834E-02
   1.16999996       5.31546883E-02
   1.17999995       5.36092892E-02
   1.18999994       5.40753268E-02
   1.19999993       5.45525253E-02
   1.20999992       5.50403558E-02
   1.22000003       5.55385351E-02
   1.23000002       5.60468584E-02
   1.24000001       5.65657504E-02
   1.25000000       5.70943542E-02
   1.25999999       5.76331355E-02
   1.26999998       5.81818335E-02
   1.27999997       5.87407835E-02
   1.28999996       5.93101196E-02
   1.29999995       5.98895960E-02
   1.30999994       6.04793876E-02
   1.31999993       6.10800721E-02
   1.32999992       6.16914742E-02
   1.33999991       6.23139888E-02
   1.35000002       6.29478320E-02
   1.36000001       6.35931790E-02
   1.37000000       6.42505959E-02
   1.38000000       6.49200007E-02
   1.38999999       6.56026602E-02
   1.39999998       6.62975684E-02
   1.40999997       6.70061260E-02
   1.41999996       6.77285269E-02
   1.42999995       6.84652478E-02
   1.43999994       6.92166910E-02
   1.44999993       6.99834898E-02
   1.45999992       7.07662031E-02
   1.46999991       7.15653673E-02
   1.48000002       7.23814592E-02
   1.49000001       7.32158870E-02
   1.50000000       7.40686581E-02
   1.50999999       7.49396160E-02
   1.51999998       7.58326203E-02
   1.52999997       7.67456815E-02
   1.53999996       7.76807740E-02
   1.54999995       7.86387399E-02
   1.55999994       7.96208233E-02
   1.56999993       8.06276128E-02
   1.57999992       8.16613138E-02
   1.58999991       8.27225074E-02
   1.59999990       8.38128254E-02
   1.61000001       8.49336162E-02
   1.62000000       8.60866085E-02
   1.63000000       8.72736648E-02
   1.63999999       8.84965509E-02
   1.64999998       8.97573903E-02
   1.65999997       9.10585001E-02
   1.66999996       9.24018100E-02
   1.67999995       9.37906206E-02
   1.68999994       9.52270776E-02
   1.69999993       9.67148393E-02
   1.70999992       9.82577726E-02
   1.71999991       9.98575166E-02
   1.73000002      0.101520546    
   1.74000001      0.103250176    
   1.75000000      0.105051726    
   1.75999999      0.106930695    
   1.76999998      0.108893439    
   1.77999997      0.110946469    
   1.78999996      0.113099240    
   1.79999995      0.115355276    
   1.80999994      0.117730282    
   1.81999993      0.120227389    
   1.82999992      0.122874640    
   1.83999991      0.125671506    
   1.84999990      0.128639683    
   1.86000001      0.131797776    
   1.87000000      0.135168210    
   1.88000000      0.138776943    
   1.88999999      0.142654628    
   1.89999998      0.146837264    
   1.90999997      0.151368320    
   1.91999996      0.156300247    
   1.92999995      0.161696404    
   1.93999994      0.167634413    
   1.94999993      0.174210176    
   1.95999992      0.181543693    
   1.96999991      0.189782962    
   1.97999990      0.199112043    
   1.99000001      0.209748998    
   2.00000000      0.221920863    
   2.00999999      0.235633239    
   2.01999998      0.248499960    
   2.02999997      0.259952933    
   2.03999996      0.270122319    
   2.04999995      0.279213756    
   2.05999994      0.287412077    
   2.06999993      0.294870675    
   2.07999992      0.301712900    
   2.08999991      0.308036238    
   2.09999990      0.313920200    
   2.10999990      0.319429606    
   2.11999989      0.324616075    
   2.12999988      0.329522491    
   2.13999987      0.334185094    
   2.14999986      0.338633150    
   2.15999985      0.342893213    
   2.16999984      0.346985847    
   2.18000007      0.350929201    
   2.19000006      0.354739428    
   2.20000005      0.358429134    
   2.21000004      0.362011254    
   2.22000003      0.365495294    
   2.23000002      0.368890554    
   2.24000001      0.372205138    
   2.25000000      0.375445545    
   2.25999999      0.378618240    
   2.26999998      0.381728381    
   2.27999997      0.384781241    
   2.28999996      0.387781531    
   2.29999995      0.390732735    
   2.30999994      0.393638879    
   2.31999993      0.396502405    
   2.32999992      0.399327070    
   2.33999991      0.402114809    
   2.34999990      0.404868543    
   2.35999990      0.407590359    
   2.36999989      0.410282016    
   2.37999988      0.412945330    
   2.38999987      0.415583014    
   2.39999986      0.418195039    
   2.40999985      0.420783997    
   2.41999984      0.423350871    
   2.42999983      0.425896645    
   2.44000006      0.428422928    
   2.45000005      0.430929899    
   2.46000004      0.433419347    
   2.47000003      0.435892165    
   2.48000002      0.438348740    
   2.49000001      0.440789908    
   2.50000000      0.443217278    
   2.50999999      0.445629746    
   2.51999998      0.448029846    
   2.52999997      0.450417399    
   2.53999996      0.452791810    
   2.54999995      0.455156028    
   2.55999994      0.457508743    
   2.56999993      0.459850937    
   2.57999992      0.462182999    
   2.58999991      0.464505792    
   2.59999990      0.466818362    
   2.60999990      0.469122857    
   2.61999989      0.471417725    
   2.62999988      0.473705292    
   2.63999987      0.475984365    
   2.64999986      0.478256106    
   2.65999985      0.480520219    
   2.66999984      0.482777029    
   2.67999983      0.485027730    
   2.69000006      0.487271398    
   2.70000005      0.489508510    
   2.71000004      0.491740018    
   2.72000003      0.493964791    
   2.73000002      0.496184528    
   2.74000001      0.498398125    
   2.75000000      0.500606537    
   2.75999999      0.502809107    
   2.76999998      0.505007327    
   2.77999997      0.507200480    
   2.78999996      0.509388924    
   2.79999995      0.511572778    
   2.80999994      0.513752222    
   2.81999993      0.515926957    
   2.82999992      0.518097579    
   2.83999991      0.520264566    
   2.84999990      0.522427380    
   2.85999990      0.524585783    
   2.86999989      0.526740789    
   2.87999988      0.528891504    
   2.88999987      0.531039417    
   2.89999986      0.533183932    
   2.90999985      0.535324454    
   2.91999984      0.537461817    
   2.92999983      0.539596021    
   2.93999982      0.541727006    
   2.95000005      0.543854952    
   2.96000004      0.545980930    
   2.97000003      0.548102438    
   2.98000002      0.550221682    
   2.99000001      0.552338362    
   3.00000000      0.554451644    
   3.00999999      0.556563437    
   3.01999998      0.558671951    
   3.02999997      0.560777724    
   3.03999996      0.562881589    
   3.04999995      0.564982116    
   3.05999994      0.567081153    
   3.06999993      0.569177926    
   3.07999992      0.571271896    
   3.08999991      0.573364019    
   3.09999990      0.575453162    
   3.10999990      0.577541292    
   3.11999989      0.579626977    
   3.12999988      0.581710756    
   3.13999987      0.583792031    
   3.14999986      0.585871518    
   3.15999985      0.587949634    
   3.16999984      0.590025604    
   3.17999983      0.592099071    
   3.18999982      0.594171345    
   3.19999981      0.596241713    
   3.21000004      0.598311007    
   3.22000003      0.600377798    
   3.23000002      0.602442503    
   3.24000001      0.604507387    
   3.25000000      0.606568217    
   3.25999999      0.608628869    
   3.26999998      0.610688269    
   3.27999997      0.612745047    
   3.28999996      0.614800692    
   3.29999995      0.616855681    
   3.30999994      0.618908405    
   3.31999993      0.620959640    
   3.32999992      0.623009443    
   3.33999991      0.625058234    
   3.34999990      0.627105892    
   3.35999990      0.629152000    
   3.36999989      0.631196260    
   3.37999988      0.633239806    
   3.38999987      0.635281742    
   3.39999986      0.637322783    
   3.40999985      0.639362335    
   3.41999984      0.641400874    
   3.42999983      0.643437862    
   3.43999982      0.645474553    
   3.44999981      0.647509098    
   3.46000004      0.649542987    
   3.47000003      0.651575506    
   3.48000002      0.653607249    
   3.49000001      0.655637562    
   3.50000000      0.657666981    
   3.50999999      0.659695029    
