   9.99999978E-03   2.47730874E-04
   1.99999996E-02   4.52060776E-04
   2.99999993E-02   6.43550302E-04
   3.99999991E-02   7.21634715E-04
   4.99999970E-02   8.20092449E-04
   5.99999987E-02   9.43058869E-04
   7.00000003E-02   1.07843196E-03
   7.99999982E-02   1.21799856E-03
   8.99999961E-02   1.35645689E-03
   9.99999940E-02   1.48846116E-03
  0.109999999       1.62202830E-03
  0.119999997       1.74743298E-03
  0.129999995       1.86720456E-03
  0.140000001       1.98090868E-03
  0.149999991       2.08940846E-03
  0.159999996       2.19287816E-03
  0.170000002       2.29093200E-03
  0.179999992       2.38403096E-03
  0.189999998       2.47221719E-03
  0.199999988       2.55657570E-03
  0.209999993       2.63620843E-03
  0.219999999       2.71199457E-03
  0.229999989       2.78403400E-03
  0.239999995       2.85250088E-03
  0.250000000       2.91751209E-03
  0.259999990       2.97937985E-03
  0.269999981       3.03816074E-03
  0.280000001       3.09408666E-03
  0.289999992       3.14745796E-03
  0.299999982       3.19785927E-03
  0.310000002       3.24607664E-03
  0.319999993       3.29224742E-03
  0.329999983       3.33818444E-03
  0.340000004       3.38032679E-03
  0.349999994       3.41993547E-03
  0.359999985       3.45839746E-03
  0.370000005       3.49498168E-03
  0.379999995       3.53140151E-03
  0.389999986       3.57367564E-03
  0.399999976       3.63941002E-03
  0.409999996       3.66126373E-03
  0.419999987       3.69227538E-03
  0.429999977       3.72348097E-03
  0.439999998       3.75527679E-03
  0.449999988       3.78923072E-03
  0.459999979       3.82704893E-03
  0.469999999       3.86953889E-03
  0.479999989       3.92836379E-03
  0.489999980       4.03566472E-03
  0.500000000       4.38768044E-03
  0.509999990       4.32373583E-03
  0.519999981       4.34222445E-03
  0.529999971       4.37306287E-03
  0.539999962       4.41064872E-03
  0.550000012       4.45393100E-03
  0.560000002       4.50290414E-03
  0.569999993       4.55867732E-03
  0.579999983       4.62259538E-03
  0.589999974       4.69721342E-03
  0.599999964       4.78635635E-03
  0.610000014       4.89619561E-03
  0.620000005       5.03738597E-03
  0.629999995       5.23008127E-03
  0.639999986       5.51765785E-03
  0.649999976       6.02185121E-03
  0.659999967       7.28779938E-03
  0.669999957       9.20593273E-03
  0.680000007       8.89651291E-03
  0.689999998       8.83948710E-03
  0.699999988       8.85659922E-03
  0.709999979       8.91128555E-03
  0.719999969       8.99028126E-03
  0.729999959       9.08734463E-03
  0.740000010       9.19936039E-03
  0.750000000       9.32523701E-03
  0.759999990       9.46388394E-03
  0.769999981       9.61530395E-03
  0.779999971       9.77995247E-03
  0.789999962       9.95871145E-03
  0.799999952       1.01510501E-02
  0.810000002       1.03620207E-02
  0.819999993       1.05900653E-02
  0.829999983       1.08385719E-02
  0.839999974       1.11100907E-02
  0.849999964       1.14083802E-02
  0.859999955       1.17371613E-02
  0.870000005       1.21066980E-02
  0.879999995       1.25112850E-02
  0.889999986       1.29719255E-02
  0.899999976       1.34968804E-02
  0.909999967       1.41024562E-02
  0.919999957       1.48118911E-02
  0.930000007       1.56579576E-02
  0.939999998       1.66921932E-02
  0.949999988       1.79965589E-02
  0.959999979       1.97138283E-02
  0.969999969       2.21232809E-02
  0.979999959       2.58628242E-02
  0.989999950       3.28532569E-02
   1.00000000       5.03684320E-02
   1.00999999       5.10007255E-02
   1.01999998       5.07422015E-02
   1.02999997       5.06413952E-02
   1.03999996       5.06652147E-02
   1.04999995       5.07785752E-02
   1.05999994       5.09589463E-02
   1.06999993       5.11904582E-02
   1.07999992       5.14635034E-02
   1.09000003       5.17698005E-02
   1.10000002       5.21040037E-02
   1.11000001       5.24626039E-02
   1.12000000       5.28415143E-02
   1.13000000       5.32393120E-02
   1.13999999       5.36536761E-02
   1.14999998       5.40833808E-02
   1.15999997       5.45270815E-02
   1.16999996       5.49842305E-02
   1.17999995       5.54538667E-02
   1.18999994       5.59353009E-02
   1.19999993       5.64283244E-02
   1.20999992       5.69323860E-02
   1.22000003       5.74469902E-02
   1.23000002       5.79721741E-02
   1.24000001       5.85082434E-02
   1.25000000       5.90544343E-02
   1.25999999       5.96110336E-02
   1.26999998       6.01778626E-02
   1.27999997       6.07554354E-02
   1.28999996       6.13436177E-02
   1.29999995       6.19423501E-02
   1.30999994       6.25516623E-02
   1.31999993       6.31722659E-02
   1.32999992       6.38039932E-02
   1.33999991       6.44473881E-02
   1.35000002       6.51020333E-02
   1.36000001       6.57687336E-02
   1.37000000       6.64478913E-02
   1.38000000       6.71394318E-02
   1.38999999       6.78443983E-02
   1.39999998       6.85625002E-02
   1.40999997       6.92944676E-02
   1.41999996       7.00406432E-02
   1.42999995       7.08017200E-02
   1.43999994       7.15778917E-02
   1.44999993       7.23698884E-02
   1.45999992       7.31782839E-02
   1.46999991       7.40037933E-02
   1.48000002       7.48431832E-02
   1.49000001       7.57083073E-02
   1.50000000       7.65888989E-02
   1.50999999       7.74882436E-02
   1.51999998       7.84103498E-02
   1.52999997       7.93531537E-02
   1.53999996       8.03185776E-02
   1.54999995       8.13075230E-02
   1.55999994       8.23212862E-02
   1.56999993       8.33606049E-02
   1.57999992       8.44274536E-02
   1.58999991       8.55227187E-02
   1.59999990       8.66479054E-02
   1.61000001       8.78044218E-02
   1.62000000       8.89941752E-02
   1.63000000       9.02188420E-02
   1.63999999       9.14802924E-02
   1.64999998       9.27809700E-02
   1.65999997       9.41226184E-02
   1.66999996       9.55079570E-02
   1.67999995       9.69399139E-02
   1.68999994       9.84208360E-02
   1.69999993       9.99543816E-02
   1.70999992      0.101543836    
   1.71999991      0.103193052    
   1.73000002      0.104906395    
   1.74000001      0.106687956    
   1.75000000      0.108543269    
   1.75999999      0.110478044    
   1.76999998      0.112498336    
   1.77999997      0.114611290    
   1.78999996      0.116824567    
   1.79999995      0.119146727    
   1.80999994      0.121588610    
   1.81999993      0.124160551    
   1.82999992      0.126875430    
   1.83999991      0.129748195    
   1.84999990      0.132795259    
   1.86000001      0.136035755    
   1.87000000      0.139492467    
   1.88000000      0.143191338    
   1.88999999      0.147163123    
   1.89999998      0.151444212    
   1.90999997      0.156078070    
   1.91999996      0.161117211    
   1.92999995      0.166624501    
   1.93999994      0.172677577    
   1.94999993      0.179370761    
   1.95999992      0.186822891    
   1.96999991      0.195180133    
   1.97999990      0.204617187    
   1.99000001      0.215347588    
   2.00000000      0.227583990    
   2.00999999      0.241313562    
   2.01999998      0.254201442    
   2.02999997      0.265691161    
   2.03999996      0.275909305    
   2.04999995      0.285055846    
   2.05999994      0.293314070    
   2.06999993      0.300834477    
   2.07999992      0.307727605    
   2.08999991      0.314125180    
   2.09999990      0.320071548    
   2.10999990      0.325642377    
   2.11999989      0.330888897    
   2.12999988      0.335854679    
   2.13999987      0.340575457    
   2.14999986      0.345080674    
   2.15999985      0.349396527    
   2.16999984      0.353543729    
   2.18000007      0.357540697    
   2.19000006      0.361403227    
   2.20000005      0.365144968    
   2.21000004      0.368777394    
   2.22000003      0.372311741    
   2.23000002      0.375756025    
   2.24000001      0.379118055    
   2.25000000      0.382406354    
   2.25999999      0.385625452    
   2.26999998      0.388782144    
   2.27999997      0.391880840    
   2.28999996      0.394925863    
   2.29999995      0.397921354    
   2.30999994      0.400871307    
   2.31999993      0.403778195    
   2.32999992      0.406645536    
   2.33999991      0.409475565    
   2.34999990      0.412271380    
   2.35999990      0.415034860    
   2.36999989      0.417767972    
   2.37999988      0.420472503    
   2.38999987      0.423150241    
   2.39999986      0.425802469    
   2.40999985      0.428432256    
   2.41999984      0.431037545    
   2.42999983      0.433622897    
   2.44000006      0.436188221    
   2.45000005      0.438734084    
   2.46000004      0.441262364    
   2.47000003      0.443773180    
   2.48000002      0.446267873    
   2.49000001      0.448747098    
   2.50000000      0.451211959    
   2.50999999      0.453662455    
   2.51999998      0.456099480    
   2.52999997      0.458524048    
   2.53999996      0.460935593    
   2.54999995      0.463336796    
   2.55999994      0.465725839    
   2.56999993      0.468104839    
   2.57999992      0.470473051    
   2.58999991      0.472831815    
   2.59999990      0.475180537    
   2.60999990      0.477521390    
   2.61999989      0.479851812    
   2.62999988      0.482174993    
   2.63999987      0.484490037    
   2.64999986      0.486797094    
   2.65999985      0.489096582    
   2.66999984      0.491388708    
   2.67999983      0.493674517    
   2.69000006      0.495953202    
   2.70000005      0.498225480    
   2.71000004      0.500491440    
   2.72000003      0.502751112    
   2.73000002      0.505005658    
   2.74000001      0.507253647    
   2.75000000      0.509496927    
   2.75999999      0.511734068    
   2.76999998      0.513966382    
   2.77999997      0.516194046    
   2.78999996      0.518416941    
   2.79999995      0.520634711    
   2.80999994      0.522848070    
   2.81999993      0.525056839    
   2.82999992      0.527261853    
   2.83999991      0.529462397    
   2.84999990      0.531658888    
   2.85999990      0.533851027    
   2.86999989      0.536039889    
   2.87999988      0.538224995    
   2.88999987      0.540406287    
   2.89999986      0.542583466    
   2.90999985      0.544758081    
   2.91999984      0.546929061    
   2.92999983      0.549096763    
   2.93999982      0.551261425    
   2.95000005      0.553422928    
   2.96000004      0.555581808    
   2.97000003      0.557736456    
   2.98000002      0.559888959    
   2.99000001      0.562039256    
   3.00000000      0.564185858    
   3.00999999      0.566330433    
   3.01999998      0.568471432    
   3.02999997      0.570610642    
   3.03999996      0.572747052    
   3.04999995      0.574880779    
   3.05999994      0.577012599    
   3.06999993      0.579142153    
   3.07999992      0.581269264    
   3.08999991      0.583393991    
   3.09999990      0.585516036    
   3.10999990      0.587637186    
   3.11999989      0.589755416    
   3.12999988      0.591871619    
   3.13999987      0.593986094    
   3.14999986      0.596098721    
   3.15999985      0.598208725    
   3.16999984      0.600317180    
   3.17999983      0.602423668    
   3.18999982      0.604528010    
   3.19999981      0.606630921    
   3.21000004      0.608732760    
   3.22000003      0.610831499    
   3.23000002      0.612929106    
   3.24000001      0.615025043    
   3.25000000      0.617119133    
   3.25999999      0.619212687    
   3.26999998      0.621303916    
   3.27999997      0.623393655    
   3.28999996      0.625481606    
   3.29999995      0.627568483    
   3.30999994      0.629653454    
   3.31999993      0.631736875    
   3.32999992      0.633819401    
   3.33999991      0.635899246    
   3.34999990      0.637979686    
   3.35999990      0.640057802    
   3.36999989      0.642134190    
   3.37999988      0.644209564    
   3.38999987      0.646284461    
   3.39999986      0.648356736    
   3.40999985      0.650428414    
   3.41999984      0.652498901    
   3.42999983      0.654567957    
   3.43999982      0.656636238    
   3.44999981      0.658703268    
   3.46000004      0.660768747    
   3.47000003      0.662833452    
   3.48000002      0.664896786    
   3.49000001      0.666959405    
   3.50000000      0.669020891    
   3.50999999      0.671081245    
