   9.99999978E-03   2.55663530E-04
   1.99999996E-02   4.56120149E-04
   2.99999993E-02   6.67984306E-04
   3.99999991E-02   7.47377169E-04
   4.99999970E-02   8.40945460E-04
   5.99999987E-02   9.60959354E-04
   7.00000003E-02   1.09570171E-03
   7.99999982E-02   1.23533211E-03
   8.99999961E-02   1.37670513E-03
   9.99999940E-02   1.51450792E-03
  0.109999999       1.64502463E-03
  0.119999997       1.77643739E-03
  0.129999995       1.89961027E-03
  0.140000001       2.01660441E-03
  0.149999991       2.12835614E-03
  0.159999996       2.23510573E-03
  0.170000002       2.33615539E-03
  0.179999992       2.43223761E-03
  0.189999998       2.52293609E-03
  0.199999988       2.61033885E-03
  0.209999993       2.69282307E-03
  0.219999999       2.77106813E-03
  0.229999989       2.84554041E-03
  0.239999995       2.91636586E-03
  0.250000000       2.98326742E-03
  0.259999990       3.04762297E-03
  0.269999981       3.10846930E-03
  0.280000001       3.16568138E-03
  0.289999992       3.22169391E-03
  0.299999982       3.27396649E-03
  0.310000002       3.32397176E-03
  0.319999993       3.37194744E-03
  0.329999983       3.42007587E-03
  0.340000004       3.46404081E-03
  0.349999994       3.50522855E-03
  0.359999985       3.54536367E-03
  0.370000005       3.58454650E-03
  0.379999995       3.62398336E-03
  0.389999986       3.66837112E-03
  0.399999976       3.74181103E-03
  0.409999996       3.76412924E-03
  0.419999987       3.79731972E-03
  0.429999977       3.82699794E-03
  0.439999998       3.86451441E-03
  0.449999988       3.90032842E-03
  0.459999979       3.94330593E-03
  0.469999999       3.99149535E-03
  0.479999989       4.05974593E-03
  0.489999980       4.18682629E-03
  0.500000000       4.58424585E-03
  0.509999990       4.51035379E-03
  0.519999981       4.52979514E-03
  0.529999971       4.56387317E-03
  0.539999962       4.60595498E-03
  0.550000012       4.65481775E-03
  0.560000002       4.71053924E-03
  0.569999993       4.77426453E-03
  0.579999983       4.84772027E-03
  0.589999974       4.93381405E-03
  0.599999964       5.03314193E-03
  0.610000014       5.16447425E-03
  0.620000005       5.32878330E-03
  0.629999995       5.55344531E-03
  0.639999986       5.88878058E-03
  0.649999976       6.47567213E-03
  0.659999967       7.93251861E-03
  0.669999957       9.98282712E-03
  0.680000007       9.63987689E-03
  0.689999998       9.57511365E-03
  0.699999988       9.59321111E-03
  0.709999979       9.65357292E-03
  0.719999969       9.74128675E-03
  0.729999959       9.84953810E-03
  0.740000010       9.97465756E-03
  0.750000000       1.01154037E-02
  0.759999990       1.02705909E-02
  0.769999981       1.04419887E-02
  0.779999971       1.06247989E-02
  0.789999962       1.08252307E-02
  0.799999952       1.10421730E-02
  0.810000002       1.12777567E-02
  0.819999993       1.15337195E-02
  0.829999983       1.18126962E-02
  0.839999974       1.21175190E-02
  0.849999964       1.24523975E-02
  0.859999955       1.28215095E-02
  0.870000005       1.32318223E-02
  0.879999995       1.36904120E-02
  0.889999986       1.42073100E-02
  0.899999976       1.47961788E-02
  0.909999967       1.54751819E-02
  0.919999957       1.62701625E-02
  0.930000007       1.72176063E-02
  0.939999998       1.83744393E-02
  0.949999988       1.98313035E-02
  0.959999979       2.17453558E-02
  0.969999969       2.44219210E-02
  0.979999959       2.85515822E-02
  0.989999950       3.61691564E-02
   1.00000000       5.42666353E-02
   1.00999999       5.50118722E-02
   1.01999998       5.47764823E-02
   1.02999997       5.46886548E-02
   1.03999996       5.47258109E-02
   1.04999995       5.48546538E-02
   1.05999994       5.50530404E-02
   1.06999993       5.53052463E-02
   1.07999992       5.56010343E-02
   1.09000003       5.59320189E-02
   1.10000002       5.62927946E-02
   1.11000001       5.66794798E-02
   1.12000000       5.70761003E-02
   1.13000000       5.75164370E-02
   1.13999999       5.79629391E-02
   1.14999998       5.84256537E-02
   1.15999997       5.89035079E-02
   1.16999996       5.93958721E-02
   1.17999995       5.99016100E-02
   1.18999994       6.04201071E-02
   1.19999993       6.09510541E-02
   1.20999992       6.14938699E-02
   1.22000003       6.20481372E-02
   1.23000002       6.26137927E-02
   1.24000001       6.31911084E-02
   1.25000000       6.37793317E-02
   1.25999999       6.43788278E-02
   1.26999998       6.49894252E-02
   1.27999997       6.56114444E-02
   1.28999996       6.62448704E-02
   1.29999995       6.68897182E-02
   1.30999994       6.75446838E-02
   1.31999993       6.82143942E-02
   1.32999992       6.88947812E-02
   1.33999991       6.95873797E-02
   1.35000002       7.02925995E-02
   1.36000001       7.10106045E-02
   1.37000000       7.17419907E-02
   1.38000000       7.24872425E-02
   1.38999999       7.32456222E-02
   1.39999998       7.40188435E-02
   1.40999997       7.48069212E-02
   1.41999996       7.56102726E-02
   1.42999995       7.64294714E-02
   1.43999994       7.72043094E-02
   1.44999993       7.81173483E-02
   1.45999992       7.89873824E-02
   1.46999991       7.98756406E-02
   1.48000002       8.07826072E-02
   1.49000001       8.17095786E-02
   1.50000000       8.26569200E-02
   1.50999999       8.36242735E-02
   1.51999998       8.46159831E-02
   1.52999997       8.56298208E-02
   1.53999996       8.66677687E-02
   1.54999995       8.77310038E-02
   1.55999994       8.88205692E-02
   1.56999993       8.99375305E-02
   1.57999992       9.10838991E-02
   1.58999991       9.22604427E-02
   1.59999990       9.34689119E-02
   1.61000001       9.47109610E-02
   1.62000000       9.59881917E-02
   1.63000000       9.73026380E-02
   1.63999999       9.86562818E-02
   1.64999998      0.100051582    
   1.65999997      0.101490632    
   1.66999996      0.102975950    
   1.67999995      0.104510844    
   1.68999994      0.106097706    
   1.69999993      0.107740283    
   1.70999992      0.109442256    
   1.71999991      0.111207306    
   1.73000002      0.113040522    
   1.74000001      0.114945777    
   1.75000000      0.116928838    
   1.75999999      0.118997544    
   1.76999998      0.121152990    
   1.77999997      0.123407736    
   1.78999996      0.125768200    
   1.79999995      0.128243163    
   1.80999994      0.130843475    
   1.81999993      0.133580223    
   1.82999992      0.136466637    
   1.83999991      0.139517933    
   1.84999990      0.142751127    
   1.86000001      0.146185830    
   1.87000000      0.149845093    
   1.88000000      0.153755203    
   1.88999999      0.157947585    
   1.89999998      0.162458673    
   1.90999997      0.167332157    
   1.91999996      0.172620296    
   1.92999995      0.178385615    
   1.93999994      0.184703976    
   1.94999993      0.191668123    
   1.95999992      0.199391723    
   1.96999991      0.208013177    
   1.97999990      0.217698678    
   1.99000001      0.228639409    
   2.00000000      0.241020039    
   2.00999999      0.254787207    
   2.01999998      0.267720908    
   2.02999997      0.279291511    
   2.03999996      0.289616436    
   2.04999995      0.298887134    
   2.05999994      0.307278663    
   2.06999993      0.314938188    
   2.07999992      0.321985632    
   2.08999991      0.328512609    
   2.09999990      0.334599763    
   2.10999990      0.340310454    
   2.11999989      0.345694393    
   2.12999988      0.350795746    
   2.13999987      0.355649382    
   2.14999986      0.360285014    
   2.15999985      0.364728689    
   2.16999984      0.369001478    
   2.18000007      0.373121411    
   2.19000006      0.377104998    
   2.20000005      0.380965263    
   2.21000004      0.384714961    
   2.22000003      0.388363540    
   2.23000002      0.391920805    
   2.24000001      0.395394593    
   2.25000000      0.398792058    
   2.25999999      0.402119547    
   2.26999998      0.405382782    
   2.27999997      0.408586323    
   2.28999996      0.411735445    
   2.29999995      0.414833844    
   2.30999994      0.417884588    
   2.31999993      0.420892000    
   2.32999992      0.423858762    
   2.33999991      0.426787019    
   2.34999990      0.429680318    
   2.35999990      0.432540089    
   2.36999989      0.435368776    
   2.37999988      0.438168138    
   2.38999987      0.440939784    
   2.39999986      0.443685651    
   2.40999985      0.446406811    
   2.41999984      0.449104935    
   2.42999983      0.451781631    
   2.44000006      0.454437852    
   2.45000005      0.457074046    
   2.46000004      0.459691197    
   2.47000003      0.462291747    
   2.48000002      0.464874715    
   2.49000001      0.467441738    
   2.50000000      0.469994277    
   2.50999999      0.472531974    
   2.51999998      0.475055873    
   2.52999997      0.477566272    
   2.53999996      0.480064392    
   2.54999995      0.482549518    
   2.55999994      0.485025197    
   2.56999993      0.487488449    
   2.57999992      0.489941806    
   2.58999991      0.492384344    
   2.59999990      0.494817108    
   2.60999990      0.497241825    
   2.61999989      0.499655545    
   2.62999988      0.502061605    
   2.63999987      0.504459202    
   2.64999986      0.506848752    
   2.65999985      0.509220958    
   2.66999984      0.511605144    
   2.67999983      0.513972402    
   2.69000006      0.516332865    
   2.70000005      0.518686771    
   2.71000004      0.521033525    
   2.72000003      0.523374259    
   2.73000002      0.525708675    
   2.74000001      0.528038383    
   2.75000000      0.530361593    
   2.75999999      0.532678902    
   2.76999998      0.534991026    
   2.77999997      0.537298799    
   2.78999996      0.539601326    
   2.79999995      0.541898727    
   2.80999994      0.544191062    
   2.81999993      0.546479642    
   2.82999992      0.548763275    
   2.83999991      0.551042676    
   2.84999990      0.553318679    
   2.85999990      0.555589557    
   2.86999989      0.557856560    
   2.87999988      0.560119808    
   2.88999987      0.562379062    
   2.89999986      0.564635277    
   2.90999985      0.566887736    
   2.91999984      0.569136500    
   2.92999983      0.571382165    
   2.93999982      0.573624909    
   2.95000005      0.575863719    
   2.96000004      0.578098834    
   2.97000003      0.580332279    
   2.98000002      0.582562327    
   2.99000001      0.584788978    
   3.00000000      0.587013066    
   3.00999999      0.589234352    
   3.01999998      0.591452420    
   3.02999997      0.593668640    
   3.03999996      0.595882118    
   3.04999995      0.598092854    
   3.05999994      0.600300848    
   3.06999993      0.602507174    
   3.07999992      0.604711056    
   3.08999991      0.606911719    
   3.09999990      0.609110653    
   3.10999990      0.611308157    
   3.11999989      0.613502026    
   3.12999988      0.615694642    
   3.13999987      0.617884636    
   3.14999986      0.620072842    
   3.15999985      0.622259021    
   3.16999984      0.624443114    
   3.17999983      0.626626194    
   3.18999982      0.628806114    
   3.19999981      0.630984604    
   3.21000004      0.633161426    
   3.22000003      0.635336578    
   3.23000002      0.637510002    
   3.24000001      0.639680743    
   3.25000000      0.641850650    
   3.25999999      0.644018769    
   3.26999998      0.646185875    
   3.27999997      0.648350179    
   3.28999996      0.650513649    
   3.29999995      0.652675688    
   3.30999994      0.654835820    
   3.31999993      0.656994104    
   3.32999992      0.659151256    
   3.33999991      0.661306977    
   3.34999990      0.663461506    
   3.35999990      0.665614903    
   3.36999989      0.667766154    
   3.37999988      0.669916570    
   3.38999987      0.672065675    
   3.39999986      0.674213469    
   3.40999985      0.676359713    
   3.41999984      0.678504288    
   3.42999983      0.680648506    
   3.43999982      0.682791114    
   3.44999981      0.684931755    
   3.46000004      0.687072277    
   3.47000003      0.689211607    
   3.48000002      0.691349387    
   3.49000001      0.693485677    
   3.50000000      0.695621490    
   3.50999999      0.697755516    
