   9.99999978E-03   2.54987244E-04
   1.99999996E-02   4.58164490E-04
   2.99999993E-02   6.74770214E-04
   3.99999991E-02   7.54945737E-04
   4.99999970E-02   8.47090618E-04
   5.99999987E-02   9.66159394E-04
   7.00000003E-02   1.10061653E-03
   7.99999982E-02   1.24137173E-03
   8.99999961E-02   1.38233532E-03
   9.99999940E-02   1.52083661E-03
  0.109999999       1.65220897E-03
  0.119999997       1.78448984E-03
  0.129999995       1.90858543E-03
  0.140000001       2.02649925E-03
  0.149999991       2.13916507E-03
  0.159999996       2.24682014E-03
  0.170000002       2.34874012E-03
  0.179999992       2.44567031E-03
  0.189999998       2.53754156E-03
  0.199999988       2.62534246E-03
  0.209999993       2.70861457E-03
  0.219999999       2.78766942E-03
  0.229999989       2.86275707E-03
  0.239999995       2.93425238E-03
  0.250000000       3.00223171E-03
  0.259999990       3.06676002E-03
  0.269999981       3.12819821E-03
  0.280000001       3.18598095E-03
  0.289999992       3.24255275E-03
  0.299999982       3.29534034E-03
  0.310000002       3.34590208E-03
  0.319999993       3.39423609E-03
  0.329999983       3.44321597E-03
  0.340000004       3.48769338E-03
  0.349999994       3.52951814E-03
  0.359999985       3.56993359E-03
  0.370000005       3.60966451E-03
  0.379999995       3.64978565E-03
  0.389999986       3.69529333E-03
  0.399999976       3.77288298E-03
  0.409999996       3.79338604E-03
  0.419999987       3.82611179E-03
  0.429999977       3.86019354E-03
  0.439999998       3.89573979E-03
  0.449999988       3.93342646E-03
  0.459999979       3.97680746E-03
  0.469999999       4.02682368E-03
  0.479999989       4.09803074E-03
  0.489999980       4.23138263E-03
  0.500000000       4.64239204E-03
  0.509999990       4.56547970E-03
  0.519999981       4.58521396E-03
  0.529999971       4.62026801E-03
  0.539999962       4.66372073E-03
  0.550000012       4.71430784E-03
  0.560000002       4.77209035E-03
  0.569999993       4.83829156E-03
  0.579999983       4.91466001E-03
  0.589999974       5.00429608E-03
  0.599999964       5.11176419E-03
  0.610000014       5.22982515E-03
  0.620000005       5.41409291E-03
  0.629999995       5.65072522E-03
  0.639999986       6.00100076E-03
  0.649999976       6.61319215E-03
  0.659999967       8.12788960E-03
  0.669999957       1.02154799E-02
  0.680000007       9.86265019E-03
  0.689999998       9.79554839E-03
  0.699999988       9.81392898E-03
  0.709999979       9.87600349E-03
  0.719999969       9.96635668E-03
  0.729999959       1.00779478E-02
  0.740000010       1.02070086E-02
  0.750000000       1.03522195E-02
  0.759999990       1.05123874E-02
  0.769999981       1.06892660E-02
  0.779999971       1.08780721E-02
  0.789999962       1.10850204E-02
  0.799999952       1.13090621E-02
  0.810000002       1.15511799E-02
  0.819999993       1.18168071E-02
  0.829999983       1.21048996E-02
  0.839999974       1.24197612E-02
  0.849999964       1.27656339E-02
  0.859999955       1.31468615E-02
  0.870000005       1.35706756E-02
  0.879999995       1.40443034E-02
  0.889999986       1.45781189E-02
  0.899999976       1.51862055E-02
  0.909999967       1.58874299E-02
  0.919999957       1.67079065E-02
  0.930000007       1.76857505E-02
  0.939999998       1.88793093E-02
  0.949999988       2.03817859E-02
  0.959999979       2.23545618E-02
  0.969999969       2.51105633E-02
  0.979999959       2.93553825E-02
  0.989999950       3.71554047E-02
   1.00000000       5.54127805E-02
   1.00999999       5.61911613E-02
   1.01999998       5.59632517E-02
   1.02999997       5.58795966E-02
   1.03999996       5.59209548E-02
   1.04999995       5.60545474E-02
   1.05999994       5.62584065E-02
   1.06999993       5.65167554E-02
   1.07999992       5.68193607E-02
   1.09000003       5.71576580E-02
   1.10000002       5.75261898E-02
   1.11000001       5.79207987E-02
   1.12000000       5.83382323E-02
   1.13000000       5.87758534E-02
   1.13999999       5.92317954E-02
   1.14999998       5.97042367E-02
   1.15999997       6.01923466E-02
   1.16999996       6.06949143E-02
   1.17999995       6.12112135E-02
   1.18999994       6.17405176E-02
   1.19999993       6.22826330E-02
   1.20999992       6.28367737E-02
   1.22000003       6.34026974E-02
   1.23000002       6.39801696E-02
   1.24000001       6.45695925E-02
   1.25000000       6.51702359E-02
   1.25999999       6.57822341E-02
   1.26999998       6.64056838E-02
   1.27999997       6.70407563E-02
   1.28999996       6.76875189E-02
   1.29999995       6.83458894E-02
   1.30999994       6.90146759E-02
   1.31999993       6.96982145E-02
   1.32999992       7.03928843E-02
   1.33999991       7.11000040E-02
   1.35000002       7.18199685E-02
   1.36000001       7.25530386E-02
   1.37000000       7.32996538E-02
   1.38000000       7.40604624E-02
   1.38999999       7.48346969E-02
   1.39999998       7.56240711E-02
   1.40999997       7.64285624E-02
   1.41999996       7.72486031E-02
   1.42999995       7.80848786E-02
   1.43999994       7.89377317E-02
   1.44999993       7.98078105E-02
   1.45999992       8.06958377E-02
   1.46999991       8.16024467E-02
   1.48000002       8.25281963E-02
   1.49000001       8.34743232E-02
   1.50000000       8.44412073E-02
   1.50999999       8.54284465E-02
   1.51999998       8.64404365E-02
   1.52999997       8.74751732E-02
   1.53999996       8.85343105E-02
   1.54999995       8.96192044E-02
   1.55999994       9.07309577E-02
   1.56999993       9.18705836E-02
   1.57999992       9.30401236E-02
   1.58999991       9.42405835E-02
   1.59999990       9.54732820E-02
   1.61000001       9.67403352E-02
   1.62000000       9.80430692E-02
   1.63000000       9.93838534E-02
   1.63999999      0.100764431    
   1.64999998      0.102187209    
   1.65999997      0.103654638    
   1.66999996      0.105169088    
   1.67999995      0.106733978    
   1.68999994      0.108351685    
   1.69999993      0.110026024    
   1.70999992      0.111760743    
   1.71999991      0.113559589    
   1.73000002      0.115427509    
   1.74000001      0.117368683    
   1.75000000      0.119388968    
   1.75999999      0.121494330    
   1.76999998      0.123691224    
   1.77999997      0.125987023    
   1.78999996      0.128390193    
   1.79999995      0.130909547    
   1.80999994      0.133555532    
   1.81999993      0.136339962    
   1.82999992      0.139275953    
   1.83999991      0.142378896    
   1.84999990      0.145665854    
   1.86000001      0.149156407    
   1.87000000      0.152873889    
   1.88000000      0.156844750    
   1.88999999      0.161100239    
   1.89999998      0.165677220    
   1.90999997      0.170618996    
   1.91999996      0.175978124    
   1.92999995      0.181816876    
   1.93999994      0.188210562    
   1.94999993      0.195251033    
   1.95999992      0.203051060    
   1.96999991      0.211746827    
   1.97999990      0.221501023    
   1.99000001      0.232499689    
   2.00000000      0.244919971    
   2.00999999      0.258697063    
   2.01999998      0.271643102    
   2.02999997      0.283235520    
   2.03999996      0.293589592    
   2.04999995      0.302894056    
   2.05999994      0.311322689    
   2.06999993      0.319020897    
   2.07999992      0.326107442    
   2.08999991      0.332674176    
   2.09999990      0.338801116    
   2.10999990      0.344550520    
   2.11999989      0.349973112    
   2.12999988      0.355112046    
   2.13999987      0.360002905    
   2.14999986      0.364675045    
   2.15999985      0.369154900    
   2.16999984      0.373463035    
   2.18000007      0.377618194    
   2.19000006      0.381635219    
   2.20000005      0.385529637    
   2.21000004      0.389312118    
   2.22000003      0.392993450    
   2.23000002      0.396582693    
   2.24000001      0.400087684    
   2.25000000      0.403516471    
   2.25999999      0.406874031    
   2.26999998      0.410167545    
   2.27999997      0.413401186    
   2.28999996      0.416579485    
   2.29999995      0.419706970    
   2.30999994      0.422787100    
   2.31999993      0.425822705    
   2.32999992      0.428817451    
   2.33999991      0.431774199    
   2.34999990      0.434695005    
   2.35999990      0.437581956    
   2.36999989      0.440437704    
   2.37999988      0.443263918    
   2.38999987      0.446062684    
   2.39999986      0.448834985    
   2.40999985      0.451582670    
   2.41999984      0.454307228    
   2.42999983      0.457009465    
   2.44000006      0.459691435    
   2.45000005      0.462353110    
   2.46000004      0.464996070    
   2.47000003      0.467621684    
   2.48000002      0.470230073    
   2.49000001      0.472822666    
   2.50000000      0.475399703    
   2.50999999      0.477962285    
   2.51999998      0.480510861    
   2.52999997      0.483045995    
   2.53999996      0.485568494    
   2.54999995      0.488078028    
   2.55999994      0.490578234    
   2.56999993      0.493065625    
   2.57999992      0.495542347    
   2.58999991      0.498009086    
   2.59999990      0.500466466    
   2.60999990      0.502914667    
   2.61999989      0.505352199    
   2.62999988      0.507782102    
   2.63999987      0.510203242    
   2.64999986      0.512616277    
   2.65999985      0.515021980    
   2.66999984      0.517419100    
   2.67999983      0.519809365    
   2.69000006      0.522193193    
   2.70000005      0.524570346    
   2.71000004      0.526940167    
   2.72000003      0.529304445    
   2.73000002      0.531662285    
   2.74000001      0.534014106    
   2.75000000      0.536361098    
   2.75999999      0.538701415    
   2.76999998      0.541036129    
   2.77999997      0.543366671    
   2.78999996      0.545691609    
   2.79999995      0.548011899    
   2.80999994      0.550327003    
   2.81999993      0.552637935    
   2.82999992      0.554944098    
   2.83999991      0.557246149    
   2.84999990      0.559543967    
   2.85999990      0.561838090    
   2.86999989      0.564126968    
   2.87999988      0.566412926    
   2.88999987      0.568695247    
   2.89999986      0.570973158    
   2.90999985      0.573247910    
   2.91999984      0.575519681    
   2.92999983      0.577786684    
   2.93999982      0.580051363    
   2.95000005      0.582311928    
   2.96000004      0.584569931    
   2.97000003      0.586825430    
   2.98000002      0.589077115    
   2.99000001      0.591326177    
   3.00000000      0.593572736    
   3.00999999      0.595815063    
   3.01999998      0.598056078    
   3.02999997      0.600293517    
   3.03999996      0.602529347    
   3.04999995      0.604761541    
   3.05999994      0.606992602    
   3.06999993      0.609220207    
   3.07999992      0.611445606    
   3.08999991      0.613668442    
   3.09999990      0.615888536    
   3.10999990      0.618107378    
   3.11999989      0.620323956    
   3.12999988      0.622538090    
   3.13999987      0.624750137    
   3.14999986      0.626960158    
   3.15999985      0.629166722    
   3.16999984      0.631373644    
   3.17999983      0.633577466    
   3.18999982      0.635779738    
   3.19999981      0.637980103    
   3.21000004      0.640177727    
   3.22000003      0.642374635    
   3.23000002      0.644569337    
   3.24000001      0.646762550    
   3.25000000      0.648953855    
   3.25999999      0.651143074    
   3.26999998      0.653331280    
   3.27999997      0.655517638    
   3.28999996      0.657702506    
   3.29999995      0.659886062    
   3.30999994      0.662067771    
   3.31999993      0.664247215    
   3.32999992      0.666426361    
   3.33999991      0.668603778    
   3.34999990      0.670779049    
   3.35999990      0.672953546    
   3.36999989      0.675126255    
   3.37999988      0.677297711    
   3.38999987      0.679468274    
   3.39999986      0.681637168    
   3.40999985      0.683804691    
   3.41999984      0.685971439    
   3.42999983      0.688136399    
   3.43999982      0.690300047    
   3.44999981      0.692462564    
   3.46000004      0.694624722    
   3.47000003      0.696784556    
   3.48000002      0.698943734    
   3.49000001      0.701101840    
   3.50000000      0.703258097    
   3.50999999      0.705413580    
