   9.99999978E-03   2.80915498E-04
   1.99999996E-02   4.72999149E-04
   2.99999993E-02   7.24238926E-04
   3.99999991E-02   8.18230503E-04
   4.99999970E-02   8.99244449E-04
   5.99999987E-02   1.00948848E-03
   7.00000003E-02   1.14000076E-03
   7.99999982E-02   1.28069741E-03
   8.99999961E-02   1.42589631E-03
   9.99999940E-02   1.56852801E-03
  0.109999999       1.71783671E-03
  0.119999997       1.84492324E-03
  0.129999995       1.97551469E-03
  0.140000001       2.10092007E-03
  0.149999991       2.22052285E-03
  0.159999996       2.33526388E-03
  0.170000002       2.44413293E-03
  0.179999992       2.54773605E-03
  0.189999998       2.64603482E-03
  0.199999988       2.73993262E-03
  0.209999993       2.82936869E-03
  0.219999999       2.91408761E-03
  0.229999989       2.99479417E-03
  0.239999995       3.07159056E-03
  0.250000000       3.14465747E-03
  0.259999990       3.21463076E-03
  0.269999981       3.28057841E-03
  0.280000001       3.34355794E-03
  0.289999992       3.40393581E-03
  0.299999982       3.46086058E-03
  0.310000002       3.51546099E-03
  0.319999993       3.56841856E-03
  0.329999983       3.62376263E-03
  0.340000004       3.67199117E-03
  0.349999994       3.71755194E-03
  0.359999985       3.76209873E-03
  0.370000005       3.80680966E-03
  0.379999995       3.85326706E-03
  0.389999986       3.90976993E-03
  0.399999976       4.00687521E-03
  0.409999996       4.02865419E-03
  0.419999987       4.06594714E-03
  0.429999977       4.10604710E-03
  0.439999998       4.14192770E-03
  0.449999988       4.19602124E-03
  0.459999979       4.25073318E-03
  0.469999999       4.31952858E-03
  0.479999989       4.41935193E-03
  0.489999980       4.61349124E-03
  0.500000000       5.14280424E-03
  0.509999990       5.03922859E-03
  0.519999981       5.06152725E-03
  0.529999971       5.10576274E-03
  0.539999962       5.16164768E-03
  0.550000012       5.22820558E-03
  0.560000002       5.30512957E-03
  0.569999993       5.39413979E-03
  0.579999983       5.49775129E-03
  0.589999974       5.62035758E-03
  0.599999964       5.76829864E-03
  0.610000014       5.95232984E-03
  0.620000005       6.19040104E-03
  0.629999995       6.51675649E-03
  0.639999986       7.00386660E-03
  0.649999976       7.85053149E-03
  0.659999967       9.88365244E-03
  0.669999957       1.22583397E-02
  0.680000007       1.18204951E-02
  0.689999998       1.17335273E-02
  0.699999988       1.17546329E-02
  0.709999979       1.18317120E-02
  0.719999969       1.19453222E-02
  0.729999959       1.20863412E-02
  0.740000010       1.22502716E-02
  0.750000000       1.24349482E-02
  0.759999990       1.26390494E-02
  0.769999981       1.28626814E-02
  0.779999971       1.30666429E-02
  0.789999962       1.33711118E-02
  0.799999952       1.36580570E-02
  0.810000002       1.39702009E-02
  0.819999993       1.43071115E-02
  0.829999983       1.46777658E-02
  0.839999974       1.50814103E-02
  0.849999964       1.55247506E-02
  0.859999955       1.60134733E-02
  0.870000005       1.65563188E-02
  0.879999995       1.71628464E-02
  0.889999986       1.78469345E-02
  0.899999976       1.86235625E-02
  0.909999967       1.95192136E-02
  0.919999957       2.05689110E-02
  0.930000007       2.18103472E-02
  0.939999998       2.33256556E-02
  0.949999988       2.52262354E-02
  0.959999979       2.77088583E-02
  0.969999969       3.11488807E-02
  0.979999959       3.63717787E-02
  0.989999950       4.56721112E-02
   1.00000000       6.51030838E-02
   1.00999999       6.61577806E-02
   1.01999998       6.60033822E-02
   1.02999997       6.59626499E-02
   1.03999996       6.60440773E-02
   1.04999995       6.62212446E-02
   1.05999994       6.64737225E-02
   1.06999993       6.67856485E-02
   1.07999992       6.71465844E-02
   1.09000003       6.75475448E-02
   1.10000002       6.79828301E-02
   1.11000001       6.84475899E-02
   1.12000000       6.89386576E-02
   1.13000000       6.94528669E-02
   1.13999999       6.99899197E-02
   1.14999998       7.05431178E-02
   1.15999997       7.11156726E-02
   1.16999996       7.17055053E-02
   1.17999995       7.23108426E-02
   1.18999994       7.29316548E-02
   1.19999993       7.35673830E-02
   1.20999992       7.42174909E-02
   1.22000003       7.48817921E-02
   1.23000002       7.55584016E-02
   1.24000001       7.62495771E-02
   1.25000000       7.69535527E-02
   1.25999999       7.76717216E-02
   1.26999998       7.84029067E-02
   1.27999997       7.91473761E-02
   1.28999996       7.99057111E-02
   1.29999995       8.06776360E-02
   1.30999994       8.14633220E-02
   1.31999993       8.22632387E-02
   1.32999992       8.30775648E-02
   1.33999991       8.39064494E-02
   1.35000002       8.47503021E-02
   1.36000001       8.56093690E-02
   1.37000000       8.64842832E-02
   1.38000000       8.73757452E-02
   1.38999999       8.82828012E-02
   1.39999998       8.92075002E-02
   1.40999997       9.01495963E-02
   1.41999996       9.11099091E-02
   1.42999995       9.20890570E-02
   1.43999994       9.30873379E-02
   1.44999993       9.41056162E-02
   1.45999992       9.51446444E-02
   1.46999991       9.62052271E-02
   1.48000002       9.72881615E-02
   1.49000001       9.83940363E-02
   1.50000000       9.95242819E-02
   1.50999999      0.100678056    
   1.51999998      0.101860158    
   1.52999997      0.103068478    
   1.53999996      0.104304999    
   1.54999995      0.105571054    
   1.55999994      0.106868021    
   1.56999993      0.108197235    
   1.57999992      0.109560117    
   1.58999991      0.110958770    
   1.59999990      0.112394363    
   1.61000001      0.113869101    
   1.62000000      0.115384847    
   1.63000000      0.116943657    
   1.63999999      0.118547976    
   1.64999998      0.120200545    
   1.65999997      0.121903561    
   1.66999996      0.123647161    
   1.67999995      0.125473857    
   1.68999994      0.127347335    
   1.69999993      0.129284799    
   1.70999992      0.131290451    
   1.71999991      0.133368507    
   1.73000002      0.135524169    
   1.74000001      0.137762114    
   1.75000000      0.140088558    
   1.75999999      0.142510161    
   1.76999998      0.145034105    
   1.77999997      0.147667974    
   1.78999996      0.150420979    
   1.79999995      0.153302640    
   1.80999994      0.156324282    
   1.81999993      0.159498185    
   1.82999992      0.162838370    
   1.83999991      0.166360840    
   1.84999990      0.170083568    
   1.86000001      0.174026921    
   1.87000000      0.178214848    
   1.88000000      0.182674497    
   1.88999999      0.187437937    
   1.89999998      0.192541391    
   1.90999997      0.198028505    
   1.91999996      0.203950450    
   1.92999995      0.210367680    
   1.93999994      0.217351675    
   1.94999993      0.224987909    
   1.95999992      0.233378500    
   1.96999991      0.242643014    
   1.97999990      0.252918601    
   1.99000001      0.264351368    
   2.00000000      0.277063638    
   2.00999999      0.290913433    
   2.01999998      0.303944558    
   2.02999997      0.315693498    
   2.03999996      0.326260388    
   2.04999995      0.335815668    
   2.05999994      0.344518811    
   2.06999993      0.352505505    
   2.07999992      0.359888524    
   2.08999991      0.366754621    
   2.09999990      0.373182207    
   2.10999990      0.379230350    
   2.11999989      0.384948641    
   2.12999988      0.390379936    
   2.13999987      0.395558774    
   2.14999986      0.400515169    
   2.15999985      0.405273974    
   2.16999984      0.409856975    
   2.18000007      0.414282560    
   2.19000006      0.418566167    
   2.20000005      0.422722310    
   2.21000004      0.426762372    
   2.22000003      0.430698305    
   2.23000002      0.434537917    
   2.24000001      0.438290149    
   2.25000000      0.441962749    
   2.25999999      0.445561320    
   2.26999998      0.449092448    
   2.27999997      0.452560872    
   2.28999996      0.455971658    
   2.29999995      0.459328800    
   2.30999994      0.462635785    
   2.31999993      0.465896785    
   2.32999992      0.469114035    
   2.33999991      0.472291291    
   2.34999990      0.475430846    
   2.35999990      0.478535146    
   2.36999989      0.481605828    
   2.37999988      0.484644771    
   2.38999987      0.487655848    
   2.39999986      0.490638226    
   2.40999985      0.493594706    
   2.41999984      0.496526510    
   2.42999983      0.499434978    
   2.44000006      0.502322137    
   2.45000005      0.505186856    
   2.46000004      0.508032501    
   2.47000003      0.510858774    
   2.48000002      0.513667464    
   2.49000001      0.516459525    
   2.50000000      0.519234955    
   2.50999999      0.521994174    
   2.51999998      0.524738312    
   2.52999997      0.527470171    
   2.53999996      0.530186832    
   2.54999995      0.532891631    
   2.55999994      0.535583556    
   2.56999993      0.538264155    
   2.57999992      0.540931821    
   2.58999991      0.543589234    
   2.59999990      0.546236992    
   2.60999990      0.548875034    
   2.61999989      0.551501036    
   2.62999988      0.554119349    
   2.63999987      0.556728542    
   2.64999986      0.559329033    
   2.65999985      0.561921120    
   2.66999984      0.564504862    
   2.67999983      0.567080915    
   2.69000006      0.569650173    
   2.70000005      0.572212100    
   2.71000004      0.574766278    
   2.72000003      0.577313900    
   2.73000002      0.579855084    
   2.74000001      0.582390606    
   2.75000000      0.584919512    
   2.75999999      0.587440014    
   2.76999998      0.589958966    
   2.77999997      0.592470944    
   2.78999996      0.594976485    
   2.79999995      0.597478628    
   2.80999994      0.599973857    
   2.81999993      0.602465093    
   2.82999992      0.604951084    
   2.83999991      0.607432425    
   2.84999990      0.609909534    
   2.85999990      0.612382412    
   2.86999989      0.614850819    
   2.87999988      0.617314577    
   2.88999987      0.619775295    
   2.89999986      0.622231007    
   2.90999985      0.624683678    
   2.91999984      0.627132356    
   2.92999983      0.629576862    
   2.93999982      0.632017970    
   2.95000005      0.634455979    
   2.96000004      0.636890471    
   2.97000003      0.639321506    
   2.98000002      0.641750097    
   2.99000001      0.644175172    
   3.00000000      0.646596074    
   3.00999999      0.649014771    
   3.01999998      0.651430845    
   3.02999997      0.653844178    
   3.03999996      0.656254292    
   3.04999995      0.658662081    
   3.05999994      0.661066294    
   3.06999993      0.663468301    
   3.07999992      0.665868044    
   3.08999991      0.668265641    
   3.09999990      0.670659304    
   3.10999990      0.673051953    
   3.11999989      0.675441325    
   3.12999988      0.677829266    
   3.13999987      0.680214465    
   3.14999986      0.682597935    
   3.15999985      0.684978187    
   3.16999984      0.687356949    
   3.17999983      0.689733446    
   3.18999982      0.692108750    
   3.19999981      0.694480896    
   3.21000004      0.696851432    
   3.22000003      0.699212909    
   3.23000002      0.701586962    
   3.24000001      0.703952491    
   3.25000000      0.706315160    
   3.25999999      0.708677292    
   3.26999998      0.711036146    
   3.27999997      0.713392854    
   3.28999996      0.715750158    
   3.29999995      0.718105376    
   3.30999994      0.720457733    
   3.31999993      0.722808421    
   3.32999992      0.725158632    
   3.33999991      0.727507055    
   3.34999990      0.729853392    
   3.35999990      0.732198238    
   3.36999989      0.734541893    
   3.37999988      0.736883163    
   3.38999987      0.739224553    
   3.39999986      0.741563439    
   3.40999985      0.743901491    
   3.41999984      0.746238470    
   3.42999983      0.748573601    
   3.43999982      0.750907540    
   3.44999981      0.753240526    
   3.46000004      0.755570829    
   3.47000003      0.757900715    
   3.48000002      0.760229051    
   3.49000001      0.762556553    
   3.50000000      0.764882982    
   3.50999999      0.767207623    
