   9.99999978E-03   2.75550032E-04
   1.99999996E-02   4.68529994E-04
   2.99999993E-02   7.12814101E-04
   3.99999991E-02   8.01975548E-04
   4.99999970E-02   8.85607733E-04
   5.99999987E-02   9.98276402E-04
   7.00000003E-02   1.13001454E-03
   7.99999982E-02   1.27127592E-03
   8.99999961E-02   1.41547818E-03
   9.99999940E-02   1.55708392E-03
  0.109999999       1.69607170E-03
  0.119999997       1.82755955E-03
  0.129999995       1.95953040E-03
  0.140000001       2.08308129E-03
  0.149999991       2.20094644E-03
  0.159999996       2.31396081E-03
  0.170000002       2.42114253E-03
  0.179999992       2.52309348E-03
  0.189999998       2.61979899E-03
  0.199999988       2.71215639E-03
  0.209999993       2.80009094E-03
  0.219999999       2.88331322E-03
  0.229999989       2.96270382E-03
  0.239999995       3.03817866E-03
  0.250000000       3.10996198E-03
  0.259999990       3.17882141E-03
  0.269999981       3.24348570E-03
  0.280000001       3.30525753E-03
  0.289999992       3.36453062E-03
  0.299999982       3.42033594E-03
  0.310000002       3.47391353E-03
  0.319999993       3.52572161E-03
  0.329999983       3.57933436E-03
  0.340000004       3.62661248E-03
  0.349999994       3.67122632E-03
  0.359999985       3.71486903E-03
  0.370000005       3.75805958E-03
  0.379999995       3.80282081E-03
  0.389999986       3.85620981E-03
  0.399999976       3.94751504E-03
  0.409999996       3.96949425E-03
  0.419999987       4.00556158E-03
  0.429999977       4.04403405E-03
  0.439999998       4.08153515E-03
  0.449999988       4.13509132E-03
  0.459999979       4.17748839E-03
  0.469999999       4.24421579E-03
  0.479999989       4.33616061E-03
  0.489999980       4.51322272E-03
  0.500000000       5.01129683E-03
  0.509999990       4.91486816E-03
  0.519999981       4.93647112E-03
  0.529999971       4.97827819E-03
  0.539999962       5.03069628E-03
  0.550000012       5.09078242E-03
  0.560000002       5.16455248E-03
  0.569999993       5.24730422E-03
  0.579999983       5.34341065E-03
  0.589999974       5.45695145E-03
  0.599999964       5.59374969E-03
  0.610000014       5.76373609E-03
  0.620000005       5.98356966E-03
  0.629999995       6.28455076E-03
  0.639999986       6.73406944E-03
  0.649999976       7.51755759E-03
  0.659999967       9.41091124E-03
  0.669999957       1.17164822E-02
  0.680000007       1.13003561E-02
  0.689999998       1.12186009E-02
  0.699999988       1.12389643E-02
  0.709999979       1.13120629E-02
  0.719999969       1.14194993E-02
  0.729999959       1.15526523E-02
  0.740000010       1.17073255E-02
  0.750000000       1.18814725E-02
  0.759999990       1.20738326E-02
  0.769999981       1.22845918E-02
  0.779999971       1.25140408E-02
  0.789999962       1.27633987E-02
  0.799999952       1.30335884E-02
  0.810000002       1.33274961E-02
  0.819999993       1.36459293E-02
  0.829999983       1.39935771E-02
  0.839999974       1.43735679E-02
  0.849999964       1.47909019E-02
  0.859999955       1.52510107E-02
  0.870000005       1.57621242E-02
  0.879999995       1.63335912E-02
  0.889999986       1.69764422E-02
  0.899999976       1.77091211E-02
  0.909999967       1.85531005E-02
  0.919999957       1.95394997E-02
  0.930000007       2.07134709E-02
  0.939999998       2.21435875E-02
  0.949999988       2.39389818E-02
  0.959999979       2.62873750E-02
  0.969999969       2.95482073E-02
  0.979999959       3.45172398E-02
  0.989999950       4.34364006E-02
   1.00000000       6.25917017E-02
   1.00999999       6.35754466E-02
   1.01999998       6.34003431E-02
   1.02999997       6.33473769E-02
   1.03999996       6.34173900E-02
   1.04999995       6.35829568E-02
   1.05999994       6.38224408E-02
   1.06999993       6.41201586E-02
   1.07999992       6.44658580E-02
   1.09000003       6.48452789E-02
   1.10000002       6.52681887E-02
   1.11000001       6.57147914E-02
   1.12000000       6.61866888E-02
   1.13000000       6.66811317E-02
   1.13999999       6.71959147E-02
   1.14999998       6.77293614E-02
   1.15999997       6.82801157E-02
   1.16999996       6.88473880E-02
   1.17999995       6.94296807E-02
   1.18999994       7.00268373E-02
   1.19999993       7.06383362E-02
   1.20999992       7.12636560E-02
   1.22000003       7.19021186E-02
   1.23000002       7.25535825E-02
   1.24000001       7.32185543E-02
   1.25000000       7.38960579E-02
   1.25999999       7.45865852E-02
   1.26999998       7.52899274E-02
   1.27999997       7.60061443E-02
   1.28999996       7.67357126E-02
   1.29999995       7.74782151E-02
   1.30999994       7.82342628E-02
   1.31999993       7.90036619E-02
   1.32999992       7.97871053E-02
   1.33999991       8.05846006E-02
   1.35000002       8.13965201E-02
   1.36000001       8.22231472E-02
   1.37000000       8.30648914E-02
   1.38000000       8.39226916E-02
   1.38999999       8.47954899E-02
   1.39999998       8.56852904E-02
   1.40999997       8.65919441E-02
   1.41999996       8.75160843E-02
   1.42999995       8.84584486E-02
   1.43999994       8.94192159E-02
   1.44999993       9.03993249E-02
   1.45999992       9.13995653E-02
   1.46999991       9.24204662E-02
   1.48000002       9.34629440E-02
   1.49000001       9.45277140E-02
   1.50000000       9.56158936E-02
   1.50999999       9.67267603E-02
   1.51999998       9.78652090E-02
   1.52999997       9.90287736E-02
   1.53999996      0.100219585    
   1.54999995      0.101439171    
   1.55999994      0.102688506    
   1.56999993      0.103969052    
   1.57999992      0.105282269    
   1.58999991      0.106629990    
   1.59999990      0.108013473    
   1.61000001      0.109434888    
   1.62000000      0.110895962    
   1.63000000      0.112398900    
   1.63999999      0.113945767    
   1.64999998      0.115539581    
   1.65999997      0.117182225    
   1.66999996      0.118863717    
   1.67999995      0.120626792    
   1.68999994      0.122434817    
   1.69999993      0.124305077    
   1.70999992      0.126241401    
   1.71999991      0.128248110    
   1.73000002      0.130330279    
   1.74000001      0.132492498    
   1.75000000      0.134742856    
   1.75999999      0.137082115    
   1.76999998      0.139522642    
   1.77999997      0.142070636    
   1.78999996      0.144734561    
   1.79999995      0.147524223    
   1.80999994      0.150450587    
   1.81999993      0.153525844    
   1.82999992      0.156763718    
   1.83999991      0.160180286    
   1.84999990      0.163793042    
   1.86000001      0.167622253    
   1.87000000      0.171691880    
   1.88000000      0.176028773    
   1.88999999      0.180664897    
   1.89999998      0.185636684    
   1.90999997      0.190988034    
   1.91999996      0.196770266    
   1.92999995      0.203044176    
   1.93999994      0.209882587    
   1.94999993      0.217372403    
   1.95999992      0.225618601    
   1.96999991      0.234744951    
   1.97999990      0.244895279    
   1.99000001      0.256224155    
   2.00000000      0.268867493    
   2.00999999      0.282700568    
   2.01999998      0.295712352    
   2.02999997      0.307424963    
   2.03999996      0.317942291    
   2.04999995      0.327437699    
   2.05999994      0.336075574    
   2.06999993      0.343993276    
   2.07999992      0.351305038    
   2.08999991      0.358099163    
   2.09999990      0.364453703    
   2.10999990      0.370429307    
   2.11999989      0.376075834    
   2.12999988      0.381435812    
   2.13999987      0.386544436    
   2.14999986      0.391431302    
   2.15999985      0.396121889    
   2.16999984      0.400637388    
   2.18000007      0.404996693    
   2.19000006      0.409214854    
   2.20000005      0.413305968    
   2.21000004      0.417282969    
   2.22000003      0.421155691    
   2.23000002      0.424933821    
   2.24000001      0.428625435    
   2.25000000      0.432237536    
   2.25999999      0.435776591    
   2.26999998      0.439242959    
   2.27999997      0.442659318    
   2.28999996      0.446012408    
   2.29999995      0.449312806    
   2.30999994      0.452563673    
   2.31999993      0.455768555    
   2.32999992      0.458930790    
   2.33999991      0.462053537    
   2.34999990      0.465138644    
   2.35999990      0.468189061    
   2.36999989      0.471207440    
   2.37999988      0.474193156    
   2.38999987      0.477151096    
   2.39999986      0.480081081    
   2.40999985      0.482985467    
   2.41999984      0.485866070    
   2.42999983      0.488723159    
   2.44000006      0.491559207    
   2.45000005      0.494373649    
   2.46000004      0.497168750    
   2.47000003      0.499945283    
   2.48000002      0.502703965    
   2.49000001      0.505446076    
   2.50000000      0.508172095    
   2.50999999      0.510882854    
   2.51999998      0.513578594    
   2.52999997      0.516260982    
   2.53999996      0.518929362    
   2.54999995      0.521585286    
   2.55999994      0.524229407    
   2.56999993      0.526861370    
   2.57999992      0.529482186    
   2.58999991      0.532092035    
   2.59999990      0.534692705    
   2.60999990      0.537283361    
   2.61999989      0.539861262    
   2.62999988      0.542433679    
   2.63999987      0.544995844    
   2.64999986      0.547549248    
   2.65999985      0.550095081    
   2.66999984      0.552632570    
   2.67999983      0.555162668    
   2.69000006      0.557685137    
   2.70000005      0.560200989    
   2.71000004      0.562709153    
   2.72000003      0.565183461    
   2.73000002      0.567707241    
   2.74000001      0.570196092    
   2.75000000      0.572679520    
   2.75999999      0.575155020    
   2.76999998      0.577628911    
   2.77999997      0.580095112    
   2.78999996      0.582556188    
   2.79999995      0.585012138    
   2.80999994      0.587463200    
   2.81999993      0.589908838    
   2.82999992      0.592350543    
   2.83999991      0.594787180    
   2.84999990      0.597219646    
   2.85999990      0.599647164    
   2.86999989      0.602071762    
   2.87999988      0.604490519    
   2.88999987      0.606906831    
   2.89999986      0.609317482    
   2.90999985      0.611726046    
   2.91999984      0.614130855    
   2.92999983      0.616531491    
   2.93999982      0.618928373    
   2.95000005      0.621322155    
   2.96000004      0.623712301    
   2.97000003      0.626099706    
   2.98000002      0.628484309    
   2.99000001      0.630864739    
   3.00000000      0.633243203    
   3.00999999      0.635617673    
   3.01999998      0.637990057    
   3.02999997      0.640358508    
   3.03999996      0.642725408    
   3.04999995      0.645089030    
   3.05999994      0.647450447    
   3.06999993      0.649809003    
   3.07999992      0.652165174    
   3.08999991      0.654518783    
   3.09999990      0.656870365    
   3.10999990      0.659219205    
   3.11999989      0.661564827    
   3.12999988      0.663910329    
   3.13999987      0.666251957    
   3.14999986      0.668591559    
   3.15999985      0.670929372    
   3.16999984      0.673264682    
   3.17999983      0.675598204    
   3.18999982      0.677929342    
   3.19999981      0.680259705    
   3.21000004      0.682587087    
   3.22000003      0.684912860    
   3.23000002      0.687236428    
   3.24000001      0.689558804    
   3.25000000      0.691878378    
   3.25999999      0.694197416    
   3.26999998      0.696514010    
   3.27999997      0.698827684    
   3.28999996      0.701142192    
   3.29999995      0.703454137    
   3.30999994      0.705764234    
   3.31999993      0.708072424    
   3.32999992      0.710379601    
   3.33999991      0.712684989    
   3.34999990      0.714988887    
   3.35999990      0.717291355    
   3.36999989      0.719592392    
   3.37999988      0.721891761    
   3.38999987      0.724190235    
   3.39999986      0.726486325    
   3.40999985      0.728782475    
   3.41999984      0.731075764    
   3.42999983      0.733368158    
   3.43999982      0.735660553    
   3.44999981      0.737950444    
   3.46000004      0.740239084    
   3.47000003      0.742526472    
   3.48000002      0.744812906    
   3.49000001      0.747097492    
   3.50000000      0.749381959    
   3.50999999      0.751664758    
