   9.99999978E-03   2.88929907E-04
   1.99999996E-02   4.82125004E-04
   2.99999993E-02   7.42623641E-04
   3.99999991E-02   8.47291492E-04
   4.99999970E-02   9.23921587E-04
   5.99999987E-02   1.02956849E-03
   7.00000003E-02   1.15751126E-03
   7.99999982E-02   1.29792420E-03
   8.99999961E-02   1.44360459E-03
   9.99999940E-02   1.58787740E-03
  0.109999999       1.73053646E-03
  0.119999997       1.86901807E-03
  0.129999995       1.99983222E-03
  0.140000001       2.13096081E-03
  0.149999991       2.25352100E-03
  0.159999996       2.37124180E-03
  0.170000002       2.48304009E-03
  0.179999992       2.58930423E-03
  0.189999998       2.69055017E-03
  0.199999988       2.78714439E-03
  0.209999993       2.87916628E-03
  0.219999999       2.96639232E-03
  0.229999989       3.04948795E-03
  0.239999995       3.12859751E-03
  0.250000000       3.20390728E-03
  0.259999990       3.27599747E-03
  0.269999981       3.34403664E-03
  0.280000001       3.40911909E-03
  0.289999992       3.47149302E-03
  0.299999982       3.53026390E-03
  0.310000002       3.58703546E-03
  0.319999993       3.64183611E-03
  0.329999983       3.70045635E-03
  0.340000004       3.75006534E-03
  0.349999994       3.79758049E-03
  0.359999985       3.84443603E-03
  0.370000005       3.89137189E-03
  0.379999995       3.94116016E-03
  0.389999986       4.00371011E-03
  0.399999976       4.11171978E-03
  0.409999996       4.13308619E-03
  0.419999987       4.17265669E-03
  0.429999977       4.21584444E-03
  0.439999998       4.26263083E-03
  0.449999988       4.31493763E-03
  0.459999979       4.37615905E-03
  0.469999999       4.45464393E-03
  0.479999989       4.57025459E-03
  0.489999980       4.79798252E-03
  0.500000000       5.38425846E-03
  0.509999990       5.26754791E-03
  0.519999981       5.29112620E-03
  0.529999971       5.33995079E-03
  0.539999962       5.40243089E-03
  0.550000012       5.47692506E-03
  0.560000002       5.56408148E-03
  0.569999993       5.66520309E-03
  0.579999983       5.78310620E-03
  0.589999974       5.92307514E-03
  0.599999964       6.09231135E-03
  0.610000014       6.30319584E-03
  0.620000005       6.57618884E-03
  0.629999995       6.95087528E-03
  0.639999986       7.50957895E-03
  0.649999976       8.47736001E-03
  0.659999967       1.07688885E-02
  0.669999957       1.32603105E-02
  0.680000007       1.27827898E-02
  0.689999998       1.26863513E-02
  0.699999988       1.27058383E-02
  0.709999979       1.27932411E-02
  0.719999969       1.29183019E-02
  0.729999959       1.30739622E-02
  0.740000010       1.32550607E-02
  0.750000000       1.34592876E-02
  0.759999990       1.36851324E-02
  0.769999981       1.39327468E-02
  0.779999971       1.42026152E-02
  0.789999962       1.44959753E-02
  0.799999952       1.48140294E-02
  0.810000002       1.51600000E-02
  0.819999993       1.55336345E-02
  0.829999983       1.59444753E-02
  0.839999974       1.63920354E-02
  0.849999964       1.68835521E-02
  0.859999955       1.74257327E-02
  0.870000005       1.80269908E-02
  0.879999995       1.86990928E-02
  0.889999986       1.94558706E-02
  0.899999976       2.03168113E-02
  0.909999967       2.13079881E-02
  0.919999957       2.24651881E-02
  0.930000007       2.38405578E-02
  0.939999998       2.55140904E-02
  0.949999988       2.76064780E-02
  0.959999979       3.03349309E-02
  0.969999969       3.41013558E-02
  0.979999959       3.97825837E-02
  0.989999950       4.97572757E-02
   1.00000000       6.96420670E-02
   1.00999999       7.08236247E-02
   1.01999998       7.07092062E-02
   1.02999997       7.06925839E-02
   1.03999996       7.07954168E-02
   1.04999995       7.09950030E-02
   1.05999994       7.12715462E-02
   1.06999993       7.16094449E-02
   1.07999992       7.19983950E-02
   1.09000003       7.24292397E-02
   1.10000002       7.28960633E-02
   1.11000001       7.33940154E-02
   1.12000000       7.39191473E-02
   1.13000000       7.44698942E-02
   1.13999999       7.50328526E-02
   1.14999998       7.56356493E-02
   1.15999997       7.62477368E-02
   1.16999996       7.68781528E-02
   1.17999995       7.75252283E-02
   1.18999994       7.81886652E-02
   1.19999993       7.88681135E-02
   1.20999992       7.95627162E-02
   1.22000003       8.02718848E-02
   1.23000002       8.09955671E-02
   1.24000001       8.17341059E-02
   1.25000000       8.24862644E-02
   1.25999999       8.32535699E-02
   1.26999998       8.40348452E-02
   1.27999997       8.48303065E-02
   1.28999996       8.56404752E-02
   1.29999995       8.64650682E-02
   1.30999994       8.73044580E-02
   1.31999993       8.81589204E-02
   1.32999992       8.90288502E-02
   1.33999991       8.99141282E-02
   1.35000002       9.08155441E-02
   1.36000001       9.17332321E-02
   1.37000000       9.26676616E-02
   1.38000000       9.36191976E-02
   1.38999999       9.45882425E-02
   1.39999998       9.55756083E-02
   1.40999997       9.65815708E-02
   1.41999996       9.76068228E-02
   1.42999995       9.86519977E-02
   1.43999994       9.97177735E-02
   1.44999993      0.100804605    
   1.45999992      0.101913661    
   1.46999991      0.103045344    
   1.48000002      0.104200803    
   1.49000001      0.105380818    
   1.50000000      0.106586389    
   1.50999999      0.107817039    
   1.51999998      0.109077685    
   1.52999997      0.110366173    
   1.53999996      0.111684471    
   1.54999995      0.113034070    
   1.55999994      0.114416420    
   1.56999993      0.115832888    
   1.57999992      0.117284887    
   1.58999991      0.118774734    
   1.59999990      0.120303579    
   1.61000001      0.121873766    
   1.62000000      0.123487219    
   1.63000000      0.125146329    
   1.63999999      0.126853213    
   1.64999998      0.128610939    
   1.65999997      0.130422100    
   1.66999996      0.132276490    
   1.67999995      0.134216845    
   1.68999994      0.136207134    
   1.69999993      0.138264850    
   1.70999992      0.140393823    
   1.71999991      0.142599091    
   1.73000002      0.144885480    
   1.74000001      0.147258162    
   1.75000000      0.149723843    
   1.75999999      0.152288780    
   1.76999998      0.154960483    
   1.77999997      0.157747120    
   1.78999996      0.160657644    
   1.79999995      0.163702652    
   1.80999994      0.166892767    
   1.81999993      0.170241356    
   1.82999992      0.173762321    
   1.83999991      0.177471772    
   1.84999990      0.181388363    
   1.86000001      0.185532525    
   1.87000000      0.189928412    
   1.88000000      0.194603458    
   1.88999999      0.199589401    
   1.89999998      0.204922765    
   1.90999997      0.210646704    
   1.91999996      0.216811880    
   1.92999995      0.223477200    
   1.93999994      0.230712771    
   1.94999993      0.238600463    
   1.95999992      0.247237712    
   1.96999991      0.256737143    
   1.97999990      0.267225295    
   1.99000001      0.278831840    
   2.00000000      0.291658968    
   2.00999999      0.305535614    
   2.01999998      0.318597674    
   2.02999997      0.330405354    
   2.03999996      0.341054946    
   2.04999995      0.350708872    
   2.05999994      0.359521627    
   2.06999993      0.367624879    
   2.07999992      0.375128478    
   2.08999991      0.382117569    
   2.09999990      0.388667583    
   2.10999990      0.394840121    
   2.11999989      0.400680810    
   2.12999988      0.406233966    
   2.13999987      0.411533177    
   2.14999986      0.416608274    
   2.15999985      0.421484411    
   2.16999984      0.426183313    
   2.18000007      0.430723429    
   2.19000006      0.435119450    
   2.20000005      0.439386547    
   2.21000004      0.443536758    
   2.22000003      0.447580606    
   2.23000002      0.451526999    
   2.24000001      0.455384880    
   2.25000000      0.459161490    
   2.25999999      0.462863088    
   2.26999998      0.466495991    
   2.27999997      0.470064998    
   2.28999996      0.473575354    
   2.29999995      0.477031022    
   2.30999994      0.480436057    
   2.31999993      0.483793497    
   2.32999992      0.487106860    
   2.33999991      0.490379184    
   2.34999990      0.493613005    
   2.35999990      0.496804833    
   2.36999989      0.499974161    
   2.37999988      0.503104985    
   2.38999987      0.506207585    
   2.39999986      0.509280682    
   2.40999985      0.512328386    
   2.41999984      0.515348852    
   2.42999983      0.518346846    
   2.44000006      0.521322548    
   2.45000005      0.524275362    
   2.46000004      0.527208269    
   2.47000003      0.530122399    
   2.48000002      0.533017337    
   2.49000001      0.535895109    
   2.50000000      0.538756967    
   2.50999999      0.541602254    
   2.51999998      0.544431508    
   2.52999997      0.547247827    
   2.53999996      0.550049186    
   2.54999995      0.552838147    
   2.55999994      0.555613756    
   2.56999993      0.558376968    
   2.57999992      0.561127901    
   2.58999991      0.563869119    
   2.59999990      0.566599071    
   2.60999990      0.569319785    
   2.61999989      0.572024226    
   2.62999988      0.574728191    
   2.63999987      0.577418327    
   2.64999986      0.580100715    
   2.65999985      0.582773507    
   2.66999984      0.585438550    
   2.67999983      0.588094473    
   2.69000006      0.590745568    
   2.70000005      0.593387008    
   2.71000004      0.596022010    
   2.72000003      0.598649919    
   2.73000002      0.601271689    
   2.74000001      0.603885353    
   2.75000000      0.606494248    
   2.75999999      0.609095991    
   2.76999998      0.611692250    
   2.77999997      0.614283025    
   2.78999996      0.616867959    
   2.79999995      0.619448543    
   2.80999994      0.622022450    
   2.81999993      0.624592185    
   2.82999992      0.627156734    
   2.83999991      0.629716337    
   2.84999990      0.632271171    
   2.85999990      0.634822130    
   2.86999989      0.637368739    
   2.87999988      0.639910460    
   2.88999987      0.642448187    
   2.89999986      0.644981384    
   2.90999985      0.647511303    
   2.91999984      0.650037289    
   2.92999983      0.652549088    
   2.93999982      0.655077934    
   2.95000005      0.657592952    
   2.96000004      0.660104215    
   2.97000003      0.662612438    
   2.98000002      0.665117621    
   2.99000001      0.667618454    
   3.00000000      0.670116782    
   3.00999999      0.672612548    
   3.01999998      0.675104320    
   3.02999997      0.677593768    
   3.03999996      0.680080652    
   3.04999995      0.682563901    
   3.05999994      0.685044289    
   3.06999993      0.687522709    
   3.07999992      0.689998388    
   3.08999991      0.692471087    
   3.09999990      0.694941580    
   3.10999990      0.697409630    
   3.11999989      0.699874938    
   3.12999988      0.702338517    
   3.13999987      0.704799652    
   3.14999986      0.707258105    
   3.15999985      0.709714234    
   3.16999984      0.712168753    
   3.17999983      0.714620888    
   3.18999982      0.717070222    
   3.19999981      0.719517887    
   3.21000004      0.721963823    
   3.22000003      0.724408329    
   3.23000002      0.726849556    
   3.24000001      0.729289353    
   3.25000000      0.731728137    
   3.25999999      0.734164715    
   3.26999998      0.736598492    
   3.27999997      0.739031494    
   3.28999996      0.741462171    
   3.29999995      0.743891537    
   3.30999994      0.746319294    
   3.31999993      0.748744905    
   3.32999992      0.751169086    
   3.33999991      0.753592253    
   3.34999990      0.756013751    
   3.35999990      0.758432567    
   3.36999989      0.760850906    
   3.37999988      0.763267636    
   3.38999987      0.765682220    
   3.39999986      0.768095732    
   3.40999985      0.770507693    
   3.41999984      0.772918642    
   3.42999983      0.775328159    
   3.43999982      0.777735889    
   3.44999981      0.780142903    
   3.46000004      0.782548726    
   3.47000003      0.784951985    
   3.48000002      0.787355006    
   3.49000001      0.789756477    
   3.50000000      0.792156756    
   3.50999999      0.794555843    
