   9.99999978E-03   2.94152502E-04
   1.99999996E-02   4.91331448E-04
   2.99999993E-02   7.56308786E-04
   3.99999991E-02   8.72376899E-04
   4.99999970E-02   9.46394342E-04
   5.99999987E-02   1.04741915E-03
   7.00000003E-02   1.17406086E-03
   7.99999982E-02   1.31229998E-03
   8.99999961E-02   1.45750411E-03
   9.99999940E-02   1.60380674E-03
  0.109999999       1.74823927E-03
  0.119999997       1.88892917E-03
  0.129999995       2.02484638E-03
  0.140000001       2.15273094E-03
  0.149999991       2.28058011E-03
  0.159999996       2.40080268E-03
  0.170000002       2.51505245E-03
  0.179999992       2.62358342E-03
  0.189999998       2.72731553E-03
  0.199999988       2.82619009E-03
  0.209999993       2.92042829E-03
  0.219999999       3.00977845E-03
  0.229999989       3.09490552E-03
  0.239999995       3.17600975E-03
  0.250000000       3.25328903E-03
  0.259999990       3.32665257E-03
  0.269999981       3.39698652E-03
  0.280000001       3.46388249E-03
  0.289999992       3.52800731E-03
  0.299999982       3.58838355E-03
  0.310000002       3.64672905E-03
  0.319999993       3.70368198E-03
  0.329999983       3.76521400E-03
  0.340000004       3.81605141E-03
  0.349999994       3.86523153E-03
  0.359999985       3.91398789E-03
  0.370000005       3.96321481E-03
  0.379999995       4.01697773E-03
  0.389999986       4.08470584E-03
  0.399999976       4.20287205E-03
  0.409999996       4.22418676E-03
  0.419999987       4.26546345E-03
  0.429999977       4.31157509E-03
  0.439999998       4.36157640E-03
  0.449999988       4.41922061E-03
  0.459999979       4.48695244E-03
  0.469999999       4.57491912E-03
  0.479999989       4.70603164E-03
  0.489999980       4.96608857E-03
  0.500000000       5.60391648E-03
  0.509999990       5.47499675E-03
  0.519999981       5.50375180E-03
  0.529999971       5.55291539E-03
  0.539999962       5.62161068E-03
  0.550000012       5.70388092E-03
  0.560000002       5.80069749E-03
  0.569999993       5.91304759E-03
  0.579999983       6.04459271E-03
  0.589999974       6.20088680E-03
  0.599999964       6.38764352E-03
  0.610000014       6.62670936E-03
  0.620000005       6.93290075E-03
  0.629999995       7.35324109E-03
  0.639999986       7.97956344E-03
  0.649999976       9.06126946E-03
  0.659999967       1.15896994E-02
  0.669999957       1.41754765E-02
  0.680000007       1.36627406E-02
  0.689999998       1.35578392E-02
  0.699999988       1.35816820E-02
  0.709999979       1.36729851E-02
  0.719999969       1.38083994E-02
  0.729999959       1.39774149E-02
  0.740000010       1.41759887E-02
  0.750000000       1.43963108E-02
  0.759999990       1.46421073E-02
  0.769999981       1.49124097E-02
  0.779999971       1.52056077E-02
  0.789999962       1.55251799E-02
  0.799999952       1.58717129E-02
  0.810000002       1.62481759E-02
  0.819999993       1.66575555E-02
  0.829999983       1.71037354E-02
  0.839999974       1.75914150E-02
  0.849999964       1.81270838E-02
  0.859999955       1.87177863E-02
  0.870000005       1.93729401E-02
  0.879999995       2.01049726E-02
  0.889999986       2.09290534E-02
  0.899999976       2.18662005E-02
  0.909999967       2.29445975E-02
  0.919999957       2.42028963E-02
  0.930000007       2.56969649E-02
  0.939999998       2.75116060E-02
  0.949999988       2.97801420E-02
  0.959999979       3.27306651E-02
  0.969999969       3.67898904E-02
  0.979999959       4.28775959E-02
  0.989999950       5.34359217E-02
   1.00000000       7.36807287E-02
   1.00999999       7.49735981E-02
   1.01999998       7.48973265E-02
   1.02999997       7.49038458E-02
   1.03999996       7.50271976E-02
   1.04999995       7.52514377E-02
   1.05999994       7.55461752E-02
   1.06999993       7.59078562E-02
   1.07999992       7.63220415E-02
   1.09000003       7.67797306E-02
   1.10000002       7.72747397E-02
   1.11000001       7.78022707E-02
   1.12000000       7.83587024E-02
   1.13000000       7.89409652E-02
   1.13999999       7.95466006E-02
   1.14999998       8.01740289E-02
   1.15999997       8.08212832E-02
   1.16999996       8.14877450E-02
   1.17999995       8.21717530E-02
   1.18999994       8.28731060E-02
   1.19999993       8.35912079E-02
   1.20999992       8.43253434E-02
   1.22000003       8.50748494E-02
   1.23000002       8.58397633E-02
   1.24000001       8.66202936E-02
   1.25000000       8.74151587E-02
   1.25999999       8.82259682E-02
   1.26999998       8.90515745E-02
   1.27999997       8.98921266E-02
   1.28999996       9.07482058E-02
   1.29999995       9.16195437E-02
   1.30999994       9.25064608E-02
   1.31999993       9.34092328E-02
   1.32999992       9.43280831E-02
   1.33999991       9.52636749E-02
   1.35000002       9.62159410E-02
   1.36000001       9.71852317E-02
   1.37000000       9.81723890E-02
   1.38000000       9.91773605E-02
   1.38999999      0.100200981    
   1.39999998      0.101243764    
   1.40999997      0.102306224    
   1.41999996      0.103388801    
   1.42999995      0.104492560    
   1.43999994      0.105617821    
   1.44999993      0.106765158    
   1.45999992      0.107936040    
   1.46999991      0.109130666    
   1.48000002      0.110350102    
   1.49000001      0.111595407    
   1.50000000      0.112867638    
   1.50999999      0.114166111    
   1.51999998      0.115495980    
   1.52999997      0.116855174    
   1.53999996      0.118245617    
   1.54999995      0.119668856    
   1.55999994      0.121126339    
   1.56999993      0.122619711    
   1.57999992      0.124150254    
   1.58999991      0.125720367    
   1.59999990      0.127331346    
   1.61000001      0.128985569    
   1.62000000      0.130685031    
   1.63000000      0.132432178    
   1.63999999      0.134229243    
   1.64999998      0.136079386    
   1.65999997      0.137985125    
   1.66999996      0.139936864    
   1.67999995      0.141976967    
   1.68999994      0.144069746    
   1.69999993      0.146232679    
   1.70999992      0.148469955    
   1.71999991      0.150787041    
   1.73000002      0.153187305    
   1.74000001      0.155680254    
   1.75000000      0.158262536    
   1.75999999      0.160954595    
   1.76999998      0.163755223    
   1.77999997      0.166674972    
   1.78999996      0.169723004    
   1.79999995      0.172909558    
   1.80999994      0.176246360    
   1.81999993      0.179746211    
   1.82999992      0.183423489    
   1.83999991      0.187294975    
   1.84999990      0.191378906    
   1.86000001      0.195696160    
   1.87000000      0.200271070    
   1.88000000      0.205130890    
   1.88999999      0.210307509    
   1.89999998      0.215837389    
   1.90999997      0.221763209    
   1.91999996      0.228134915    
   1.92999995      0.235010251    
   1.93999994      0.242457718    
   1.94999993      0.250556290    
   1.95999992      0.259399563    
   1.96999991      0.269093901    
   1.97999990      0.279756576    
   1.99000001      0.291505218    
   2.00000000      0.304424405    
   2.00999999      0.318322092    
   2.01999998      0.331407785    
   2.02999997      0.343262225    
   2.03999996      0.353977352    
   2.04999995      0.363711298    
   2.05999994      0.372613102    
   2.06999993      0.380811602    
   2.07999992      0.388413787    
   2.08999991      0.395504355    
   2.09999990      0.402157068    
   2.10999990      0.408430845    
   2.11999989      0.414374352    
   2.12999988      0.420028836    
   2.13999987      0.425428748    
   2.14999986      0.430603623    
   2.15999985      0.435577750    
   2.16999984      0.440373987    
   2.18000007      0.445009857    
   2.19000006      0.449501008    
   2.20000005      0.453861415    
   2.21000004      0.458104044    
   2.22000003      0.462239146    
   2.23000002      0.466275752    
   2.24000001      0.470222831    
   2.25000000      0.474087626    
   2.25999999      0.477875888    
   2.26999998      0.481595039    
   2.27999997      0.485249579    
   2.28999996      0.488844067    
   2.29999995      0.492383361    
   2.30999994      0.495871335    
   2.31999993      0.499310791    
   2.32999992      0.502705395    
   2.33999991      0.506058812    
   2.34999990      0.509372175    
   2.35999990      0.512649655    
   2.36999989      0.515892029    
   2.37999988      0.519101918    
   2.38999987      0.522281766    
   2.39999986      0.525431871    
   2.40999985      0.528555989    
   2.41999984      0.531653047    
   2.42999983      0.534727156    
   2.44000006      0.537777722    
   2.45000005      0.540805936    
   2.46000004      0.543813825    
   2.47000003      0.546801507    
   2.48000002      0.549771309    
   2.49000001      0.552722991    
   2.50000000      0.555657566    
   2.50999999      0.558575332    
   2.51999998      0.561476767    
   2.52999997      0.564365268    
   2.53999996      0.567239702    
   2.54999995      0.570099175    
   2.55999994      0.572946966    
   2.56999993      0.575781524    
   2.57999992      0.578603745    
   2.58999991      0.581415415    
   2.59999990      0.584216177    
   2.60999990      0.587006867    
   2.61999989      0.589785099    
   2.62999988      0.592555165    
   2.63999987      0.595315754    
   2.64999986      0.598066807    
   2.65999985      0.600809216    
   2.66999984      0.603543758    
   2.67999983      0.606269598    
   2.69000006      0.608987391    
   2.70000005      0.611698568    
   2.71000004      0.614401639    
   2.72000003      0.617098212    
   2.73000002      0.619787693    
   2.74000001      0.622470379    
   2.75000000      0.625146687    
   2.75999999      0.627815783    
   2.76999998      0.630480707    
   2.77999997      0.633139074    
   2.78999996      0.635791421    
   2.79999995      0.638438404    
   2.80999994      0.641079843    
   2.81999993      0.643716693    
   2.82999992      0.646347761    
   2.83999991      0.648974597    
   2.84999990      0.651596606    
   2.85999990      0.654213727    
   2.86999989      0.656826675    
   2.87999988      0.659434497    
   2.88999987      0.662038565    
   2.89999986      0.664638519    
   2.90999985      0.667235017    
   2.91999984      0.669826567    
   2.92999983      0.672415137    
   2.93999982      0.674999118    
   2.95000005      0.677581012    
   2.96000004      0.680157483    
   2.97000003      0.682731390    
   2.98000002      0.685301840    
   2.99000001      0.687868357    
   3.00000000      0.690432310    
   3.00999999      0.692993402    
   3.01999998      0.695550919    
   3.02999997      0.698105752    
   3.03999996      0.700657487    
   3.04999995      0.703206003    
   3.05999994      0.705751538    
   3.06999993      0.708294630    
   3.07999992      0.710835397    
   3.08999991      0.713373423    
   3.09999990      0.715908587    
   3.10999990      0.718441367    
   3.11999989      0.720971525    
   3.12999988      0.723499835    
   3.13999987      0.726025701    
   3.14999986      0.728548586    
   3.15999985      0.731069148    
   3.16999984      0.733587980    
   3.17999983      0.736104906    
   3.18999982      0.738618493    
   3.19999981      0.741131663    
   3.21000004      0.743641257    
   3.22000003      0.746149659    
   3.23000002      0.748655975    
   3.24000001      0.751160681    
   3.25000000      0.753662527    
   3.25999999      0.756163418    
   3.26999998      0.758661091    
   3.27999997      0.761157691    
   3.28999996      0.763652563    
   3.29999995      0.766146064    
   3.30999994      0.768637657    
   3.31999993      0.771127164    
   3.32999992      0.773615301    
   3.33999991      0.776102185    
   3.34999990      0.778586805    
   3.35999990      0.781070054    
   3.36999989      0.783552349    
   3.37999988      0.786032081    
   3.38999987      0.788510740    
   3.39999986      0.790987313    
   3.40999985      0.793463707    
   3.41999984      0.795937657    
   3.42999983      0.798411012    
   3.43999982      0.800882041    
   3.44999981      0.803352594    
   3.46000004      0.805821002    
   3.47000003      0.808288574    
   3.48000002      0.810754776    
   3.49000001      0.813220024    
   3.50000000      0.815684259    
   3.50999999      0.818145454    
