   9.99999978E-03   2.96225509E-04
   1.99999996E-02   4.98094887E-04
   2.99999993E-02   7.64417171E-04
   3.99999991E-02   8.89722607E-04
   4.99999970E-02   9.61617858E-04
   5.99999987E-02   1.05974521E-03
   7.00000003E-02   1.18444196E-03
   7.99999982E-02   1.32187526E-03
   8.99999961E-02   1.46710256E-03
   9.99999940E-02   1.61414256E-03
  0.109999999       1.75964821E-03
  0.119999997       1.90167793E-03
  0.129999995       2.03908095E-03
  0.140000001       2.16856925E-03
  0.149999991       2.29844637E-03
  0.159999996       2.41988176E-03
  0.170000002       2.53573805E-03
  0.179999992       2.64585204E-03
  0.189999998       2.75113503E-03
  0.199999988       2.85151391E-03
  0.209999993       2.94721639E-03
  0.219999999       3.03797657E-03
  0.229999989       3.12446733E-03
  0.239999995       3.20688100E-03
  0.250000000       3.28539452E-03
  0.259999990       3.36002163E-03
  0.269999981       3.43155838E-03
  0.280000001       3.49944667E-03
  0.289999992       3.56490538E-03
  0.299999982       3.62650445E-03
  0.310000002       3.68593819E-03
  0.319999993       3.74427228E-03
  0.329999983       3.80799943E-03
  0.340000004       3.85972881E-03
  0.349999994       3.90993198E-03
  0.359999985       3.96000082E-03
  0.370000005       4.01084870E-03
  0.379999995       4.06618323E-03
  0.389999986       4.13887296E-03
  0.399999976       4.26445669E-03
  0.409999996       4.28544963E-03
  0.419999987       4.32820292E-03
  0.429999977       4.37614834E-03
  0.439999998       4.42908984E-03
  0.449999988       4.49028239E-03
  0.459999979       4.56278026E-03
  0.469999999       4.65766946E-03
  0.479999989       4.80020558E-03
  0.489999980       5.08388691E-03
  0.500000000       5.75732067E-03
  0.509999990       5.62333222E-03
  0.519999981       5.64545812E-03
  0.529999971       5.70150604E-03
  0.539999962       5.77484490E-03
  0.550000012       5.86317107E-03
  0.560000002       5.96636953E-03
  0.569999993       6.08687242E-03
  0.579999983       6.22817175E-03
  0.589999974       6.39628991E-03
  0.599999964       6.60033757E-03
  0.610000014       6.85504917E-03
  0.620000005       7.18508847E-03
  0.629999995       7.63817830E-03
  0.639999986       8.31299648E-03
  0.649999976       9.47569404E-03
  0.659999967       1.21698761E-02
  0.669999957       1.48157133E-02
  0.680000007       1.42788980E-02
  0.689999998       1.41681815E-02
  0.699999988       1.41930142E-02
  0.709999979       1.42890764E-02
  0.719999969       1.44320028E-02
  0.729999959       1.46102048E-02
  0.740000010       1.48184896E-02
  0.750000000       1.50253950E-02
  0.759999990       1.53124109E-02
  0.769999981       1.55981006E-02
  0.779999971       1.59082506E-02
  0.789999962       1.62461139E-02
  0.799999952       1.66126415E-02
  0.810000002       1.70108192E-02
  0.819999993       1.74438637E-02
  0.829999983       1.79158188E-02
  0.839999974       1.84316970E-02
  0.849999964       1.89982690E-02
  0.859999955       1.96231380E-02
  0.870000005       2.03158427E-02
  0.879999995       2.10895669E-02
  0.889999986       2.19610054E-02
  0.899999976       2.29514278E-02
  0.909999967       2.40880530E-02
  0.919999957       2.54195221E-02
  0.930000007       2.69964524E-02
  0.939999998       2.89102755E-02
  0.949999988       3.13006416E-02
  0.959999979       3.44044641E-02
  0.969999969       3.86652760E-02
  0.979999959       4.50306274E-02
  0.989999950       5.59801161E-02
   1.00000000       7.64502957E-02
   1.00999999       7.78186768E-02
   1.01999998       7.77695701E-02
   1.02999997       7.77929872E-02
   1.03999996       7.79310092E-02
   1.04999995       7.81661198E-02
   1.05999994       7.84802809E-02
   1.06999993       7.88583606E-02
   1.07999992       7.92902187E-02
   1.09000003       7.97662959E-02
   1.10000002       8.02808776E-02
   1.11000001       8.08287710E-02
   1.12000000       8.14063475E-02
   1.13000000       8.20106491E-02
   1.13999999       8.26390088E-02
   1.14999998       8.32898021E-02
   1.15999997       8.39611664E-02
   1.16999996       8.46522152E-02
   1.17999995       8.53616893E-02
   1.18999994       8.60888064E-02
   1.19999993       8.68333802E-02
   1.20999992       8.75944570E-02
   1.22000003       8.83717760E-02
   1.23000002       8.91647115E-02
   1.24000001       8.99738595E-02
   1.25000000       9.07979533E-02
   1.25999999       9.16386247E-02
   1.26999998       9.24944952E-02
   1.27999997       9.33658332E-02
   1.28999996       9.42532420E-02
   1.29999995       9.51566398E-02
   1.30999994       9.60760266E-02
   1.31999993       9.70116854E-02
   1.32999992       9.79643762E-02
   1.33999991       9.89339054E-02
   1.35000002       9.99208987E-02
   1.36000001      0.100925557    
   1.37000000      0.101948492    
   1.38000000      0.102990165    
   1.38999999      0.104050912    
   1.39999998      0.105131567    
   1.40999997      0.106232539    
   1.41999996      0.107354239    
   1.42999995      0.108497806    
   1.43999994      0.109663665    
   1.44999993      0.110852405    
   1.45999992      0.112065315    
   1.46999991      0.113302849    
   1.48000002      0.114565931    
   1.49000001      0.115855694    
   1.50000000      0.117173329    
   1.50999999      0.118518025    
   1.51999998      0.119895197    
   1.52999997      0.121302508    
   1.53999996      0.122741967    
   1.54999995      0.124215297    
   1.55999994      0.125724047    
   1.56999993      0.127269626    
   1.57999992      0.128853723    
   1.58999991      0.130478382    
   1.59999990      0.132145196    
   1.61000001      0.133856431    
   1.62000000      0.135614470    
   1.63000000      0.137421370    
   1.63999999      0.139279827    
   1.64999998      0.141192436    
   1.65999997      0.143162757    
   1.66999996      0.145193398    
   1.67999995      0.147288144    
   1.68999994      0.149450421    
   1.69999993      0.151684597    
   1.70999992      0.153995007    
   1.71999991      0.156387448    
   1.73000002      0.158865228    
   1.74000001      0.161435246    
   1.75000000      0.164101973    
   1.75999999      0.166878715    
   1.76999998      0.169766352    
   1.77999997      0.172775790    
   1.78999996      0.175916180    
   1.79999995      0.179198340    
   1.80999994      0.182633653    
   1.81999993      0.186235294    
   1.82999992      0.190017745    
   1.83999991      0.193997771    
   1.84999990      0.198193803    
   1.86000001      0.202626869    
   1.87000000      0.207321286    
   1.88000000      0.212304339    
   1.88999999      0.217608035    
   1.89999998      0.223268628    
   1.90999997      0.229328424    
   1.91999996      0.235836759    
   1.92999995      0.242850661    
   1.93999994      0.250437349    
   1.94999993      0.258674204    
   1.95999992      0.267651975    
   1.96999991      0.277472645    
   1.97999990      0.288247794    
   1.99000001      0.300087243    
   2.00000000      0.313065559    
   2.00999999      0.326976269    
   2.01999998      0.340076119    
   2.02999997      0.351959497    
   2.03999996      0.362716824    
   2.04999995      0.372501194    
   2.05999994      0.381460100    
   2.06999993      0.389719456    
   2.07999992      0.397385895    
   2.08999991      0.404541939    
   2.09999990      0.411260754    
   2.10999990      0.417601496    
   2.11999989      0.423610955    
   2.12999988      0.429331869    
   2.13999987      0.434797734    
   2.14999986      0.440037370    
   2.15999985      0.445076466    
   2.16999984      0.449936301    
   2.18000007      0.454635084    
   2.19000006      0.459188104    
   2.20000005      0.463610470    
   2.21000004      0.467913747    
   2.22000003      0.472108811    
   2.23000002      0.476204246    
   2.24000001      0.480210751    
   2.25000000      0.484133482    
   2.25999999      0.487979710    
   2.26999998      0.491755337    
   2.27999997      0.495466113    
   2.28999996      0.499116868    
   2.29999995      0.502711058    
   2.30999994      0.506253660    
   2.31999993      0.509747446    
   2.32999992      0.513195932    
   2.33999991      0.516602635    
   2.34999990      0.519969285    
   2.35999990      0.523298979    
   2.36999989      0.526594102    
   2.37999988      0.529856026    
   2.38999987      0.533086956    
   2.39999986      0.536288977    
   2.40999985      0.539463282    
   2.41999984      0.542611539    
   2.42999983      0.545735240    
   2.44000006      0.548835874    
   2.45000005      0.551913977    
   2.46000004      0.554970920    
   2.47000003      0.558009088    
   2.48000002      0.561027229    
   2.49000001      0.564027667    
   2.50000000      0.567010701    
   2.50999999      0.569976866    
   2.51999998      0.572926641    
   2.52999997      0.575863659    
   2.53999996      0.578785241    
   2.54999995      0.581692517    
   2.55999994      0.584587872    
   2.56999993      0.587469637    
   2.57999992      0.590339720    
   2.58999991      0.593197882    
   2.59999990      0.596044838    
   2.60999990      0.598883271    
   2.61999989      0.601707935    
   2.62999988      0.604524195    
   2.63999987      0.607330978    
   2.64999986      0.610128343    
   2.65999985      0.612916410    
   2.66999984      0.615697086    
   2.67999983      0.618468702    
   2.69000006      0.621233523    
   2.70000005      0.623988509    
   2.71000004      0.626738369    
   2.72000003      0.629479885    
   2.73000002      0.632214725    
   2.74000001      0.634942174    
   2.75000000      0.637664080    
   2.75999999      0.640378714    
   2.76999998      0.643088341    
   2.77999997      0.645791352    
   2.78999996      0.648488104    
   2.79999995      0.651180327    
   2.80999994      0.653867006    
   2.81999993      0.656548083    
   2.82999992      0.659223497    
   2.83999991      0.661895573    
   2.84999990      0.664561570    
   2.85999990      0.667223155    
   2.86999989      0.669879794    
   2.87999988      0.672532797    
   2.88999987      0.675180852    
   2.89999986      0.677824795    
   2.90999985      0.680464625    
   2.91999984      0.683101416    
   2.92999983      0.685733080    
   2.93999982      0.688361347    
   2.95000005      0.690986991    
   2.96000004      0.693606615    
   2.97000003      0.696224332    
   2.98000002      0.698838592    
   2.99000001      0.701449096    
   3.00000000      0.704056144    
   3.00999999      0.706660688    
   3.01999998      0.709261894    
   3.02999997      0.711860180    
   3.03999996      0.714454710    
   3.04999995      0.717046916    
   3.05999994      0.719636559    
   3.06999993      0.722223401    
   3.07999992      0.724806845    
   3.08999991      0.727387607    
   3.09999990      0.729965448    
   3.10999990      0.732542634    
   3.11999989      0.735115886    
   3.12999988      0.737686932    
   3.13999987      0.740255773    
   3.14999986      0.742821693    
   3.15999985      0.745385051    
   3.16999984      0.747947037    
   3.17999983      0.750507057    
   3.18999982      0.753063977    
   3.19999981      0.755619168    
   3.21000004      0.758172214    
   3.22000003      0.760722399    
   3.23000002      0.763271809    
   3.24000001      0.765819132    
   3.25000000      0.768364251    
   3.25999999      0.770906985    
   3.26999998      0.773448408    
   3.27999997      0.775987685    
   3.28999996      0.778524637    
   3.29999995      0.781060338    
   3.30999994      0.783595026    
   3.31999993      0.786126792    
   3.32999992      0.788657904    
   3.33999991      0.791187286    
   3.34999990      0.793714762    
   3.35999990      0.796239913    
   3.36999989      0.798763990    
   3.37999988      0.801286578    
   3.38999987      0.803807378    
   3.39999986      0.806327701    
   3.40999985      0.808845937    
   3.41999984      0.811362088    
   3.42999983      0.813876748    
   3.43999982      0.816391408    
   3.44999981      0.818903744    
   3.46000004      0.821414709    
   3.47000003      0.823924720    
   3.48000002      0.826432943    
   3.49000001      0.828940094    
   3.50000000      0.831445873    
   3.50999999      0.833950341    
