   9.99999978E-03   2.97616440E-04
   1.99999996E-02   5.03658375E-04
   2.99999993E-02   7.69915758E-04
   3.99999991E-02   9.02104075E-04
   4.99999970E-02   9.73472663E-04
   5.99999987E-02   1.06917846E-03
   7.00000003E-02   1.19104586E-03
   7.99999982E-02   1.32905820E-03
   8.99999961E-02   1.47428643E-03
   9.99999940E-02   1.62175158E-03
  0.109999999       1.76801905E-03
  0.119999997       1.91100093E-03
  0.129999995       2.04951293E-03
  0.140000001       2.18015956E-03
  0.149999991       2.31094332E-03
  0.159999996       2.43385904E-03
  0.170000002       2.55090836E-03
  0.179999992       2.66219024E-03
  0.189999998       2.76864017E-03
  0.199999988       2.87015177E-03
  0.209999993       2.96694320E-03
  0.219999999       3.05861817E-03
  0.229999989       3.14625842E-03
  0.239999995       3.22966045E-03
  0.250000000       3.30895954E-03
  0.259999990       3.38467536E-03
  0.269999981       3.45670967E-03
  0.280000001       3.52614047E-03
  0.289999992       3.59227392E-03
  0.299999982       3.65471537E-03
  0.310000002       3.71502293E-03
  0.319999993       3.77416820E-03
  0.329999983       3.83984856E-03
  0.340000004       3.89176747E-03
  0.349999994       3.94275645E-03
  0.359999985       3.99436103E-03
  0.370000005       4.04649042E-03
  0.379999995       4.10375511E-03
  0.389999986       4.17993078E-03
  0.399999976       4.31115367E-03
  0.409999996       4.33187280E-03
  0.419999987       4.37579630E-03
  0.429999977       4.42538969E-03
  0.439999998       4.48046252E-03
  0.449999988       4.54446208E-03
  0.459999979       4.62078769E-03
  0.469999999       4.72126203E-03
  0.479999989       4.87295631E-03
  0.489999980       5.17551834E-03
  0.500000000       5.87619748E-03
  0.509999990       5.73215121E-03
  0.519999981       5.75846201E-03
  0.529999971       5.81684709E-03
  0.539999962       5.89377759E-03
  0.550000012       5.98654011E-03
  0.560000002       6.09512581E-03
  0.569999993       6.22059871E-03
  0.579999983       6.37114095E-03
  0.589999974       6.54154597E-03
  0.599999964       6.76479796E-03
  0.610000014       7.03327917E-03
  0.620000005       7.38233421E-03
  0.629999995       7.86117744E-03
  0.639999986       8.57418124E-03
  0.649999976       9.80052352E-03
  0.659999967       1.26228081E-02
  0.669999957       1.53123345E-02
  0.680000007       1.47571517E-02
  0.689999998       1.46420058E-02
  0.699999988       1.46673806E-02
  0.709999979       1.47687821E-02
  0.719999969       1.49158761E-02
  0.729999959       1.51014738E-02
  0.740000010       1.53183425E-02
  0.750000000       1.55622596E-02
  0.759999990       1.58328209E-02
  0.769999981       1.61298327E-02
  0.779999971       1.64537039E-02
  0.789999962       1.68058593E-02
  0.799999952       1.71879064E-02
  0.810000002       1.76029671E-02
  0.819999993       1.80543605E-02
  0.829999983       1.85463373E-02
  0.839999974       1.90841351E-02
  0.849999964       1.96746588E-02
  0.859999955       2.03257687E-02
  0.870000005       2.10478883E-02
  0.879999995       2.18541566E-02
  0.889999986       2.27629952E-02
  0.899999976       2.37952936E-02
  0.909999967       2.49775685E-02
  0.919999957       2.63636950E-02
  0.930000007       2.80047078E-02
  0.939999998       2.99951378E-02
  0.949999988       3.24792787E-02
  0.959999979       3.57012488E-02
  0.969999969       4.01166864E-02
  0.979999959       4.66936715E-02
  0.989999950       5.79373799E-02
   1.00000000       7.85688981E-02
   1.00999999       7.99944475E-02
   1.01999998       7.99668655E-02
   1.02999997       8.00037012E-02
   1.03999996       8.01533014E-02
   1.04999995       8.03998783E-02
   1.05999994       8.07261467E-02
   1.06999993       8.11170191E-02
   1.07999992       8.15622434E-02
   1.09000003       8.20527077E-02
   1.10000002       8.25821459E-02
   1.11000001       8.31456706E-02
   1.12000000       8.37395787E-02
   1.13000000       8.43605846E-02
   1.13999999       8.50063786E-02
   1.14999998       8.56750384E-02
   1.15999997       8.63647759E-02
   1.16999996       8.70747715E-02
   1.17999995       8.78034234E-02
   1.18999994       8.85505006E-02
   1.19999993       8.93153027E-02
   1.20999992       9.00969356E-02
   1.22000003       9.08952877E-02
   1.23000002       9.17095393E-02
   1.24000001       9.25408602E-02
   1.25000000       9.33871344E-02
   1.25999999       9.42505226E-02
   1.26999998       9.51295719E-02
   1.27999997       9.60245952E-02
   1.28999996       9.69357938E-02
   1.29999995       9.78633687E-02
   1.30999994       9.88075659E-02
   1.31999993       9.97684821E-02
   1.32999992      0.100746788    
   1.33999991      0.101742260    
   1.35000002      0.102755837    
   1.36000001      0.103787422    
   1.37000000      0.104837865    
   1.38000000      0.105907276    
   1.38999999      0.106996402    
   1.39999998      0.108105883    
   1.40999997      0.109236076    
   1.41999996      0.110387735    
   1.42999995      0.111561716    
   1.43999994      0.112758502    
   1.44999993      0.113978744    
   1.45999992      0.115223661    
   1.46999991      0.116493843    
   1.48000002      0.117790222    
   1.49000001      0.119113937    
   1.50000000      0.120465830    
   1.50999999      0.121845990    
   1.51999998      0.123259075    
   1.52999997      0.124703050    
   1.53999996      0.126179799    
   1.54999995      0.127691463    
   1.55999994      0.129239097    
   1.56999993      0.130824536    
   1.57999992      0.132448986    
   1.58999991      0.134115309    
   1.59999990      0.135822713    
   1.61000001      0.137579173    
   1.62000000      0.139381498    
   1.63000000      0.141233817    
   1.63999999      0.143138990    
   1.64999998      0.145099282    
   1.65999997      0.147118509    
   1.66999996      0.149199024    
   1.67999995      0.151345104    
   1.68999994      0.153560117    
   1.69999993      0.155848384    
   1.70999992      0.158214420    
   1.71999991      0.160663664    
   1.73000002      0.163200289    
   1.74000001      0.165830627    
   1.75000000      0.168561772    
   1.75999999      0.171400040    
   1.76999998      0.174353704    
   1.77999997      0.177430794    
   1.78999996      0.180641279    
   1.79999995      0.183995590    
   1.80999994      0.187505260    
   1.81999993      0.191183537    
   1.82999992      0.195045307    
   1.83999991      0.199106947    
   1.84999990      0.203387514    
   1.86000001      0.207907587    
   1.87000000      0.212691978    
   1.88000000      0.217767507    
   1.88999999      0.223166361    
   1.89999998      0.228924632    
   1.90999997      0.235084310    
   1.91999996      0.241694704    
   1.92999995      0.248811677    
   1.93999994      0.256501824    
   1.94999993      0.264841229    
   1.95999992      0.273918182    
   1.96999991      0.283831954    
   1.97999990      0.294690192    
   1.99000001      0.306595892    
   2.00000000      0.319616675    
   2.00999999      0.333536237    
   2.01999998      0.346646160    
   2.02999997      0.358550549    
   2.03999996      0.369337976    
   2.04999995      0.379159123    
   2.05999994      0.388159722    
   2.06999993      0.396464139    
   2.07999992      0.404177487    
   2.08999991      0.411381096    
   2.09999990      0.418149054    
   2.10999990      0.424538732    
   2.11999989      0.430597514    
   2.12999988      0.436367333    
   2.13999987      0.441881329    
   2.14999986      0.447169691    
   2.15999985      0.452256352    
   2.16999984      0.457163125    
   2.18000007      0.461908668    
   2.19000006      0.466508090    
   2.20000005      0.470976263    
   2.21000004      0.475324839    
   2.22000003      0.479564309    
   2.23000002      0.483704746    
   2.24000001      0.487754166    
   2.25000000      0.491719961    
   2.25999999      0.495609254    
   2.26999998      0.499427378    
   2.27999997      0.503179967    
   2.28999996      0.506871998    
   2.29999995      0.510508001    
   2.30999994      0.514090896    
   2.31999993      0.517625570    
   2.32999992      0.521114767    
   2.33999991      0.524560571    
   2.34999990      0.527966976    
   2.35999990      0.531336129    
   2.36999989      0.534666121    
   2.37999988      0.537970304    
   2.38999987      0.541239679    
   2.39999986      0.544480622    
   2.40999985      0.547692418    
   2.41999984      0.550878644    
   2.42999983      0.554040015    
   2.44000006      0.557178080    
   2.45000005      0.560293257    
   2.46000004      0.563387394    
   2.47000003      0.566462398    
   2.48000002      0.569517195    
   2.49000001      0.572554111    
   2.50000000      0.575573564    
   2.50999999      0.578575790    
   2.51999998      0.581562579    
   2.52999997      0.584533930    
   2.53999996      0.587491870    
   2.54999995      0.590435863    
   2.55999994      0.593365610    
   2.56999993      0.596283019    
   2.57999992      0.599188209    
   2.58999991      0.602081835    
   2.59999990      0.604963899    
   2.60999990      0.607835531    
   2.61999989      0.610696256    
   2.62999988      0.613547683    
   2.63999987      0.616388381    
   2.64999986      0.619221568    
   2.65999985      0.622044086    
   2.66999984      0.624858618    
   2.67999983      0.627665401    
   2.69000006      0.630463243    
   2.70000005      0.633254170    
   2.71000004      0.636036456    
   2.72000003      0.638812244    
   2.73000002      0.641581059    
   2.74000001      0.644343376    
   2.75000000      0.647098422    
   2.75999999      0.649847746    
   2.76999998      0.652589858    
   2.77999997      0.655326545    
   2.78999996      0.658057153    
   2.79999995      0.660782993    
   2.80999994      0.663502574    
   2.81999993      0.666217268    
   2.82999992      0.668926477    
   2.83999991      0.671631396    
   2.84999990      0.674330473    
   2.85999990      0.677025735    
   2.86999989      0.679715753    
   2.87999988      0.682398617    
   2.88999987      0.685082376    
   2.89999986      0.687759399    
   2.90999985      0.690432727    
   2.91999984      0.693101764    
   2.92999983      0.695767105    
   2.93999982      0.698428512    
   2.95000005      0.701085627    
   2.96000004      0.703739047    
   2.97000003      0.706389070    
   2.98000002      0.709036887    
   2.99000001      0.711680055    
   3.00000000      0.714319646    
   3.00999999      0.716956615    
   3.01999998      0.719590545    
   3.02999997      0.722221076    
   3.03999996      0.724848151    
   3.04999995      0.727472723    
   3.05999994      0.730094910    
   3.06999993      0.732713521    
   3.07999992      0.735330880    
   3.08999991      0.737943172    
   3.09999990      0.740553617    
   3.10999990      0.743162811    
   3.11999989      0.745767772    
   3.12999988      0.748371840    
   3.13999987      0.750972390    
   3.14999986      0.753571272    
   3.15999985      0.756167531    
   3.16999984      0.758760989    
   3.17999983      0.761352599    
   3.18999982      0.763942003    
   3.19999981      0.766529024    
   3.21000004      0.769114196    
   3.22000003      0.771697819    
   3.23000002      0.774278402    
   3.24000001      0.776856780    
   3.25000000      0.779435039    
   3.25999999      0.782009661    
   3.26999998      0.784582794    
   3.27999997      0.787154496    
   3.28999996      0.789723337    
   3.29999995      0.792291343    
   3.30999994      0.794857383    
   3.31999993      0.797421217    
   3.32999992      0.799983978    
   3.33999991      0.802545071    
   3.34999990      0.805103183    
   3.35999990      0.807661712    
   3.36999989      0.810217202    
   3.37999988      0.812771440    
   3.38999987      0.815325260    
   3.39999986      0.817876399    
   3.40999985      0.820426404    
   3.41999984      0.822974682    
   3.42999983      0.825521410    
   3.43999982      0.828066766    
   3.44999981      0.830610931    
   3.46000004      0.833153963    
   3.47000003      0.835695565    
   3.48000002      0.838235080    
   3.49000001      0.840772927    
   3.50000000      0.843310952    
   3.50999999      0.845838904    
