   9.99999978E-03   2.97146267E-04
   1.99999996E-02   5.01765404E-04
   2.99999993E-02   7.68151076E-04
   3.99999991E-02   8.97547929E-04
   4.99999970E-02   9.69528919E-04
   5.99999987E-02   1.06602127E-03
   7.00000003E-02   1.18840800E-03
   7.99999982E-02   1.32666109E-03
   8.99999961E-02   1.47189875E-03
   9.99999940E-02   1.61923212E-03
  0.109999999       1.76525034E-03
  0.119999997       1.90791232E-03
  0.129999995       2.04607425E-03
  0.140000001       2.17632181E-03
  0.149999991       2.30672327E-03
  0.159999996       2.42923503E-03
  0.170000002       2.54588574E-03
  0.179999992       2.65677483E-03
  0.189999998       2.76284083E-03
  0.199999988       2.86397850E-03
  0.209999993       2.96040811E-03
  0.219999999       3.05173360E-03
  0.229999989       3.13903322E-03
  0.239999995       3.22210975E-03
  0.250000000       3.30108544E-03
  0.259999990       3.37649859E-03
  0.269999981       3.44829704E-03
  0.280000001       3.51734366E-03
  0.289999992       3.58319050E-03
  0.299999982       3.64535209E-03
  0.310000002       3.70536046E-03
  0.319999993       3.76417465E-03
  0.329999983       3.82925873E-03
  0.340000004       3.88097530E-03
  0.349999994       3.93216731E-03
  0.359999985       3.98292858E-03
  0.370000005       4.03462537E-03
  0.379999995       4.09118878E-03
  0.389999986       4.16622264E-03
  0.399999976       4.29554656E-03
  0.409999996       4.31635976E-03
  0.419999987       4.35989350E-03
  0.429999977       4.40892624E-03
  0.439999998       4.46327357E-03
  0.449999988       4.52631153E-03
  0.459999979       4.60134307E-03
  0.469999999       4.69992217E-03
  0.479999989       4.84851096E-03
  0.489999980       5.14467154E-03
  0.500000000       5.83621254E-03
  0.509999990       5.69437351E-03
  0.519999981       5.72043890E-03
  0.529999971       5.77802258E-03
  0.539999962       5.85376425E-03
  0.550000012       5.94502874E-03
  0.560000002       6.05177553E-03
  0.569999993       6.17654808E-03
  0.579999983       6.32302416E-03
  0.589999974       6.49034372E-03
  0.599999964       6.70891907E-03
  0.610000014       6.97253039E-03
  0.620000005       7.31588062E-03
  0.629999995       7.78598245E-03
  0.639999986       8.48608837E-03
  0.649999976       9.69094783E-03
  0.659999967       1.24700544E-02
  0.669999957       1.51453000E-02
  0.680000007       1.45962555E-02
  0.689999998       1.44823994E-02
  0.699999988       1.45079512E-02
  0.709999979       1.46064842E-02
  0.719999969       1.47530418E-02
  0.729999959       1.49361975E-02
  0.740000010       1.51501717E-02
  0.750000000       1.53908366E-02
  0.759999990       1.56577360E-02
  0.769999981       1.59507375E-02
  0.779999971       1.62701868E-02
  0.789999962       1.66175477E-02
  0.799999952       1.69943683E-02
  0.810000002       1.74037553E-02
  0.819999993       1.78489685E-02
  0.829999983       1.83342136E-02
  0.839999974       1.88646410E-02
  0.849999964       1.94471031E-02
  0.859999955       2.00894810E-02
  0.870000005       2.08016075E-02
  0.879999995       2.15969160E-02
  0.889999986       2.24926192E-02
  0.899999976       2.35119052E-02
  0.909999967       2.46783514E-02
  0.919999957       2.60461010E-02
  0.930000007       2.76655760E-02
  0.939999998       2.96302680E-02
  0.949999988       3.20829190E-02
  0.959999979       3.52652334E-02
  0.969999969       3.96288373E-02
  0.979999959       4.61350419E-02
  0.989999950       5.72806634E-02
   1.00000000       7.78590962E-02
   1.00999999       7.92655945E-02
   1.01999998       7.92307705E-02
   1.02999997       7.92630464E-02
   1.03999996       7.94087201E-02
   1.04999995       7.96514899E-02
   1.05999994       7.99736157E-02
   1.06999993       8.03601965E-02
   1.07999992       8.08008909E-02
   1.09000003       8.12865496E-02
   1.10000002       8.18109587E-02
   1.11000001       8.23692903E-02
   1.12000000       8.29577595E-02
   1.13000000       8.35732371E-02
   1.13999999       8.42131004E-02
   1.14999998       8.48757774E-02
   1.15999997       8.55593532E-02
   1.16999996       8.62630084E-02
   1.17999995       8.69852751E-02
   1.18999994       8.77256095E-02
   1.19999993       8.84836167E-02
   1.20999992       8.92583579E-02
   1.22000003       9.00497288E-02
   1.23000002       9.08567384E-02
   1.24000001       9.16806310E-02
   1.25000000       9.25196409E-02
   1.25999999       9.33753848E-02
   1.26999998       9.42465961E-02
   1.27999997       9.51337218E-02
   1.28999996       9.60369930E-02
   1.29999995       9.69564542E-02
   1.30999994       9.78923291E-02
   1.31999993       9.88448635E-02
   1.32999992       9.98145863E-02
   1.33999991      0.100801356    
   1.35000002      0.101806000    
   1.36000001      0.102828622    
   1.37000000      0.103869796    
   1.38000000      0.104930021    
   1.38999999      0.106009603    
   1.39999998      0.107109413    
   1.40999997      0.108229883    
   1.41999996      0.109371424    
   1.42999995      0.110535264    
   1.43999994      0.111721717    
   1.44999993      0.112931356    
   1.45999992      0.114165545    
   1.46999991      0.115424819    
   1.48000002      0.116710141    
   1.49000001      0.118022487    
   1.50000000      0.119362876    
   1.50999999      0.120731123    
   1.51999998      0.122132272    
   1.52999997      0.123563953    
   1.53999996      0.125028357    
   1.54999995      0.126527160    
   1.55999994      0.128061682    
   1.56999993      0.129633769    
   1.57999992      0.131244883    
   1.58999991      0.132897049    
   1.59999990      0.134590581    
   1.61000001      0.136332408    
   1.62000000      0.138119817    
   1.63000000      0.139956996    
   1.63999999      0.141846508    
   1.64999998      0.143791109    
   1.65999997      0.145793617    
   1.66999996      0.147857472    
   1.67999995      0.149986535    
   1.68999994      0.152183920    
   1.69999993      0.154454276    
   1.70999992      0.156801656    
   1.71999991      0.159232035    
   1.73000002      0.161748722    
   1.74000001      0.164359003    
   1.75000000      0.167067081    
   1.75999999      0.169886321    
   1.76999998      0.172817856    
   1.77999997      0.175872505    
   1.78999996      0.179059640    
   1.79999995      0.182389632    
   1.80999994      0.185874492    
   1.81999993      0.189527288    
   1.82999992      0.193362713    
   1.83999991      0.197397113    
   1.84999990      0.201649278    
   1.86000001      0.206140533    
   1.87000000      0.210894853    
   1.88000000      0.215939641    
   1.88999999      0.221306697    
   1.89999998      0.227032498    
   1.90999997      0.233158901    
   1.91999996      0.239735305    
   1.92999995      0.246818081    
   1.93999994      0.254473895    
   1.94999993      0.262779325    
   1.95999992      0.271823317    
   1.96999991      0.281706274    
   1.97999990      0.292536795    
   1.99000001      0.304420829    
   2.00000000      0.317427516    
   2.00999999      0.331344485    
   2.01999998      0.344450921    
   2.02999997      0.356348157    
   2.03999996      0.367123455    
   2.04999995      0.376934856    
   2.05999994      0.385921776    
   2.06999993      0.394211292    
   2.07999992      0.401909143    
   2.08999991      0.409096837    
   2.09999990      0.415848583    
   2.10999990      0.422222018    
   2.11999989      0.428264320    
   2.12999988      0.434017807    
   2.13999987      0.439516097    
   2.14999986      0.444788158    
   2.15999985      0.449858904    
   2.16999984      0.454750299    
   2.18000007      0.459480315    
   2.19000006      0.464064330    
   2.20000005      0.468517214    
   2.21000004      0.472850770    
   2.22000003      0.477075428    
   2.23000002      0.481201142    
   2.24000001      0.485235929    
   2.25000000      0.489187807    
   2.25999999      0.493062466    
   2.26999998      0.496866941    
   2.27999997      0.500605166    
   2.28999996      0.504283726    
   2.29999995      0.507905602    
   2.30999994      0.511475623    
   2.31999993      0.514996350    
   2.32999992      0.518472135    
   2.33999991      0.521904826    
   2.34999990      0.525298119    
   2.35999990      0.528653800    
   2.36999989      0.531974733    
   2.37999988      0.535262704    
   2.38999987      0.538519025    
   2.39999986      0.541746080    
   2.40999985      0.544946373    
   2.41999984      0.548119843    
   2.42999983      0.551269114    
   2.44000006      0.554394424    
   2.45000005      0.557497263    
   2.46000004      0.560579121    
   2.47000003      0.563641548    
   2.48000002      0.566683710    
   2.49000001      0.569709122    
   2.50000000      0.572716177    
   2.50999999      0.575707257    
   2.51999998      0.578680933    
   2.52999997      0.581640780    
   2.53999996      0.584587157    
   2.54999995      0.587518513    
   2.55999994      0.590436697    
   2.56999993      0.593342364    
   2.57999992      0.596235871    
   2.58999991      0.599117458    
   2.59999990      0.601987720    
   2.60999990      0.604848027    
   2.61999989      0.607697785    
   2.62999988      0.610536993    
   2.63999987      0.613366425    
   2.64999986      0.616187334    
   2.65999985      0.618999422    
   2.66999984      0.621802211    
   2.67999983      0.624597311    
   2.69000006      0.627384245    
   2.70000005      0.630163312    
   2.71000004      0.632934749    
   2.72000003      0.635698795    
   2.73000002      0.638456404    
   2.74000001      0.641206801    
   2.75000000      0.643951595    
   2.75999999      0.646688640    
   2.76999998      0.649420083    
   2.77999997      0.652146220    
   2.78999996      0.654865384    
   2.79999995      0.657579482    
   2.80999994      0.660288453    
   2.81999993      0.662991524    
   2.82999992      0.665690184    
   2.83999991      0.668383181    
   2.84999990      0.671072543    
   2.85999990      0.673755288    
   2.86999989      0.676434815    
   2.87999988      0.679109871    
   2.88999987      0.681779742    
   2.89999986      0.684445202    
   2.90999985      0.687107921    
   2.91999984      0.689765751    
   2.92999983      0.692419887    
   2.93999982      0.695070386    
   2.95000005      0.697716594    
   2.96000004      0.700359344    
   2.97000003      0.702998936    
   2.98000002      0.705634952    
   2.99000001      0.708267093    
   3.00000000      0.710896313    
   3.00999999      0.713522613    
   3.01999998      0.716145039    
   3.02999997      0.718765020    
   3.03999996      0.721381426    
   3.04999995      0.723995268    
   3.05999994      0.726606250    
   3.06999993      0.729214489    
   3.07999992      0.731820524    
   3.08999991      0.734422922    
   3.09999990      0.737022460    
   3.10999990      0.739619851    
   3.11999989      0.742215216    
   3.12999988      0.744807899    
   3.13999987      0.747398257    
   3.14999986      0.749986231    
   3.15999985      0.752570808    
   3.16999984      0.755154073    
   3.17999983      0.757735133    
   3.18999982      0.760313690    
   3.19999981      0.762890637    
   3.21000004      0.765464962    
   3.22000003      0.768037021    
   3.23000002      0.770607233    
   3.24000001      0.773175955    
   3.25000000      0.775742710    
   3.25999999      0.778307021    
   3.26999998      0.780868709    
   3.27999997      0.783429503    
   3.28999996      0.785988390    
   3.29999995      0.788545728    
   3.30999994      0.791101217    
   3.31999993      0.793654859    
   3.32999992      0.796206355    
   3.33999991      0.798756838    
   3.34999990      0.801305592    
   3.35999990      0.803852558    
   3.36999989      0.806397557    
   3.37999988      0.808941245    
   3.38999987      0.811483681    
   3.39999986      0.814024389    
   3.40999985      0.816564143    
   3.41999984      0.819101572    
   3.42999983      0.821637809    
   3.43999982      0.824173391    
   3.44999981      0.826706171    
   3.46000004      0.829238772    
   3.47000003      0.831769705    
   3.48000002      0.834299147    
   3.49000001      0.836827099    
   3.50000000      0.839354038    
   3.50999999      0.841871917    
