   9.99999978E-03   2.96756276E-04
   1.99999996E-02   4.99945367E-04
   2.99999993E-02   7.66293611E-04
   3.99999991E-02   8.93937715E-04
   4.99999970E-02   9.65700834E-04
   5.99999987E-02   1.06287387E-03
   7.00000003E-02   1.18577923E-03
   7.99999982E-02   1.32427248E-03
   8.99999961E-02   1.46950199E-03
   9.99999940E-02   1.61669613E-03
  0.109999999       1.76246185E-03
  0.119999997       1.90481765E-03
  0.129999995       2.04258179E-03
  0.140000001       2.17246288E-03
  0.149999991       2.30229739E-03
  0.159999996       2.42457818E-03
  0.170000002       2.54082982E-03
  0.179999992       2.65132729E-03
  0.189999998       2.75700982E-03
  0.199999988       2.85776914E-03
  0.209999993       2.95383320E-03
  0.219999999       3.04494798E-03
  0.229999989       3.13177216E-03
  0.239999995       3.21451714E-03
  0.250000000       3.29311844E-03
  0.259999990       3.36828479E-03
  0.269999981       3.43978289E-03
  0.280000001       3.50851938E-03
  0.289999992       3.57406982E-03
  0.299999982       3.63594806E-03
  0.310000002       3.69566609E-03
  0.319999993       3.75435036E-03
  0.329999983       3.81864491E-03
  0.340000004       3.87058873E-03
  0.349999994       3.92106595E-03
  0.359999985       3.97148076E-03
  0.370000005       4.02275193E-03
  0.379999995       4.07869229E-03
  0.389999986       4.15254524E-03
  0.399999976       4.27998835E-03
  0.409999996       4.30089049E-03
  0.419999987       4.34403820E-03
  0.429999977       4.39251820E-03
  0.439999998       4.44615632E-03
  0.449999988       4.50827926E-03
  0.459999979       4.58201859E-03
  0.469999999       4.67874110E-03
  0.479999989       4.82426770E-03
  0.489999980       5.11414371E-03
  0.500000000       5.79661224E-03
  0.509999990       5.65695809E-03
  0.519999981       5.68279251E-03
  0.529999971       5.73964417E-03
  0.539999962       5.81414113E-03
  0.550000012       5.90393040E-03
  0.560000002       6.00888487E-03
  0.569999993       6.13151537E-03
  0.579999983       6.27540890E-03
  0.589999974       6.44654408E-03
  0.599999964       6.62315032E-03
  0.610000014       6.93034148E-03
  0.620000005       7.25008408E-03
  0.629999995       7.71168666E-03
  0.639999986       8.39907676E-03
  0.649999976       9.58273374E-03
  0.659999967       1.23193739E-02
  0.669999957       1.49798542E-02
  0.680000007       1.44369286E-02
  0.689999998       1.43247535E-02
  0.699999988       1.43498322E-02
  0.709999979       1.44471219E-02
  0.719999969       1.45919407E-02
  0.729999959       1.47725334E-02
  0.740000010       1.49836438E-02
  0.750000000       1.52210323E-02
  0.759999990       1.54843675E-02
  0.769999981       1.57733709E-02
  0.779999971       1.60884801E-02
  0.789999962       1.64310671E-02
  0.799999952       1.68027095E-02
  0.810000002       1.72064863E-02
  0.819999993       1.76455919E-02
  0.829999983       1.81241576E-02
  0.839999974       1.86472535E-02
  0.849999964       1.92217529E-02
  0.859999955       1.98553540E-02
  0.870000005       2.05577184E-02
  0.879999995       2.13422179E-02
  0.889999986       2.22257208E-02
  0.899999976       2.32312717E-02
  0.909999967       2.43820008E-02
  0.919999957       2.57315524E-02
  0.930000007       2.73296554E-02
  0.939999998       2.92688292E-02
  0.949999988       3.16902697E-02
  0.959999979       3.48331779E-02
  0.969999969       3.91453058E-02
  0.979999959       4.55809683E-02
  0.989999950       5.66285737E-02
   1.00000000       7.71532878E-02
   1.00999999       7.85406828E-02
   1.01999998       7.84986615E-02
   1.02999997       7.85264522E-02
   1.03999996       7.86683485E-02
   1.04999995       7.89072365E-02
   1.05999994       7.92254135E-02
   1.06999993       7.96077400E-02
   1.07999992       8.00439566E-02
   1.09000003       8.05248469E-02
   1.10000002       8.10443535E-02
   1.11000001       8.15974027E-02
   1.12000000       8.21804255E-02
   1.13000000       8.27902257E-02
   1.13999999       8.34244117E-02
   1.14999998       8.40811506E-02
   1.15999997       8.47584754E-02
   1.16999996       8.54559988E-02
   1.17999995       8.61717612E-02
   1.18999994       8.69055316E-02
   1.19999993       8.76567364E-02
   1.20999992       8.84246826E-02
   1.22000003       8.92089829E-02
   1.23000002       9.00088996E-02
   1.24000001       9.08255801E-02
   1.25000000       9.16570053E-02
   1.25999999       9.25051868E-02
   1.26999998       9.33687016E-02
   1.27999997       9.42478850E-02
   1.28999996       9.51433852E-02
   1.29999995       9.60546732E-02
   1.30999994       9.69823226E-02
   1.31999993       9.79263783E-02
   1.32999992       9.88876149E-02
   1.33999991       9.98656750E-02
   1.35000002      0.100861475    
   1.36000001      0.101875126    
   1.37000000      0.102907218    
   1.38000000      0.103958018    
   1.38999999      0.105028205    
   1.39999998      0.106118493    
   1.40999997      0.107229121    
   1.41999996      0.108360805    
   1.42999995      0.109514534    
   1.43999994      0.110690586    
   1.44999993      0.111889787    
   1.45999992      0.113113381    
   1.46999991      0.114361681    
   1.48000002      0.115635991    
   1.49000001      0.116936952    
   1.50000000      0.118266046    
   1.50999999      0.119622506    
   1.51999998      0.121011518    
   1.52999997      0.122431062    
   1.53999996      0.123882964    
   1.54999995      0.125369012    
   1.55999994      0.126890644    
   1.56999993      0.128449470    
   1.57999992      0.130046904    
   1.58999991      0.131685436    
   1.59999990      0.133364648    
   1.61000001      0.135092095    
   1.62000000      0.136864826    
   1.63000000      0.138686791    
   1.63999999      0.140560791    
   1.64999998      0.142489359    
   1.65999997      0.144475803    
   1.66999996      0.146522999    
   1.67999995      0.148634955    
   1.68999994      0.150814801    
   1.69999993      0.153067023    
   1.70999992      0.155395821    
   1.71999991      0.157807291    
   1.73000002      0.160304427    
   1.74000001      0.162894532    
   1.75000000      0.165582016    
   1.75999999      0.168379828    
   1.76999998      0.171289578    
   1.77999997      0.174321532    
   1.78999996      0.177485287    
   1.79999995      0.180791646    
   1.80999994      0.184251502    
   1.81999993      0.187878713    
   1.82999992      0.191687629    
   1.83999991      0.195694923    
   1.84999990      0.199919149    
   1.86000001      0.204381168    
   1.87000000      0.209105641    
   1.88000000      0.214119598    
   1.88999999      0.219455004    
   1.89999998      0.225148156    
   1.90999997      0.231241256    
   1.91999996      0.237783760    
   1.92999995      0.244832098    
   1.93999994      0.252453536    
   1.94999993      0.260724545    
   1.95999992      0.269735903    
   1.96999991      0.279587626    
   1.97999990      0.290389955    
   1.99000001      0.302252412    
   2.00000000      0.315244943    
   2.00999999      0.329159111    
   2.01999998      0.342261761    
   2.02999997      0.354152530    
   2.03999996      0.364919722    
   2.04999995      0.374716640    
   2.05999994      0.383689493    
   2.06999993      0.391964465    
   2.07999992      0.399646431    
   2.08999991      0.406818181    
   2.09999990      0.413553774    
   2.10999990      0.419910848    
   2.11999989      0.425936967    
   2.12999988      0.431673825    
   2.13999987      0.437155932    
   2.14999986      0.442411512    
   2.15999985      0.447466940    
   2.16999984      0.452342570    
   2.18000007      0.457056999    
   2.19000006      0.461625755    
   2.20000005      0.466063380    
   2.21000004      0.470381647    
   2.22000003      0.474591553    
   2.23000002      0.478702068    
   2.24000001      0.482722908    
   2.25000000      0.486659974    
   2.25999999      0.490520746    
   2.26999998      0.494310617    
   2.27999997      0.498035371    
   2.28999996      0.501700103    
   2.29999995      0.505308211    
   2.30999994      0.508864403    
   2.31999993      0.512371123    
   2.32999992      0.515833378    
   2.33999991      0.519253492    
   2.34999990      0.522633553    
   2.35999990      0.525976539    
   2.36999989      0.529280245    
   2.37999988      0.532558978    
   2.38999987      0.535803080    
   2.39999986      0.539017200    
   2.40999985      0.542204857    
   2.41999984      0.545365870    
   2.42999983      0.548501730    
   2.44000006      0.551615298    
   2.45000005      0.554705381    
   2.46000004      0.557775497    
   2.47000003      0.560825169    
   2.48000002      0.563855112    
   2.49000001      0.566868126    
   2.50000000      0.569863141    
   2.50999999      0.572841823    
   2.51999998      0.575804055    
   2.52999997      0.578752637    
   2.53999996      0.581686139    
   2.54999995      0.584605992    
   2.55999994      0.587512374    
   2.56999993      0.590406299    
   2.57999992      0.593287706    
   2.58999991      0.596158147    
   2.59999990      0.599017084    
   2.60999990      0.601865590    
   2.61999989      0.604702532    
   2.62999988      0.607530832    
   2.63999987      0.610349178    
   2.64999986      0.613158166    
   2.65999985      0.615958214    
   2.66999984      0.618750215    
   2.67999983      0.621533394    
   2.69000006      0.624308646    
   2.70000005      0.627076209    
   2.71000004      0.629836202    
   2.72000003      0.632589996    
   2.73000002      0.635335803    
   2.74000001      0.638074696    
   2.75000000      0.640808046    
   2.75999999      0.643534243    
   2.76999998      0.646254420    
   2.77999997      0.648969352    
   2.78999996      0.651677132    
   2.79999995      0.654380739    
   2.80999994      0.657077074    
   2.81999993      0.659770012    
   2.82999992      0.662457585    
   2.83999991      0.665139496    
   2.84999990      0.667817473    
   2.85999990      0.670490146    
   2.86999989      0.673157454    
   2.87999988      0.675821185    
   2.88999987      0.678480864    
   2.89999986      0.681135774    
   2.90999985      0.683786511    
   2.91999984      0.686433792    
   2.92999983      0.689076781    
   2.93999982      0.691715896    
   2.95000005      0.694352686    
   2.96000004      0.696983635    
   2.97000003      0.699612200    
   2.98000002      0.702237487    
   2.99000001      0.704858422    
   3.00000000      0.707476914    
   3.00999999      0.710091949    
   3.01999998      0.712704778    
   3.02999997      0.715312898    
   3.03999996      0.717919052    
   3.04999995      0.720522285    
   3.05999994      0.723122001    
   3.06999993      0.725719392    
   3.07999992      0.728314877    
   3.08999991      0.730906367    
   3.09999990      0.733494937    
   3.10999990      0.736082733    
   3.11999989      0.738666534    
   3.12999988      0.741248250    
   3.13999987      0.743827701    
   3.14999986      0.746404827    
   3.15999985      0.748979032    
   3.16999984      0.751551986    
   3.17999983      0.754122138    
   3.18999982      0.756689608    
   3.19999981      0.759255528    
   3.21000004      0.761818588    
   3.22000003      0.764380932    
   3.23000002      0.766940415    
   3.24000001      0.769497693    
   3.25000000      0.772053838    
   3.25999999      0.774607241    
   3.26999998      0.777159989    
   3.27999997      0.779709280    
   3.28999996      0.782257557    
   3.29999995      0.784804344    
   3.30999994      0.787348747    
   3.31999993      0.789891362    
   3.32999992      0.792433441    
   3.33999991      0.794973016    
   3.34999990      0.797510564    
   3.35999990      0.800046504    
   3.36999989      0.802581668    
   3.37999988      0.805115461    
   3.38999987      0.807647049    
   3.39999986      0.810177267    
   3.40999985      0.812705338    
   3.41999984      0.815232575    
   3.42999983      0.817758083    
   3.43999982      0.820283532    
   3.44999981      0.822805941    
   3.46000004      0.825327516    
   3.47000003      0.827847481    
   3.48000002      0.830367208    
   3.49000001      0.832885027    
   3.50000000      0.835400820    
   3.50999999      0.837907553    
