   9.99999978E-03   2.98403262E-04
   1.99999996E-02   5.07509510E-04
   2.99999993E-02   7.73341453E-04
   3.99999991E-02   9.10582778E-04
   4.99999970E-02   9.81175574E-04
   5.99999987E-02   1.07557082E-03
   7.00000003E-02   1.19636150E-03
   7.99999982E-02   1.33369339E-03
   8.99999961E-02   1.47903326E-03
   9.99999940E-02   1.62676338E-03
  0.109999999       1.77352165E-03
  0.119999997       1.91710761E-03
  0.129999995       2.05633300E-03
  0.140000001       2.19052006E-03
  0.149999991       2.31930776E-03
  0.159999996       2.44302745E-03
  0.170000002       2.56086723E-03
  0.179999992       2.67292280E-03
  0.189999998       2.78014829E-03
  0.199999988       2.88240169E-03
  0.209999993       2.97992746E-03
  0.219999999       3.07235215E-03
  0.229999989       3.16061429E-03
  0.239999995       3.24467407E-03
  0.250000000       3.32461763E-03
  0.259999990       3.40094138E-03
  0.269999981       3.47363530E-03
  0.280000001       3.54363886E-03
  0.289999992       3.61035718E-03
  0.299999982       3.67336278E-03
  0.310000002       3.73425684E-03
  0.319999993       3.79409315E-03
  0.329999983       3.86099610E-03
  0.340000004       3.91387893E-03
  0.349999994       3.96538293E-03
  0.359999985       4.01720591E-03
  0.370000005       4.07027081E-03
  0.379999995       4.12878720E-03
  0.389999986       4.20746021E-03
  0.399999976       4.34255460E-03
  0.409999996       4.36166814E-03
  0.419999987       4.40779980E-03
  0.429999977       4.45881672E-03
  0.439999998       4.51569911E-03
  0.449999988       4.58108028E-03
  0.459999979       4.66006435E-03
  0.469999999       4.76443674E-03
  0.479999989       4.92253480E-03
  0.489999980       5.23826154E-03
  0.500000000       5.95738413E-03
  0.509999990       5.80886332E-03
  0.519999981       5.83563419E-03
  0.529999971       5.89569984E-03
  0.539999962       5.97505830E-03
  0.550000012       6.07089186E-03
  0.560000002       6.18286664E-03
  0.569999993       6.31459150E-03
  0.579999983       6.46902714E-03
  0.589999974       6.65289722E-03
  0.599999964       6.87709497E-03
  0.610000014       7.15560094E-03
  0.620000005       7.51771918E-03
  0.629999995       8.01445916E-03
  0.639999986       8.75384267E-03
  0.649999976       1.00239981E-02
  0.659999967       1.29342694E-02
  0.669999957       1.56514775E-02
  0.680000007       1.50838885E-02
  0.689999998       1.49657568E-02
  0.699999988       1.49919093E-02
  0.709999979       1.50956213E-02
  0.719999969       1.52466157E-02
  0.729999959       1.54371625E-02
  0.740000010       1.56598799E-02
  0.750000000       1.59104485E-02
  0.759999990       1.61884241E-02
  0.769999981       1.64936762E-02
  0.779999971       1.68264341E-02
  0.789999962       1.71883348E-02
  0.799999952       1.75809693E-02
  0.810000002       1.80075690E-02
  0.819999993       1.84715316E-02
  0.829999983       1.89754833E-02
  0.839999974       1.95299294E-02
  0.849999964       2.01368127E-02
  0.859999955       2.08060201E-02
  0.870000005       2.15480905E-02
  0.879999995       2.23765671E-02
  0.889999986       2.33103577E-02
  0.899999976       2.43708584E-02
  0.909999967       2.55880654E-02
  0.919999957       2.70086508E-02
  0.930000007       2.86932979E-02
  0.939999998       3.07359453E-02
  0.949999988       3.32837999E-02
  0.959999979       3.65860090E-02
  0.969999969       4.11061645E-02
  0.979999959       4.78258654E-02
  0.989999950       5.92659488E-02
   1.00000000       8.00013766E-02
   1.00999999       8.14654753E-02
   1.01999998       8.14526305E-02
   1.02999997       8.14988390E-02
   1.03999996       8.16563889E-02
   1.04999995       8.19109753E-02
   1.05999994       8.22453201E-02
   1.06999993       8.26449022E-02
   1.07999992       8.30994248E-02
   1.09000003       8.35995227E-02
   1.10000002       8.41390938E-02
   1.11000001       8.47131684E-02
   1.12000000       8.53180289E-02
   1.13000000       8.59504715E-02
   1.13999999       8.66079405E-02
   1.14999998       8.72887075E-02
   1.15999997       8.79908204E-02
   1.16999996       8.87136459E-02
   1.17999995       8.94554779E-02
   1.18999994       9.02158096E-02
   1.19999993       9.09941718E-02
   1.20999992       9.17898417E-02
   1.22000003       9.26023349E-02
   1.23000002       9.34311152E-02
   1.24000001       9.42772701E-02
   1.25000000       9.51386318E-02
   1.25999999       9.60172713E-02
   1.26999998       9.69118774E-02
   1.27999997       9.78228673E-02
   1.28999996       9.87502411E-02
   1.29999995       9.96941924E-02
   1.30999994      0.100655071    
   1.31999993      0.101633027    
   1.32999992      0.102628581    
   1.33999991      0.103641741    
   1.35000002      0.104673058    
   1.36000001      0.105722792    
   1.37000000      0.106791720    
   1.38000000      0.107879989    
   1.38999999      0.108988203    
   1.39999998      0.110117137    
   1.40999997      0.111267097    
   1.41999996      0.112438872    
   1.42999995      0.113633424    
   1.43999994      0.114850990    
   1.44999993      0.116101161    
   1.45999992      0.117358997    
   1.46999991      0.118651211    
   1.48000002      0.119970031    
   1.49000001      0.121316545    
   1.50000000      0.122691758    
   1.50999999      0.124095641    
   1.51999998      0.125532895    
   1.52999997      0.127001539    
   1.53999996      0.128503531    
   1.54999995      0.130040824    
   1.55999994      0.131614715    
   1.56999993      0.133226871    
   1.57999992      0.134878829    
   1.58999991      0.136572987    
   1.59999990      0.138310894    
   1.61000001      0.140094817    
   1.62000000      0.141927108    
   1.63000000      0.143809974    
   1.63999999      0.145746201    
   1.64999998      0.147738919    
   1.65999997      0.149790779    
   1.66999996      0.151905015    
   1.67999995      0.154085800    
   1.68999994      0.156336024    
   1.69999993      0.158660665    
   1.70999992      0.161064044    
   1.71999991      0.163551167    
   1.73000002      0.166127488    
   1.74000001      0.168798357    
   1.75000000      0.171571374    
   1.75999999      0.174452379    
   1.76999998      0.177450195    
   1.77999997      0.180572823    
   1.78999996      0.183830068    
   1.79999995      0.187232599    
   1.80999994      0.190792158    
   1.81999993      0.194521934    
   1.82999992      0.198436677    
   1.83999991      0.202553034    
   1.84999990      0.206890017    
   1.86000001      0.211468235    
   1.87000000      0.216312364    
   1.88000000      0.221449748    
   1.88999999      0.226912007    
   1.89999998      0.232734188    
   1.90999997      0.238961384    
   1.91999996      0.245639414    
   1.92999995      0.252825022    
   1.93999994      0.260583550    
   1.94999993      0.268990576    
   1.95999992      0.278133154    
   1.96999991      0.288108230    
   1.97999990      0.299020618    
   1.99000001      0.310969800    
   2.00000000      0.324018121    
   2.00999999      0.337943703    
   2.01999998      0.351059705    
   2.02999997      0.362977743    
   2.03999996      0.373784453    
   2.04999995      0.383630157    
   2.05999994      0.392657876    
   2.06999993      0.400984198    
   2.07999992      0.408735484    
   2.08999991      0.415970892    
   2.09999990      0.422770888    
   2.10999990      0.429192752    
   2.11999989      0.435283899    
   2.12999988      0.441086084    
   2.13999987      0.446632206    
   2.14999986      0.451951861    
   2.15999985      0.457070410    
   2.16999984      0.462008476    
   2.18000007      0.466785014    
   2.19000006      0.471415579    
   2.20000005      0.475913614    
   2.21000004      0.480291814    
   2.22000003      0.484561563    
   2.23000002      0.488730907    
   2.24000001      0.492809325    
   2.25000000      0.496803999    
   2.25999999      0.500721455    
   2.26999998      0.504567444    
   2.27999997      0.508347869    
   2.28999996      0.512067676    
   2.29999995      0.515731037    
   2.30999994      0.519341052    
   2.31999993      0.522902787    
   2.32999992      0.526418388    
   2.33999991      0.529891610    
   2.34999990      0.533323407    
   2.35999990      0.536718547    
   2.36999989      0.540078759    
   2.37999988      0.543404818    
   2.38999987      0.546700120    
   2.39999986      0.549965203    
   2.40999985      0.553202987    
   2.41999984      0.556414306    
   2.42999983      0.559600949    
   2.44000006      0.562764347    
   2.45000005      0.565903723    
   2.46000004      0.569023192    
   2.47000003      0.572120070    
   2.48000002      0.575200915    
   2.49000001      0.578262031    
   2.50000000      0.581305802    
   2.50999999      0.584332466    
   2.51999998      0.587342501    
   2.52999997      0.590338588    
   2.53999996      0.593319774    
   2.54999995      0.596287429    
   2.55999994      0.599241078    
   2.56999993      0.602182269    
   2.57999992      0.605111182    
   2.58999991      0.608027875    
   2.59999990      0.610933661    
   2.60999990      0.613828480    
   2.61999989      0.616712451    
   2.62999988      0.619587064    
   2.63999987      0.622451186    
   2.64999986      0.625306785    
   2.65999985      0.628152609    
   2.66999984      0.630989671    
   2.67999983      0.633818924    
   2.69000006      0.636640787    
   2.70000005      0.639453769    
   2.71000004      0.642258465    
   2.72000003      0.645057321    
   2.73000002      0.647848487    
   2.74000001      0.650633037    
   2.75000000      0.653411150    
   2.75999999      0.656182408    
   2.76999998      0.658947051    
   2.77999997      0.661706507    
   2.78999996      0.664460123    
   2.79999995      0.667207778    
   2.80999994      0.669949293    
   2.81999993      0.672686160    
   2.82999992      0.675418556    
   2.83999991      0.678145170    
   2.84999990      0.680866539    
   2.85999990      0.683583260    
   2.86999989      0.686295807    
   2.87999988      0.689000309    
   2.88999987      0.691706896    
   2.89999986      0.694405496    
   2.90999985      0.697100878    
   2.91999984      0.699791729    
   2.92999983      0.702478886    
   2.93999982      0.705161631    
   2.95000005      0.707841635    
   2.96000004      0.710517108    
   2.97000003      0.713189065    
   2.98000002      0.715857625    
   2.99000001      0.718522966    
   3.00000000      0.721184611    
   3.00999999      0.723842800    
   3.01999998      0.726499021    
   3.02999997      0.729150534    
   3.03999996      0.731799841    
   3.04999995      0.734446108    
   3.05999994      0.737090290    
   3.06999993      0.739730358    
   3.07999992      0.742368579    
   3.08999991      0.745003581    
   3.09999990      0.747635186    
   3.10999990      0.750265598    
   3.11999989      0.752892256    
   3.12999988      0.755517364    
   3.13999987      0.758139968    
   3.14999986      0.760760248    
   3.15999985      0.763377488    
   3.16999984      0.765992820    
   3.17999983      0.768606067    
   3.18999982      0.771216631    
   3.19999981      0.773825586    
   3.21000004      0.776431501    
   3.22000003      0.779036283    
   3.23000002      0.781638265    
   3.24000001      0.784239173    
   3.25000000      0.786837816    
   3.25999999      0.789433956    
   3.26999998      0.792028189    
   3.27999997      0.794621170    
   3.28999996      0.797210991    
   3.29999995      0.799800634    
   3.30999994      0.802388132    
   3.31999993      0.804973364    
   3.32999992      0.807556629    
   3.33999991      0.810138583    
   3.34999990      0.812719524    
   3.35999990      0.815298200    
   3.36999989      0.817875504    
   3.37999988      0.820451021    
   3.38999987      0.823025107    
   3.39999986      0.825597763    
   3.40999985      0.828168571    
   3.41999984      0.830737829    
   3.42999983      0.833306074    
   3.43999982      0.835873067    
   3.44999981      0.838437676    
   3.46000004      0.841001987    
   3.47000003      0.843564272    
   3.48000002      0.846125662    
   3.49000001      0.848684430    
   3.50000000      0.851243556    
   3.50999999      0.853792727    
