   9.99999978E-03   3.00846790E-04
   1.99999996E-02   5.28700533E-04
   2.99999993E-02   7.87150231E-04
   3.99999991E-02   9.53107374E-04
   4.99999970E-02   1.02211779E-03
   5.99999987E-02   1.10879249E-03
   7.00000003E-02   1.22365891E-03
   7.99999982E-02   1.35807612E-03
   8.99999961E-02   1.50252809E-03
   9.99999940E-02   1.65114598E-03
  0.109999999       1.79997075E-03
  0.119999997       1.94638141E-03
  0.129999995       2.08899402E-03
  0.140000001       2.22682115E-03
  0.149999991       2.35943217E-03
  0.159999996       2.48436932E-03
  0.170000002       2.60878704E-03
  0.179999992       2.72471062E-03
  0.189999998       2.83568539E-03
  0.199999988       2.94163916E-03
  0.209999993       3.04282946E-03
  0.219999999       3.13874427E-03
  0.229999989       3.23029864E-03
  0.239999995       3.31760966E-03
  0.250000000       3.40110692E-03
  0.259999990       3.48014641E-03
  0.269999981       3.55587364E-03
  0.280000001       3.62910423E-03
  0.289999992       3.69892176E-03
  0.299999982       3.76466545E-03
  0.310000002       3.82857886E-03
  0.319999993       3.89213231E-03
  0.329999983       3.96583322E-03
  0.340000004       4.02067369E-03
  0.349999994       4.07602172E-03
  0.359999985       4.13079886E-03
  0.370000005       4.18894459E-03
  0.379999995       4.25315602E-03
  0.389999986       4.34785662E-03
  0.399999976       4.50317841E-03
  0.409999996       4.52252990E-03
  0.419999987       4.57163388E-03
  0.429999977       4.62909555E-03
  0.439999998       4.69424110E-03
  0.449999988       4.77074273E-03
  0.459999979       4.86436253E-03
  0.469999999       4.99067362E-03
  0.479999989       5.18392911E-03
  0.489999980       5.57337282E-03
  0.500000000       6.38791034E-03
  0.509999990       6.21570693E-03
  0.519999981       6.24502543E-03
  0.529999971       6.31451374E-03
  0.539999962       6.40682224E-03
  0.550000012       6.51940238E-03
  0.560000002       6.65140850E-03
  0.569999993       6.80776685E-03
  0.579999983       6.99131656E-03
  0.589999974       7.21058156E-03
  0.599999964       7.47807790E-03
  0.610000014       7.81145552E-03
  0.620000005       8.24498292E-03
  0.629999995       8.83909967E-03
  0.639999986       9.72168893E-03
  0.649999976       1.12280147E-02
  0.659999967       1.45995999E-02
  0.669999957       1.74460746E-02
  0.680000007       1.68148223E-02
  0.689999998       1.66813340E-02
  0.699999988       1.67105440E-02
  0.709999979       1.68263633E-02
  0.719999969       1.69994608E-02
  0.729999959       1.72162894E-02
  0.740000010       1.74694676E-02
  0.750000000       1.77528560E-02
  0.759999990       1.80732384E-02
  0.769999981       1.84216797E-02
  0.779999971       1.88018158E-02
  0.789999962       1.92154441E-02
  0.799999952       1.96645446E-02
  0.810000002       2.01519635E-02
  0.819999993       2.06823684E-02
  0.829999983       2.12586652E-02
  0.839999974       2.18923949E-02
  0.849999964       2.25861054E-02
  0.859999955       2.33507920E-02
  0.870000005       2.41984855E-02
  0.879999995       2.51448080E-02
  0.889999986       2.62090247E-02
  0.899999976       2.74176747E-02
  0.909999967       2.88061518E-02
  0.919999957       3.04226186E-02
  0.930000007       3.23369801E-02
  0.939999998       3.46533321E-02
  0.949999988       3.75348963E-02
  0.959999979       4.12551165E-02
  0.969999969       4.63178270E-02
  0.979999959       5.37682325E-02
  0.989999950       6.61908835E-02
   1.00000000       8.74031633E-02
   1.00999999       8.90625045E-02
   1.01999998       8.91294852E-02
   1.02999997       8.92263427E-02
   1.03999996       8.94273892E-02
   1.04999995       8.97244811E-02
   1.05999994       9.01025757E-02
   1.06999993       9.05479044E-02
   1.07999992       9.10503566E-02
   1.09000003       9.16008204E-02
   1.10000002       9.21929926E-02
   1.11000001       9.28220749E-02
   1.12000000       9.34837833E-02
   1.13000000       9.41754878E-02
   1.13999999       9.48932022E-02
   1.14999998       9.56363752E-02
   1.15999997       9.64028239E-02
   1.16999996       9.71914902E-02
   1.17999995       9.80004147E-02
   1.18999994       9.88296494E-02
   1.19999993       9.96784195E-02
   1.20999992      0.100545764    
   1.22000003      0.101431623    
   1.23000002      0.102335192    
   1.24000001      0.103257224    
   1.25000000      0.104195885    
   1.25999999      0.105153620    
   1.26999998      0.106128372    
   1.27999997      0.107120991    
   1.28999996      0.108131364    
   1.29999995      0.109159917    
   1.30999994      0.110206664    
   1.31999993      0.111272030    
   1.32999992      0.112356216    
   1.33999991      0.113459736    
   1.35000002      0.114582837    
   1.36000001      0.115728229    
   1.37000000      0.116889872    
   1.38000000      0.118074656    
   1.38999999      0.119281016    
   1.39999998      0.120509751    
   1.40999997      0.121761426    
   1.41999996      0.123036683    
   1.42999995      0.124336094    
   1.43999994      0.125660703    
   1.44999993      0.127011180    
   1.45999992      0.128388479    
   1.46999991      0.129793733    
   1.48000002      0.131227493    
   1.49000001      0.132691175    
   1.50000000      0.134185642    
   1.50999999      0.135711193    
   1.51999998      0.137272596    
   1.52999997      0.138867602    
   1.53999996      0.140498459    
   1.54999995      0.142167255    
   1.55999994      0.143875584    
   1.56999993      0.145624697    
   1.57999992      0.147416383    
   1.58999991      0.149253771    
   1.59999990      0.151137650    
   1.61000001      0.153070852    
   1.62000000      0.155055732    
   1.63000000      0.157094821    
   1.63999999      0.159191012    
   1.64999998      0.161346972    
   1.65999997      0.163566336    
   1.66999996      0.165852413    
   1.67999995      0.168209091    
   1.68999994      0.170639604    
   1.69999993      0.173149377    
   1.70999992      0.175742581    
   1.71999991      0.178424627    
   1.73000002      0.181201264    
   1.74000001      0.184077680    
   1.75000000      0.187062144    
   1.75999999      0.190160617    
   1.76999998      0.193382010    
   1.77999997      0.196734890    
   1.78999996      0.200229138    
   1.79999995      0.203877091    
   1.80999994      0.207686245    
   1.81999993      0.211675420    
   1.82999992      0.215856954    
   1.83999991      0.220248282    
   1.84999990      0.224868238    
   1.86000001      0.229738116    
   1.87000000      0.234882295    
   1.88000000      0.240327552    
   1.88999999      0.246105969    
   1.89999998      0.252252728    
   1.90999997      0.258808941    
   1.91999996      0.265821308    
   1.92999995      0.273344249    
   1.93999994      0.281439841    
   1.94999993      0.290177912    
   1.95999992      0.299639374    
   1.96999991      0.309910744    
   1.97999990      0.321083456    
   1.99000001      0.333239466    
   2.00000000      0.346418798    
   2.00999999      0.360370189    
   2.01999998      0.373513937    
   2.02999997      0.385493994    
   2.03999996      0.396392554    
   2.04999995      0.406352043    
   2.05999994      0.415509433    
   2.06999993      0.423984140    
   2.07999992      0.431875616    
   2.08999991      0.439263374    
   2.09999990      0.446219057    
   2.10999990      0.452797651    
   2.11999989      0.459045708    
   2.12999988      0.465005130    
   2.13999987      0.470708519    
   2.14999986      0.476183712    
   2.15999985      0.481456697    
   2.16999984      0.486548066    
   2.18000007      0.491476387    
   2.19000006      0.496256799    
   2.20000005      0.500903368    
   2.21000004      0.505429089    
   2.22000003      0.509844363    
   2.23000002      0.514158607    
   2.24000001      0.518380404    
   2.25000000      0.522516072    
   2.25999999      0.526573539    
   2.26999998      0.530558765    
   2.27999997      0.534477174    
   2.28999996      0.538333118    
   2.29999995      0.542131841    
   2.30999994      0.545876741    
   2.31999993      0.549570620    
   2.32999992      0.553219318    
   2.33999991      0.556822658    
   2.34999990      0.560385942    
   2.35999990      0.563910306    
   2.36999989      0.567398489    
   2.37999988      0.570852995    
   2.38999987      0.574274600    
   2.39999986      0.577666759    
   2.40999985      0.581029832    
   2.41999984      0.584366083    
   2.42999983      0.587676287    
   2.44000006      0.590963840    
   2.45000005      0.594226241    
   2.46000004      0.597467601    
   2.47000003      0.600688100    
   2.48000002      0.603888690    
   2.49000001      0.607070208    
   2.50000000      0.610234857    
   2.50999999      0.613381505    
   2.51999998      0.616510689    
   2.52999997      0.619626403    
   2.53999996      0.622725546    
   2.54999995      0.625810742    
   2.55999994      0.628882647    
   2.56999993      0.631940305    
   2.57999992      0.634986162    
   2.58999991      0.638020158    
   2.59999990      0.641041338    
   2.60999990      0.644052863    
   2.61999989      0.647052467    
   2.62999988      0.650041580    
   2.63999987      0.653020680    
   2.64999986      0.655990779    
   2.65999985      0.658951938    
   2.66999984      0.661902845    
   2.67999983      0.664846182    
   2.69000006      0.667780936    
   2.70000005      0.670707345    
   2.71000004      0.673626840    
   2.72000003      0.676538348    
   2.73000002      0.679441869    
   2.74000001      0.682338595    
   2.75000000      0.685229242    
   2.75999999      0.688112080    
   2.76999998      0.690989137    
   2.77999997      0.693860352    
   2.78999996      0.696724832    
   2.79999995      0.699584305    
   2.80999994      0.702437520    
   2.81999993      0.705286026    
   2.82999992      0.708127439    
   2.83999991      0.710965216    
   2.84999990      0.713796854    
   2.85999990      0.716624260    
   2.86999989      0.719441414    
   2.87999988      0.722264588    
   2.88999987      0.725077152    
   2.89999986      0.727886319    
   2.90999985      0.730691075    
   2.91999984      0.733491778    
   2.92999983      0.736288369    
   2.93999982      0.739080250    
   2.95000005      0.741868913    
   2.96000004      0.744653523    
   2.97000003      0.747434735    
   2.98000002      0.750211895    
   2.99000001      0.752985835    
   3.00000000      0.755755603    
   3.00999999      0.758522809    
   3.01999998      0.761286557    
   3.02999997      0.764047503    
   3.03999996      0.766804636    
   3.04999995      0.769559503    
   3.05999994      0.772311032    
   3.06999993      0.775059223    
   3.07999992      0.777805269    
   3.08999991      0.780547559    
   3.09999990      0.783286989    
   3.10999990      0.786024213    
   3.11999989      0.788758874    
   3.12999988      0.791491866    
   3.13999987      0.794221520    
   3.14999986      0.796948433    
   3.15999985      0.799673140    
   3.16999984      0.802395105    
   3.17999983      0.805115402    
   3.18999982      0.807833672    
   3.19999981      0.810549378    
   3.21000004      0.813261569    
   3.22000003      0.815973103    
   3.23000002      0.818681300    
   3.24000001      0.821389675    
   3.25000000      0.824093938    
   3.25999999      0.826796770    
   3.26999998      0.829497576    
   3.27999997      0.832196534    
   3.28999996      0.834894180    
   3.29999995      0.837589622    
   3.30999994      0.840283036    
   3.31999993      0.842974007    
   3.32999992      0.845664084    
   3.33999991      0.848351896    
   3.34999990      0.851037920    
   3.35999990      0.853723407    
   3.36999989      0.856406331    
   3.37999988      0.859087169    
   3.38999987      0.861767352    
   3.39999986      0.864445269    
   3.40999985      0.867121577    
   3.41999984      0.869797528    
   3.42999983      0.872470498    
   3.43999982      0.875142813    
   3.44999981      0.877813637    
   3.46000004      0.880482435    
   3.47000003      0.883150697    
   3.48000002      0.885816813    
   3.49000001      0.888482153    
   3.50000000      0.891145766    
   3.50999999      0.893807828    
