   9.99999978E-03   2.98328087E-04
   1.99999996E-02   5.09502192E-04
   2.99999993E-02   7.88396341E-04
   3.99999991E-02   9.14837932E-04
   4.99999970E-02   9.85175720E-04
   5.99999987E-02   1.07880111E-03
   7.00000003E-02   1.19903754E-03
   7.99999982E-02   1.33611925E-03
   8.99999961E-02   1.48140185E-03
   9.99999940E-02   1.62925641E-03
  0.109999999       1.77624170E-03
  0.119999997       1.92013325E-03
  0.129999995       2.05970602E-03
  0.140000001       2.19427422E-03
  0.149999991       2.32069683E-03
  0.159999996       2.44756322E-03
  0.170000002       2.56580231E-03
  0.179999992       2.67824577E-03
  0.189999998       2.78585125E-03
  0.199999988       2.88848719E-03
  0.209999993       2.98636616E-03
  0.219999999       3.07922089E-03
  0.229999989       3.16774845E-03
  0.239999995       3.25211720E-03
  0.250000000       3.33239860E-03
  0.259999990       3.40902666E-03
  0.269999981       3.48202139E-03
  0.280000001       3.55233019E-03
  0.289999992       3.61935818E-03
  0.299999982       3.68263968E-03
  0.310000002       3.74383363E-03
  0.319999993       3.80402128E-03
  0.329999983       3.87154985E-03
  0.340000004       3.92464176E-03
  0.349999994       3.97643587E-03
  0.359999985       4.02861461E-03
  0.370000005       4.08213818E-03
  0.379999995       4.14132560E-03
  0.389999986       4.22128616E-03
  0.399999976       4.35835123E-03
  0.409999996       4.37732181E-03
  0.419999987       4.42390330E-03
  0.429999977       4.47551161E-03
  0.439999998       4.53316420E-03
  0.449999988       4.59955214E-03
  0.459999979       4.67990246E-03
  0.469999999       4.78628045E-03
  0.479999989       4.94767912E-03
  0.489999980       5.27018774E-03
  0.500000000       5.99860353E-03
  0.509999990       5.84780704E-03
  0.519999981       5.87481679E-03
  0.529999971       5.93573647E-03
  0.539999962       6.01634756E-03
  0.550000012       6.11375086E-03
  0.560000002       6.22761855E-03
  0.569999993       6.36162749E-03
  0.579999983       6.51879655E-03
  0.589999974       6.70597889E-03
  0.599999964       6.93424838E-03
  0.610000014       7.21788313E-03
  0.620000005       7.58668827E-03
  0.629999995       8.09257012E-03
  0.639999986       8.84543266E-03
  0.649999976       1.01379296E-02
  0.659999967       1.30926268E-02
  0.669999957       1.58236083E-02
  0.680000007       1.52497729E-02
  0.689999998       1.51301417E-02
  0.699999988       1.51565662E-02
  0.709999979       1.52615700E-02
  0.719999969       1.54145453E-02
  0.729999959       1.56076131E-02
  0.740000010       1.58333145E-02
  0.750000000       1.60872489E-02
  0.759999990       1.63689796E-02
  0.769999981       1.66783817E-02
  0.779999971       1.70156751E-02
  0.789999962       1.73825286E-02
  0.799999952       1.77808311E-02
  0.810000002       1.82130206E-02
  0.819999993       1.86833460E-02
  0.829999983       1.91941764E-02
  0.839999974       1.97562724E-02
  0.849999964       2.03714911E-02
  0.859999955       2.10498590E-02
  0.870000005       2.18020491E-02
  0.879999995       2.26421617E-02
  0.889999986       2.35873088E-02
  0.899999976       2.46630125E-02
  0.909999967       2.58965530E-02
  0.919999957       2.73360163E-02
  0.930000007       2.90428102E-02
  0.939999998       3.11118681E-02
  0.949999988       3.36919986E-02
  0.959999979       3.70347649E-02
  0.969999969       4.16078046E-02
  0.979999959       4.83993553E-02
  0.989999950       5.99377938E-02
   1.00000000       8.07241350E-02
   1.00999999       8.22075084E-02
   1.01999998       8.22022930E-02
   1.02999997       8.22532550E-02
   1.03999996       8.24148655E-02
   1.04999995       8.26735049E-02
   1.05999994       8.30120370E-02
   1.06999993       8.34160224E-02
   1.07999992       8.38752314E-02
   1.09000003       8.43801424E-02
   1.10000002       8.49248841E-02
   1.11000001       8.55042264E-02
   1.12000000       8.61146748E-02
   1.13000000       8.67506266E-02
   1.13999999       8.74162391E-02
   1.14999998       8.80922303E-02
   1.15999997       8.88115242E-02
   1.16999996       8.95407647E-02
   1.17999995       9.02891830E-02
   1.18999994       9.10562202E-02
   1.19999993       9.18415263E-02
   1.20999992       9.26441178E-02
   1.22000003       9.34639499E-02
   1.23000002       9.43000093E-02
   1.24000001       9.51535180E-02
   1.25000000       9.60223377E-02
   1.25999999       9.69089121E-02
   1.26999998       9.78113785E-02
   1.27999997       9.87302586E-02
   1.28999996       9.96657535E-02
   1.29999995      0.100618079    
   1.30999994      0.101587400    
   1.31999993      0.102573872    
   1.32999992      0.103578143    
   1.33999991      0.104600154    
   1.35000002      0.105640396    
   1.36000001      0.106699400    
   1.37000000      0.107777596    
   1.38000000      0.108875275    
   1.38999999      0.109993190    
   1.39999998      0.111131892    
   1.40999997      0.112291873    
   1.41999996      0.113473773    
   1.42999995      0.114678569    
   1.43999994      0.115906693    
   1.44999993      0.117158860    
   1.45999992      0.118436232    
   1.46999991      0.119739585    
   1.48000002      0.121069744    
   1.49000001      0.122427776    
   1.50000000      0.123814687    
   1.50999999      0.125230446    
   1.51999998      0.126679942    
   1.52999997      0.128161058    
   1.53999996      0.129675791    
   1.54999995      0.131225929    
   1.55999994      0.132812932    
   1.56999993      0.134438694    
   1.57999992      0.136104271    
   1.58999991      0.137812719    
   1.59999990      0.139564902    
   1.61000001      0.141363621    
   1.62000000      0.143210754    
   1.63000000      0.145109117    
   1.63999999      0.147061244    
   1.64999998      0.149069637    
   1.65999997      0.151138246    
   1.66999996      0.153269470    
   1.67999995      0.155467600    
   1.68999994      0.157735661    
   1.69999993      0.160078719    
   1.70999992      0.162500709    
   1.71999991      0.165007025    
   1.73000002      0.167603269    
   1.74000001      0.170294553    
   1.75000000      0.173088342    
   1.75999999      0.175990894    
   1.76999998      0.179010779    
   1.77999997      0.182156309    
   1.78999996      0.185437158    
   1.79999995      0.188863933    
   1.80999994      0.192448482    
   1.81999993      0.196203962    
   1.82999992      0.200145364    
   1.83999991      0.204289079    
   1.84999990      0.208654061    
   1.86000001      0.213261530    
   1.87000000      0.218135715    
   1.88000000      0.223303929    
   1.88999999      0.228797704    
   1.89999998      0.234653577    
   1.90999997      0.240913093    
   1.91999996      0.247624919    
   1.92999995      0.254844457    
   1.93999994      0.262637526    
   1.94999993      0.271077901    
   1.95999992      0.280253202    
   1.96999991      0.290258467    
   1.97999990      0.301197767    
   1.99000001      0.313168228    
   2.00000000      0.326230228    
   2.00999999      0.340159029    
   2.01999998      0.353277981    
   2.02999997      0.365202844    
   2.03999996      0.376019001    
   2.04999995      0.385876328    
   2.05999994      0.394917518    
   2.06999993      0.403266072    
   2.07999992      0.411025137    
   2.08999991      0.418276101    
   2.09999990      0.425092191    
   2.10999990      0.431530118    
   2.11999989      0.437637329    
   2.12999988      0.443455309    
   2.13999987      0.449017823    
   2.14999986      0.454353571    
   2.15999985      0.459487140    
   2.16999984      0.464441270    
   2.18000007      0.469232827    
   2.19000006      0.473878294    
   2.20000005      0.478391439    
   2.21000004      0.482784778    
   2.22000003      0.487068892    
   2.23000002      0.491253436    
   2.24000001      0.495346189    
   2.25000000      0.499355286    
   2.25999999      0.503286541    
   2.26999998      0.507146955    
   2.27999997      0.510941565    
   2.28999996      0.514674902    
   2.29999995      0.518351674    
   2.30999994      0.521975517    
   2.31999993      0.525550187    
   2.32999992      0.529078901    
   2.33999991      0.532565296    
   2.34999990      0.536010802    
   2.35999990      0.539419234    
   2.36999989      0.542792082    
   2.37999988      0.546130776    
   2.38999987      0.549439013    
   2.39999986      0.552717268    
   2.40999985      0.555967689    
   2.41999984      0.559191644    
   2.42999983      0.562390625    
   2.44000006      0.565566421    
   2.45000005      0.568718374    
   2.46000004      0.571849763    
   2.47000003      0.574960947    
   2.48000002      0.578051686    
   2.49000001      0.581125259    
   2.50000000      0.584181011    
   2.50999999      0.587219298    
   2.51999998      0.590241790    
   2.52999997      0.593249977    
   2.53999996      0.596243143    
   2.54999995      0.599222720    
   2.55999994      0.602187991    
   2.56999993      0.605140924    
   2.57999992      0.608081222    
   2.58999991      0.611009836    
   2.59999990      0.613927782    
   2.60999990      0.616833687    
   2.61999989      0.619729698    
   2.62999988      0.622615516    
   2.63999987      0.625491321    
   2.64999986      0.628357649    
   2.65999985      0.631215513    
   2.66999984      0.634064376    
   2.67999983      0.636904240    
   2.69000006      0.639737368    
   2.70000005      0.642562747    
   2.71000004      0.645378947    
   2.72000003      0.648189127    
   2.73000002      0.650991201    
   2.74000001      0.653787136    
   2.75000000      0.656576097    
   2.75999999      0.659358442    
   2.76999998      0.662135243    
   2.77999997      0.664905608    
   2.78999996      0.667669356    
   2.79999995      0.670429528    
   2.80999994      0.673182547    
   2.81999993      0.675930202    
   2.82999992      0.678672910    
   2.83999991      0.681410849    
   2.84999990      0.684142709    
   2.85999990      0.686871707    
   2.86999989      0.689594626    
   2.87999988      0.692310452    
   2.88999987      0.695028007    
   2.89999986      0.697737634    
   2.90999985      0.700443685    
   2.91999984      0.703145862    
   2.92999983      0.705843568    
   2.93999982      0.708537459    
   2.95000005      0.711228073    
   2.96000004      0.713914275    
   2.97000003      0.716597080    
   2.98000002      0.719277143    
   2.99000001      0.721953154    
   3.00000000      0.724626184    
   3.00999999      0.727294803    
   3.01999998      0.729961872    
   3.02999997      0.732624650    
   3.03999996      0.735284626    
   3.04999995      0.737941563    
   3.05999994      0.740596175    
   3.06999993      0.743247807    
   3.07999992      0.745896280    
   3.08999991      0.748542249    
   3.09999990      0.751185298    
   3.10999990      0.753825665    
   3.11999989      0.756463706    
   3.12999988      0.759099305    
   3.13999987      0.761733055    
   3.14999986      0.764363468    
   3.15999985      0.766991794    
   3.16999984      0.769617558    
   3.17999983      0.772241533    
   3.18999982      0.774862409    
   3.19999981      0.777482450    
   3.21000004      0.780098736    
   3.22000003      0.782713890    
   3.23000002      0.785327375    
   3.24000001      0.787938774    
   3.25000000      0.790547669    
   3.25999999      0.793155015    
   3.26999998      0.795759857    
   3.27999997      0.798363864    
   3.28999996      0.800964892    
   3.29999995      0.803564668    
   3.30999994      0.806162775    
   3.31999993      0.808758140    
   3.32999992      0.811352611    
   3.33999991      0.813945532    
   3.34999990      0.816535950    
   3.35999990      0.819125533    
   3.36999989      0.821713984    
   3.37999988      0.824299753    
   3.38999987      0.826884508    
   3.39999986      0.829467714    
   3.40999985      0.832049072    
   3.41999984      0.834629118    
   3.42999983      0.837207258    
   3.43999982      0.839784920    
   3.44999981      0.842360795    
   3.46000004      0.844935238    
   3.47000003      0.847508192    
   3.48000002      0.850080371    
   3.49000001      0.852650225    
   3.50000000      0.855219126    
   3.50999999      0.857778847    
