   9.99999978E-03   2.98916566E-04
   1.99999996E-02   5.13578416E-04
   2.99999993E-02   7.78145040E-04
   3.99999991E-02   9.23311338E-04
   4.99999970E-02   9.93233756E-04
   5.99999987E-02   1.08530687E-03
   7.00000003E-02   1.20442011E-03
   7.99999982E-02   1.34108809E-03
   8.99999961E-02   1.48610887E-03
   9.99999940E-02   1.63425214E-03
  0.109999999       1.78162404E-03
  0.119999997       1.92611164E-03
  0.129999995       2.06637662E-03
  0.140000001       2.20167614E-03
  0.149999991       2.32889387E-03
  0.159999996       2.45649600E-03
  0.170000002       2.57556699E-03
  0.179999992       2.68877903E-03
  0.189999998       2.79715005E-03
  0.199999988       2.90052802E-03
  0.209999993       2.99912924E-03
  0.219999999       3.09267896E-03
  0.229999989       3.18187964E-03
  0.239999995       3.26690380E-03
  0.250000000       3.34783527E-03
  0.259999990       3.42506520E-03
  0.269999981       3.49866366E-03
  0.280000001       3.56928934E-03
  0.289999992       3.63722839E-03
  0.299999982       3.70107591E-03
  0.310000002       3.76287079E-03
  0.319999993       3.82377161E-03
  0.329999983       3.89257702E-03
  0.340000004       3.94607149E-03
  0.349999994       3.99845093E-03
  0.359999985       4.05136868E-03
  0.370000005       4.10583708E-03
  0.379999995       4.16638749E-03
  0.389999986       4.24899766E-03
  0.399999976       4.39006742E-03
  0.409999996       4.40878375E-03
  0.419999987       4.45623975E-03
  0.429999977       4.50911839E-03
  0.439999998       4.56829835E-03
  0.449999988       4.63673845E-03
  0.459999979       4.71991906E-03
  0.469999999       4.83048148E-03
  0.479999989       4.99857543E-03
  0.489999980       5.33494633E-03
  0.500000000       6.08212175E-03
  0.509999990       5.92690706E-03
  0.519999981       5.95422089E-03
  0.529999971       6.01696363E-03
  0.539999962       6.10002922E-03
  0.550000012       6.20041694E-03
  0.560000002       6.31504878E-03
  0.569999993       6.45707687E-03
  0.579999983       6.61980640E-03
  0.589999974       6.81544654E-03
  0.599999964       7.05033075E-03
  0.610000014       7.34441867E-03
  0.620000005       7.72686675E-03
  0.629999995       8.25141743E-03
  0.639999986       9.03174374E-03
  0.649999976       1.03697246E-02
  0.659999967       1.34142619E-02
  0.669999957       1.61722507E-02
  0.680000007       1.55858472E-02
  0.689999998       1.54631725E-02
  0.699999988       1.54901929E-02
  0.709999979       1.55978119E-02
  0.719999969       1.57548003E-02
  0.729999959       1.59529652E-02
  0.740000010       1.61841642E-02
  0.750000000       1.64454617E-02
  0.759999990       1.67348087E-02
  0.769999981       1.70526244E-02
  0.779999971       1.73489265E-02
  0.789999962       1.77760310E-02
  0.799999952       1.81852374E-02
  0.810000002       1.86292846E-02
  0.819999993       1.91125255E-02
  0.829999983       1.96373966E-02
  0.839999974       2.02148855E-02
  0.849999964       2.08469573E-02
  0.859999955       2.15438846E-02
  0.870000005       2.23166179E-02
  0.879999995       2.31795646E-02
  0.889999986       2.41503417E-02
  0.899999976       2.52549425E-02
  0.909999967       2.65215356E-02
  0.919999957       2.79991850E-02
  0.930000007       2.97507029E-02
  0.939999998       3.18731740E-02
  0.949999988       3.45185287E-02
  0.959999979       3.79431471E-02
  0.969999969       4.26228940E-02
  0.979999959       4.95586134E-02
  0.989999950       6.12935089E-02
   1.00000000       8.21794197E-02
   1.00999999       8.37014467E-02
   1.01999998       8.37116092E-02
   1.02999997       8.37722197E-02
   1.03999996       8.39423314E-02
   1.04999995       8.42090994E-02
   1.05999994       8.45561475E-02
   1.06999993       8.49690810E-02
   1.07999992       8.54375586E-02
   1.09000003       8.59524533E-02
   1.10000002       8.65074620E-02
   1.11000001       8.70975703E-02
   1.12000000       8.77193138E-02
   1.13000000       8.83689150E-02
   1.13999999       8.90442729E-02
   1.14999998       8.97434130E-02
   1.15999997       9.04644653E-02
   1.16999996       9.12066028E-02
   1.17999995       9.19682682E-02
   1.18999994       9.27489847E-02
   1.19999993       9.35480148E-02
   1.20999992       9.43648592E-02
   1.22000003       9.51990783E-02
   1.23000002       9.60499495E-02
   1.24000001       9.69183370E-02
   1.25000000       9.78024602E-02
   1.25999999       9.87044573E-02
   1.26999998       9.96227264E-02
   1.27999997      0.100557745    
   1.28999996      0.101509653    
   1.29999995      0.102478534    
   1.30999994      0.103464812    
   1.31999993      0.104468502    
   1.32999992      0.105490170    
   1.33999991      0.106530041    
   1.35000002      0.107588470    
   1.36000001      0.108668059    
   1.37000000      0.109762780    
   1.38000000      0.110879570    
   1.38999999      0.112016730    
   1.39999998      0.113175295    
   1.40999997      0.114355199    
   1.41999996      0.115557589    
   1.42999995      0.116782978    
   1.43999994      0.118032292    
   1.44999993      0.119305916    
   1.45999992      0.120605186    
   1.46999991      0.121931940    
   1.48000002      0.123283632    
   1.49000001      0.124664806    
   1.50000000      0.126075253    
   1.50999999      0.127515063    
   1.51999998      0.128989130    
   1.52999997      0.130495027    
   1.53999996      0.132035360    
   1.54999995      0.133611456    
   1.55999994      0.135225073    
   1.56999993      0.136877656    
   1.57999992      0.138571158    
   1.58999991      0.140307605    
   1.59999990      0.142088711    
   1.61000001      0.143916771    
   1.62000000      0.145794377    
   1.63000000      0.147723570    
   1.63999999      0.149707407    
   1.64999998      0.151748165    
   1.65999997      0.153849751    
   1.66999996      0.156015038    
   1.67999995      0.158247933    
   1.68999994      0.160551682    
   1.69999993      0.162931398    
   1.70999992      0.165391192    
   1.71999991      0.167936161    
   1.73000002      0.170572013    
   1.74000001      0.173304021    
   1.75000000      0.176139817    
   1.75999999      0.179083899    
   1.76999998      0.182149991    
   1.77999997      0.185341164    
   1.78999996      0.188669235    
   1.79999995      0.192144513    
   1.80999994      0.195778921    
   1.81999993      0.199586049    
   1.82999992      0.203580454    
   1.83999991      0.207779139    
   1.84999990      0.212200701    
   1.86000001      0.216866240    
   1.87000000      0.221800372    
   1.88000000      0.227030128    
   1.88999999      0.232587382    
   1.89999998      0.238508075    
   1.90999997      0.244833782    
   1.91999996      0.251612633    
   1.92999995      0.258900255    
   1.93999994      0.266760826    
   1.94999993      0.275268674    
   1.95999992      0.284508348    
   1.96999991      0.294573963    
   1.97999990      0.305566132    
   1.99000001      0.317579240    
   2.00000000      0.330668271    
   2.00999999      0.344602376    
   2.01999998      0.357727140    
   2.02999997      0.369664878    
   2.03999996      0.380499721    
   2.04999995      0.390380681    
   2.05999994      0.399448425    
   2.06999993      0.407825798    
   2.07999992      0.415614665    
   2.08999991      0.422897041    
   2.09999990      0.429744214    
   2.10999990      0.436214358    
   2.11999989      0.442353427    
   2.12999988      0.448203027    
   2.13999987      0.453797162    
   2.14999986      0.459164351    
   2.15999985      0.464329720    
   2.16999984      0.469314367    
   2.18000007      0.474136680    
   2.19000006      0.478812426    
   2.20000005      0.483355612    
   2.21000004      0.487778634    
   2.22000003      0.492092222    
   2.23000002      0.496305436    
   2.24000001      0.500426948    
   2.25000000      0.504464388    
   2.25999999      0.508424222    
   2.26999998      0.512312233    
   2.27999997      0.516134858    
   2.28999996      0.519895136    
   2.29999995      0.523599923    
   2.30999994      0.527250111    
   2.31999993      0.530851543    
   2.32999992      0.534407139    
   2.33999991      0.537919402    
   2.34999990      0.541391671    
   2.35999990      0.544825554    
   2.36999989      0.548224390    
   2.37999988      0.551589131    
   2.38999987      0.554922342    
   2.39999986      0.558226109    
   2.40999985      0.561501443    
   2.41999984      0.564750612    
   2.42999983      0.567974627    
   2.44000006      0.571174681    
   2.45000005      0.574351490    
   2.46000004      0.577507496    
   2.47000003      0.580642879    
   2.48000002      0.583759129    
   2.49000001      0.586856306    
   2.50000000      0.589935601    
   2.50999999      0.592998505    
   2.51999998      0.596044600    
   2.52999997      0.599077284    
   2.53999996      0.602093697    
   2.54999995      0.605096102    
   2.55999994      0.608085752    
   2.56999993      0.611061573    
   2.57999992      0.614025891    
   2.58999991      0.616977096    
   2.59999990      0.619918108    
   2.60999990      0.622847855    
   2.61999989      0.625766873    
   2.62999988      0.628676236    
   2.63999987      0.631575346    
   2.64999986      0.634464860    
   2.65999985      0.637344778    
   2.66999984      0.640216768    
   2.67999983      0.643080115    
   2.69000006      0.645935595    
   2.70000005      0.648783088    
   2.71000004      0.651622057    
   2.72000003      0.654454052    
   2.73000002      0.657279551    
   2.74000001      0.660097718    
   2.75000000      0.662910461    
   2.75999999      0.665714741    
   2.76999998      0.668513119    
   2.77999997      0.671306729    
   2.78999996      0.674092710    
   2.79999995      0.676874876    
   2.80999994      0.679649532    
   2.81999993      0.682419896    
   2.82999992      0.685184896    
   2.83999991      0.687944174    
   2.84999990      0.690699697    
   2.85999990      0.693449080    
   2.86999989      0.696194708    
   2.87999988      0.698932409    
   2.88999987      0.701671898    
   2.89999986      0.704403758    
   2.90999985      0.707132459    
   2.91999984      0.709856331    
   2.92999983      0.712575674    
   2.93999982      0.715291262    
   2.95000005      0.718003273    
   2.96000004      0.720711827    
   2.97000003      0.723416746    
   2.98000002      0.726117730    
   2.99000001      0.728816211    
   3.00000000      0.731510222    
   3.00999999      0.734200895    
   3.01999998      0.736889720    
   3.02999997      0.739574194    
   3.03999996      0.742256343    
   3.04999995      0.744934559    
   3.05999994      0.747610390    
   3.06999993      0.750283599    
   3.07999992      0.752954543    
   3.08999991      0.755621552    
   3.09999990      0.758285403    
   3.10999990      0.760947824    
   3.11999989      0.763607681    
   3.12999988      0.766264796    
   3.13999987      0.768919826    
   3.14999986      0.771571875    
   3.15999985      0.774220884    
   3.16999984      0.776868701    
   3.17999983      0.779513657    
   3.18999982      0.782156050    
   3.19999981      0.784797609    
   3.21000004      0.787436008    
   3.22000003      0.790072203    
   3.23000002      0.792706370    
   3.24000001      0.795339227    
   3.25000000      0.797534049    
   3.25999999      0.800598025    
   3.26999998      0.803224206    
   3.27999997      0.805849314    
   3.28999996      0.808471441    
   3.29999995      0.811092436    
   3.30999994      0.813711882    
   3.31999993      0.816328704    
   3.32999992      0.818944395    
   3.33999991      0.821558118    
   3.34999990      0.824170172    
   3.35999990      0.826781392    
   3.36999989      0.829390585    
   3.37999988      0.831997395    
   3.38999987      0.834603071    
   3.39999986      0.837207615    
   3.40999985      0.839809656    
   3.41999984      0.842411339    
   3.42999983      0.845011413    
   3.43999982      0.847609520    
   3.44999981      0.850206494    
   3.46000004      0.852801979    
   3.47000003      0.855395317    
   3.48000002      0.857988238    
   3.49000001      0.860579848    
   3.50000000      0.863169372    
   3.50999999      0.865750670    
