   9.99999978E-03   3.04328976E-04
   1.99999996E-02   5.49786084E-04
   2.99999993E-02   7.95785338E-04
   3.99999991E-02   9.89993685E-04
   4.99999970E-02   1.06080691E-03
   5.99999987E-02   1.14047900E-03
   7.00000003E-02   1.24952313E-03
   7.99999982E-02   1.38030737E-03
   8.99999961E-02   1.52339519E-03
   9.99999940E-02   1.67226407E-03
  0.109999999       1.82251853E-03
  0.119999997       1.97110837E-03
  0.129999995       2.11647316E-03
  0.140000001       2.25733919E-03
  0.149999991       2.39321333E-03
  0.159999996       2.52155657E-03
  0.170000002       2.64893146E-03
  0.179999992       2.76860176E-03
  0.189999998       2.88291997E-03
  0.199999988       2.99214059E-03
  0.209999993       3.09646339E-03
  0.219999999       3.19554447E-03
  0.229999989       3.28991306E-03
  0.239999995       3.38034378E-03
  0.250000000       3.46651347E-03
  0.259999990       3.54855042E-03
  0.269999981       3.62704089E-03
  0.280000001       3.70346894E-03
  0.289999992       3.77590884E-03
  0.299999982       3.84413730E-03
  0.310000002       3.91109474E-03
  0.319999993       3.97866871E-03
  0.329999983       4.05920297E-03
  0.340000004       4.11562761E-03
  0.349999994       4.17334912E-03
  0.359999985       4.23259381E-03
  0.370000005       4.29589953E-03
  0.379999995       4.36937902E-03
  0.389999986       4.47807088E-03
  0.399999976       4.65399213E-03
  0.409999996       4.67211287E-03
  0.419999987       4.72585810E-03
  0.429999977       4.78978734E-03
  0.439999998       4.86370176E-03
  0.449999988       4.95183002E-03
  0.459999979       5.06031094E-03
  0.469999999       5.21104969E-03
  0.479999989       5.44356182E-03
  0.489999980       5.90919238E-03
  0.500000000       6.81350799E-03
  0.509999990       6.61830744E-03
  0.519999981       6.65087672E-03
  0.529999971       6.72922051E-03
  0.539999962       6.83498895E-03
  0.550000012       6.96487958E-03
  0.560000002       7.11960206E-03
  0.569999993       7.29926582E-03
  0.579999983       7.51287257E-03
  0.589999974       7.76856113E-03
  0.599999964       8.08008108E-03
  0.610000014       8.46972410E-03
  0.620000005       8.97740480E-03
  0.629999995       9.67145152E-03
  0.639999986       1.07001159E-02
  0.649999976       1.24446619E-02
  0.659999967       1.62631124E-02
  0.669999957       1.92094743E-02
  0.680000007       1.85188204E-02
  0.689999998       1.83709115E-02
  0.699999988       1.84033923E-02
  0.709999979       1.85326040E-02
  0.719999969       1.87261533E-02
  0.729999959       1.89688392E-02
  0.740000010       1.92525890E-02
  0.750000000       1.95736326E-02
  0.759999990       1.99298915E-02
  0.769999981       2.03207228E-02
  0.779999971       2.07476243E-02
  0.789999962       2.12120041E-02
  0.799999952       2.17164010E-02
  0.810000002       2.22639162E-02
  0.819999993       2.28597131E-02
  0.829999983       2.35071890E-02
  0.839999974       2.42187697E-02
  0.849999964       2.49975901E-02
  0.859999955       2.58561131E-02
  0.870000005       2.68074702E-02
  0.879999995       2.78689619E-02
  0.889999986       2.90620532E-02
  0.899999976       3.04161366E-02
  0.909999967       3.19703221E-02
  0.919999957       3.37777473E-02
  0.930000007       3.59151624E-02
  0.939999998       3.84965800E-02
  0.949999988       4.16996926E-02
  0.959999979       4.58202660E-02
  0.969999969       5.13970070E-02
  0.979999959       5.95281050E-02
  0.989999950       7.28314146E-02
   1.00000000       9.44131836E-02
   1.00999999       9.62523222E-02
   1.01999998       9.63992700E-02
   1.02999997       9.65492576E-02
   1.03999996       9.67930704E-02
   1.04999995       9.71324742E-02
   1.05999994       9.75528136E-02
   1.06999993       9.80433002E-02
   1.07999992       9.85923335E-02
   1.09000003       9.91911739E-02
   1.10000002       9.98329595E-02
   1.11000001      0.100514963    
   1.12000000      0.101230800    
   1.13000000      0.101978406    
   1.13999999      0.102753483    
   1.14999998      0.103555799    
   1.15999997      0.104382709    
   1.16999996      0.105233558    
   1.17999995      0.106106088    
   1.18999994      0.107000247    
   1.19999993      0.107915260    
   1.20999992      0.108850412    
   1.22000003      0.109805159    
   1.23000002      0.110779062    
   1.24000001      0.111772627    
   1.25000000      0.112784050    
   1.25999999      0.113816045    
   1.26999998      0.114866324    
   1.27999997      0.115935609    
   1.28999996      0.117024168    
   1.29999995      0.118132025    
   1.30999994      0.119259432    
   1.31999993      0.120406218    
   1.32999992      0.121574469    
   1.33999991      0.122762769    
   1.35000002      0.123972088    
   1.36000001      0.125202850    
   1.37000000      0.126455635    
   1.38000000      0.127731025    
   1.38999999      0.129029468    
   1.39999998      0.130351990    
   1.40999997      0.131698832    
   1.41999996      0.133070797    
   1.42999995      0.134468839    
   1.43999994      0.135893658    
   1.44999993      0.137346059    
   1.45999992      0.138827264    
   1.46999991      0.140338093    
   1.48000002      0.141879335    
   1.49000001      0.143452421    
   1.50000000      0.145058528    
   1.50999999      0.146697849    
   1.51999998      0.148375019    
   1.52999997      0.150087953    
   1.53999996      0.151839405    
   1.54999995      0.153630778    
   1.55999994      0.155464306    
   1.56999993      0.157341078    
   1.57999992      0.159263387    
   1.58999991      0.161233798    
   1.59999990      0.163253576    
   1.61000001      0.165325671    
   1.62000000      0.167452514    
   1.63000000      0.169636816    
   1.63999999      0.171881333    
   1.64999998      0.174189240    
   1.65999997      0.176563844    
   1.66999996      0.178996339    
   1.67999995      0.181528404    
   1.68999994      0.184126005    
   1.69999993      0.186806798    
   1.70999992      0.189575210    
   1.71999991      0.192437112    
   1.73000002      0.195398316    
   1.74000001      0.198464349    
   1.75000000      0.201643243    
   1.75999999      0.204941466    
   1.76999998      0.208367988    
   1.77999997      0.211931914    
   1.78999996      0.215643212    
   1.79999995      0.219514027    
   1.80999994      0.223552495    
   1.81999993      0.227777347    
   1.82999992      0.232201532    
   1.83999991      0.236842051    
   1.84999990      0.241718292    
   1.86000001      0.246851295    
   1.87000000      0.252265126    
   1.88000000      0.257986903    
   1.88999999      0.264048249    
   1.89999998      0.270483077    
   1.90999997      0.277332157    
   1.91999996      0.284640193    
   1.92999995      0.292459965    
   1.93999994      0.300849587    
   1.94999993      0.309874982    
   1.95999992      0.319610953    
   1.96999991      0.330135465    
   1.97999990      0.341528535    
   1.99000001      0.353856415    
   2.00000000      0.367142469    
   2.00999999      0.381113052    
   2.01999998      0.394277245    
   2.02999997      0.406305641    
   2.03999996      0.417278975    
   2.04999995      0.427332312    
   2.05999994      0.436597764    
   2.06999993      0.445190400    
   2.07999992      0.453207463    
   2.08999991      0.460725069    
   2.09999990      0.467813313    
   2.10999990      0.474526942    
   2.11999989      0.480910391    
   2.12999988      0.487005442    
   2.13999987      0.492844045    
   2.14999986      0.498454720    
   2.15999985      0.503861845    
   2.16999984      0.509086907    
   2.18000007      0.514147758    
   2.19000006      0.519059956    
   2.20000005      0.523836374    
   2.21000004      0.528491616    
   2.22000003      0.533034742    
   2.23000002      0.537475705    
   2.24000001      0.541822970    
   2.25000000      0.546083629    
   2.25999999      0.550265133    
   2.26999998      0.554372966    
   2.27999997      0.558413267    
   2.28999996      0.562390208    
   2.29999995      0.566308677    
   2.30999994      0.570172071    
   2.31999993      0.573984742    
   2.32999992      0.577750027    
   2.33999991      0.581469893    
   2.34999990      0.585148752    
   2.35999990      0.588788092    
   2.36999989      0.592390358    
   2.37999988      0.595958471    
   2.38999987      0.599493980    
   2.39999986      0.602997839    
   2.40999985      0.606473029    
   2.41999984      0.609920442    
   2.42999983      0.613341808    
   2.44000006      0.616738617    
   2.45000005      0.620110512    
   2.46000004      0.623461068    
   2.47000003      0.626790702    
   2.48000002      0.630099297    
   2.49000001      0.633389115    
   2.50000000      0.636660159    
   2.50999999      0.639913559    
   2.51999998      0.643149555    
   2.52999997      0.646371543    
   2.53999996      0.649576604    
   2.54999995      0.652767420    
   2.55999994      0.655944288    
   2.56999993      0.659106910    
   2.57999992      0.662257612    
   2.58999991      0.665395141    
   2.59999990      0.668520570    
   2.60999990      0.671635330    
   2.61999989      0.674737811    
   2.62999988      0.677831113    
   2.63999987      0.680913091    
   2.64999986      0.683985949    
   2.65999985      0.687048912    
   2.66999984      0.690102637    
   2.67999983      0.693147302    
   2.69000006      0.696183980    
   2.70000005      0.699212611    
   2.71000004      0.702232480    
   2.72000003      0.705244780    
   2.73000002      0.708249331    
   2.74000001      0.711247385    
   2.75000000      0.714238048    
   2.75999999      0.717221558    
   2.76999998      0.720199049    
   2.77999997      0.723170102    
   2.78999996      0.726133943    
   2.79999995      0.729093373    
   2.80999994      0.732045472    
   2.81999993      0.734994352    
   2.82999992      0.737934947    
   2.83999991      0.740871549    
   2.84999990      0.743803203    
   2.85999990      0.746729255    
   2.86999989      0.749650121    
   2.87999988      0.752567291    
   2.88999987      0.755478978    
   2.89999986      0.758385241    
   2.90999985      0.761288643    
   2.91999984      0.764187634    
   2.92999983      0.767081738    
   2.93999982      0.769971907    
   2.95000005      0.772858381    
   2.96000004      0.775740862    
   2.97000003      0.778619528    
   2.98000002      0.781494379    
   2.99000001      0.784365714    
   3.00000000      0.787233531    
   3.00999999      0.790098011    
   3.01999998      0.792958617    
   3.02999997      0.795816660    
   3.03999996      0.798670530    
   3.04999995      0.801522493    
   3.05999994      0.804370761    
   3.06999993      0.807216167    
   3.07999992      0.810058713    
   3.08999991      0.812897742    
   3.09999990      0.815734088    
   3.10999990      0.818567812    
   3.11999989      0.821398497    
   3.12999988      0.824227691    
   3.13999987      0.827053607    
   3.14999986      0.829877079    
   3.15999985      0.832698464    
   3.16999984      0.835516274    
   3.17999983      0.838332772    
   3.18999982      0.841146410    
   3.19999981      0.843957186    
   3.21000004      0.846766293    
   3.22000003      0.849573195    
   3.23000002      0.852377892    
   3.24000001      0.855181038    
   3.25000000      0.857981324    
   3.25999999      0.860779405    
   3.26999998      0.863576531    
   3.27999997      0.866370320    
   3.28999996      0.869162738    
   3.29999995      0.871953845    
   3.30999994      0.874742568    
   3.31999993      0.877529263    
   3.32999992      0.880314291    
   3.33999991      0.883097947    
   3.34999990      0.885879397    
   3.35999990      0.888658643    
   3.36999989      0.891436517    
   3.37999988      0.894212902    
   3.38999987      0.896987915    
   3.39999986      0.899761140    
   3.40999985      0.902532578    
   3.41999984      0.905302227    
   3.42999983      0.908071041    
   3.43999982      0.910838127    
   3.44999981      0.913602948    
   3.46000004      0.916366875    
   3.47000003      0.919129610    
   3.48000002      0.921890318    
   3.49000001      0.924650490    
   3.50000000      0.927408338    
   3.50999999      0.930164754    
