   9.99999978E-03   3.03208944E-04
   1.99999996E-02   5.44997747E-04
   2.99999993E-02   7.93933810E-04
   3.99999991E-02   9.81858931E-04
   4.99999970E-02   1.05207565E-03
   5.99999987E-02   1.13339489E-03
   7.00000003E-02   1.24366209E-03
   7.99999982E-02   1.37532083E-03
   8.99999961E-02   1.51875929E-03
   9.99999940E-02   1.66762783E-03
  0.109999999       1.81759719E-03
  0.119999997       1.96571625E-03
  0.129999995       2.11051456E-03
  0.140000001       2.25072308E-03
  0.149999991       2.38589616E-03
  0.159999996       2.51348712E-03
  0.170000002       2.64032488E-03
  0.179999992       2.75905803E-03
  0.189999998       2.87263864E-03
  0.199999988       2.98114796E-03
  0.209999993       3.08475969E-03
  0.219999999       3.18315392E-03
  0.229999989       3.27703659E-03
  0.239999995       3.36663728E-03
  0.250000000       3.45216040E-03
  0.259999990       3.53358267E-03
  0.269999981       3.61084472E-03
  0.280000001       3.68717127E-03
  0.289999992       3.75900581E-03
  0.299999982       3.82665591E-03
  0.310000002       3.89294233E-03
  0.319999993       3.95963294E-03
  0.329999983       4.03851550E-03
  0.340000004       4.09460440E-03
  0.349999994       4.15132148E-03
  0.359999985       4.20998037E-03
  0.370000005       4.27206932E-03
  0.379999995       4.34368709E-03
  0.389999986       4.44868952E-03
  0.399999976       4.61990340E-03
  0.409999996       4.63830307E-03
  0.419999987       4.69081290E-03
  0.429999977       4.75337356E-03
  0.439999998       4.82522883E-03
  0.449999988       4.91060084E-03
  0.459999979       5.01635391E-03
  0.469999999       5.16053569E-03
  0.479999989       5.38378954E-03
  0.489999980       5.83149912E-03
  0.500000000       6.71554822E-03
  0.509999990       6.52535865E-03
  0.519999981       6.55756099E-03
  0.529999971       6.63371012E-03
  0.539999962       6.73646433E-03
  0.550000012       6.86219428E-03
  0.560000002       7.01017026E-03
  0.569999993       7.18583027E-03
  0.579999983       7.39244651E-03
  0.589999974       7.63964420E-03
  0.599999964       7.94071238E-03
  0.610000014       8.31804983E-03
  0.620000005       8.80780909E-03
  0.629999995       9.47858859E-03
  0.639999986       1.04733324E-02
  0.649999976       1.21627850E-02
  0.659999967       1.58792380E-02
  0.669999957       1.88049488E-02
  0.680000007       1.81334261E-02
  0.689999998       1.79830063E-02
  0.699999988       1.80147011E-02
  0.709999979       1.81408376E-02
  0.719999969       1.83296725E-02
  0.729999959       1.85664315E-02
  0.740000010       1.88431982E-02
  0.750000000       1.91562567E-02
  0.759999990       1.95036326E-02
  0.769999981       1.98847223E-02
  0.779999971       2.03008875E-02
  0.789999962       2.07536090E-02
  0.799999952       2.12452970E-02
  0.810000002       2.17790455E-02
  0.819999993       2.23598331E-02
  0.829999983       2.29910091E-02
  0.839999974       2.36847047E-02
  0.849999964       2.44439952E-02
  0.859999955       2.52809841E-02
  0.870000005       2.62086373E-02
  0.879999995       2.72437241E-02
  0.889999986       2.84073278E-02
  0.899999976       2.97280923E-02
  0.909999967       3.12443916E-02
  0.919999957       3.30081657E-02
  0.930000007       3.50946337E-02
  0.939999998       3.76156047E-02
  0.949999988       4.07454818E-02
  0.959999979       4.47751433E-02
  0.969999969       5.02355993E-02
  0.979999959       5.82137220E-02
  0.989999950       7.13218674E-02
   1.00000000       9.28261876E-02
   1.00999999       9.46252495E-02
   1.01999998       9.47536901E-02
   1.02999997       9.48916525E-02
   1.03999996       9.51252878E-02
   1.04999995       9.54549313E-02
   1.05999994       9.58653837E-02
   1.06999993       9.63456407E-02
   1.07999992       9.68841314E-02
   1.09000003       9.74719301E-02
   1.10000002       9.81022939E-02
   1.11000001       9.87722874E-02
   1.12000000       9.94760320E-02
   1.13000000      0.100210942    
   1.13999999      0.100973122    
   1.14999998      0.101761952    
   1.15999997      0.102575213    
   1.16999996      0.103412122    
   1.17999995      0.104270227    
   1.18999994      0.105149649    
   1.19999993      0.106049702    
   1.20999992      0.106969468    
   1.22000003      0.107908696    
   1.23000002      0.108866692    
   1.24000001      0.109844074    
   1.25000000      0.110839084    
   1.25999999      0.111854300    
   1.26999998      0.112887576    
   1.27999997      0.113939501    
   1.28999996      0.115010567    
   1.29999995      0.116100416    
   1.30999994      0.117209636    
   1.31999993      0.118337937    
   1.32999992      0.119487360    
   1.33999991      0.120656520    
   1.35000002      0.121846333    
   1.36000001      0.123057365    
   1.37000000      0.124290168    
   1.38000000      0.125545025    
   1.38999999      0.126822740    
   1.39999998      0.128124058    
   1.40999997      0.129449502    
   1.41999996      0.130799681    
   1.42999995      0.132175446    
   1.43999994      0.133577615    
   1.44999993      0.135007054    
   1.45999992      0.136464804    
   1.46999991      0.137951896    
   1.48000002      0.139468968    
   1.49000001      0.141017482    
   1.50000000      0.142598182    
   1.50999999      0.144211873    
   1.51999998      0.145863026    
   1.52999997      0.147549525    
   1.53999996      0.149273708    
   1.54999995      0.151037648    
   1.55999994      0.152842835    
   1.56999993      0.154691070    
   1.57999992      0.156583920    
   1.58999991      0.158524260    
   1.59999990      0.160513625    
   1.61000001      0.162554562    
   1.62000000      0.164649263    
   1.63000000      0.166800961    
   1.63999999      0.169012234    
   1.64999998      0.171286002    
   1.65999997      0.173625708    
   1.66999996      0.176022351    
   1.67999995      0.178518087    
   1.68999994      0.181078136    
   1.69999993      0.183720544    
   1.70999992      0.186449483    
   1.71999991      0.189271286    
   1.73000002      0.192194074    
   1.74000001      0.195214599    
   1.75000000      0.198349923    
   1.75999999      0.201603442    
   1.76999998      0.204984099    
   1.77999997      0.208500773    
   1.78999996      0.212163463    
   1.79999995      0.215984747    
   1.80999994      0.219972044    
   1.81999993      0.224144235    
   1.82999992      0.228514418    
   1.83999991      0.233099177    
   1.84999990      0.237918615    
   1.86000001      0.242992923    
   1.87000000      0.248346925    
   1.88000000      0.254007459    
   1.88999999      0.260006070    
   1.89999998      0.266333431    
   1.90999997      0.273161292    
   1.91999996      0.280404240    
   1.92999995      0.288158417    
   1.93999994      0.296483725    
   1.94999993      0.305446029    
   1.95999992      0.315121859    
   1.96999991      0.325589567    
   1.97999990      0.336936802    
   1.99000001      0.349227548    
   2.00000000      0.362490505    
   2.00999999      0.376457393    
   2.01999998      0.389617622    
   2.02999997      0.401635557    
   2.03999996      0.412592798    
   2.04999995      0.422625899    
   2.05999994      0.431868315    
   2.06999993      0.440434963    
   2.07999992      0.448424876    
   2.08999991      0.455914348    
   2.09999990      0.462973326    
   2.10999990      0.469657183    
   2.11999989      0.476011425    
   2.12999988      0.482077003    
   2.13999987      0.487886012    
   2.14999986      0.493466675    
   2.15999985      0.498844624    
   2.16999984      0.504040301    
   2.18000007      0.509071767    
   2.19000006      0.513955474    
   2.20000005      0.518703520    
   2.21000004      0.523329794    
   2.22000003      0.527844250    
   2.23000002      0.532258272    
   2.24000001      0.536577463    
   2.25000000      0.540810883    
   2.25999999      0.544964314    
   2.26999998      0.549045563    
   2.27999997      0.553059042    
   2.28999996      0.557008803    
   2.29999995      0.560900986    
   2.30999994      0.564738393    
   2.31999993      0.568524837    
   2.32999992      0.572263896    
   2.33999991      0.575958729    
   2.34999990      0.579611599    
   2.35999990      0.583225489    
   2.36999989      0.586803377    
   2.37999988      0.590345621    
   2.38999987      0.593854725    
   2.39999986      0.597334623    
   2.40999985      0.600785494    
   2.41999984      0.604208052    
   2.42999983      0.607604802    
   2.44000006      0.610977590    
   2.45000005      0.614325464    
   2.46000004      0.617651463    
   2.47000003      0.620956719    
   2.48000002      0.624241948    
   2.49000001      0.627507508    
   2.50000000      0.630755246    
   2.50999999      0.633984625    
   2.51999998      0.637197077    
   2.52999997      0.640394986    
   2.53999996      0.643576920    
   2.54999995      0.646744549    
   2.55999994      0.649897635    
   2.56999993      0.653037846    
   2.57999992      0.656164706    
   2.58999991      0.659279346    
   2.59999990      0.662382305    
   2.60999990      0.665473819    
   2.61999989      0.668553293    
   2.62999988      0.671623647    
   2.63999987      0.674683094    
   2.64999986      0.677732587    
   2.65999985      0.680773914    
   2.66999984      0.683804333    
   2.67999983      0.686826229    
   2.69000006      0.689840555    
   2.70000005      0.692845941    
   2.71000004      0.695843518    
   2.72000003      0.698833525    
   2.73000002      0.701815963    
   2.74000001      0.704791903    
   2.75000000      0.707759857    
   2.75999999      0.710721254    
   2.76999998      0.713676512    
   2.77999997      0.716625214    
   2.78999996      0.719567835    
   2.79999995      0.722504914    
   2.80999994      0.725434482    
   2.81999993      0.728361666    
   2.82999992      0.731279850    
   2.83999991      0.734194517    
   2.84999990      0.737103760    
   2.85999990      0.740008175    
   2.86999989      0.742906928    
   2.87999988      0.745802164    
   2.88999987      0.748691976    
   2.89999986      0.751577139    
   2.90999985      0.754458368    
   2.91999984      0.757335186    
   2.92999983      0.760207593    
   2.93999982      0.763075769    
   2.95000005      0.765941560    
   2.96000004      0.768801928    
   2.97000003      0.771658003    
   2.98000002      0.774511456    
   2.99000001      0.777361393    
   3.00000000      0.780207634    
   3.00999999      0.783050179    
   3.01999998      0.785889387    
   3.02999997      0.788725972    
   3.03999996      0.791558683    
   3.04999995      0.794388473    
   3.05999994      0.797215998    
   3.06999993      0.800039530    
   3.07999992      0.802860677    
   3.08999991      0.805677652    
   3.09999990      0.808492839    
   3.10999990      0.811305702    
   3.11999989      0.814115167    
   3.12999988      0.816922307    
   3.13999987      0.819727004    
   3.14999986      0.822528899    
   3.15999985      0.825329244    
   3.16999984      0.828125358    
   3.17999983      0.830920398    
   3.18999982      0.833713293    
   3.19999981      0.836502910    
   3.21000004      0.839290798    
   3.22000003      0.842076540    
   3.23000002      0.844859123    
   3.24000001      0.847641230    
   3.25000000      0.850420475    
   3.25999999      0.853197396    
   3.26999998      0.855973244    
   3.27999997      0.858746290    
   3.28999996      0.861517489    
   3.29999995      0.864286840    
   3.30999994      0.867054701    
   3.31999993      0.869820416    
   3.32999992      0.872583747    
   3.33999991      0.875346303    
   3.34999990      0.878106713    
   3.35999990      0.880864859    
   3.36999989      0.883622050    
   3.37999988      0.886376858    
   3.38999987      0.889131188    
   3.39999986      0.891882777    
   3.40999985      0.894633830    
   3.41999984      0.897382259    
   3.42999983      0.900129616    
   3.43999982      0.902875841    
   3.44999981      0.905620098    
   3.46000004      0.908362925    
   3.47000003      0.911104023    
   3.48000002      0.913844287    
   3.49000001      0.916582584    
   3.50000000      0.919320166    
   3.50999999      0.922055542    
