   9.99999978E-03   3.10784701E-04
   1.99999996E-02   5.69115800E-04
   2.99999993E-02   8.01441667E-04
   3.99999991E-02   1.02161965E-03
   4.99999970E-02   1.09606946E-03
   5.99999987E-02   1.17059844E-03
   7.00000003E-02   1.27368048E-03
   7.99999982E-02   1.40061695E-03
   8.99999961E-02   1.54194445E-03
   9.99999940E-02   1.69059646E-03
  0.109999999       1.84169412E-03
  0.119999997       1.99198537E-03
  0.129999995       2.13948730E-03
  0.140000001       2.28287769E-03
  0.149999991       2.42149713E-03
  0.159999996       2.55508116E-03
  0.170000002       2.68037082E-03
  0.179999992       2.80557759E-03
  0.189999998       2.92276940E-03
  0.199999988       3.03488108E-03
  0.209999993       3.14176688E-03
  0.219999999       3.24381283E-03
  0.229999989       3.34101170E-03
  0.239999995       3.43386247E-03
  0.250000000       3.52283730E-03
  0.259999990       3.60711361E-03
  0.269999981       3.68815754E-03
  0.280000001       3.76749085E-03
  0.289999992       3.84242646E-03
  0.299999982       3.91299697E-03
  0.310000002       3.98278516E-03
  0.319999993       4.05411748E-03
  0.329999983       4.14180057E-03
  0.340000004       4.19937959E-03
  0.349999994       4.26012930E-03
  0.359999985       4.32322919E-03
  0.370000005       4.39183833E-03
  0.379999995       4.47351020E-03
  0.389999986       4.59863571E-03
  0.399999976       4.79415851E-03
  0.409999996       4.81107924E-03
  0.419999987       4.86934092E-03
  0.429999977       4.93936101E-03
  0.439999998       5.02277445E-03
  0.449999988       5.12302713E-03
  0.459999979       5.24896383E-03
  0.469999999       5.42280637E-03
  0.479999989       5.69298398E-03
  0.489999980       6.23902027E-03
  0.500000000       7.22588925E-03
  0.509999990       7.00883940E-03
  0.519999981       7.04365829E-03
  0.529999971       7.13182427E-03
  0.539999962       7.25130085E-03
  0.550000012       7.39822863E-03
  0.560000002       7.57262483E-03
  0.569999993       7.77854584E-03
  0.579999983       8.02227110E-03
  0.589999974       8.31442233E-03
  0.599999964       8.67066067E-03
  0.610000014       9.11747012E-03
  0.620000005       9.69744287E-03
  0.629999995       1.04908682E-02
  0.639999986       1.16644343E-02
  0.649999976       1.36417300E-02
  0.659999967       1.78820007E-02
  0.669999957       2.09025946E-02
  0.680000007       2.01575514E-02
  0.689999998       1.99965425E-02
  0.699999988       2.00324617E-02
  0.709999979       2.01746747E-02
  0.719999969       2.03878973E-02
  0.729999959       2.06554625E-02
  0.740000010       2.09685136E-02
  0.750000000       2.13229097E-02
  0.759999990       2.17163246E-02
  0.769999981       2.21481379E-02
  0.779999971       2.26198062E-02
  0.789999962       2.31330562E-02
  0.799999952       2.36905348E-02
  0.810000002       2.42958274E-02
  0.819999993       2.49543246E-02
  0.829999983       2.56700851E-02
  0.839999974       2.64563821E-02
  0.849999964       2.73168776E-02
  0.859999955       2.82652434E-02
  0.870000005       2.93158051E-02
  0.879999995       3.04838251E-02
  0.889999986       3.18042599E-02
  0.899999976       3.32966484E-02
  0.909999967       3.50087769E-02
  0.919999957       3.69977541E-02
  0.930000007       3.93468477E-02
  0.939999998       4.21789959E-02
  0.949999988       4.56849635E-02
  0.959999979       5.01802526E-02
  0.969999969       5.62334657E-02
  0.979999959       6.49858266E-02
  0.989999950       7.90646747E-02
   1.00000000      0.100929074    
   1.00999999      0.102930978    
   1.01999998      0.103155367    
   1.02999997      0.103355393    
   1.03999996      0.103643566    
   1.04999995      0.104023956    
   1.05999994      0.104486264    
   1.06999993      0.105018415    
   1.07999992      0.105611265    
   1.09000003      0.106255755    
   1.10000002      0.106944554    
   1.11000001      0.107675433    
   1.12000000      0.108441792    
   1.13000000      0.109240860    
   1.13999999      0.110069834    
   1.14999998      0.110927001    
   1.15999997      0.111810222    
   1.16999996      0.112718515    
   1.17999995      0.113649987    
   1.18999994      0.114604399    
   1.19999993      0.115580834    
   1.20999992      0.116578430    
   1.22000003      0.117597200    
   1.23000002      0.118636131    
   1.24000001      0.119694710    
   1.25000000      0.120775223    
   1.25999999      0.121874876    
   1.26999998      0.122994915    
   1.27999997      0.124135382    
   1.28999996      0.125295624    
   1.29999995      0.126476645    
   1.30999994      0.127678722    
   1.31999993      0.128901854    
   1.32999992      0.130146205    
   1.33999991      0.131412774    
   1.35000002      0.132701516    
   1.36000001      0.134013116    
   1.37000000      0.135348082    
   1.38000000      0.136706978    
   1.38999999      0.138090014    
   1.39999998      0.139498696    
   1.40999997      0.140933186    
   1.41999996      0.142394453    
   1.42999995      0.143883124    
   1.43999994      0.145399958    
   1.44999993      0.146946177    
   1.45999992      0.148522958    
   1.46999991      0.150130689    
   1.48000002      0.151770920    
   1.49000001      0.153444797    
   1.50000000      0.155153155    
   1.50999999      0.156898037    
   1.51999998      0.158680454    
   1.52999997      0.160501644    
   1.53999996      0.162363157    
   1.54999995      0.164267406    
   1.55999994      0.166215494    
   1.56999993      0.168209463    
   1.57999992      0.170250997    
   1.58999991      0.172343224    
   1.59999990      0.174487442    
   1.61000001      0.176686585    
   1.62000000      0.178943008    
   1.63000000      0.181259826    
   1.63999999      0.183639899    
   1.64999998      0.186086267    
   1.65999997      0.188602641    
   1.66999996      0.191179976    
   1.67999995      0.193860590    
   1.68999994      0.196609721    
   1.69999993      0.199446157    
   1.70999992      0.202373952    
   1.71999991      0.205399156    
   1.73000002      0.208527192    
   1.74000001      0.211765274    
   1.75000000      0.215119943    
   1.75999999      0.218599111    
   1.76999998      0.222211018    
   1.77999997      0.225965187    
   1.78999996      0.229871646    
   1.79999995      0.233943313    
   1.80999994      0.238187730    
   1.81999993      0.242624119    
   1.82999992      0.247265011    
   1.83999991      0.252128303    
   1.84999990      0.257231325    
   1.86000001      0.262600124    
   1.87000000      0.268253505    
   1.88000000      0.274220169    
   1.88999999      0.280531108    
   1.89999998      0.287219584    
   1.90999997      0.294325292    
   1.91999996      0.301891327    
   1.92999995      0.309968948    
   1.93999994      0.318612814    
   1.94999993      0.327885658    
   1.95999992      0.337855786    
   1.96999991      0.348594874    
   1.97999990      0.360172749    
   1.99000001      0.372643173    
   2.00000000      0.386016130    
   2.00999999      0.400000006    
   2.01999998      0.413178384    
   2.02999997      0.425245225    
   2.03999996      0.436278045    
   2.04999995      0.446408629    
   2.05999994      0.455764204    
   2.06999993      0.464455456    
   2.07999992      0.472578198    
   2.08999991      0.480205148    
   2.09999990      0.487405926    
   2.10999990      0.494233906    
   2.11999989      0.500733435    
   2.12999988      0.506945014    
   2.13999987      0.512900352    
   2.14999986      0.518627107    
   2.15999985      0.524150550    
   2.16999984      0.529490769    
   2.18000007      0.534666181    
   2.19000006      0.539692581    
   2.20000005      0.544582248    
   2.21000004      0.549349427    
   2.22000003      0.554003894    
   2.23000002      0.558555901    
   2.24000001      0.563012064    
   2.25000000      0.567382455    
   2.25999999      0.571671546    
   2.26999998      0.575886846    
   2.27999997      0.580033302    
   2.28999996      0.584115386    
   2.29999995      0.588138819    
   2.30999994      0.592106879    
   2.31999993      0.596022964    
   2.32999992      0.599890888    
   2.33999991      0.603712797    
   2.34999990      0.607493460    
   2.35999990      0.611233830    
   2.36999989      0.614936948    
   2.37999988      0.618604183    
   2.38999987      0.622239351    
   2.39999986      0.625841916    
   2.40999985      0.629415572    
   2.41999984      0.632960856    
   2.42999983      0.636479497    
   2.44000006      0.639972746    
   2.45000005      0.643441916    
   2.46000004      0.646888793    
   2.47000003      0.650313854    
   2.48000002      0.653717518    
   2.49000001      0.657102108    
   2.50000000      0.660468817    
   2.50999999      0.663816631    
   2.51999998      0.667146146    
   2.52999997      0.670462132    
   2.53999996      0.673760235    
   2.54999995      0.677044690    
   2.55999994      0.680314422    
   2.56999993      0.683569372    
   2.57999992      0.686812222    
   2.58999991      0.690041780    
   2.59999990      0.693260193    
   2.60999990      0.696466148    
   2.61999989      0.699660242    
   2.62999988      0.702844262    
   2.63999987      0.706017137    
   2.64999986      0.709180295    
   2.65999985      0.712334275    
   2.66999984      0.715478241    
   2.67999983      0.718612909    
   2.69000006      0.721739471    
   2.70000005      0.724857926    
   2.71000004      0.727967441    
   2.72000003      0.731069446    
   2.73000002      0.734162986    
   2.74000001      0.737250447    
   2.75000000      0.740330040    
   2.75999999      0.743402958    
   2.76999998      0.746468306    
   2.77999997      0.749528229    
   2.78999996      0.752580881    
   2.79999995      0.755628347    
   2.80999994      0.758669317    
   2.81999993      0.761705577    
   2.82999992      0.764734507    
   2.83999991      0.767758846    
   2.84999990      0.770777702    
   2.85999990      0.773791552    
   2.86999989      0.776799798    
   2.87999988      0.779803932    
   2.88999987      0.782802582    
   2.89999986      0.785797954    
   2.90999985      0.788787544    
   2.91999984      0.791773081    
   2.92999983      0.794754028    
   2.93999982      0.797731519    
   2.95000005      0.800704241    
   2.96000004      0.803673685    
   2.97000003      0.806638896    
   2.98000002      0.809600472    
   2.99000001      0.812557995    
   3.00000000      0.815511882    
   3.00999999      0.818462491    
   3.01999998      0.821409345    
   3.02999997      0.824353397    
   3.03999996      0.827293932    
   3.04999995      0.830231488    
   3.05999994      0.833166122    
   3.06999993      0.836096704    
   3.07999992      0.839024842    
   3.08999991      0.841949642    
   3.09999990      0.844871640    
   3.10999990      0.847791731    
   3.11999989      0.850707173    
   3.12999988      0.853621423    
   3.13999987      0.856530428    
   3.14999986      0.859441757    
   3.15999985      0.862348378    
   3.16999984      0.865251482    
   3.17999983      0.868153095    
   3.18999982      0.871051669    
   3.19999981      0.873947740    
   3.21000004      0.876842678    
   3.22000003      0.879733741    
   3.23000002      0.882623494    
   3.24000001      0.885511637    
   3.25000000      0.888396502    
   3.25999999      0.891281128    
   3.26999998      0.894160450    
   3.27999997      0.897040546    
   3.28999996      0.899916828    
   3.29999995      0.902792513    
   3.30999994      0.905666053    
   3.31999993      0.908536673    
   3.32999992      0.911406755    
   3.33999991      0.914274573    
   3.34999990      0.917140603    
   3.35999990      0.920004368    
   3.36999989      0.922866702    
   3.37999988      0.925727367    
   3.38999987      0.928586364    
   3.39999986      0.931444108    
   3.40999985      0.934299469    
   3.41999984      0.937153757    
   3.42999983      0.940005839    
   3.43999982      0.942857206    
   3.44999981      0.945706367    
   3.46000004      0.948554277    
   3.47000003      0.951400638    
   3.48000002      0.954245448    
   3.49000001      0.957089663    
   3.50000000      0.959930360    
   3.50999999      0.962771654    
