   9.99999978E-03   3.09713883E-04
   1.99999996E-02   5.66758157E-04
   2.99999993E-02   8.00850452E-04
   3.99999991E-02   1.01775478E-03
   4.99999970E-02   1.09215395E-03
   5.99999987E-02   1.16679363E-03
   7.00000003E-02   1.27059070E-03
   7.99999982E-02   1.39806082E-03
   8.99999961E-02   1.53961428E-03
   9.99999940E-02   1.68832403E-03
  0.109999999       1.83933345E-03
  0.119999997       1.98943657E-03
  0.129999995       2.13704049E-03
  0.140000001       2.27976800E-03
  0.149999991       2.41805008E-03
  0.159999996       2.55157962E-03
  0.170000002       2.67621409E-03
  0.179999992       2.80105998E-03
  0.189999998       2.91792979E-03
  0.199999988       3.02965171E-03
  0.209999993       3.13619152E-03
  0.219999999       3.23789660E-03
  0.229999989       3.33476230E-03
  0.239999995       3.42729036E-03
  0.250000000       3.51600768E-03
  0.259999990       3.59990983E-03
  0.269999981       3.68063548E-03
  0.280000001       3.75959300E-03
  0.289999992       3.83422221E-03
  0.299999982       3.90448864E-03
  0.310000002       3.97391245E-03
  0.319999993       4.04474745E-03
  0.329999983       4.13149316E-03
  0.340000004       4.18904796E-03
  0.349999994       4.24928870E-03
  0.359999985       4.31188103E-03
  0.370000005       4.37978795E-03
  0.379999995       4.46036737E-03
  0.389999986       4.58331313E-03
  0.399999976       4.77628969E-03
  0.409999996       4.79337061E-03
  0.419999987       4.85103857E-03
  0.429999977       4.92018461E-03
  0.439999998       5.00239898E-03
  0.449999988       5.10106096E-03
  0.459999979       5.22481557E-03
  0.469999999       5.39543992E-03
  0.479999989       5.66038303E-03
  0.489999980       6.19607372E-03
  0.500000000       7.17251888E-03
  0.509999990       6.95826299E-03
  0.519999981       6.99272286E-03
  0.529999971       7.07966601E-03
  0.539999962       7.19737448E-03
  0.550000012       7.34204939E-03
  0.560000002       7.51371123E-03
  0.569999993       7.71634327E-03
  0.579999983       7.95613043E-03
  0.589999974       8.24350957E-03
  0.599999964       8.59389827E-03
  0.610000014       9.03333258E-03
  0.620000005       9.60369688E-03
  0.629999995       1.03841741E-02
  0.639999986       1.15389116E-02
  0.649999976       1.34859467E-02
  0.659999967       1.76722743E-02
  0.669999957       2.06843894E-02
  0.680000007       1.99462641E-02
  0.689999998       1.97868776E-02
  0.699999988       1.98223311E-02
  0.709999979       1.99628640E-02
  0.719999969       2.01735515E-02
  0.729999959       2.04379037E-02
  0.740000010       2.07471941E-02
  0.750000000       2.10972689E-02
  0.759999990       2.14859024E-02
  0.769999981       2.19124444E-02
  0.779999971       2.23783422E-02
  0.789999962       2.28852723E-02
  0.799999952       2.34359298E-02
  0.810000002       2.40338016E-02
  0.819999993       2.46841982E-02
  0.829999983       2.53911614E-02
  0.839999974       2.61678286E-02
  0.849999964       2.70178057E-02
  0.859999955       2.79546101E-02
  0.870000005       2.89923977E-02
  0.879999995       2.99799815E-02
  0.889999986       3.14507075E-02
  0.899999976       3.29254009E-02
  0.909999967       3.46172564E-02
  0.919999957       3.65829244E-02
  0.930000007       3.89048718E-02
  0.939999998       4.17049490E-02
  0.949999988       4.51721922E-02
  0.959999979       4.96197529E-02
  0.969999969       5.56124337E-02
  0.979999959       6.42864779E-02
  0.989999950       7.82689154E-02
   1.00000000      0.100100309    
   1.00999999      0.102081798    
   1.01999998      0.102296174    
   1.02999997      0.102489509    
   1.03999996      0.102771997    
   1.04999995      0.103147231    
   1.05999994      0.103604250    
   1.06999993      0.104130842    
   1.07999992      0.104718111    
   1.09000003      0.105356865    
   1.10000002      0.106039546    
   1.11000001      0.106764302    
   1.12000000      0.107524164    
   1.13000000      0.108316526    
   1.13999999      0.109138913    
   1.14999998      0.109988965    
   1.15999997      0.110868029    
   1.16999996      0.111766025    
   1.17999995      0.112690009    
   1.18999994      0.113636769    
   1.19999993      0.114605397    
   1.20999992      0.115595080    
   1.22000003      0.116605707    
   1.23000002      0.117636502    
   1.24000001      0.118686624    
   1.25000000      0.119758561    
   1.25999999      0.120849587    
   1.26999998      0.121960729    
   1.27999997      0.123092167    
   1.28999996      0.124243356    
   1.29999995      0.125414968    
   1.30999994      0.126607627    
   1.31999993      0.127821192    
   1.32999992      0.129055917    
   1.33999991      0.130312398    
   1.35000002      0.131591201    
   1.36000001      0.132892430    
   1.37000000      0.134217039    
   1.38000000      0.135565192    
   1.38999999      0.136937782    
   1.39999998      0.138335362    
   1.40999997      0.139758795    
   1.41999996      0.141208783    
   1.42999995      0.142685950    
   1.43999994      0.144191191    
   1.44999993      0.145725474    
   1.45999992      0.147290081    
   1.46999991      0.148885682    
   1.48000002      0.150513351    
   1.49000001      0.152174443    
   1.50000000      0.153869912    
   1.50999999      0.155601591    
   1.51999998      0.157370329    
   1.52999997      0.159177914    
   1.53999996      0.161025733    
   1.54999995      0.162915513    
   1.55999994      0.164849207    
   1.56999993      0.166828290    
   1.57999992      0.168854699    
   1.58999991      0.170931518    
   1.59999990      0.173060238    
   1.61000001      0.175243199    
   1.62000000      0.177483320    
   1.63000000      0.179783374    
   1.63999999      0.182146236    
   1.64999998      0.184575170    
   1.65999997      0.187073633    
   1.66999996      0.189632818    
   1.67999995      0.192294493    
   1.68999994      0.195024818    
   1.69999993      0.197841361    
   1.70999992      0.200749263    
   1.71999991      0.203753814    
   1.73000002      0.206860885    
   1.74000001      0.210077330    
   1.75000000      0.213409811    
   1.75999999      0.216866180    
   1.76999998      0.220454812    
   1.77999997      0.224185005    
   1.78999996      0.228067070    
   1.79999995      0.232113436    
   1.80999994      0.236332148    
   1.81999993      0.240741849    
   1.82999992      0.245355919    
   1.83999991      0.250191540    
   1.84999990      0.255265504    
   1.86000001      0.260605186    
   1.87000000      0.266228706    
   1.88000000      0.272165000    
   1.88999999      0.278444558    
   1.89999998      0.285101593    
   1.90999997      0.292175442    
   1.91999996      0.299709857    
   1.92999995      0.307755500    
   1.93999994      0.316367865    
   1.94999993      0.325609654    
   1.95999992      0.335551500    
   1.96999991      0.346264482    
   1.97999990      0.357819587    
   1.99000001      0.370272607    
   2.00000000      0.383634865    
   2.00999999      0.397617728    
   2.01999998      0.410794437    
   2.02999997      0.422856629    
   2.03999996      0.433882475    
   2.04999995      0.444003463    
   2.05999994      0.453348398    
   2.06999993      0.462027907    
   2.07999992      0.470137239    
   2.08999991      0.477750927    
   2.09999990      0.484937757    
   2.10999990      0.491751611    
   2.11999989      0.498237282    
   2.12999988      0.504434824    
   2.13999987      0.510375142    
   2.14999986      0.516087770    
   2.15999985      0.521596730    
   2.16999984      0.526922464    
   2.18000007      0.532084227    
   2.19000006      0.537096202    
   2.20000005      0.541972458    
   2.21000004      0.546725571    
   2.22000003      0.551366270    
   2.23000002      0.555904150    
   2.24000001      0.560347080    
   2.25000000      0.564703703    
   2.25999999      0.568979800    
   2.26999998      0.573181450    
   2.27999997      0.577314734    
   2.28999996      0.581384003    
   2.29999995      0.585394382    
   2.30999994      0.589349329    
   2.31999993      0.593252122    
   2.32999992      0.597107410    
   2.33999991      0.600917518    
   2.34999990      0.604685307    
   2.35999990      0.608413219    
   2.36999989      0.612103581    
   2.37999988      0.615758836    
   2.38999987      0.619380713    
   2.39999986      0.622971952    
   2.40999985      0.626532972    
   2.41999984      0.630065799    
   2.42999983      0.633571744    
   2.44000006      0.637053847    
   2.45000005      0.640510559    
   2.46000004      0.643945932    
   2.47000003      0.647358894    
   2.48000002      0.650750697    
   2.49000001      0.654123485    
   2.50000000      0.657478511    
   2.50999999      0.660813749    
   2.51999998      0.664132774    
   2.52999997      0.667436361    
   2.53999996      0.670723021    
   2.54999995      0.673995793    
   2.55999994      0.677253425    
   2.56999993      0.680497706    
   2.57999992      0.683729053    
   2.58999991      0.686947107    
   2.59999990      0.690153062    
   2.60999990      0.693347812    
   2.61999989      0.696531117    
   2.62999988      0.699702978    
   2.63999987      0.702864707    
   2.64999986      0.706017911    
   2.65999985      0.709159672    
   2.66999984      0.712292194    
   2.67999983      0.715416312    
   2.69000006      0.718531251    
   2.70000005      0.721638501    
   2.71000004      0.724737108    
   2.72000003      0.727827311    
   2.73000002      0.730911016    
   2.74000001      0.733986557    
   2.75000000      0.737055123    
   2.75999999      0.740116477    
   2.76999998      0.743171453    
   2.77999997      0.746220052    
   2.78999996      0.749261677    
   2.79999995      0.752298176    
   2.80999994      0.755327702    
   2.81999993      0.758353174    
   2.82999992      0.761371017    
   2.83999991      0.764384329    
   2.84999990      0.767392159    
   2.85999990      0.770395160    
   2.86999989      0.773393333    
   2.87999988      0.776386142    
   2.88999987      0.779374480    
   2.89999986      0.782357812    
   2.90999985      0.785337150    
   2.91999984      0.788312256    
   2.92999983      0.791282177    
   2.93999982      0.794248462    
   2.95000005      0.797210813    
   2.96000004      0.800168514    
   2.97000003      0.803122997    
   2.98000002      0.806074500    
   2.99000001      0.809020936    
   3.00000000      0.811964095    
   3.00999999      0.814904809    
   3.01999998      0.817840576    
   3.02999997      0.820773482    
   3.03999996      0.823703766    
   3.04999995      0.826630235    
   3.05999994      0.829553545    
   3.06999993      0.832473695    
   3.07999992      0.835391462    
   3.08999991      0.838305235    
   3.09999990      0.841217101    
   3.10999990      0.844125509    
   3.11999989      0.847030818    
   3.12999988      0.849934459    
   3.13999987      0.852833331    
   3.14999986      0.855733216    
   3.15999985      0.858629644    
   3.16999984      0.861521959    
   3.17999983      0.864412963    
   3.18999982      0.867301285    
   3.19999981      0.870186865    
   3.21000004      0.873070896    
   3.22000003      0.875951588    
   3.23000002      0.878830373    
   3.24000001      0.881707430    
   3.25000000      0.884582102    
   3.25999999      0.887454748    
   3.26999998      0.890324771    
   3.27999997      0.893194079    
   3.28999996      0.896060586    
   3.29999995      0.898924887    
   3.30999994      0.901787519    
   3.31999993      0.904648721    
   3.32999992      0.907507002    
   3.33999991      0.910365164    
   3.34999990      0.913220465    
   3.35999990      0.916074038    
   3.36999989      0.918925345    
   3.37999988      0.921775639    
   3.38999987      0.924624145    
   3.39999986      0.927470803    
   3.40999985      0.930316329    
   3.41999984      0.933159709    
   3.42999983      0.936002076    
   3.43999982      0.938842475    
   3.44999981      0.941681623    
   3.46000004      0.944518447    
   3.47000003      0.947354913    
   3.48000002      0.950189292    
   3.49000001      0.953022182    
   3.50000000      0.955853641    
   3.50999999      0.958684206    
