   9.99999978E-03   3.07183451E-04
   1.99999996E-02   5.59413573E-04
   2.99999993E-02   7.98788446E-04
   3.99999991E-02   1.00601325E-03
   4.99999970E-02   1.07850088E-03
   5.99999987E-02   1.15543744E-03
   7.00000003E-02   1.26145512E-03
   7.99999982E-02   1.39039184E-03
   8.99999961E-02   1.53265288E-03
   9.99999940E-02   1.68148149E-03
  0.109999999       1.83218042E-03
  0.119999997       1.98165537E-03
  0.129999995       2.12814892E-03
  0.140000001       2.27029016E-03
  0.149999991       2.40748771E-03
  0.159999996       2.54001725E-03
  0.170000002       2.66355742E-03
  0.179999992       2.78732460E-03
  0.189999998       2.90314620E-03
  0.199999988       3.01376521E-03
  0.209999993       3.11949011E-03
  0.219999999       3.21993534E-03
  0.229999989       3.31581337E-03
  0.239999995       3.40736029E-03
  0.250000000       3.49509832E-03
  0.259999990       3.57808359E-03
  0.269999981       3.65784159E-03
  0.280000001       3.73570458E-03
  0.289999992       3.80936917E-03
  0.299999982       3.87877808E-03
  0.310000002       3.94713040E-03
  0.319999993       4.01652604E-03
  0.329999983       4.10052435E-03
  0.340000004       4.15760465E-03
  0.349999994       4.21674596E-03
  0.359999985       4.27786214E-03
  0.370000005       4.34372853E-03
  0.379999995       4.42114752E-03
  0.389999986       4.53776447E-03
  0.399999976       4.72327694E-03
  0.409999996       4.74081328E-03
  0.419999987       4.79675410E-03
  0.429999977       4.86332783E-03
  0.439999998       4.94219968E-03
  0.449999988       5.03611658E-03
  0.459999979       5.15242154E-03
  0.469999999       5.31496387E-03
  0.479999989       5.56660164E-03
  0.489999980       6.07017893E-03
  0.500000000       7.01549230E-03
  0.509999990       6.80952426E-03
  0.519999981       6.84294105E-03
  0.529999971       6.92630839E-03
  0.539999962       7.03754136E-03
  0.550000012       7.17691798E-03
  0.560000002       7.34056998E-03
  0.569999993       7.53363315E-03
  0.579999983       7.76190218E-03
  0.589999974       8.03533569E-03
  0.599999964       8.36860016E-03
  0.610000014       8.78645759E-03
  0.620000005       9.32888780E-03
  0.629999995       1.00713391E-02
  0.639999986       1.11704953E-02
  0.649999976       1.30290436E-02
  0.659999967       1.70557424E-02
  0.669999957       2.00408157E-02
  0.680000007       1.93231609E-02
  0.689999998       1.91687401E-02
  0.699999988       1.92028470E-02
  0.709999979       1.93384402E-02
  0.719999969       1.95416398E-02
  0.729999959       1.97965428E-02
  0.740000010       2.00946908E-02
  0.750000000       2.04320792E-02
  0.759999990       2.08065808E-02
  0.769999981       2.12175231E-02
  0.779999971       2.16664393E-02
  0.789999962       2.21547950E-02
  0.799999952       2.26852857E-02
  0.810000002       2.32611950E-02
  0.819999993       2.38877423E-02
  0.829999983       2.45687477E-02
  0.839999974       2.53169984E-02
  0.849999964       2.61359680E-02
  0.859999955       2.70386469E-02
  0.870000005       2.80387383E-02
  0.879999995       2.91543771E-02
  0.889999986       3.04083768E-02
  0.899999976       3.18304114E-02
  0.909999967       3.34532298E-02
  0.919999957       3.53590772E-02
  0.930000007       3.76007520E-02
  0.939999998       4.03057337E-02
  0.949999988       4.36582975E-02
  0.959999979       4.79640514E-02
  0.969999969       5.37766814E-02
  0.979999959       6.22167364E-02
  0.989999950       7.59089664E-02
   1.00000000       9.76372957E-02
   1.00999999       9.95575190E-02
   1.01999998       9.97424200E-02
   1.02999997       9.99174118E-02
   1.03999996      0.100182347    
   1.04999995      0.100541800    
   1.05999994      0.100983076    
   1.06999993      0.101493709    
   1.07999992      0.102064356    
   1.09000003      0.102685705    
   1.10000002      0.103350736    
   1.11000001      0.104056895    
   1.12000000      0.104797728    
   1.13000000      0.105570979    
   1.13999999      0.106372617    
   1.14999998      0.107201956    
   1.15999997      0.108056784    
   1.16999996      0.108936191    
   1.17999995      0.109837808    
   1.18999994      0.110761784    
   1.19999993      0.111707188    
   1.20999992      0.112673245    
   1.22000003      0.113659717    
   1.23000002      0.114666089    
   1.24000001      0.115692146    
   1.25000000      0.116736881    
   1.25999999      0.117802821    
   1.26999998      0.118887626    
   1.27999997      0.119992398    
   1.28999996      0.121116370    
   1.29999995      0.122260444    
   1.30999994      0.123424888    
   1.31999993      0.124609821    
   1.32999992      0.125815421    
   1.33999991      0.127042547    
   1.35000002      0.128291249    
   1.36000001      0.129562050    
   1.37000000      0.130855635    
   1.38000000      0.132172421    
   1.38999999      0.133512914    
   1.39999998      0.134877965    
   1.40999997      0.136268407    
   1.41999996      0.137684658    
   1.42999995      0.139127702    
   1.43999994      0.140598208    
   1.44999993      0.142097056    
   1.45999992      0.143625721    
   1.46999991      0.145184591    
   1.48000002      0.146775052    
   1.49000001      0.148398057    
   1.50000000      0.150054887    
   1.50999999      0.151745960    
   1.51999998      0.153476015    
   1.52999997      0.155242622    
   1.53999996      0.157048866    
   1.54999995      0.158896223    
   1.55999994      0.160786465    
   1.56999993      0.162721574    
   1.57999992      0.164703012    
   1.58999991      0.166733935    
   1.59999990      0.168815628    
   1.61000001      0.170950770    
   1.62000000      0.173142046    
   1.63000000      0.175392345    
   1.63999999      0.177703947    
   1.64999998      0.180080757    
   1.65999997      0.182525918    
   1.66999996      0.185030386    
   1.67999995      0.187636241    
   1.68999994      0.190309301    
   1.69999993      0.193067491    
   1.70999992      0.195915207    
   1.71999991      0.198858410    
   1.73000002      0.201902300    
   1.74000001      0.205054268    
   1.75000000      0.208320677    
   1.75999999      0.211708963    
   1.76999998      0.215228066    
   1.77999997      0.218886629    
   1.78999996      0.222695276    
   1.79999995      0.226666078    
   1.80999994      0.230807379    
   1.81999993      0.235137761    
   1.82999992      0.239670396    
   1.83999991      0.244422033    
   1.84999990      0.249412611    
   1.86000001      0.254662305    
   1.87000000      0.260196149    
   1.88000000      0.266040534    
   1.88999999      0.272227049    
   1.89999998      0.278788924    
   1.90999997      0.285766512    
   1.91999996      0.293204576    
   1.92999995      0.301153988    
   1.93999994      0.309671581    
   1.94999993      0.318821222    
   1.95999992      0.328675658    
   1.96999991      0.339308560    
   1.97999990      0.350795180    
   1.99000001      0.363195866    
   2.00000000      0.376525909    
   2.00999999      0.390503824    
   2.01999998      0.403675616    
   2.02999997      0.415723890    
   2.03999996      0.426727384    
   2.04999995      0.436820328    
   2.05999994      0.446131438    
   2.06999993      0.454774201    
   2.07999992      0.462844491    
   2.08999991      0.470417589    
   2.09999990      0.477562428    
   2.10999990      0.484333575    
   2.11999989      0.490776032    
   2.12999988      0.496929795    
   2.13999987      0.502826989    
   2.14999986      0.508496821    
   2.15999985      0.513962150    
   2.16999984      0.519245505    
   2.18000007      0.524363339    
   2.19000006      0.529333234    
   2.20000005      0.534166753    
   2.21000004      0.538878679    
   2.22000003      0.543477118    
   2.23000002      0.547973752    
   2.24000001      0.552375972    
   2.25000000      0.556692123    
   2.25999999      0.560926914    
   2.26999998      0.565089166    
   2.27999997      0.569182932    
   2.28999996      0.573212922    
   2.29999995      0.577183485    
   2.30999994      0.581099451    
   2.31999993      0.584963441    
   2.32999992      0.588780582    
   2.33999991      0.592551947    
   2.34999990      0.596281886    
   2.35999990      0.599972129    
   2.36999989      0.603624344    
   2.37999988      0.607242405    
   2.38999987      0.610827684    
   2.39999986      0.614381552    
   2.40999985      0.617905796    
   2.41999984      0.621401906    
   2.42999983      0.624871969    
   2.44000006      0.628317595    
   2.45000005      0.631739259    
   2.46000004      0.635137081    
   2.47000003      0.638514161    
   2.48000002      0.641870618    
   2.49000001      0.645208001    
   2.50000000      0.648526669    
   2.50999999      0.651827753    
   2.51999998      0.655110896    
   2.52999997      0.658379138    
   2.53999996      0.661631405    
   2.54999995      0.664867043    
   2.55999994      0.668091357    
   2.56999993      0.671300709    
   2.57999992      0.674497366    
   2.58999991      0.677681327    
   2.59999990      0.680852652    
   2.60999990      0.684013426    
   2.61999989      0.687162399    
   2.62999988      0.690300941    
   2.63999987      0.693428755    
   2.64999986      0.696546197    
   2.65999985      0.699655175    
   2.66999984      0.702753961    
   2.67999983      0.705843866    
   2.69000006      0.708925664    
   2.70000005      0.711997986    
   2.71000004      0.715063095    
   2.72000003      0.718120754    
   2.73000002      0.721170127    
   2.74000001      0.724212587    
   2.75000000      0.727248311    
   2.75999999      0.730275929    
   2.76999998      0.733297229    
   2.77999997      0.736312628    
   2.78999996      0.739322126    
   2.79999995      0.742325127    
   2.80999994      0.745321214    
   2.81999993      0.748314202    
   2.82999992      0.751299262    
   2.83999991      0.754279375    
   2.84999990      0.757254601    
   2.85999990      0.760224104    
   2.86999989      0.763189495    
   2.87999988      0.766149640    
   2.88999987      0.769105434    
   2.89999986      0.772055924    
   2.90999985      0.775002539    
   2.91999984      0.777944505    
   2.92999983      0.780882001    
   2.93999982      0.783816755    
   2.95000005      0.786746204    
   2.96000004      0.789672434    
   2.97000003      0.792594254    
   2.98000002      0.795512199    
   2.99000001      0.798427224    
   3.00000000      0.801337361    
   3.00999999      0.804245532    
   3.01999998      0.807148695    
   3.02999997      0.810049593    
   3.03999996      0.812947452    
   3.04999995      0.815841377    
   3.05999994      0.818733215    
   3.06999993      0.821620822    
   3.07999992      0.824506402    
   3.08999991      0.827388704    
   3.09999990      0.830267668    
   3.10999990      0.833144903    
   3.11999989      0.836018622    
   3.12999988      0.838889956    
   3.13999987      0.841759503    
   3.14999986      0.844624281    
   3.15999985      0.847488165    
   3.16999984      0.850349307    
   3.17999983      0.853208065    
   3.18999982      0.856063664    
   3.19999981      0.858918190    
   3.21000004      0.861769676    
   3.22000003      0.864618838    
   3.23000002      0.867466509    
   3.24000001      0.870311260    
   3.25000000      0.872745156    
   3.25999999      0.875995636    
   3.26999998      0.878834307    
   3.27999997      0.881670952    
   3.28999996      0.884506226    
   3.29999995      0.887338161    
   3.30999994      0.890170276    
   3.31999993      0.892992198    
   3.32999992      0.895825565    
   3.33999991      0.898651421    
   3.34999990      0.901475251    
   3.35999990      0.904297173    
   3.36999989      0.907117903    
   3.37999988      0.909935534    
   3.38999987      0.912753522    
   3.39999986      0.915567994    
   3.40999985      0.918381631    
   3.41999984      0.921193302    
   3.42999983      0.924004018    
   3.43999982      0.926813722    
   3.44999981      0.929620624    
   3.46000004      0.932427287    
   3.47000003      0.935230851    
   3.48000002      0.938033700    
   3.49000001      0.940835953    
   3.50000000      0.943636060    
   3.50999999      0.946434081    
