   9.99999978E-03   3.15247336E-04
   1.99999996E-02   5.78784675E-04
   2.99999993E-02   8.03537143E-04
   3.99999991E-02   1.03675958E-03
   4.99999970E-02   1.11460383E-03
   5.99999987E-02   1.18613290E-03
   7.00000003E-02   1.28617033E-03
   7.99999982E-02   1.41092495E-03
   8.99999961E-02   1.55125523E-03
   9.99999940E-02   1.69963005E-03
  0.109999999       1.85102504E-03
  0.119999997       2.00201967E-03
  0.129999995       2.15054513E-03
  0.140000001       2.29512830E-03
  0.149999991       2.43504439E-03
  0.159999996       2.57032854E-03
  0.170000002       2.69934069E-03
  0.179999992       2.82080355E-03
  0.189999998       2.94202007E-03
  0.199999988       3.05550243E-03
  0.209999993       3.16377287E-03
  0.219999999       3.26718576E-03
  0.229999989       3.36571177E-03
  0.239999995       3.45984660E-03
  0.250000000       3.55006359E-03
  0.259999990       3.63562675E-03
  0.269999981       3.71797709E-03
  0.280000001       3.79841379E-03
  0.289999992       3.87501903E-03
  0.299999982       3.94688034E-03
  0.310000002       4.01809346E-03
  0.319999993       4.09147795E-03
  0.329999983       4.18306980E-03
  0.340000004       4.24140180E-03
  0.349999994       4.30356199E-03
  0.359999985       4.36875829E-03
  0.370000005       4.44029970E-03
  0.379999995       4.52667708E-03
  0.389999986       4.66034655E-03
  0.399999976       4.86677466E-03
  0.409999996       4.88303369E-03
  0.419999987       4.94374009E-03
  0.429999977       5.01816394E-03
  0.439999998       5.10603888E-03
  0.449999988       5.21276798E-03
  0.459999979       5.34785865E-03
  0.469999999       5.53511968E-03
  0.479999989       5.82713960E-03
  0.489999980       6.41630637E-03
  0.500000000       7.44511280E-03
  0.509999990       7.21661141E-03
  0.519999981       7.25297211E-03
  0.529999971       7.34619750E-03
  0.539999962       7.47288438E-03
  0.550000012       7.62926275E-03
  0.560000002       7.81497359E-03
  0.569999993       8.03449098E-03
  0.579999983       8.29452556E-03
  0.589999974       8.60648323E-03
  0.599999964       8.98718555E-03
  0.610000014       9.46424808E-03
  0.620000005       1.00837639E-02
  0.629999995       1.09306797E-02
  0.639999986       1.21821836E-02
  0.649999976       1.42837800E-02
  0.659999967       1.87434349E-02
  0.669999957       2.17955932E-02
  0.680000007       2.10229065E-02
  0.689999998       2.08554529E-02
  0.699999988       2.08930634E-02
  0.709999979       2.10421737E-02
  0.719999969       2.12658048E-02
  0.729999959       2.15464998E-02
  0.740000010       2.18750462E-02
  0.750000000       2.22470090E-02
  0.759999990       2.26600468E-02
  0.769999981       2.31134668E-02
  0.779999971       2.36087814E-02
  0.789999962       2.41477098E-02
  0.799999952       2.47332621E-02
  0.810000002       2.53689773E-02
  0.819999993       2.60605309E-02
  0.829999983       2.68122852E-02
  0.839999974       2.76379064E-02
  0.849999964       2.85415966E-02
  0.859999955       2.95371022E-02
  0.870000005       3.06398366E-02
  0.879999995       3.18694375E-02
  0.889999986       3.32509205E-02
  0.899999976       3.48161608E-02
  0.909999967       3.66110951E-02
  0.919999957       3.86951640E-02
  0.930000007       4.11548540E-02
  0.939999998       4.41177487E-02
  0.949999988       4.77811508E-02
  0.959999979       5.24703488E-02
  0.969999969       5.87684996E-02
  0.979999959       6.78362846E-02
  0.989999950       8.22993517E-02
   1.00000000      0.104289435    
   1.00999999      0.106373519    
   1.01999998      0.106638893    
   1.02999997      0.106866002    
   1.03999996      0.107177436    
   1.04999995      0.107579820    
   1.05999994      0.108063698    
   1.06999993      0.108618036    
   1.07999992      0.109233797    
   1.09000003      0.109902091    
   1.10000002      0.110616155    
   1.11000001      0.111371450    
   1.12000000      0.112163737    
   1.13000000      0.112989590    
   1.13999999      0.113846295    
   1.14999998      0.114731699    
   1.15999997      0.115644068    
   1.16999996      0.116581917    
   1.17999995      0.117543630    
   1.18999994      0.118528940    
   1.19999993      0.119528063    
   1.20999992      0.120566756    
   1.22000003      0.121618211    
   1.23000002      0.122690536    
   1.24000001      0.123783074    
   1.25000000      0.124898188    
   1.25999999      0.126033127    
   1.26999998      0.127188921    
   1.27999997      0.128365695    
   1.28999996      0.129562914    
   1.29999995      0.130781636    
   1.30999994      0.132021755    
   1.31999993      0.133283645    
   1.32999992      0.134567589    
   1.33999991      0.135874182    
   1.35000002      0.137203649    
   1.36000001      0.138556764    
   1.37000000      0.139933541    
   1.38000000      0.141335160    
   1.38999999      0.142761901    
   1.39999998      0.144214749    
   1.40999997      0.145694077    
   1.41999996      0.147200912    
   1.42999995      0.148736015    
   1.43999994      0.150299981    
   1.44999993      0.151894301    
   1.45999992      0.153519794    
   1.46999991      0.155177414    
   1.48000002      0.156868190    
   1.49000001      0.158593401    
   1.50000000      0.160354063    
   1.50999999      0.162152469    
   1.51999998      0.163988948    
   1.52999997      0.165862709    
   1.53999996      0.167783841    
   1.54999995      0.169745252    
   1.55999994      0.171751961    
   1.56999993      0.173804522    
   1.57999992      0.175907880    
   1.58999991      0.178062350    
   1.59999990      0.180270150    
   1.61000001      0.182533935    
   1.62000000      0.184856340    
   1.63000000      0.187240750    
   1.63999999      0.189689413    
   1.64999998      0.192206591    
   1.65999997      0.194795042    
   1.66999996      0.197446033    
   1.67999995      0.200201973    
   1.68999994      0.203028336    
   1.69999993      0.205943555    
   1.70999992      0.208952144    
   1.71999991      0.212060124    
   1.73000002      0.215273023    
   1.74000001      0.218598023    
   1.75000000      0.222041935    
   1.75999999      0.225612178    
   1.76999998      0.229317784    
   1.77999997      0.233168095    
   1.78999996      0.237172946    
   1.79999995      0.241345599    
   1.80999994      0.245693654    
   1.81999993      0.250236303    
   1.82999992      0.254986435    
   1.83999991      0.259961516    
   1.84999990      0.265178502    
   1.86000001      0.270664424    
   1.87000000      0.276437372    
   1.88000000      0.282526016    
   1.88999999      0.288960934    
   1.89999998      0.295775324    
   1.90999997      0.303007752    
   1.91999996      0.310701519    
   1.92999995      0.318905622    
   1.93999994      0.327674270    
   1.94999993      0.337067693    
   1.95999992      0.347151458    
   1.96999991      0.357994109    
   1.97999990      0.369659245    
   1.99000001      0.382198662    
   2.00000000      0.395611703    
   2.00999999      0.409601778    
   2.01999998      0.422785997    
   2.02999997      0.434870154    
   2.03999996      0.445931047    
   2.04999995      0.456098229    
   2.05999994      0.465496659    
   2.06999993      0.474234849    
   2.07999992      0.482408524    
   2.08999991      0.490088254    
   2.09999990      0.497343600    
   2.10999990      0.504227102    
   2.11999989      0.510783255    
   2.12999988      0.517051578    
   2.13999987      0.523063302    
   2.14999986      0.528847218    
   2.15999985      0.534427047    
   2.16999984      0.539823651    
   2.18000007      0.545055628    
   2.19000006      0.550137937    
   2.20000005      0.555083036    
   2.21000004      0.559906065    
   2.22000003      0.564614952    
   2.23000002      0.569221556    
   2.24000001      0.573732257    
   2.25000000      0.578155875    
   2.25999999      0.582498610    
   2.26999998      0.586766779    
   2.27999997      0.590965211    
   2.28999996      0.595100284    
   2.29999995      0.599175453    
   2.30999994      0.603194773    
   2.31999993      0.607162356    
   2.32999992      0.611081183    
   2.33999991      0.614954114    
   2.34999990      0.618784726    
   2.35999990      0.622574866    
   2.36999989      0.626328290    
   2.37999988      0.630045354    
   2.38999987      0.633729398    
   2.39999986      0.637380958    
   2.40999985      0.641003489    
   2.41999984      0.644597054    
   2.42999983      0.648164690    
   2.44000006      0.651706338    
   2.45000005      0.655222595    
   2.46000004      0.658717036    
   2.47000003      0.662189543    
   2.48000002      0.665641904    
   2.49000001      0.669073105    
   2.50000000      0.672486603    
   2.50999999      0.675880849    
   2.51999998      0.679257512    
   2.52999997      0.682619810    
   2.53999996      0.685965419    
   2.54999995      0.689295471    
   2.55999994      0.692611217    
   2.56999993      0.695912838    
   2.57999992      0.699201524    
   2.58999991      0.702477217    
   2.59999990      0.705741525    
   2.60999990      0.708992362    
   2.61999989      0.712232709    
   2.62999988      0.715461254    
   2.63999987      0.718680203    
   2.64999986      0.721888721    
   2.65999985      0.725087345    
   2.66999984      0.728276432    
   2.67999983      0.731456399    
   2.69000006      0.734627485    
   2.70000005      0.737790287    
   2.71000004      0.740944862    
   2.72000003      0.744091451    
   2.73000002      0.747229457    
   2.74000001      0.750361562    
   2.75000000      0.753484607    
   2.75999999      0.756601691    
   2.76999998      0.759712100    
   2.77999997      0.762815893    
   2.78999996      0.765913188    
   2.79999995      0.769004285    
   2.80999994      0.772089660    
   2.81999993      0.775168300    
   2.82999992      0.778241932    
   2.83999991      0.781309903    
   2.84999990      0.784373343    
   2.85999990      0.787430286    
   2.86999989      0.790482402    
   2.87999988      0.793531001    
   2.88999987      0.796572924    
   2.89999986      0.799610257    
   2.90999985      0.802644849    
   2.91999984      0.805672586    
   2.92999983      0.808697999    
   2.93999982      0.811718047    
   2.95000005      0.814734638    
   2.96000004      0.817747056    
   2.97000003      0.820754945    
   2.98000002      0.823759556    
   2.99000001      0.826760530    
   3.00000000      0.829759240    
   3.00999999      0.832751513    
   3.01999998      0.835741401    
   3.02999997      0.838728309    
   3.03999996      0.841712058    
   3.04999995      0.844691694    
   3.05999994      0.847669005    
   3.06999993      0.850642920    
   3.07999992      0.853613675    
   3.08999991      0.856580913    
   3.09999990      0.859545946    
   3.10999990      0.862508595    
   3.11999989      0.865467429    
   3.12999988      0.868423820    
   3.13999987      0.871376336    
   3.14999986      0.874329805    
   3.15999985      0.877278030    
   3.16999984      0.880224288    
   3.17999983      0.883168399    
   3.18999982      0.886109591    
   3.19999981      0.889048636    
   3.21000004      0.891985178    
   3.22000003      0.894919872    
   3.23000002      0.897851288    
   3.24000001      0.900780857    
   3.25000000      0.903709114    
   3.25999999      0.906634629    
   3.26999998      0.909557641    
   3.27999997      0.912479103    
   3.28999996      0.915398836    
   3.29999995      0.918316126    
   3.30999994      0.921231508    
   3.31999993      0.924145579    
   3.32999992      0.927056730    
   3.33999991      0.929966867    
   3.34999990      0.932874441    
   3.35999990      0.935781360    
   3.36999989      0.938685596    
   3.37999988      0.941587865    
   3.38999987      0.944489002    
   3.39999986      0.947388649    
   3.40999985      0.950286329    
   3.41999984      0.953182399    
   3.42999983      0.956076741    
   3.43999982      0.958970129    
   3.44999981      0.961860716    
   3.46000004      0.964750826    
   3.47000003      0.967640042    
   3.48000002      0.970526397    
   3.49000001      0.973411858    
   3.50000000      0.976295948    
   3.50999999      0.979178250    
