   9.99999978E-03   3.22843582E-04
   1.99999996E-02   5.92628261E-04
   2.99999993E-02   8.06549739E-04
   3.99999991E-02   1.05803937E-03
   4.99999970E-02   1.14241627E-03
   5.99999987E-02   1.21015019E-03
   7.00000003E-02   1.30554102E-03
   7.99999982E-02   1.42698851E-03
   8.99999961E-02   1.56534405E-03
   9.99999940E-02   1.71307859E-03
  0.109999999       1.86472968E-03
  0.119999997       2.01667333E-03
  0.129999995       2.16652546E-03
  0.140000001       2.31285277E-03
  0.149999991       2.45475839E-03
  0.159999996       2.59231450E-03
  0.170000002       2.72305193E-03
  0.179999992       2.84794299E-03
  0.189999998       2.96742981E-03
  0.199999988       3.08552501E-03
  0.209999993       3.19607370E-03
  0.219999999       3.30130779E-03
  0.229999989       3.40180472E-03
  0.239999995       3.49789206E-03
  0.250000000       3.59008415E-03
  0.259999990       3.67748505E-03
  0.269999981       3.76174087E-03
  0.280000001       3.84532474E-03
  0.289999992       3.92322894E-03
  0.299999982       3.99714289E-03
  0.310000002       4.07050177E-03
  0.319999993       4.14720643E-03
  0.329999983       4.24512150E-03
  0.340000004       4.31913231E-03
  0.349999994       4.36889939E-03
  0.359999985       4.43749083E-03
  0.370000005       4.51377779E-03
  0.379999995       4.60781623E-03
  0.389999986       4.75656427E-03
  0.399999976       4.97926539E-03
  0.409999996       4.99452278E-03
  0.419999987       5.05920779E-03
  0.429999977       5.13911061E-03
  0.439999998       5.23563288E-03
  0.449999988       5.35319792E-03
  0.459999979       5.50320651E-03
  0.469999999       5.71246818E-03
  0.479999989       6.04258990E-03
  0.489999980       6.69884868E-03
  0.500000000       7.79140415E-03
  0.509999990       7.54523929E-03
  0.519999981       7.58397905E-03
  0.529999971       7.68504618E-03
  0.539999962       7.82390870E-03
  0.550000012       7.99485110E-03
  0.560000002       8.19897372E-03
  0.569999993       8.44028778E-03
  0.579999983       8.72649066E-03
  0.589999974       9.07008164E-03
  0.599999964       9.48937982E-03
  0.610000014       1.00155808E-02
  0.620000005       1.06984181E-02
  0.629999995       1.16310073E-02
  0.639999986       1.30059225E-02
  0.649999976       1.53043643E-02
  0.659999967       2.01029740E-02
  0.669999957       2.31955145E-02
  0.680000007       2.23807599E-02
  0.689999998       2.22034026E-02
  0.699999988       2.22440138E-02
  0.709999979       2.24040374E-02
  0.719999969       2.26440243E-02
  0.729999959       2.29453351E-02
  0.740000010       2.32981518E-02
  0.750000000       2.36976780E-02
  0.759999990       2.41414402E-02
  0.769999981       2.46282965E-02
  0.779999971       2.51610633E-02
  0.789999962       2.57403646E-02
  0.799999952       2.63697878E-02
  0.810000002       2.70531625E-02
  0.819999993       2.77965050E-02
  0.829999983       2.86046006E-02
  0.839999974       2.94918381E-02
  0.849999964       3.04628443E-02
  0.859999955       3.15323211E-02
  0.870000005       3.27166282E-02
  0.879999995       3.40367816E-02
  0.889999986       3.55193280E-02
  0.899999976       3.71982604E-02
  0.909999967       3.91222127E-02
  0.919999957       4.13543396E-02
  0.930000007       4.39863205E-02
  0.939999998       4.71517146E-02
  0.949999988       5.10586947E-02
  0.959999979       5.60465641E-02
  0.969999969       6.27203658E-02
  0.979999959       7.22667873E-02
  0.989999950       8.73000249E-02
   1.00000000      0.109459952    
   1.00999999      0.111668386    
   1.01999998      0.111997902    
   1.02999997      0.112268656    
   1.03999996      0.112616256    
   1.04999995      0.113052852    
   1.05999994      0.113570876    
   1.06999993      0.114159644    
   1.07999992      0.114811018    
   1.09000003      0.115515858    
   1.10000002      0.116267838    
   1.11000001      0.117062129    
   1.12000000      0.117894679    
   1.13000000      0.118761860    
   1.13999999      0.119660929    
   1.14999998      0.120589882    
   1.15999997      0.121546686    
   1.16999996      0.122530021    
   1.17999995      0.123538345    
   1.18999994      0.124571174    
   1.19999993      0.125627607    
   1.20999992      0.126706719    
   1.22000003      0.127808347    
   1.23000002      0.128932044    
   1.24000001      0.130076706    
   1.25000000      0.131244481    
   1.25999999      0.132433504    
   1.26999998      0.133644193    
   1.27999997      0.134876788    
   1.28999996      0.136130750    
   1.29999995      0.137406975    
   1.30999994      0.138705596    
   1.31999993      0.140026957    
   1.32999992      0.141371891    
   1.33999991      0.142739221    
   1.35000002      0.144131109    
   1.36000001      0.145547479    
   1.37000000      0.146988824    
   1.38000000      0.148455873    
   1.38999999      0.149948910    
   1.39999998      0.151469365    
   1.40999997      0.153017402    
   1.41999996      0.154594123    
   1.42999995      0.156200081    
   1.43999994      0.157836512    
   1.44999993      0.159504116    
   1.45999992      0.161203980    
   1.46999991      0.162937745    
   1.48000002      0.164705545    
   1.49000001      0.166509464    
   1.50000000      0.168350428    
   1.50999999      0.170230046    
   1.51999998      0.172149524    
   1.52999997      0.174110606    
   1.53999996      0.176114783    
   1.54999995      0.178163782    
   1.55999994      0.180259898    
   1.56999993      0.182403550    
   1.57999992      0.184599862    
   1.58999991      0.186848998    
   1.59999990      0.189153224    
   1.61000001      0.191515729    
   1.62000000      0.193938896    
   1.63000000      0.196426004    
   1.63999999      0.198979437    
   1.64999998      0.201603979    
   1.65999997      0.204301894    
   1.66999996      0.207065448    
   1.67999995      0.209935337    
   1.68999994      0.212878942    
   1.69999993      0.215913936    
   1.70999992      0.219045296    
   1.71999991      0.222278774    
   1.73000002      0.225620225    
   1.74000001      0.229076698    
   1.75000000      0.232655525    
   1.75999999      0.236363932    
   1.76999998      0.240211129    
   1.77999997      0.244206533    
   1.78999996      0.248360232    
   1.79999995      0.252685279    
   1.80999994      0.257189810    
   1.81999993      0.261892110    
   1.82999992      0.266806185    
   1.83999991      0.271948993    
   1.84999990      0.277339816    
   1.86000001      0.282998860    
   1.87000000      0.288951159    
   1.88000000      0.295221686    
   1.88999999      0.301841527    
   1.89999998      0.308843315    
   1.90999997      0.316264302    
   1.91999996      0.324147135    
   1.92999995      0.332538515    
   1.93999994      0.341490835    
   1.94999993      0.351061255    
   1.95999992      0.361311823    
   1.96999991      0.372304857    
   1.97999990      0.384099364    
   1.99000001      0.396734923    
   2.00000000      0.410206079    
   2.00999999      0.424202740    
   2.01999998      0.437394440    
   2.02999997      0.449502438    
   2.03999996      0.460603267    
   2.04999995      0.470822662    
   2.05999994      0.480282456    
   2.06999993      0.489089608    
   2.07999992      0.497334808    
   2.08999991      0.505093396    
   2.09999990      0.512428403    
   2.10999990      0.519393086    
   2.11999989      0.526031554    
   2.12999988      0.532383144    
   2.13999987      0.538478851    
   2.14999986      0.544346690    
   2.15999985      0.550009906    
   2.16999984      0.555489659    
   2.18000007      0.560804069    
   2.19000006      0.565969527    
   2.20000005      0.570997298    
   2.21000004      0.575901031    
   2.22000003      0.580691755    
   2.23000002      0.585378528    
   2.24000001      0.589969456    
   2.25000000      0.594472766    
   2.25999999      0.598895371    
   2.26999998      0.603241444    
   2.27999997      0.607519329    
   2.28999996      0.611731529    
   2.29999995      0.615883708    
   2.30999994      0.619979918    
   2.31999993      0.624023020    
   2.32999992      0.628017664    
   2.33999991      0.631966650    
   2.34999990      0.635872066    
   2.35999990      0.639737308    
   2.36999989      0.643564045    
   2.37999988      0.647355199    
   2.38999987      0.651112378    
   2.39999986      0.654836953    
   2.40999985      0.658532441    
   2.41999984      0.662198842    
   2.42999983      0.665837407    
   2.44000006      0.669451654    
   2.45000005      0.673040032    
   2.46000004      0.676605642    
   2.47000003      0.680149734    
   2.48000002      0.683671951    
   2.49000001      0.687174141    
   2.50000000      0.690657735    
   2.50999999      0.694122016    
   2.51999998      0.697569370    
   2.52999997      0.701000810    
   2.53999996      0.704415500    
   2.54999995      0.707815111    
   2.55999994      0.711199403    
   2.56999993      0.714570582    
   2.57999992      0.717927277    
   2.58999991      0.721272230    
   2.59999990      0.724603891    
   2.60999990      0.727923214    
   2.61999989      0.731231451    
   2.62999988      0.734528184    
   2.63999987      0.737814665    
   2.64999986      0.741090596    
   2.65999985      0.744356751    
   2.66999984      0.747612774    
   2.67999983      0.750861585    
   2.69000006      0.754098177    
   2.70000005      0.757327795    
   2.71000004      0.760549784    
   2.72000003      0.763762474    
   2.73000002      0.766967714    
   2.74000001      0.770165443    
   2.75000000      0.773355842    
   2.75999999      0.776539743    
   2.76999998      0.779715061    
   2.77999997      0.782885015    
   2.78999996      0.786049008    
   2.79999995      0.789205730    
   2.80999994      0.792356193    
   2.81999993      0.795501292    
   2.82999992      0.798641026    
   2.83999991      0.801774144    
   2.84999990      0.804902613    
   2.85999990      0.808025539    
   2.86999989      0.811142981    
   2.87999988      0.814256668    
   2.88999987      0.817363203    
   2.89999986      0.820466459    
   2.90999985      0.823564291    
   2.91999984      0.826658368    
   2.92999983      0.829748333    
   2.93999982      0.832833290    
   2.95000005      0.835914552    
   2.96000004      0.838991582    
   2.97000003      0.842064381    
   2.98000002      0.845133364    
   2.99000001      0.848199129    
   3.00000000      0.851261616    
   3.00999999      0.854319036    
   3.01999998      0.857373595    
   3.02999997      0.860424638    
   3.03999996      0.863471925    
   3.04999995      0.866516411    
   3.05999994      0.869558036    
   3.06999993      0.872595549    
   3.07999992      0.875630736    
   3.08999991      0.878663123    
   3.09999990      0.881690919    
   3.10999990      0.884717643    
   3.11999989      0.887739956    
   3.12999988      0.890761793    
   3.13999987      0.893776953    
   3.14999986      0.896793962    
   3.15999985      0.899806678    
   3.16999984      0.902816653    
   3.17999983      0.905823827    
   3.18999982      0.908829093    
   3.19999981      0.911831975    
   3.21000004      0.914831698    
   3.22000003      0.917830229    
   3.23000002      0.920824587    
   3.24000001      0.923818588    
   3.25000000      0.926809013    
   3.25999999      0.929798424    
   3.26999998      0.932785153    
   3.27999997      0.935770392    
   3.28999996      0.938752174    
   3.29999995      0.941732526    
   3.30999994      0.944711685    
   3.31999993      0.947688818    
   3.32999992      0.950663626    
   3.33999991      0.953637481    
   3.34999990      0.956607640    
   3.35999990      0.959577143    
   3.36999989      0.962545156    
   3.37999988      0.965510845    
   3.38999987      0.968474269    
   3.39999986      0.971436977    
   3.40999985      0.974397779    
   3.41999984      0.977356374    
   3.42999983      0.980314553    
   3.43999982      0.983269870    
   3.44999981      0.986224055    
   3.46000004      0.989176869    
   3.47000003      0.992127955    
   3.48000002      0.995077789    
   3.49000001      0.998026133    
   3.50000000       1.00097311    
   3.50999999       1.00391829    
