   9.99999978E-03   3.20054969E-04
   1.99999996E-02   5.88182302E-04
   2.99999993E-02   8.05510732E-04
   3.99999991E-02   1.05149567E-03
   4.99999970E-02   1.13308325E-03
   5.99999987E-02   1.20204291E-03
   7.00000003E-02   1.29900244E-03
   7.99999982E-02   1.42159068E-03
   8.99999961E-02   1.56060176E-03
   9.99999940E-02   1.70859683E-03
  0.109999999       1.86018890E-03
  0.119999997       2.01185257E-03
  0.129999995       2.16124766E-03
  0.140000001       2.30703386E-03
  0.149999991       2.44813086E-03
  0.159999996       2.58485973E-03
  0.170000002       2.71525327E-03
  0.179999992       2.83941673E-03
  0.189999998       2.96076550E-03
  0.199999988       3.07563203E-03
  0.209999993       3.18529480E-03
  0.219999999       3.29005765E-03
  0.229999989       3.38989869E-03
  0.239999995       3.48533853E-03
  0.250000000       3.57686984E-03
  0.259999990       3.66365607E-03
  0.269999981       3.74718197E-03
  0.280000001       3.83001030E-03
  0.289999992       3.90728237E-03
  0.299999982       3.98055278E-03
  0.310000002       4.05312236E-03
  0.319999993       4.12864005E-03
  0.329999983       4.22441447E-03
  0.340000004       4.28330200E-03
  0.349999994       4.34708456E-03
  0.359999985       4.41450858E-03
  0.370000005       4.48919786E-03
  0.379999995       4.58054757E-03
  0.389999986       4.72407369E-03
  0.399999976       4.94126882E-03
  0.409999996       4.95686149E-03
  0.419999987       5.02018211E-03
  0.429999977       5.09854779E-03
  0.439999998       5.19174756E-03
  0.449999988       5.30557800E-03
  0.459999979       5.45043452E-03
  0.469999999       5.65210450E-03
  0.479999989       5.96987735E-03
  0.489999980       6.60207309E-03
  0.500000000       7.67357601E-03
  0.509999990       7.43340701E-03
  0.519999981       7.47130066E-03
  0.529999971       7.56958127E-03
  0.539999962       7.70428870E-03
  0.550000012       7.87047204E-03
  0.560000002       8.06815177E-03
  0.569999993       8.30200780E-03
  0.579999983       8.57926533E-03
  0.589999974       8.91202036E-03
  0.599999964       9.31833871E-03
  0.610000014       9.82754398E-03
  0.620000005       1.04887113E-02
  0.629999995       1.13920420E-02
  0.639999986       1.27247125E-02
  0.649999976       1.49563346E-02
  0.659999967       1.96406525E-02
  0.669999957       2.27206815E-02
  0.680000007       2.19200160E-02
  0.689999998       2.17458848E-02
  0.699999988       2.17855498E-02
  0.709999979       2.19418779E-02
  0.719999969       2.21762825E-02
  0.729999959       2.24706121E-02
  0.740000010       2.28151921E-02
  0.750000000       2.32053604E-02
  0.759999990       2.36386880E-02
  0.769999981       2.41145100E-02
  0.779999971       2.46342979E-02
  0.789999962       2.51998845E-02
  0.799999952       2.58144476E-02
  0.810000002       2.64816657E-02
  0.819999993       2.72074472E-02
  0.829999983       2.79964358E-02
  0.839999974       2.88627930E-02
  0.849999964       2.98109893E-02
  0.859999955       3.08554061E-02
  0.870000005       3.20120528E-02
  0.879999995       3.33015099E-02
  0.889999986       3.47498693E-02
  0.899999976       3.63902934E-02
  0.909999967       3.82706225E-02
  0.919999957       4.04526666E-02
  0.930000007       4.30264771E-02
  0.939999998       4.61234003E-02
  0.949999988       4.99481522E-02
  0.959999979       5.48353605E-02
  0.969999969       6.13829978E-02
  0.979999959       7.07691759E-02
  0.989999950       8.56131837E-02
   1.00000000      0.107718959    
   1.00999999      0.109885842    
   1.01999998      0.110193655    
   1.02999997      0.110449679    
   1.03999996      0.110784836    
   1.04999995      0.111209795    
   1.05999994      0.111716270    
   1.06999993      0.112293407    
   1.07999992      0.112932675    
   1.09000003      0.113625176    
   1.10000002      0.114364356    
   1.11000001      0.115145534    
   1.12000000      0.115964554    
   1.13000000      0.116817817    
   1.13999999      0.117702626    
   1.14999998      0.118616894    
   1.15999997      0.119558774    
   1.16999996      0.120526791    
   1.17999995      0.121519335    
   1.18999994      0.122536235    
   1.19999993      0.123576328    
   1.20999992      0.124638952    
   1.22000003      0.125723571    
   1.23000002      0.126830146    
   1.24000001      0.127957225    
   1.25000000      0.129107550    
   1.25999999      0.130278289    
   1.26999998      0.131470472    
   1.27999997      0.132684186    
   1.28999996      0.133919165    
   1.29999995      0.135176018    
   1.30999994      0.136455044    
   1.31999993      0.137756363    
   1.32999992      0.139081016    
   1.33999991      0.140427724    
   1.35000002      0.141798645    
   1.36000001      0.143193722    
   1.37000000      0.144613564    
   1.38000000      0.146058396    
   1.38999999      0.147529095    
   1.39999998      0.149026856    
   1.40999997      0.150551960    
   1.41999996      0.152105227    
   1.42999995      0.153687418    
   1.43999994      0.155299544    
   1.44999993      0.156942308    
   1.45999992      0.158617467    
   1.46999991      0.160325304    
   1.48000002      0.162067384    
   1.49000001      0.163844943    
   1.50000000      0.165659085    
   1.50999999      0.167511314    
   1.51999998      0.169402972    
   1.52999997      0.171335623    
   1.53999996      0.173310876    
   1.54999995      0.175330594    
   1.55999994      0.177396521    
   1.56999993      0.179509729    
   1.57999992      0.181675047    
   1.58999991      0.183892295    
   1.59999990      0.186164305    
   1.61000001      0.188493624    
   1.62000000      0.190883040    
   1.63000000      0.193335697    
   1.63999999      0.195854023    
   1.64999998      0.198423296    
   1.65999997      0.201103702    
   1.66999996      0.203841820    
   1.67999995      0.206661031    
   1.68999994      0.209565729    
   1.69999993      0.212560549    
   1.70999992      0.215650663    
   1.71999991      0.218842089    
   1.73000002      0.222140580    
   1.74000001      0.225553155    
   1.75000000      0.229086772    
   1.75999999      0.232749164    
   1.76999998      0.236548886    
   1.77999997      0.240495637    
   1.78999996      0.244599760    
   1.79999995      0.248873994    
   1.80999994      0.253326088    
   1.81999993      0.257975280    
   1.82999992      0.262834519    
   1.83999991      0.267921507    
   1.84999990      0.273254991    
   1.86000001      0.278855801    
   1.87000000      0.284748226    
   1.88000000      0.290958494    
   1.88999999      0.297516614    
   1.89999998      0.304456085    
   1.90999997      0.311814606    
   1.91999996      0.319634676    
   1.92999995      0.327964008    
   1.93999994      0.336855292    
   1.94999993      0.346367568    
   1.95999992      0.356562972    
   1.96999991      0.367506355    
   1.97999990      0.379257560    
   1.99000001      0.391862422    
   2.00000000      0.405314744    
   2.00999999      0.419309378    
   2.01999998      0.432498962    
   2.02999997      0.444599092    
   2.03999996      0.455687225    
   2.04999995      0.465889424    
   2.05999994      0.475328654    
   2.06999993      0.484113365    
   2.07999992      0.492334694    
   2.08999991      0.500067532    
   2.09999990      0.507376432    
   2.10999990      0.514314413    
   2.11999989      0.520925760    
   2.12999988      0.527249694    
   2.13999987      0.533317089    
   2.14999986      0.539157391    
   2.15999985      0.544793069    
   2.16999984      0.550245881    
   2.18000007      0.555533409    
   2.19000006      0.560670435    
   2.20000005      0.565670967    
   2.21000004      0.570547938    
   2.22000003      0.575311840    
   2.23000002      0.579971790    
   2.24000001      0.584536254    
   2.25000000      0.589013040    
   2.25999999      0.593408704    
   2.26999998      0.597729504    
   2.27999997      0.601979971    
   2.28999996      0.606167197    
   2.29999995      0.610294104    
   2.30999994      0.614364266    
   2.31999993      0.618382514    
   2.32999992      0.622351646    
   2.33999991      0.626275897    
   2.34999990      0.630156100    
   2.35999990      0.633996606    
   2.36999989      0.637798727    
   2.37999988      0.641564906    
   2.38999987      0.645297766    
   2.39999986      0.648998797    
   2.40999985      0.652670085    
   2.41999984      0.656311870    
   2.42999983      0.659926772    
   2.44000006      0.663516760    
   2.45000005      0.667081833    
   2.46000004      0.670623899    
   2.47000003      0.674143672    
   2.48000002      0.677642941    
   2.49000001      0.681121349    
   2.50000000      0.684581220    
   2.50999999      0.688023210    
   2.51999998      0.691446543    
   2.52999997      0.694855273    
   2.53999996      0.698246121    
   2.54999995      0.701622784    
   2.55999994      0.704984546    
   2.56999993      0.708332598    
   2.57999992      0.711667001    
   2.58999991      0.714987397    
   2.59999990      0.718297303    
   2.60999990      0.721593976    
   2.61999989      0.724879265    
   2.62999988      0.728154004    
   2.63999987      0.731417716    
   2.64999986      0.734671831    
   2.65999985      0.737914622    
   2.66999984      0.741148472    
   2.67999983      0.744373679    
   2.69000006      0.747589827    
   2.70000005      0.750797212    
   2.71000004      0.753995895    
   2.72000003      0.757186472    
   2.73000002      0.760369420    
   2.74000001      0.763546050    
   2.75000000      0.766713917    
   2.75999999      0.769875228    
   2.76999998      0.773029625    
   2.77999997      0.776177645    
   2.78999996      0.779317975    
   2.79999995      0.782453239    
   2.80999994      0.785582960    
   2.81999993      0.788705647    
   2.82999992      0.791822851    
   2.83999991      0.794934213    
   2.84999990      0.798041463    
   2.85999990      0.801141500    
   2.86999989      0.804237723    
   2.87999988      0.807329655    
   2.88999987      0.810414970    
   2.89999986      0.813496530    
   2.90999985      0.816573381    
   2.91999984      0.819645941    
   2.92999983      0.822713315    
   2.93999982      0.825777113    
   2.95000005      0.828836262    
   2.96000004      0.831892729    
   2.97000003      0.834943771    
   2.98000002      0.837991059    
   2.99000001      0.841035247    
   3.00000000      0.844076514    
   3.00999999      0.847111523    
   3.01999998      0.850144506    
   3.02999997      0.853174686    
   3.03999996      0.856200516    
   3.04999995      0.859224141    
   3.05999994      0.862244010    
   3.06999993      0.865260482    
   3.07999992      0.868274033    
   3.08999991      0.871284425    
   3.09999990      0.874291897    
   3.10999990      0.877296209    
   3.11999989      0.880298555    
   3.12999988      0.883297324    
   3.13999987      0.886292458    
   3.14999986      0.889288127    
   3.15999985      0.892279446    
   3.16999984      0.895268381    
   3.17999983      0.898254573    
   3.18999982      0.901238322    
   3.19999981      0.904219687    
   3.21000004      0.907197893    
   3.22000003      0.910175323    
   3.23000002      0.913149297    
   3.24000001      0.916121602    
   3.25000000      0.919091821    
   3.25999999      0.922059655    
   3.26999998      0.925025284    
   3.27999997      0.927988529    
   3.28999996      0.930950940    
   3.29999995      0.933910370    
   3.30999994      0.936867356    
   3.31999993      0.939823389    
   3.32999992      0.942776918    
   3.33999991      0.945729256    
   3.34999990      0.948679447    
   3.35999990      0.951627612    
   3.36999989      0.954573512    
   3.37999988      0.957518876    
   3.38999987      0.960462093    
   3.39999986      0.963403463    
   3.40999985      0.966343343    
   3.41999984      0.969281495    
   3.42999983      0.972218156    
   3.43999982      0.975152493    
   3.44999981      0.978086054    
   3.46000004      0.981017947    
   3.47000003      0.983947873    
   3.48000002      0.986877203    
   3.49000001      0.989804089    
   3.50000000      0.992729664    
   3.50999999      0.995654225    
