   9.99999978E-03   3.33741191E-04
   1.99999996E-02   6.10190211E-04
   2.99999993E-02   8.10368976E-04
   3.99999991E-02   1.08555902E-03
   4.99999970E-02   1.17999455E-03
   5.99999987E-02   1.24353194E-03
   7.00000003E-02   1.33252330E-03
   7.99999982E-02   1.44904281E-03
   8.99999961E-02   1.58442382E-03
   9.99999940E-02   1.73084508E-03
  0.109999999       1.88256614E-03
  0.119999997       2.03591888E-03
  0.129999995       2.19029072E-03
  0.140000001       2.33536167E-03
  0.149999991       2.47997092E-03
  0.159999996       2.61947257E-03
  0.170000002       2.75320373E-03
  0.179999992       2.88211787E-03
  0.189999998       3.00309085E-03
  0.199999988       3.12397815E-03
  0.209999993       3.23696528E-03
  0.219999999       3.34512861E-03
  0.229999989       3.44819296E-03
  0.239999995       3.54690850E-03
  0.250000000       3.64169269E-03
  0.259999990       3.73163540E-03
  0.269999981       3.81863653E-03
  0.280000001       3.90560483E-03
  0.289999992       3.98605270E-03
  0.299999982       4.06272383E-03
  0.310000002       4.13972931E-03
  0.319999993       4.22110548E-03
  0.329999983       4.32852423E-03
  0.340000004       4.38840501E-03
  0.349999994       4.45664255E-03
  0.359999985       4.53033345E-03
  0.370000005       4.61374968E-03
  0.379999995       4.71960893E-03
  0.389999986       4.89156041E-03
  0.399999976       5.13676228E-03
  0.409999996       5.15055843E-03
  0.419999987       5.22119366E-03
  0.429999977       5.31055825E-03
  0.439999998       5.41850738E-03
  0.449999988       5.55251120E-03
  0.459999979       5.72497398E-03
  0.469999999       5.96724777E-03
  0.479999989       6.35103276E-03
  0.489999980       7.10931839E-03
  0.500000000       8.28798302E-03
  0.509999990       8.01696628E-03
  0.519999981       8.05951841E-03
  0.529999971       8.17236491E-03
  0.539999962       8.32865387E-03
  0.550000012       8.52152240E-03
  0.560000002       8.75192787E-03
  0.569999993       9.02534276E-03
  0.579999983       9.34965815E-03
  0.589999974       9.74014774E-03
  0.599999964       1.02158803E-02
  0.610000014       1.08129960E-02
  0.620000005       1.15880081E-02
  0.629999995       1.26451841E-02
  0.639999986       1.41989086E-02
  0.649999976       1.67783555E-02
  0.659999967       2.20466498E-02
  0.669999957       2.51793694E-02
  0.680000007       2.43076272E-02
  0.689999998       2.41168011E-02
  0.699999988       2.41622049E-02
  0.709999979       2.43378598E-02
  0.719999969       2.46010255E-02
  0.729999959       2.49315705E-02
  0.740000010       2.53187697E-02
  0.750000000       2.57573705E-02
  0.759999990       2.62446534E-02
  0.769999981       2.67799180E-02
  0.779999971       2.73647010E-02
  0.789999962       2.80010961E-02
  0.799999952       2.86926217E-02
  0.810000002       2.94434484E-02
  0.819999993       3.02462224E-02
  0.829999983       3.11478600E-02
  0.839999974       3.21221314E-02
  0.849999964       3.31882834E-02
  0.859999955       3.43621522E-02
  0.870000005       3.56616229E-02
  0.879999995       3.71094234E-02
  0.889999986       3.87343690E-02
  0.899999976       4.05731946E-02
  0.909999967       4.26786467E-02
  0.919999957       4.51183617E-02
  0.930000007       4.79910038E-02
  0.939999998       5.14394380E-02
  0.949999988       5.56849912E-02
  0.959999979       6.10858835E-02
  0.969999969       6.82745799E-02
  0.979999959       7.84678981E-02
  0.989999950       9.42486227E-02
   1.00000000      0.116600648    
   1.00999999      0.118976697    
   1.01999998      0.119396679    
   1.02999997      0.119729444    
   1.03999996      0.120129168    
   1.04999995      0.120614052    
   1.05999994      0.121180311    
   1.06999993      0.121817946    
   1.07999992      0.122518934    
   1.09000003      0.123274758    
   1.10000002      0.124079414    
   1.11000001      0.124927923    
   1.12000000      0.125815853    
   1.13000000      0.126740411    
   1.13999999      0.127698138    
   1.14999998      0.128687009    
   1.15999997      0.129705310    
   1.16999996      0.130751401    
   1.17999995      0.131823733    
   1.18999994      0.132921964    
   1.19999993      0.134044901    
   1.20999992      0.135192066    
   1.22000003      0.136362880    
   1.23000002      0.137557060    
   1.24000001      0.138774246    
   1.25000000      0.140013844    
   1.25999999      0.141276971    
   1.26999998      0.142563105    
   1.27999997      0.143871784    
   1.28999996      0.145203814    
   1.29999995      0.146558940    
   1.30999994      0.147937998    
   1.31999993      0.149340853    
   1.32999992      0.150768101    
   1.33999991      0.152220249    
   1.35000002      0.153697595    
   1.36000001      0.155200735    
   1.37000000      0.156730369    
   1.38000000      0.158286899    
   1.38999999      0.159871206    
   1.39999998      0.161484167    
   1.40999997      0.163126320    
   1.41999996      0.164798617    
   1.42999995      0.166501895    
   1.43999994      0.168236822    
   1.44999993      0.170004934    
   1.45999992      0.171807125    
   1.46999991      0.173644394    
   1.48000002      0.175517991    
   1.49000001      0.177429393    
   1.50000000      0.179379731    
   1.50999999      0.181370541    
   1.51999998      0.183403298    
   1.52999997      0.185479596    
   1.53999996      0.187601015    
   1.54999995      0.189769879    
   1.55999994      0.191987723    
   1.56999993      0.194255665    
   1.57999992      0.196578532    
   1.58999991      0.198956683    
   1.59999990      0.201392621    
   1.61000001      0.203889102    
   1.62000000      0.206449419    
   1.63000000      0.209076256    
   1.63999999      0.211772397    
   1.64999998      0.214542568    
   1.65999997      0.217389286    
   1.66999996      0.220316917    
   1.67999995      0.223330081    
   1.68999994      0.226432428    
   1.69999993      0.229629755    
   1.70999992      0.232927084    
   1.71999991      0.236330405    
   1.73000002      0.239845976    
   1.74000001      0.243479937    
   1.75000000      0.247240752    
   1.75999999      0.251135647    
   1.76999998      0.255173475    
   1.77999997      0.259364277    
   1.78999996      0.263717860    
   1.79999995      0.268248200    
   1.80999994      0.272961587    
   1.81999993      0.277878791    
   1.82999992      0.283011585    
   1.83999991      0.288378477    
   1.84999990      0.293998182    
   1.86000001      0.299890727    
   1.87000000      0.306080401    
   1.88000000      0.312592387    
   1.88999999      0.319456875    
   1.89999998      0.326705247    
   1.90999997      0.334374517    
   1.91999996      0.342504889    
   1.92999995      0.351140916    
   1.93999994      0.360328138    
   1.94999993      0.370131403    
   1.95999992      0.380596668    
   1.96999991      0.391782343    
   1.97999990      0.403739154    
   1.99000001      0.416496724    
   2.00000000      0.430038750    
   2.00999999      0.444042385    
   2.01999998      0.457240939    
   2.02999997      0.469377637    
   2.03999996      0.480527341    
   2.04999995      0.490811497    
   2.05999994      0.500348926    
   2.06999993      0.509242535    
   2.07999992      0.517581701    
   2.08999991      0.525438786    
   2.09999990      0.532876313    
   2.10999990      0.539945841    
   2.11999989      0.546690404    
   2.12999988      0.553149462    
   2.13999987      0.559352934    
   2.14999986      0.565329194    
   2.15999985      0.571101308    
   2.16999984      0.576690257    
   2.18000007      0.582113385    
   2.19000006      0.587386072    
   2.20000005      0.592521548    
   2.21000004      0.597532511    
   2.22000003      0.602429330    
   2.23000002      0.607221961    
   2.24000001      0.611918151    
   2.25000000      0.616526425    
   2.25999999      0.621052265    
   2.26999998      0.625501871    
   2.27999997      0.629881799    
   2.28999996      0.634196341    
   2.29999995      0.638450742    
   2.30999994      0.642647326    
   2.31999993      0.646791816    
   2.32999992      0.650886297    
   2.33999991      0.654934347    
   2.34999990      0.658938408    
   2.35999990      0.662902236    
   2.36999989      0.666826844    
   2.37999988      0.670715809    
   2.38999987      0.674569547    
   2.39999986      0.678390920    
   2.40999985      0.682183087    
   2.41999984      0.685944736    
   2.42999983      0.689679682    
   2.44000006      0.693387985    
   2.45000005      0.697071910    
   2.46000004      0.700731218    
   2.47000003      0.704369426    
   2.48000002      0.707985818    
   2.49000001      0.711581767    
   2.50000000      0.715157926    
   2.50999999      0.718715668    
   2.51999998      0.722253740    
   2.52999997      0.725778580    
   2.53999996      0.729285121    
   2.54999995      0.732776940    
   2.55999994      0.736253440    
   2.56999993      0.739714801    
   2.57999992      0.743162811    
   2.58999991      0.746598661    
   2.59999990      0.750020206    
   2.60999990      0.753430545    
   2.61999989      0.756829023    
   2.62999988      0.760216475    
   2.63999987      0.763592482    
   2.64999986      0.766957939    
   2.65999985      0.770313442    
   2.66999984      0.773659527    
   2.67999983      0.776996851    
   2.69000006      0.780322492    
   2.70000005      0.783641398    
   2.71000004      0.786951303    
   2.72000003      0.790253401    
   2.73000002      0.793546796    
   2.74000001      0.796833158    
   2.75000000      0.800111055    
   2.75999999      0.803383350    
   2.76999998      0.806646585    
   2.77999997      0.809904337    
   2.78999996      0.813155591    
   2.79999995      0.816399634    
   2.80999994      0.819638371    
   2.81999993      0.822870493    
   2.82999992      0.826096594    
   2.83999991      0.829317272    
   2.84999990      0.832533181    
   2.85999990      0.835743189    
   2.86999989      0.838946879    
   2.87999988      0.842146158    
   2.88999987      0.845340490    
   2.89999986      0.848530471    
   2.90999985      0.851716101    
   2.91999984      0.854895771    
   2.92999983      0.858071923    
   2.93999982      0.861243546    
   2.95000005      0.864411294    
   2.96000004      0.867573440    
   2.97000003      0.870732427    
   2.98000002      0.873887360    
   2.99000001      0.877038896    
   3.00000000      0.880186677    
   3.00999999      0.883329988    
   3.01999998      0.886470020    
   3.02999997      0.889606714    
   3.03999996      0.892738760    
   3.04999995      0.895870328    
   3.05999994      0.898997009    
   3.06999993      0.902119696    
   3.07999992      0.905240297    
   3.08999991      0.908357322    
   3.09999990      0.911470711    
   3.10999990      0.914582849    
   3.11999989      0.917689919    
   3.12999988      0.920795739    
   3.13999987      0.923898101    
   3.14999986      0.926998556    
   3.15999985      0.930096090    
   3.16999984      0.933190405    
   3.17999983      0.936282575    
   3.18999982      0.939372897    
   3.19999981      0.942459702    
   3.21000004      0.945544481    
   3.22000003      0.948626637    
   3.23000002      0.951706409    
   3.24000001      0.954784691    
   3.25000000      0.957860112    
   3.25999999      0.960933506    
   3.26999998      0.964004815    
   3.27999997      0.967073619    
   3.28999996      0.970140278    
   3.29999995      0.973205149    
   3.30999994      0.976264119    
   3.31999993      0.979329467    
   3.32999992      0.982388854    
   3.33999991      0.985445499    
   3.34999990      0.988500893    
   3.35999990      0.991554201    
   3.36999989      0.994605780    
   3.37999988      0.997654796    
   3.38999987       1.00070298    
   3.39999986       1.00374925    
   3.40999985       1.00679398    
   3.41999984       1.00983584    
   3.42999983       1.01287842    
   3.43999982       1.01591814    
   3.44999981       1.01895571    
   3.46000004       1.02199173    
   3.47000003       1.02502680    
   3.48000002       1.02806127    
   3.49000001       1.03109241    
   3.50000000       1.03412187    
   3.50999999       1.03715158    
