   9.99999978E-03   3.30741779E-04
   1.99999996E-02   6.06386049E-04
   2.99999993E-02   8.09429388E-04
   3.99999991E-02   1.07908295E-03
   4.99999970E-02   1.17055106E-03
   5.99999987E-02   1.23504759E-03
   7.00000003E-02   1.32564188E-03
   7.99999982E-02   1.44341239E-03
   8.99999961E-02   1.57961110E-03
   9.99999940E-02   1.72640418E-03
  0.109999999       1.87815062E-03
  0.119999997       2.03127903E-03
  0.129999995       2.18529277E-03
  0.140000001       2.32985523E-03
  0.149999991       2.47383141E-03
  0.159999996       2.61274097E-03
  0.170000002       2.74582161E-03
  0.179999992       2.87405821E-03
  0.189999998       2.99435691E-03
  0.199999988       3.11454525E-03
  0.209999993       3.22688511E-03
  0.219999999       3.33435438E-03
  0.229999989       3.43678775E-03
  0.239999995       3.53483763E-03
  0.250000000       3.62901646E-03
  0.259999990       3.71827348E-03
  0.269999981       3.80454469E-03
  0.280000001       3.89067130E-03
  0.289999992       3.97048146E-03
  0.299999982       4.04646248E-03
  0.310000002       4.12238808E-03
  0.319999993       4.20266576E-03
  0.329999983       4.30762395E-03
  0.340000004       4.36729752E-03
  0.349999994       4.43461351E-03
  0.359999985       4.50696424E-03
  0.370000005       4.58842888E-03
  0.379999995       4.69115190E-03
  0.389999986       4.85714106E-03
  0.399999976       5.09652402E-03
  0.409999996       5.11068664E-03
  0.419999987       5.17975492E-03
  0.429999977       5.26678050E-03
  0.439999998       5.37164276E-03
  0.449999988       5.50127821E-03
  0.459999979       5.66785410E-03
  0.469999999       5.90145122E-03
  0.479999989       6.27119001E-03
  0.489999980       7.00295344E-03
  0.500000000       8.15993641E-03
  0.509999990       7.89538119E-03
  0.519999981       7.93679431E-03
  0.529999971       8.04665592E-03
  0.539999962       8.19838140E-03
  0.550000012       8.38558096E-03
  0.560000002       8.60909745E-03
  0.569999993       8.87422543E-03
  0.579999983       9.18860268E-03
  0.589999974       9.56636202E-03
  0.599999964       1.00280419E-02
  0.610000014       1.06066782E-02
  0.620000005       1.13577917E-02
  0.629999995       1.23828193E-02
  0.639999986       1.38901770E-02
  0.649999976       1.63972937E-02
  0.659999967       2.15464812E-02
  0.669999957       2.46705059E-02
  0.680000007       2.38131117E-02
  0.689999998       2.36256737E-02
  0.699999988       2.36697923E-02
  0.709999979       2.38414314E-02
  0.719999969       2.40986273E-02
  0.729999959       2.44216081E-02
  0.740000010       2.48000491E-02
  0.750000000       2.52286475E-02
  0.759999990       2.57047750E-02
  0.769999981       2.62276959E-02
  0.779999971       2.67990436E-02
  0.789999962       2.74208132E-02
  0.799999952       2.80964170E-02
  0.810000002       2.88299695E-02
  0.819999993       2.96278093E-02
  0.829999983       3.04951910E-02
  0.839999974       3.14471498E-02
  0.849999964       3.24889235E-02
  0.859999955       3.36360894E-02
  0.870000005       3.49060521E-02
  0.879999995       3.63211893E-02
  0.889999986       3.79097201E-02
  0.899999976       3.97076756E-02
  0.909999967       4.17666808E-02
  0.919999957       4.41534072E-02
  0.930000007       4.69646677E-02
  0.939999998       5.03410250E-02
  0.949999988       5.45004569E-02
  0.959999979       5.97964935E-02
  0.969999969       6.68550581E-02
  0.979999959       7.68857971E-02
  0.989999950       9.24811587E-02
   1.00000000      0.114788763    
   1.00999999      0.117122702    
   1.01999998      0.117519632    
   1.02999997      0.117836431    
   1.03999996      0.118222691    
   1.04999995      0.118695028    
   1.05999994      0.119249128    
   1.06999993      0.119874299    
   1.07999992      0.120562576    
   1.09000003      0.121305488    
   1.10000002      0.122096650    
   1.11000001      0.122931331    
   1.12000000      0.123805173    
   1.13000000      0.124715298    
   1.13999999      0.125658065    
   1.14999998      0.126631856    
   1.15999997      0.127634451    
   1.16999996      0.128664598    
   1.17999995      0.129720747    
   1.18999994      0.130802408    
   1.19999993      0.131908566    
   1.20999992      0.133038491    
   1.22000003      0.134191751    
   1.23000002      0.135368034    
   1.24000001      0.136565894    
   1.25000000      0.137788296    
   1.25999999      0.139032751    
   1.26999998      0.140299678    
   1.27999997      0.141589031    
   1.28999996      0.142901316    
   1.29999995      0.144236520    
   1.30999994      0.145595282    
   1.31999993      0.146977618    
   1.32999992      0.148384437    
   1.33999991      0.149814487    
   1.35000002      0.151270241    
   1.36000001      0.152751490    
   1.37000000      0.154258847    
   1.38000000      0.155792683    
   1.38999999      0.157353908    
   1.39999998      0.158943519    
   1.40999997      0.160561696    
   1.41999996      0.162210062    
   1.42999995      0.163888633    
   1.43999994      0.165598780    
   1.44999993      0.167341396    
   1.45999992      0.169117868    
   1.46999991      0.168957636    
   1.48000002      0.172775820    
   1.49000001      0.174659893    
   1.50000000      0.176582724    
   1.50999999      0.178545430    
   1.51999998      0.180549666    
   1.52999997      0.182596639    
   1.53999996      0.184688583    
   1.54999995      0.186827183    
   1.55999994      0.189014345    
   1.56999993      0.191250682    
   1.57999992      0.193541780    
   1.58999991      0.195887282    
   1.59999990      0.198290065    
   1.61000001      0.200752869    
   1.62000000      0.203278601    
   1.63000000      0.205870286    
   1.63999999      0.208530381    
   1.64999998      0.211263791    
   1.65999997      0.214073092    
   1.66999996      0.216962412    
   1.67999995      0.219936416    
   1.68999994      0.222998813    
   1.69999993      0.226155311    
   1.70999992      0.229410887    
   1.71999991      0.232771531    
   1.73000002      0.236243322    
   1.74000001      0.239832699    
   1.75000000      0.243547708    
   1.75999999      0.247395635    
   1.76999998      0.251385629    
   1.77999997      0.255527407    
   1.78999996      0.259831041    
   1.79999995      0.264309973    
   1.80999994      0.268970996    
   1.81999993      0.273834050    
   1.82999992      0.278912634    
   1.83999991      0.284223437    
   1.84999990      0.289785653    
   1.86000001      0.295620114    
   1.87000000      0.301750451    
   1.88000000      0.308202207    
   1.88999999      0.315005928    
   1.89999998      0.322193116    
   1.90999997      0.329800427    
   1.91999996      0.337869376    
   1.92999995      0.346444637    
   1.93999994      0.355576783    
   1.94999993      0.365319878    
   1.95999992      0.375732064    
   1.96999991      0.386870474    
   1.97999990      0.398787469    
   1.99000001      0.411515594    
   2.00000000      0.425040156    
   2.00999999      0.439042717    
   2.01999998      0.452239603    
   2.02999997      0.464369714    
   2.03999996      0.475507617    
   2.04999995      0.485776186    
   2.05999994      0.495294333    
   2.06999993      0.504167259    
   2.07999992      0.512483358    
   2.08999991      0.520316124    
   2.09999990      0.527728677    
   2.10999990      0.534772098    
   2.11999989      0.541490734    
   2.12999988      0.547923267    
   2.13999987      0.554099977    
   2.14999986      0.560049593    
   2.15999985      0.565794468    
   2.16999984      0.571356952    
   2.18000007      0.576752722    
   2.19000006      0.581998229    
   2.20000005      0.587107241    
   2.21000004      0.592092276    
   2.22000003      0.596962392    
   2.23000002      0.601728976    
   2.24000001      0.606399000    
   2.25000000      0.610981405    
   2.25999999      0.615480840    
   2.26999998      0.619905531    
   2.27999997      0.624259472    
   2.28999996      0.628549218    
   2.29999995      0.632777572    
   2.30999994      0.636949420    
   2.31999993      0.641068578    
   2.32999992      0.645138025    
   2.33999991      0.649161994    
   2.34999990      0.653141260    
   2.35999990      0.657080352    
   2.36999989      0.660980523    
   2.37999988      0.664844930    
   2.38999987      0.668675184    
   2.39999986      0.672472954    
   2.40999985      0.676240325    
   2.41999984      0.679982960    
   2.42999983      0.683688879    
   2.44000006      0.687374413    
   2.45000005      0.691033959    
   2.46000004      0.694670737    
   2.47000003      0.698284984    
   2.48000002      0.701877475    
   2.49000001      0.705450177    
   2.50000000      0.709003925    
   2.50999999      0.712537766    
   2.51999998      0.716053545    
   2.52999997      0.719555020    
   2.53999996      0.723038852    
   2.54999995      0.726507008    
   2.55999994      0.729960263    
   2.56999993      0.733399808    
   2.57999992      0.736825407    
   2.58999991      0.740238011    
   2.59999990      0.743637264    
   2.60999990      0.747024596    
   2.61999989      0.750400245    
   2.62999988      0.753765643    
   2.63999987      0.757119298    
   2.64999986      0.760462701    
   2.65999985      0.763795912    
   2.66999984      0.767119646    
   2.67999983      0.770434618    
   2.69000006      0.773738801    
   2.70000005      0.777035296    
   2.71000004      0.780322134    
   2.72000003      0.783602118    
   2.73000002      0.786874235    
   2.74000001      0.790138304    
   2.75000000      0.793394506    
   2.75999999      0.796643198    
   2.76999998      0.799886048    
   2.77999997      0.803122640    
   2.78999996      0.806350708    
   2.79999995      0.809573829    
   2.80999994      0.812789500    
   2.81999993      0.816000521    
   2.82999992      0.819205463    
   2.83999991      0.822403967    
   2.84999990      0.825597227    
   2.85999990      0.828785062    
   2.86999989      0.831968188    
   2.87999988      0.835146010    
   2.88999987      0.838318884    
   2.89999986      0.841487288    
   2.90999985      0.844650805    
   2.91999984      0.847809136    
   2.92999983      0.850962698    
   2.93999982      0.854113042    
   2.95000005      0.857259214    
   2.96000004      0.860400558    
   2.97000003      0.863537967    
   2.98000002      0.866671205    
   2.99000001      0.869800985    
   3.00000000      0.872927248    
   3.00999999      0.876049995    
   3.01999998      0.879168570    
   3.02999997      0.882283807    
   3.03999996      0.885395229    
   3.04999995      0.888504267    
   3.05999994      0.891609073    
   3.06999993      0.894711316    
   3.07999992      0.897810221    
   3.08999991      0.900905848    
   3.09999990      0.903998613    
   3.10999990      0.907089472    
   3.11999989      0.910175025    
   3.12999988      0.913260281    
   3.13999987      0.916341186    
   3.14999986      0.919420600    
   3.15999985      0.922496736    
   3.16999984      0.925569952    
   3.17999983      0.928640783    
   3.18999982      0.931709588    
   3.19999981      0.934775293    
   3.21000004      0.937838852    
   3.22000003      0.940900385    
   3.23000002      0.943958461    
   3.24000001      0.947016299    
   3.25000000      0.950070322    
   3.25999999      0.953122795    
   3.26999998      0.956172943    
   3.27999997      0.959220767    
   3.28999996      0.962266982    
   3.29999995      0.965310216    
   3.30999994      0.968352318    
   3.31999993      0.971391857    
   3.32999992      0.974430561    
   3.33999991      0.977466524    
   3.34999990      0.980500758    
   3.35999990      0.983533442    
   3.36999989      0.986563504    
   3.37999988      0.989591837    
   3.38999987      0.992619097    
   3.39999986      0.995644748    
   3.40999985      0.998667955    
   3.41999984       1.00168991    
   3.42999983       1.00471008    
   3.43999982       1.00772941    
   3.44999981       1.01074636    
   3.46000004       1.01376188    
   3.47000003       1.01677608    
   3.48000002       1.01978874    
   3.49000001       1.02279949    
   3.50000000       1.02580905    
   3.50999999       1.02881658    
