   9.99999978E-03   3.34937155E-04
   1.99999996E-02   6.12191565E-04
   2.99999993E-02   8.10853089E-04
   3.99999991E-02   1.08984241E-03
   4.99999970E-02   1.18468923E-03
   5.99999987E-02   1.24781032E-03
   7.00000003E-02   1.33582123E-03
   7.99999982E-02   1.45187241E-03
   8.99999961E-02   1.58683967E-03
   9.99999940E-02   1.73307094E-03
  0.109999999       1.88477000E-03
  0.119999997       2.03822623E-03
  0.129999995       2.19276687E-03
  0.140000001       2.33809208E-03
  0.149999991       2.48298817E-03
  0.159999996       2.62280414E-03
  0.170000002       2.75685778E-03
  0.179999992       2.88611604E-03
  0.189999998       3.00742430E-03
  0.199999988       3.12616839E-03
  0.209999993       3.24197230E-03
  0.219999999       3.35046370E-03
  0.229999989       3.45386239E-03
  0.239999995       3.55290435E-03
  0.250000000       3.64802219E-03
  0.259999990       3.73827945E-03
  0.269999981       3.82562215E-03
  0.280000001       3.91304400E-03
  0.289999992       3.99381295E-03
  0.299999982       4.07082867E-03
  0.310000002       4.14828304E-03
  0.319999993       4.23032092E-03
  0.329999983       4.33900021E-03
  0.340000004       4.39898111E-03
  0.349999994       4.46769549E-03
  0.359999985       4.54207463E-03
  0.370000005       4.62646270E-03
  0.379999995       4.73390846E-03
  0.389999986       4.90898220E-03
  0.399999976       5.15712658E-03
  0.409999996       5.17074019E-03
  0.419999987       5.24214422E-03
  0.429999977       5.33273909E-03
  0.439999998       5.44231525E-03
  0.449999988       5.57852210E-03
  0.459999979       5.75401075E-03
  0.469999999       6.00071624E-03
  0.479999989       6.39171619E-03
  0.489999980       7.16359168E-03
  0.500000000       8.35306104E-03
  0.509999990       8.07886478E-03
  0.519999981       8.12189281E-03
  0.529999971       8.23631883E-03
  0.539999962       8.39489885E-03
  0.550000012       8.59065726E-03
  0.560000002       8.82359035E-03
  0.569999993       9.10222065E-03
  0.579999983       9.43160057E-03
  0.589999974       9.82822292E-03
  0.599999964       1.03114676E-02
  0.610000014       1.09180119E-02
  0.620000005       1.17052170E-02
  0.629999995       1.27788121E-02
  0.639999986       1.43560646E-02
  0.649999976       1.69722214E-02
  0.659999967       2.23005246E-02
  0.669999957       2.54372433E-02
  0.680000007       2.45582983E-02
  0.689999998       2.43657976E-02
  0.699999988       2.44118329E-02
  0.709999979       2.45895181E-02
  0.719999969       2.48557162E-02
  0.729999959       2.51900740E-02
  0.740000010       2.55817510E-02
  0.750000000       2.60254368E-02
  0.759999990       2.65183859E-02
  0.769999981       2.70598400E-02
  0.779999971       2.76514348E-02
  0.789999962       2.82952599E-02
  0.799999952       2.89948583E-02
  0.810000002       2.97544524E-02
  0.819999993       3.05805635E-02
  0.829999983       3.14787142E-02
  0.839999974       3.24642584E-02
  0.849999964       3.35427746E-02
  0.859999955       3.47301587E-02
  0.870000005       3.60445753E-02
  0.879999995       3.75088826E-02
  0.889999986       3.91522646E-02
  0.899999976       4.10117768E-02
  0.909999967       4.31406796E-02
  0.919999957       4.56071682E-02
  0.930000007       4.85108159E-02
  0.939999998       5.19957021E-02
  0.949999988       5.62847853E-02
  0.959999979       6.17384799E-02
  0.969999969       6.89924732E-02
  0.979999959       7.92673528E-02
  0.989999950       9.51403230E-02
   1.00000000      0.117513917    
   1.00999999      0.119910993    
   1.01999998      0.120342761    
   1.02999997      0.120683655    
   1.03999996      0.121090069    
   1.04999995      0.121581763    
   1.05999994      0.122153915    
   1.06999993      0.122797690    
   1.07999992      0.123505428    
   1.09000003      0.124267571    
   1.10000002      0.125078961    
   1.11000001      0.125934333    
   1.12000000      0.126829490    
   1.13000000      0.127761334    
   1.13999999      0.128726512    
   1.14999998      0.129723027    
   1.15999997      0.130749181    
   1.16999996      0.131793156    
   1.17999995      0.132883817    
   1.18999994      0.133990407    
   1.19999993      0.135121882    
   1.20999992      0.136277676    
   1.22000003      0.137457296    
   1.23000002      0.138660297    
   1.24000001      0.139886737    
   1.25000000      0.141135603    
   1.25999999      0.142408282    
   1.26999998      0.143703818    
   1.27999997      0.145022392    
   1.28999996      0.146364257    
   1.29999995      0.147729546    
   1.30999994      0.149118856    
   1.31999993      0.150532126    
   1.32999992      0.151969805    
   1.33999991      0.153432623    
   1.35000002      0.154920876    
   1.36000001      0.156435147    
   1.37000000      0.157974556    
   1.38000000      0.159544051    
   1.38999999      0.161139861    
   1.39999998      0.162764713    
   1.40999997      0.164418682    
   1.41999996      0.166103169    
   1.42999995      0.167818651    
   1.43999994      0.169566393    
   1.44999993      0.171347097    
   1.45999992      0.173162207    
   1.46999991      0.175012782    
   1.48000002      0.176899880    
   1.49000001      0.178824872    
   1.50000000      0.180788979    
   1.50999999      0.182793975    
   1.51999998      0.184841350    
   1.52999997      0.186931998    
   1.53999996      0.189068496    
   1.54999995      0.191252485    
   1.55999994      0.193485841    
   1.56999993      0.195769459    
   1.57999992      0.198108211    
   1.58999991      0.200502858    
   1.59999990      0.202955395    
   1.61000001      0.205469102    
   1.62000000      0.208046541    
   1.63000000      0.210691050    
   1.63999999      0.213405326    
   1.64999998      0.216193929    
   1.65999997      0.219059542    
   1.66999996      0.222006485    
   1.67999995      0.225038990    
   1.68999994      0.228161588    
   1.69999993      0.231379390    
   1.70999992      0.234697685    
   1.71999991      0.238122508    
   1.73000002      0.241659909    
   1.74000001      0.245316431    
   1.75000000      0.249100134    
   1.75999999      0.253018558    
   1.76999998      0.257080048    
   1.77999997      0.261295557    
   1.78999996      0.265674472    
   1.79999995      0.270228535    
   1.80999994      0.274970204    
   1.81999993      0.279913664    
   1.82999992      0.285074592    
   1.83999991      0.290469408    
   1.84999990      0.296117812    
   1.86000001      0.302039206    
   1.87000000      0.308258593    
   1.88000000      0.314800739    
   1.88999999      0.321695715    
   1.89999998      0.328974813    
   1.90999997      0.336674601    
   1.91999996      0.344835401    
   1.92999995      0.353501588    
   1.93999994      0.362721741    
   1.94999993      0.372549653    
   1.95999992      0.383040428    
   1.96999991      0.394250274    
   1.97999990      0.406226724    
   1.99000001      0.418998778    
   2.00000000      0.432549179    
   2.00999999      0.446553707    
   2.01999998      0.459752679    
   2.02999997      0.471892774    
   2.03999996      0.483048290    
   2.04999995      0.493340164    
   2.05999994      0.502886951    
   2.06999993      0.511791468    
   2.07999992      0.520141661    
   2.08999991      0.528010249    
   2.09999990      0.535460591    
   2.10999990      0.542542696    
   2.11999989      0.549300373    
   2.12999988      0.555773020    
   2.13999987      0.561989963    
   2.14999986      0.567979574    
   2.15999985      0.573765099    
   2.16999984      0.579367161    
   2.18000007      0.584804177    
   2.19000006      0.590089142    
   2.20000005      0.595238328    
   2.21000004      0.600262642    
   2.22000003      0.605172992    
   2.23000002      0.609978318    
   2.24000001      0.614687800    
   2.25000000      0.619308233    
   2.25999999      0.623847127    
   2.26999998      0.628309429    
   2.27999997      0.632702708    
   2.28999996      0.637029529    
   2.29999995      0.641296268    
   2.30999994      0.645506084    
   2.31999993      0.649663150    
   2.32999992      0.653769314    
   2.33999991      0.657830477    
   2.34999990      0.661846697    
   2.35999990      0.665822089    
   2.36999989      0.669759333    
   2.37999988      0.673659801    
   2.38999987      0.677526534    
   2.39999986      0.681359887    
   2.40999985      0.685163498    
   2.41999984      0.688937545    
   2.42999983      0.692683697    
   2.44000006      0.696404219    
   2.45000005      0.700099349    
   2.46000004      0.703771651    
   2.47000003      0.707421124    
   2.48000002      0.711048782    
   2.49000001      0.714656174    
   2.50000000      0.718244374    
   2.50999999      0.721813381    
   2.51999998      0.725363493    
   2.52999997      0.728899479    
   2.53999996      0.732417941    
   2.54999995      0.735920727    
   2.55999994      0.739408791    
   2.56999993      0.742882311    
   2.57999992      0.746341348    
   2.58999991      0.749787986    
   2.59999990      0.753221154    
   2.60999990      0.756643355    
   2.61999989      0.760051966    
   2.62999988      0.763451099    
   2.63999987      0.766838193    
   2.64999986      0.770215273    
   2.65999985      0.773582101    
   2.66999984      0.776938617    
   2.67999983      0.780287325    
   2.69000006      0.783624291    
   2.70000005      0.786953986    
   2.71000004      0.790275097    
   2.72000003      0.793587983    
   2.73000002      0.796892524    
   2.74000001      0.800189912    
   2.75000000      0.803479493    
   2.75999999      0.806761622    
   2.76999998      0.810036719    
   2.77999997      0.813305318    
   2.78999996      0.816567183    
   2.79999995      0.819822431    
   2.80999994      0.823071599    
   2.81999993      0.826314807    
   2.82999992      0.829552352    
   2.83999991      0.832783520    
   2.84999990      0.836010516    
   2.85999990      0.839230299    
   2.86999989      0.842445433    
   2.87999988      0.845656574    
   2.88999987      0.848860979    
   2.89999986      0.852061331    
   2.90999985      0.855257034    
   2.91999984      0.858448029    
   2.92999983      0.861634851    
   2.93999982      0.864817023    
   2.95000005      0.867995679    
   2.96000004      0.871169269    
   2.97000003      0.874338746    
   2.98000002      0.877504528    
   2.99000001      0.880667031    
   3.00000000      0.883825004    
   3.00999999      0.886979163    
   3.01999998      0.890130162    
   3.02999997      0.893277109    
   3.03999996      0.896420598    
   3.04999995      0.899561405    
   3.05999994      0.902699411    
   3.06999993      0.905832708    
   3.07999992      0.908964038    
   3.08999991      0.912091374    
   3.09999990      0.915216506    
   3.10999990      0.918338358    
   3.11999989      0.921456456    
   3.12999988      0.924572766    
   3.13999987      0.927686810    
   3.14999986      0.930797219    
   3.15999985      0.933904469    
   3.16999984      0.937009633    
   3.17999983      0.940112650    
   3.18999982      0.943212688    
   3.19999981      0.946311176    
   3.21000004      0.949405909    
   3.22000003      0.952499330    
   3.23000002      0.955589235    
   3.24000001      0.958678067    
   3.25000000      0.961764157    
   3.25999999      0.964847565    
   3.26999998      0.967929780    
   3.27999997      0.971009195    
   3.28999996      0.974086404    
   3.29999995      0.977162719    
   3.30999994      0.980231583    
   3.31999993      0.983306944    
   3.32999992      0.986376762    
   3.33999991      0.989444256    
   3.34999990      0.992509305    
   3.35999990      0.995573997    
   3.36999989      0.998636127    
   3.37999988       1.00169575    
   3.38999987       1.00475478    
   3.39999986       1.00781083    
   3.40999985       1.01086605    
   3.41999984       1.01391900    
   3.42999983       1.01697123    
   3.43999982       1.02002084    
   3.44999981       1.02306962    
   3.46000004       1.02611625    
   3.47000003       1.02916181    
   3.48000002       1.03220630    
   3.49000001       1.03524768    
   3.50000000       1.03828824    
   3.50999999       1.04132807    
