   9.99999978E-03   3.46171495E-04
   1.99999996E-02   6.29610789E-04
   2.99999993E-02   8.16175656E-04
   3.99999991E-02   1.11791363E-03
   4.99999970E-02   1.23216724E-03
   5.99999987E-02   1.29182031E-03
   7.00000003E-02   1.37204526E-03
   7.99999982E-02   1.48088194E-03
   8.99999961E-02   1.61143346E-03
   9.99999940E-02   1.75533234E-03
  0.109999999       1.90646097E-03
  0.119999997       2.06018565E-03
  0.129999995       2.21609091E-03
  0.140000001       2.36439449E-03
  0.149999991       2.51200842E-03
  0.159999996       2.65488098E-03
  0.170000002       2.79205502E-03
  0.179999992       2.92457337E-03
  0.189999998       3.05194384E-03
  0.199999988       3.17128189E-03
  0.209999993       3.28800664E-03
  0.219999999       3.40226036E-03
  0.229999989       3.50886770E-03
  0.239999995       3.61126894E-03
  0.250000000       3.70981568E-03
  0.259999990       3.80314025E-03
  0.269999981       3.89399892E-03
  0.280000001       3.98631394E-03
  0.289999992       4.07016370E-03
  0.299999982       4.15074732E-03
  0.310000002       4.23283596E-03
  0.319999993       4.32334142E-03
  0.329999983       4.44497727E-03
  0.340000004       4.50563943E-03
  0.349999994       4.57957759E-03
  0.359999985       4.66129649E-03
  0.370000005       4.75648977E-03
  0.379999995       4.88194404E-03
  0.389999986       5.09069115E-03
  0.399999976       5.36971167E-03
  0.409999996       5.38137602E-03
  0.419999987       5.46142459E-03
  0.429999977       5.56516694E-03
  0.439999998       5.69273578E-03
  0.449999988       5.85278403E-03
  0.459999979       6.06144127E-03
  0.469999999       6.35687169E-03
  0.479999989       6.82656979E-03
  0.489999980       7.74478214E-03
  0.500000000       9.04230960E-03
  0.509999990       8.73524509E-03
  0.519999981       8.78366642E-03
  0.529999971       8.91435146E-03
  0.539999962       9.09791794E-03
  0.550000012       9.32479464E-03
  0.560000002       9.59650706E-03
  0.569999993       9.91934724E-03
  0.579999983       1.03032105E-02
  0.589999974       1.07653653E-02
  0.599999964       1.13291638E-02
  0.610000014       1.20365610E-02
  0.620000005       1.29540432E-02
  0.629999995       1.42028546E-02
  0.639999986       1.60297714E-02
  0.649999976       1.90321114E-02
  0.659999967       2.49728281E-02
  0.669999957       2.81377621E-02
  0.680000007       2.71866638E-02
  0.689999998       2.69773975E-02
  0.699999988       2.70306226E-02
  0.709999979       2.72298679E-02
  0.719999969       2.75278240E-02
  0.729999959       2.79020481E-02
  0.740000010       2.83405166E-02
  0.750000000       2.88373642E-02
  0.759999990       2.93895025E-02
  0.769999981       2.99961474E-02
  0.779999971       3.06590032E-02
  0.789999962       3.13804559E-02
  0.799999952       3.21643688E-02
  0.810000002       3.30155268E-02
  0.819999993       3.39410566E-02
  0.829999983       3.49473245E-02
  0.839999974       3.60507555E-02
  0.849999964       3.72581743E-02
  0.859999955       3.85868847E-02
  0.870000005       4.00569625E-02
  0.879999995       4.16935757E-02
  0.889999986       4.35289554E-02
  0.899999976       4.56037186E-02
  0.909999967       4.79761437E-02
  0.919999957       5.07208407E-02
  0.930000007       5.39455600E-02
  0.939999998       5.78070469E-02
  0.949999988       6.25437200E-02
  0.959999979       6.85392469E-02
  0.969999969       7.64596909E-02
  0.979999959       8.75550136E-02
  0.989999950      0.104334332    
   1.00000000      0.126890630    
   1.00999999      0.129499584    
   1.01999998      0.130053431    
   1.02999997      0.130479395    
   1.03999996      0.130957276    
   1.04999995      0.131515265    
   1.05999994      0.132152647    
   1.06999993      0.132861674    
   1.07999992      0.133635387    
   1.09000003      0.134465620    
   1.10000002      0.135347128    
   1.11000001      0.136273742    
   1.12000000      0.137242571    
   1.13000000      0.138249293    
   1.13999999      0.139291435    
   1.14999998      0.140366763    
   1.15999997      0.141473413    
   1.16999996      0.142609462    
   1.17999995      0.143773928    
   1.18999994      0.144965917    
   1.19999993      0.146184459    
   1.20999992      0.147428915    
   1.22000003      0.148698732    
   1.23000002      0.149993822    
   1.24000001      0.151313514    
   1.25000000      0.152657673    
   1.25999999      0.154026434    
   1.26999998      0.155420005    
   1.27999997      0.156838119    
   1.28999996      0.158281446    
   1.29999995      0.159749612    
   1.30999994      0.161243245    
   1.31999993      0.162762642    
   1.32999992      0.164308012    
   1.33999991      0.165880218    
   1.35000002      0.167479753    
   1.36000001      0.169106781    
   1.37000000      0.170762211    
   1.38000000      0.172446430    
   1.38999999      0.174160719    
   1.39999998      0.175905436    
   1.40999997      0.177681506    
   1.41999996      0.179490015    
   1.42999995      0.181331456    
   1.43999994      0.183206901    
   1.44999993      0.185117945    
   1.45999992      0.187065169    
   1.46999991      0.189050257    
   1.48000002      0.191073850    
   1.49000001      0.193137810    
   1.50000000      0.195243418    
   1.50999999      0.197392270    
   1.51999998      0.199585810    
   1.52999997      0.201825589    
   1.53999996      0.204113528    
   1.54999995      0.206451938    
   1.55999994      0.208842412    
   1.56999993      0.211286783    
   1.57999992      0.213787824    
   1.58999991      0.216348544    
   1.59999990      0.218970463    
   1.61000001      0.221656635    
   1.62000000      0.224409908    
   1.63000000      0.227234200    
   1.63999999      0.230131462    
   1.64999998      0.233106852    
   1.65999997      0.236163214    
   1.66999996      0.239304602    
   1.67999995      0.242536008    
   1.68999994      0.245861515    
   1.69999993      0.249286816    
   1.70999992      0.252816886    
   1.71999991      0.256457955    
   1.73000002      0.260216653    
   1.74000001      0.264099240    
   1.75000000      0.268113911    
   1.75999999      0.272268742    
   1.76999998      0.276572019    
   1.77999997      0.281034440    
   1.78999996      0.285665870    
   1.79999995      0.290478021    
   1.80999994      0.295483142    
   1.81999993      0.300696284    
   1.82999992      0.306131572    
   1.83999991      0.311806947    
   1.84999990      0.317740440    
   1.86000001      0.323952645    
   1.87000000      0.330466658    
   1.88000000      0.337307543    
   1.88999999      0.344503969    
   1.89999998      0.352086365    
   1.90999997      0.360089481    
   1.91999996      0.368551373    
   1.92999995      0.377513796    
   1.93999994      0.387021959    
   1.94999993      0.397123575    
   1.95999992      0.407868654    
   1.96999991      0.419304192    
   1.97999990      0.431469679    
   1.99000001      0.444381267    
   2.00000000      0.458009899    
   2.00999999      0.472022355    
   2.01999998      0.485222191    
   2.02999997      0.497391492    
   2.03999996      0.508573949    
   2.04999995      0.518967032    
   2.05999994      0.528602839    
   2.06999993      0.537608266    
   2.07999992      0.546067953    
   2.08999991      0.554053426    
   2.09999990      0.561623752    
   2.10999990      0.568830729    
   2.11999989      0.575715184    
   2.12999988      0.582316637    
   2.13999987      0.588663518    
   2.14999986      0.594783962    
   2.15999985      0.600700736    
   2.16999984      0.606433809    
   2.18000007      0.612002492    
   2.19000006      0.617418230    
   2.20000005      0.622697711    
   2.21000004      0.627852082    
   2.22000003      0.632891595    
   2.23000002      0.637825727    
   2.24000001      0.642664015    
   2.25000000      0.647412241    
   2.25999999      0.652077973    
   2.26999998      0.656667411    
   2.27999997      0.661186397    
   2.28999996      0.665638685    
   2.29999995      0.670030355    
   2.30999994      0.674363375    
   2.31999993      0.678645670    
   2.32999992      0.682873547    
   2.33999991      0.687056482    
   2.34999990      0.691194355    
   2.35999990      0.695291519    
   2.36999989      0.699349523    
   2.37999988      0.703370333    
   2.38999987      0.707356274    
   2.39999986      0.711308956    
   2.40999985      0.715231895    
   2.41999984      0.719124496    
   2.42999983      0.722988427    
   2.44000006      0.726826370    
   2.45000005      0.730638683    
   2.46000004      0.734427273    
   2.47000003      0.738193095    
   2.48000002      0.741937220    
   2.49000001      0.745659769    
   2.50000000      0.749363422    
   2.50999999      0.753047764    
   2.51999998      0.756713390    
   2.52999997      0.760362804    
   2.53999996      0.763994753    
   2.54999995      0.767612278    
   2.55999994      0.771213055    
   2.56999993      0.774799585    
   2.57999992      0.778371572    
   2.58999991      0.781931043    
   2.59999990      0.785477161    
   2.60999990      0.789011180    
   2.61999989      0.792532563    
   2.62999988      0.796042681    
   2.63999987      0.799541652    
   2.64999986      0.803030074    
   2.65999985      0.806507647    
   2.66999984      0.809975863    
   2.67999983      0.813433945    
   2.69000006      0.816883087    
   2.70000005      0.820322990    
   2.71000004      0.823754072    
   2.72000003      0.827176750    
   2.73000002      0.830591977    
   2.74000001      0.833998740    
   2.75000000      0.837397754    
   2.75999999      0.840789258    
   2.76999998      0.844174206    
   2.77999997      0.847551525    
   2.78999996      0.850922048    
   2.79999995      0.854286253    
   2.80999994      0.857645333    
   2.81999993      0.860996962    
   2.82999992      0.864342093    
   2.83999991      0.867682815    
   2.84999990      0.871017218    
   2.85999990      0.874345720    
   2.86999989      0.877668679    
   2.87999988      0.880987048    
   2.88999987      0.884299755    
   2.89999986      0.887608409    
   2.90999985      0.890911520    
   2.91999984      0.894210875    
   2.92999983      0.897504151    
   2.93999982      0.900794148    
   2.95000005      0.904079139    
   2.96000004      0.907359779    
   2.97000003      0.910637140    
   2.98000002      0.913908362    
   2.99000001      0.917178333    
   3.00000000      0.920443594    
   3.00999999      0.923705280    
   3.01999998      0.926962197    
   3.02999997      0.930215538    
   3.03999996      0.933466375    
   3.04999995      0.936713517    
   3.05999994      0.939956844    
   3.06999993      0.943197191    
   3.07999992      0.946434736    
   3.08999991      0.949669003    
   3.09999990      0.952899158    
   3.10999990      0.956127167    
   3.11999989      0.959351420    
   3.12999988      0.962573588    
   3.13999987      0.965793192    
   3.14999986      0.969009459    
   3.15999985      0.972222269    
   3.16999984      0.975433350    
   3.17999983      0.978642106    
   3.18999982      0.981848419    
   3.19999981      0.985051334    
   3.21000004      0.988252342    
   3.22000003      0.991450310    
   3.23000002      0.994645834    
   3.24000001      0.997839928    
   3.25000000       1.00103176    
   3.25999999       1.00422072    
   3.26999998       1.00740755    
   3.27999997       1.01059246    
   3.28999996       1.01377523    
   3.29999995       1.01695490    
   3.30999994       1.02013302    
   3.31999993       1.02330983    
   3.32999992       1.02648365    
   3.33999991       1.02965629    
   3.34999990       1.03282726    
   3.35999990       1.03599632    
   3.36999989       1.03916204    
   3.37999988       1.04232705    
   3.38999987       1.04549026    
   3.39999986       1.04865158    
   3.40999985       1.05181170    
   3.41999984       1.05496943    
   3.42999983       1.05812597    
   3.43999982       1.06127882    
   3.44999981       1.06443310    
   3.46000004       1.06758428    
   3.47000003       1.07073438    
   3.48000002       1.07388222    
   3.49000001       1.07702839    
   3.50000000       1.08017397    
   3.50999999       1.08331573    
