   9.99999978E-03   3.48768779E-04
   1.99999996E-02   6.33766816E-04
   2.99999993E-02   8.18189990E-04
   3.99999991E-02   1.12570764E-03
   4.99999970E-02   1.24639785E-03
   5.99999987E-02   1.30547350E-03
   7.00000003E-02   1.38328830E-03
   7.99999982E-02   1.49002671E-03
   8.99999961E-02   1.61900674E-03
   9.99999940E-02   1.76206208E-03
  0.109999999       1.91288535E-03
  0.119999997       2.06672447E-03
  0.129999995       2.22046231E-03
  0.140000001       2.37194542E-03
  0.149999991       2.52033211E-03
  0.159999996       2.66405288E-03
  0.170000002       2.80214683E-03
  0.179999992       2.93561257E-03
  0.189999998       3.06396117E-03
  0.199999988       3.18675279E-03
  0.209999993       3.30198812E-03
  0.219999999       3.41724930E-03
  0.229999989       3.52481380E-03
  0.239999995       3.62851308E-03
  0.250000000       3.72778694E-03
  0.259999990       3.82206449E-03
  0.269999981       3.91402002E-03
  0.280000001       4.00791597E-03
  0.289999992       4.09273244E-03
  0.299999982       4.17451188E-03
  0.310000002       4.25816607E-03
  0.319999993       4.35030321E-03
  0.329999983       4.47723921E-03
  0.340000004       4.53798473E-03
  0.349999994       4.61369334E-03
  0.359999985       4.69788909E-03
  0.370000005       4.79399320E-03
  0.379999995       4.92775720E-03
  0.389999986       5.14901476E-03
  0.399999976       5.43697132E-03
  0.409999996       5.44808572E-03
  0.419999987       5.53104188E-03
  0.429999977       5.63907810E-03
  0.439999998       5.77252312E-03
  0.449999988       5.94012346E-03
  0.459999979       6.16030814E-03
  0.469999999       6.47195289E-03
  0.479999989       6.96772989E-03
  0.489999980       7.93362688E-03
  0.500000000       9.26350616E-03
  0.509999990       8.94619338E-03
  0.519999981       8.99695884E-03
  0.529999971       9.13333334E-03
  0.539999962       9.32417065E-03
  0.550000012       9.56111960E-03
  0.560000002       9.84511245E-03
  0.569999993       1.01826563E-02
  0.579999983       1.05841644E-02
  0.589999974       1.10677965E-02
  0.599999964       1.16577120E-02
  0.610000014       1.23978797E-02
  0.620000005       1.33574139E-02
  0.629999995       1.46628022E-02
  0.639999986       1.65699553E-02
  0.649999976       1.96949262E-02
  0.659999967       2.58249957E-02
  0.669999957       2.89930701E-02
  0.680000007       2.80200653E-02
  0.689999998       2.78057754E-02
  0.699999988       2.78613977E-02
  0.709999979       2.80675367E-02
  0.719999969       2.82888357E-02
  0.729999959       2.87624653E-02
  0.740000010       2.92157512E-02
  0.750000000       2.97294278E-02
  0.759999990       3.03002950E-02
  0.769999981       3.09275240E-02
  0.779999971       3.16129439E-02
  0.789999962       3.23589034E-02
  0.799999952       3.31692509E-02
  0.810000002       3.40494774E-02
  0.819999993       3.50065008E-02
  0.829999983       3.60468477E-02
  0.839999974       3.71875614E-02
  0.849999964       3.84355821E-02
  0.859999955       3.98088805E-02
  0.870000005       4.13279422E-02
  0.879999995       4.30188887E-02
  0.889999986       4.49145809E-02
  0.899999976       4.70569767E-02
  0.909999967       4.95058447E-02
  0.919999957       5.23375832E-02
  0.930000007       5.56627475E-02
  0.939999998       5.96415251E-02
  0.949999988       6.45170510E-02
  0.959999979       7.06798509E-02
  0.969999969       7.88009018E-02
  0.979999959       9.01474357E-02
  0.989999950      0.107192338    
   1.00000000      0.129792809    
   1.00999999      0.132465795    
   1.01999998      0.133057848    
   1.02999997      0.133510783    
   1.03999996      0.134011447    
   1.04999995      0.134590462    
   1.05999994      0.135248125    
   1.06999993      0.135977790    
   1.07999992      0.136772275    
   1.09000003      0.137623742    
   1.10000002      0.138526857    
   1.11000001      0.139475778    
   1.12000000      0.140467107    
   1.13000000      0.141497374    
   1.13999999      0.142563298    
   1.14999998      0.143663019    
   1.15999997      0.144794434    
   1.16999996      0.145955980    
   1.17999995      0.147146121    
   1.18999994      0.148364618    
   1.19999993      0.149610043    
   1.20999992      0.150881812    
   1.22000003      0.152179375    
   1.23000002      0.153502718    
   1.24000001      0.154851198    
   1.25000000      0.156224713    
   1.25999999      0.157623008    
   1.26999998      0.159046963    
   1.27999997      0.160495609    
   1.28999996      0.161970079    
   1.29999995      0.163469791    
   1.30999994      0.164995655    
   1.31999993      0.166547805    
   1.32999992      0.168126374    
   1.33999991      0.169732124    
   1.35000002      0.171365723    
   1.36000001      0.173027501    
   1.37000000      0.174718082    
   1.38000000      0.176438212    
   1.38999999      0.178188875    
   1.39999998      0.179970339    
   1.40999997      0.181783795    
   1.41999996      0.183630198    
   1.42999995      0.185510367    
   1.43999994      0.187425360    
   1.44999993      0.189376101    
   1.45999992      0.191364110    
   1.46999991      0.193390146    
   1.48000002      0.195455819    
   1.49000001      0.197562277    
   1.50000000      0.199711084    
   1.50999999      0.201903909    
   1.51999998      0.204142228    
   1.52999997      0.206427649    
   1.53999996      0.208762124    
   1.54999995      0.211147666    
   1.55999994      0.213586017    
   1.56999993      0.216079548    
   1.57999992      0.218630314    
   1.58999991      0.221241638    
   1.59999990      0.223915264    
   1.61000001      0.226654425    
   1.62000000      0.229461506    
   1.63000000      0.232340306    
   1.63999999      0.235293433    
   1.64999998      0.238325611    
   1.65999997      0.241440162    
   1.66999996      0.244640648    
   1.67999995      0.247932822    
   1.68999994      0.251319855    
   1.69999993      0.254807979    
   1.70999992      0.258402437    
   1.71999991      0.262109071    
   1.73000002      0.265935063    
   1.74000001      0.269886106    
   1.75000000      0.273970723    
   1.75999999      0.278197259    
   1.76999998      0.282573611    
   1.77999997      0.287110418    
   1.78999996      0.291817844    
   1.79999995      0.296708226    
   1.80999994      0.301792681    
   1.81999993      0.307086438    
   1.82999992      0.312604457    
   1.83999991      0.318363518    
   1.84999990      0.324382752    
   1.86000001      0.330681682    
   1.87000000      0.337283403    
   1.88000000      0.344213277    
   1.88999999      0.351499408    
   1.89999998      0.359171599    
   1.90999997      0.367264062    
   1.91999996      0.375814945    
   1.92999995      0.384864390    
   1.93999994      0.394456506    
   1.94999993      0.404637128    
   1.95999992      0.415456772    
   1.96999991      0.426957399    
   1.97999990      0.439176232    
   1.99000001      0.452127755    
   2.00000000      0.465778202    
   2.00999999      0.479790449    
   2.01999998      0.492990583    
   2.02999997      0.505168200    
   2.03999996      0.516365647    
   2.04999995      0.526779532    
   2.05999994      0.536440372    
   2.06999993      0.545474410    
   2.07999992      0.553965986    
   2.08999991      0.561984539    
   2.09999990      0.569589615    
   2.10999990      0.576833367    
   2.11999989      0.583755314    
   2.12999988      0.590393960    
   2.13999987      0.596779048    
   2.14999986      0.602937520    
   2.15999985      0.608892143    
   2.16999984      0.614664018    
   2.18000007      0.620270848    
   2.19000006      0.625725389    
   2.20000005      0.631043434    
   2.21000004      0.636235952    
   2.22000003      0.641313493    
   2.23000002      0.646286249    
   2.24000001      0.651161790    
   2.25000000      0.655948222    
   2.25999999      0.660651207    
   2.26999998      0.665278256    
   2.27999997      0.669834971    
   2.28999996      0.674324453    
   2.29999995      0.678752124    
   2.30999994      0.683122575    
   2.31999993      0.687441468    
   2.32999992      0.691705704    
   2.33999991      0.695924401    
   2.34999990      0.700099587    
   2.35999990      0.704232335    
   2.36999989      0.708326221    
   2.37999988      0.712382376    
   2.38999987      0.716404259    
   2.39999986      0.720392585    
   2.40999985      0.724349856    
   2.41999984      0.728278399    
   2.42999983      0.732177317    
   2.44000006      0.736050367    
   2.45000005      0.739897192    
   2.46000004      0.743720889    
   2.47000003      0.747520804    
   2.48000002      0.751299620    
   2.49000001      0.755057693    
   2.50000000      0.758795023    
   2.50999999      0.762513578    
   2.51999998      0.766213238    
   2.52999997      0.769897640    
   2.53999996      0.773563445    
   2.54999995      0.777214229    
   2.55999994      0.780848861    
   2.56999993      0.784469306    
   2.57999992      0.788075686    
   2.58999991      0.791667819    
   2.59999990      0.795248091    
   2.60999990      0.798815429    
   2.61999989      0.802370012    
   2.62999988      0.805913568    
   2.63999987      0.809446096    
   2.64999986      0.812967479    
   2.65999985      0.816477776    
   2.66999984      0.819979966    
   2.67999983      0.823470831    
   2.69000006      0.826953292    
   2.70000005      0.830425858    
   2.71000004      0.833890438    
   2.72000003      0.837346017    
   2.73000002      0.840794206    
   2.74000001      0.844233751    
   2.75000000      0.847665429    
   2.75999999      0.851089597    
   2.76999998      0.854506493    
   2.77999997      0.857917547    
   2.78999996      0.861320436    
   2.79999995      0.864717185    
   2.80999994      0.868108571    
   2.81999993      0.871492505    
   2.82999992      0.874870718    
   2.83999991      0.878243268    
   2.84999990      0.881610155    
   2.85999990      0.884970665    
   2.86999989      0.888326883    
   2.87999988      0.891677618    
   2.88999987      0.895022273    
   2.89999986      0.898362875    
   2.90999985      0.901698232    
   2.91999984      0.905029237    
   2.92999983      0.908355176    
   2.93999982      0.911676884    
   2.95000005      0.914994180    
   2.96000004      0.918307185    
   2.97000003      0.921616733    
   2.98000002      0.924919486    
   2.99000001      0.928221583    
   3.00000000      0.931518674    
   3.00999999      0.934812248    
   3.01999998      0.938101232    
   3.02999997      0.941387355    
   3.03999996      0.944669366    
   3.04999995      0.947948337    
   3.05999994      0.951223791    
   3.06999993      0.954495430    
   3.07999992      0.957764983    
   3.08999991      0.961030304    
   3.09999990      0.964292526    
   3.10999990      0.967551947    
   3.11999989      0.970808864    
   3.12999988      0.974062741    
   3.13999987      0.977313459    
   3.14999986      0.980545342    
   3.15999985      0.983806968    
   3.16999984      0.987049758    
   3.17999983      0.990289867    
   3.18999982      0.993526638    
   3.19999981      0.996761262    
   3.21000004      0.999994218    
   3.22000003       1.00322354    
   3.23000002       1.00645065    
   3.24000001       1.00967669    
   3.25000000       1.01289845    
   3.25999999       1.01612020    
   3.26999998       1.01933849    
   3.27999997       1.02255464    
   3.28999996       1.02576852    
   3.29999995       1.02897966    
   3.30999994       1.03218973    
   3.31999993       1.03539813    
   3.32999992       1.03860390    
   3.33999991       1.04180717    
   3.34999990       1.04500902    
   3.35999990       1.04820883    
   3.36999989       1.05140817    
   3.37999988       1.05460298    
   3.38999987       1.05779815    
   3.39999986       1.06098986    
   3.40999985       1.06418204    
   3.41999984       1.06737077    
   3.42999983       1.07055819    
   3.43999982       1.07374334    
   3.44999981       1.07692873    
   3.46000004       1.08011174    
   3.47000003       1.08329320    
   3.48000002       1.08647132    
   3.49000001       1.08964932    
   3.50000000       1.09282672    
   3.50999999       1.09600008    
