   9.99999978E-03   3.49375623E-04
   1.99999996E-02   6.35059550E-04
   2.99999993E-02   8.18849658E-04
   3.99999991E-02   1.12820801E-03
   4.99999970E-02   1.25117507E-03
   5.99999987E-02   1.31017540E-03
   7.00000003E-02   1.38708740E-03
   7.99999982E-02   1.49308844E-03
   8.99999961E-02   1.62156310E-03
   9.99999940E-02   1.76431634E-03
  0.109999999       1.91503053E-03
  0.119999997       2.06889166E-03
  0.129999995       2.22275825E-03
  0.140000001       2.37443065E-03
  0.149999991       2.52305786E-03
  0.159999996       2.66707269E-03
  0.170000002       2.80547026E-03
  0.179999992       2.93925195E-03
  0.189999998       3.06791859E-03
  0.199999988       3.19103105E-03
  0.209999993       3.30659165E-03
  0.219999999       3.42218834E-03
  0.229999989       3.53008346E-03
  0.239999995       3.63411522E-03
  0.250000000       3.73373041E-03
  0.259999990       3.82832461E-03
  0.269999981       3.92065523E-03
  0.280000001       4.01313836E-03
  0.289999992       4.10022819E-03
  0.299999982       4.18240111E-03
  0.310000002       4.26658615E-03
  0.319999993       4.35956847E-03
  0.329999983       4.48806537E-03
  0.340000004       4.54885513E-03
  0.349999994       4.62509552E-03
  0.359999985       4.71019186E-03
  0.370000005       4.81029134E-03
  0.379999995       4.94338572E-03
  0.389999986       5.16864285E-03
  0.399999976       5.45979990E-03
  0.409999996       5.47064096E-03
  0.419999987       5.55467838E-03
  0.429999977       5.66426478E-03
  0.439999998       5.79967676E-03
  0.449999988       5.97003335E-03
  0.459999979       6.19402202E-03
  0.469999999       6.51125843E-03
  0.479999989       7.01599894E-03
  0.489999980       7.99820945E-03
  0.500000000       9.33886506E-03
  0.509999990       9.01808590E-03
  0.519999981       9.06949118E-03
  0.529999971       9.20776278E-03
  0.539999962       9.40130372E-03
  0.550000012       9.64170042E-03
  0.560000002       9.92987957E-03
  0.569999993       1.02724610E-02
  0.579999983       1.06800143E-02
  0.589999974       1.11709461E-02
  0.599999964       1.17697436E-02
  0.610000014       1.25211440E-02
  0.620000005       1.34950764E-02
  0.629999995       1.48197468E-02
  0.639999986       1.67542342E-02
  0.649999976       1.99208613E-02
  0.659999967       2.61168927E-02
  0.669999957       2.92831585E-02
  0.680000007       2.83028185E-02
  0.689999998       2.80868523E-02
  0.699999988       2.81433184E-02
  0.709999979       2.83517726E-02
  0.719999969       2.86632869E-02
  0.729999959       2.90544406E-02
  0.740000010       2.95127500E-02
  0.750000000       3.00321411E-02
  0.759999990       3.06093413E-02
  0.769999981       3.12435757E-02
  0.779999971       3.19366381E-02
  0.789999962       3.26909274E-02
  0.799999952       3.35103124E-02
  0.810000002       3.44003141E-02
  0.819999993       3.53680141E-02
  0.829999983       3.64199132E-02
  0.839999974       3.75732072E-02
  0.849999964       3.88350040E-02
  0.859999955       4.02233750E-02
  0.870000005       4.17590812E-02
  0.879999995       4.34683338E-02
  0.889999986       4.53845114E-02
  0.899999976       4.75497618E-02
  0.909999967       5.00244386E-02
  0.919999957       5.28856516E-02
  0.930000007       5.62447086E-02
  0.939999998       6.02629781E-02
  0.949999988       6.51854128E-02
  0.959999979       7.14044347E-02
  0.969999969       7.95940831E-02
  0.979999959       9.10231546E-02
  0.989999950      0.108156137    
   1.00000000      0.130770221    
   1.00999999      0.133464724    
   1.01999998      0.134069607    
   1.02999997      0.134531677    
   1.03999996      0.135039926    
   1.04999995      0.135626033    
   1.05999994      0.136290967    
   1.06999993      0.137027368    
   1.07999992      0.137825713    
   1.09000003      0.138687611    
   1.10000002      0.139598042    
   1.11000001      0.140554383    
   1.12000000      0.141553506    
   1.13000000      0.142589509    
   1.13999999      0.143665299    
   1.14999998      0.144773245    
   1.15999997      0.145913050    
   1.16999996      0.147083178    
   1.17999995      0.148282111    
   1.18999994      0.149509504    
   1.19999993      0.150763825    
   1.20999992      0.152044848    
   1.22000003      0.153351888    
   1.23000002      0.154684529    
   1.24000001      0.156042740    
   1.25000000      0.157426119    
   1.25999999      0.158834442    
   1.26999998      0.160268456    
   1.27999997      0.161727577    
   1.28999996      0.163212463    
   1.29999995      0.164722964    
   1.30999994      0.166259483    
   1.31999993      0.167822421    
   1.32999992      0.169412106    
   1.33999991      0.171029374    
   1.35000002      0.172674224    
   1.36000001      0.174347699    
   1.37000000      0.176050231    
   1.38000000      0.177782238    
   1.38999999      0.179545060    
   1.39999998      0.181339189    
   1.40999997      0.183165222    
   1.41999996      0.185024321    
   1.42999995      0.186917424    
   1.43999994      0.188845605    
   1.44999993      0.190809578    
   1.45999992      0.192811221    
   1.46999991      0.194851294    
   1.48000002      0.196930811    
   1.49000001      0.199051782    
   1.50000000      0.201215252    
   1.50999999      0.203422710    
   1.51999998      0.205676436    
   1.52999997      0.207976833    
   1.53999996      0.210326746    
   1.54999995      0.212728158    
   1.55999994      0.215182796    
   1.56999993      0.217692703    
   1.57999992      0.220260173    
   1.58999991      0.222888619    
   1.59999990      0.225579396    
   1.61000001      0.228336021    
   1.62000000      0.231161252    
   1.63000000      0.234058574    
   1.63999999      0.237030372    
   1.64999998      0.240081593    
   1.65999997      0.243215591    
   1.66999996      0.246436015    
   1.67999995      0.249748170    
   1.68999994      0.253156215    
   1.69999993      0.256665289    
   1.70999992      0.260281503    
   1.71999991      0.264010012    
   1.73000002      0.267858773    
   1.74000001      0.271832407    
   1.75000000      0.275940657    
   1.75999999      0.280190438    
   1.76999998      0.284591436    
   1.77999997      0.289153278    
   1.78999996      0.293886393    
   1.79999995      0.298802435    
   1.80999994      0.303913325    
   1.81999993      0.309234142    
   1.82999992      0.314779669    
   1.83999991      0.320566982    
   1.84999990      0.326614410    
   1.86000001      0.332942188    
   1.87000000      0.339573622    
   1.88000000      0.346532732    
   1.88999999      0.353848666    
   1.89999998      0.361550778    
   1.90999997      0.369673252    
   1.91999996      0.378253222    
   1.92999995      0.387331486    
   1.93999994      0.396951824    
   1.94999993      0.407158673    
   1.95999992      0.418002248    
   1.96999991      0.429524451    
   1.97999990      0.441760987    
   1.99000001      0.454725236    
   2.00000000      0.468382657    
   2.00999999      0.482395113    
   2.01999998      0.495595157    
   2.02999997      0.507774949    
   2.03999996      0.519004703    
   2.04999995      0.529397905    
   2.05999994      0.539067566    
   2.06999993      0.548111081    
   2.07999992      0.556612790    
   2.08999991      0.564642608    
   2.09999990      0.572259665    
   2.10999990      0.579514802    
   2.11999989      0.586449564    
   2.12999988      0.593100429    
   2.13999987      0.599497378    
   2.14999986      0.605668902    
   2.15999985      0.611636460    
   2.16999984      0.617421210    
   2.18000007      0.623040557    
   2.19000006      0.628507435    
   2.20000005      0.633837819    
   2.21000004      0.639043629    
   2.22000003      0.644134223    
   2.23000002      0.649119496    
   2.24000001      0.654007673    
   2.25000000      0.658806622    
   2.25999999      0.663522243    
   2.26999998      0.668161988    
   2.27999997      0.672729790    
   2.28999996      0.677232027    
   2.29999995      0.681672513    
   2.30999994      0.686054945    
   2.31999993      0.690385580    
   2.32999992      0.694662571    
   2.33999991      0.698893666    
   2.34999990      0.703080595    
   2.35999990      0.707225144    
   2.36999989      0.711330950    
   2.37999988      0.715399146    
   2.38999987      0.719432771    
   2.39999986      0.723433852    
   2.40999985      0.727402091    
   2.41999984      0.731342435    
   2.42999983      0.735252798    
   2.44000006      0.739137471    
   2.45000005      0.742996335    
   2.46000004      0.746830463    
   2.47000003      0.750643373    
   2.48000002      0.754433513    
   2.49000001      0.758202314    
   2.50000000      0.761951327    
   2.50999999      0.765681386    
   2.51999998      0.769392967    
   2.52999997      0.773088098    
   2.53999996      0.776765108    
   2.54999995      0.780426204    
   2.55999994      0.784072876    
   2.56999993      0.787704527    
   2.57999992      0.791322410    
   2.58999991      0.794926345    
   2.59999990      0.798516929    
   2.60999990      0.802095771    
   2.61999989      0.805661500    
   2.62999988      0.809216022    
   2.63999987      0.812759519    
   2.64999986      0.816292584    
   2.65999985      0.819814682    
   2.66999984      0.823326826    
   2.67999983      0.826829255    
   2.69000006      0.830322325    
   2.70000005      0.833805680    
   2.71000004      0.837281406    
   2.72000003      0.840748310    
   2.73000002      0.844206810    
   2.74000001      0.847657561    
   2.75000000      0.851099670    
   2.75999999      0.854535222    
   2.76999998      0.857963204    
   2.77999997      0.861384630    
   2.78999996      0.864798844    
   2.79999995      0.868206322    
   2.80999994      0.871608019    
   2.81999993      0.875003099    
   2.82999992      0.878392041    
   2.83999991      0.881775677    
   2.84999990      0.885152578    
   2.85999990      0.888524711    
   2.86999989      0.891891599    
   2.87999988      0.895252407    
   2.88999987      0.898608327    
   2.89999986      0.901959538    
   2.90999985      0.905305862    
   2.91999984      0.908647776    
   2.92999983      0.911984384    
   2.93999982      0.915316582    
   2.95000005      0.918644786    
   2.96000004      0.921968699    
   2.97000003      0.925288141    
   2.98000002      0.928602755    
   2.99000001      0.931914747    
   3.00000000      0.935222745    
   3.00999999      0.938525975    
   3.01999998      0.941825926    
   3.02999997      0.945123255    
   3.03999996      0.948415518    
   3.04999995      0.951704800    
   3.05999994      0.954991043    
   3.06999993      0.958273888    
   3.07999992      0.961553991    
   3.08999991      0.964830101    
   3.09999990      0.968102932    
   3.10999990      0.971372724    
   3.11999989      0.974639893    
   3.12999988      0.977904260    
   3.13999987      0.981165946    
   3.14999986      0.984408379    
   3.15999985      0.987680495    
   3.16999984      0.990933478    
   3.17999983      0.994183719    
   3.18999982      0.997431993    
   3.19999981       1.00067699    
   3.21000004       1.00391984    
   3.22000003       1.00716031    
   3.23000002       1.01039815    
   3.24000001       1.01363456    
   3.25000000       1.01686680    
   3.25999999       1.02009857    
   3.26999998       1.02332866    
   3.27999997       1.02655363    
   3.28999996       1.02977920    
   3.29999995       1.03300178    
   3.30999994       1.03622139    
   3.31999993       1.03944063    
   3.32999992       1.04265583    
   3.33999991       1.04586995    
   3.34999990       1.04908288    
   3.35999990       1.05229366    
   3.36999989       1.05550122    
   3.37999988       1.05870867    
   3.38999987       1.06191313    
   3.39999986       1.06511629    
   3.40999985       1.06831849    
   3.41999984       1.07151723    
   3.42999983       1.07471597    
   3.43999982       1.07791185    
   3.44999981       1.08110619    
   3.46000004       1.08429873    
   3.47000003       1.08749008    
   3.48000002       1.09068096    
   3.49000001       1.09386849    
   3.50000000       1.09705508    
   3.50999999       1.10024047    
