   9.99999978E-03   3.51684139E-04
   1.99999996E-02   6.39628619E-04
   2.99999993E-02   8.21777852E-04
   3.99999991E-02   1.13756978E-03
   4.99999970E-02   1.27004762E-03
   5.99999987E-02   1.32861966E-03
   7.00000003E-02   1.40330463E-03
   7.99999982E-02   1.50554848E-03
   8.99999961E-02   1.63183187E-03
   9.99999940E-02   1.77335332E-03
  0.109999999       1.92354922E-03
  0.119999997       2.07746774E-03
  0.129999995       2.23179790E-03
  0.140000001       2.38422188E-03
  0.149999991       2.53382162E-03
  0.159999996       2.67892797E-03
  0.170000002       2.81850016E-03
  0.179999992       2.95363064E-03
  0.189999998       3.08348658E-03
  0.199999988       3.20788939E-03
  0.209999993       3.32475873E-03
  0.219999999       3.43928649E-03
  0.229999989       3.55082680E-03
  0.239999995       3.65597056E-03
  0.250000000       3.75724863E-03
  0.259999990       3.85313737E-03
  0.269999981       3.94697953E-03
  0.280000001       4.04322846E-03
  0.289999992       4.13002633E-03
  0.299999982       4.21381090E-03
  0.310000002       4.30011703E-03
  0.319999993       4.39659553E-03
  0.329999983       4.53153765E-03
  0.340000004       4.59263427E-03
  0.349999994       4.67127888E-03
  0.359999985       4.76021506E-03
  0.370000005       4.86552436E-03
  0.379999995       5.00672497E-03
  0.389999986       5.24946535E-03
  0.399999976       5.53029729E-03
  0.409999996       5.56336204E-03
  0.419999987       5.65122999E-03
  0.429999977       5.76713495E-03
  0.439999998       5.91109646E-03
  0.449999988       6.09272206E-03
  0.459999979       6.33264752E-03
  0.469999999       6.67306222E-03
  0.479999989       7.21639954E-03
  0.489999980       8.26454628E-03
  0.500000000       9.64812376E-03
  0.509999990       9.31335520E-03
  0.519999981       9.36691742E-03
  0.529999971       9.51353833E-03
  0.539999962       9.71822347E-03
  0.550000012       9.97281354E-03
  0.560000002       1.02782771E-02
  0.569999993       1.06413495E-02
  0.579999983       1.10740736E-02
  0.589999974       1.15954597E-02
  0.599999964       1.22306785E-02
  0.610000014       1.30281923E-02
  0.620000005       1.40613299E-02
  0.629999995       1.54643711E-02
  0.639999986       1.75118577E-02
  0.649999976       2.08486803E-02
  0.659999967       2.73011792E-02
  0.669999957       3.04667130E-02
  0.680000007       2.94575244E-02
  0.689999998       2.92348415E-02
  0.699999988       2.92947758E-02
  0.709999979       2.95128841E-02
  0.719999969       2.98383608E-02
  0.729999959       3.02473679E-02
  0.740000010       3.07258517E-02
  0.750000000       3.12685110E-02
  0.759999990       3.18737514E-02
  0.769999981       3.25343199E-02
  0.779999971       3.32585834E-02
  0.789999962       3.40467468E-02
  0.799999952       3.49028371E-02
  0.810000002       3.58329639E-02
  0.819999993       3.68440151E-02
  0.829999983       3.79430763E-02
  0.839999974       3.91477980E-02
  0.849999964       4.04656604E-02
  0.859999955       4.19154949E-02
  0.870000005       4.35188264E-02
  0.879999995       4.53028120E-02
  0.889999986       4.73021157E-02
  0.899999976       4.95605245E-02
  0.909999967       5.21400832E-02
  0.919999957       5.51208891E-02
  0.930000007       5.86175732E-02
  0.939999998       6.27962351E-02
  0.949999988       6.79082200E-02
  0.959999979       7.43545219E-02
  0.969999969       8.28232616E-02
  0.979999959       9.45802778E-02
  0.989999950      0.112061195    
   1.00000000      0.134724751    
   1.00999999      0.137504950    
   1.01999998      0.138162345    
   1.02999997      0.138661772    
   1.03999996      0.139201537    
   1.04999995      0.139816821    
   1.05999994      0.140509740    
   1.06999993      0.141274452    
   1.07999992      0.142104596    
   1.09000003      0.142992184    
   1.10000002      0.143932223    
   1.11000001      0.144918978    
   1.12000000      0.145949155    
   1.13000000      0.147016868    
   1.13999999      0.148125201    
   1.14999998      0.149266303    
   1.15999997      0.150439888    
   1.16999996      0.151644662    
   1.17999995      0.152878657    
   1.18999994      0.154141933    
   1.19999993      0.155432910    
   1.20999992      0.156751037    
   1.22000003      0.158095703    
   1.23000002      0.159466952    
   1.24000001      0.160864130    
   1.25000000      0.162287310    
   1.25999999      0.163735926    
   1.26999998      0.165211037    
   1.27999997      0.166711643    
   1.28999996      0.168238878    
   1.29999995      0.169792250    
   1.30999994      0.171372324    
   1.31999993      0.172979593    
   1.32999992      0.174613833    
   1.33999991      0.176277041    
   1.35000002      0.177968159    
   1.36000001      0.179688826    
   1.37000000      0.181438923    
   1.38000000      0.183219597    
   1.38999999      0.185031593    
   1.39999998      0.186875388    
   1.40999997      0.188752189    
   1.41999996      0.190662831    
   1.42999995      0.192608491    
   1.43999994      0.194589764    
   1.44999993      0.196607962    
   1.45999992      0.198664412    
   1.46999991      0.200760230    
   1.48000002      0.202896461    
   1.49000001      0.205074921    
   1.50000000      0.207297102    
   1.50999999      0.209564149    
   1.51999998      0.211878166    
   1.52999997      0.214240283    
   1.53999996      0.216653168    
   1.54999995      0.219118208    
   1.55999994      0.221637785    
   1.56999993      0.224213734    
   1.57999992      0.226848513    
   1.58999991      0.229545385    
   1.59999990      0.232306197    
   1.61000001      0.235133797    
   1.62000000      0.238031536    
   1.63000000      0.241002455    
   1.63999999      0.244049489    
   1.64999998      0.247177884    
   1.65999997      0.250389665    
   1.66999996      0.253690034    
   1.67999995      0.257083595    
   1.68999994      0.260574579    
   1.69999993      0.264168739    
   1.70999992      0.267871082    
   1.71999991      0.271687925    
   1.73000002      0.275626838    
   1.74000001      0.279692441    
   1.75000000      0.283894420    
   1.75999999      0.288240224    
   1.76999998      0.292739004    
   1.77999997      0.297400892    
   1.78999996      0.302235574    
   1.79999995      0.307255924    
   1.80999994      0.312472850    
   1.81999993      0.317901880    
   1.82999992      0.323557109    
   1.83999991      0.329456151    
   1.84999990      0.335617632    
   1.86000001      0.342060655    
   1.87000000      0.348808914    
   1.88000000      0.355885684    
   1.88999999      0.363320231    
   1.89999998      0.371141225    
   1.90999997      0.379382014    
   1.91999996      0.388078570    
   1.92999995      0.397270918    
   1.93999994      0.407001257    
   1.94999993      0.417312384    
   1.95999992      0.428251833    
   1.96999991      0.439858496    
   1.97999990      0.452164501    
   1.99000001      0.465178549    
   2.00000000      0.478863388    
   2.00999999      0.492875665    
   2.01999998      0.506075978    
   2.02999997      0.518265486    
   2.03999996      0.529513001    
   2.04999995      0.539933264    
   2.05999994      0.549630821    
   2.06999993      0.558715940    
   2.07999992      0.567258537    
   2.08999991      0.575331032    
   2.09999990      0.582994342    
   2.10999990      0.590296626    
   2.11999989      0.597278416    
   2.12999988      0.603978872    
   2.13999987      0.610426068    
   2.14999986      0.616647184    
   2.15999985      0.622665048    
   2.16999984      0.628500938    
   2.18000007      0.634169638    
   2.19000006      0.639687717    
   2.20000005      0.645069361    
   2.21000004      0.650325716    
   2.22000003      0.655466497    
   2.23000002      0.660502374    
   2.24000001      0.665440440    
   2.25000000      0.670288563    
   2.25999999      0.675054252    
   2.26999998      0.679743171    
   2.27999997      0.684360981    
   2.28999996      0.688912153    
   2.29999995      0.693400919    
   2.30999994      0.697832584    
   2.31999993      0.702212155    
   2.32999992      0.706536412    
   2.33999991      0.710815370    
   2.34999990      0.715050697    
   2.35999990      0.719243705    
   2.36999989      0.723396003    
   2.37999988      0.727511883    
   2.38999987      0.731592774    
   2.39999986      0.735640526    
   2.40999985      0.739656448    
   2.41999984      0.743642628    
   2.42999983      0.747600019    
   2.44000006      0.751531184    
   2.45000005      0.755436122    
   2.46000004      0.759317219    
   2.47000003      0.763174832    
   2.48000002      0.767011344    
   2.49000001      0.770826459    
   2.50000000      0.774621308    
   2.50999999      0.778396785    
   2.51999998      0.782152951    
   2.52999997      0.785893381    
   2.53999996      0.789615989    
   2.54999995      0.793323100    
   2.55999994      0.797014117    
   2.56999993      0.800691068    
   2.57999992      0.804352701    
   2.58999991      0.808000982    
   2.59999990      0.811637044    
   2.60999990      0.815260231    
   2.61999989      0.818870962    
   2.62999988      0.822469711    
   2.63999987      0.826057374    
   2.64999986      0.829634309    
   2.65999985      0.833199978    
   2.66999984      0.836756885    
   2.67999983      0.840303481    
   2.69000006      0.843839586    
   2.70000005      0.847368121    
   2.71000004      0.850887299    
   2.72000003      0.854397535    
   2.73000002      0.857899964    
   2.74000001      0.861393988    
   2.75000000      0.864880204    
   2.75999999      0.868359387    
   2.76999998      0.871830940    
   2.77999997      0.875295401    
   2.78999996      0.878753543    
   2.79999995      0.882204473    
   2.80999994      0.885649502    
   2.81999993      0.889087021    
   2.82999992      0.892519653    
   2.83999991      0.895945489    
   2.84999990      0.899366796    
   2.85999990      0.902781904    
   2.86999989      0.906190395    
   2.87999988      0.909594655    
   2.88999987      0.912994146    
   2.89999986      0.916388154    
   2.90999985      0.919777334    
   2.91999984      0.923161387    
   2.92999983      0.926541328    
   2.93999982      0.929916084    
   2.95000005      0.933287323    
   2.96000004      0.936653674    
   2.97000003      0.940015197    
   2.98000002      0.943372965    
   2.99000001      0.946727574    
   3.00000000      0.950078189    
   3.00999999      0.953424633    
   3.01999998      0.956766307    
   3.02999997      0.960105538    
   3.03999996      0.963440955    
   3.04999995      0.966772139    
   3.05999994      0.970101774    
   3.06999993      0.973426700    
   3.07999992      0.976748109    
   3.08999991      0.980067015    
   3.09999990      0.983382046    
   3.10999990      0.986695111    
   3.11999989      0.990003943    
   3.12999988      0.993310452    
   3.13999987      0.996614933    
   3.14999986      0.999915063    
   3.15999985       1.00321245    
   3.16999984       1.00650859    
   3.17999983       1.00980103    
   3.18999982       1.01309204    
   3.19999981       1.01637816    
   3.21000004       1.01966262    
   3.22000003       1.02294636    
   3.23000002       1.02622485    
   3.24000001       1.02950251    
   3.25000000       1.03277934    
   3.25999999       1.03605175    
   3.26999998       1.03932202    
   3.27999997       1.04259145    
   3.28999996       1.04585743    
   3.29999995       1.04912090    
   3.30999994       1.05238390    
   3.31999993       1.05564308    
   3.32999992       1.05890274    
   3.33999991       1.06215847    
   3.34999990       1.06541216    
   3.35999990       1.06866419    
   3.36999989       1.07191622    
   3.37999988       1.07516348    
   3.38999987       1.07841098    
   3.39999986       1.08165336    
   3.40999985       1.08489776    
   3.41999984       1.08813977    
   3.42999983       1.09137928    
   3.43999982       1.09461737    
   3.44999981       1.09785354    
   3.46000004       1.10108757    
   3.47000003       1.10432172    
   3.48000002       1.10755324    
   3.49000001       1.11078274    
   3.50000000       1.11401093    
   3.50999999       1.11723661    
