   9.99999978E-03   3.52189178E-04
   1.99999996E-02   6.40723971E-04
   2.99999993E-02   8.22545786E-04
   3.99999991E-02   1.13852532E-03
   4.99999970E-02   1.27477001E-03
   5.99999987E-02   1.33330992E-03
   7.00000003E-02   1.40795950E-03
   7.99999982E-02   1.50869589E-03
   8.99999961E-02   1.63442758E-03
   9.99999940E-02   1.77562225E-03
  0.109999999       1.92567357E-03
  0.119999997       2.07960978E-03
  0.129999995       2.23396579E-03
  0.140000001       2.38663168E-03
  0.149999991       2.53646378E-03
  0.159999996       2.68183858E-03
  0.170000002       2.82170274E-03
  0.179999992       2.95714242E-03
  0.189999998       3.08731524E-03
  0.199999988       3.21203144E-03
  0.209999993       3.32855852E-03
  0.219999999       3.44409095E-03
  0.229999989       3.55594489E-03
  0.239999995       3.66142718E-03
  0.250000000       3.76305054E-03
  0.259999990       3.85926920E-03
  0.269999981       3.95348482E-03
  0.280000001       4.05072607E-03
  0.289999992       4.13744198E-03
  0.299999982       4.22120374E-03
  0.310000002       4.30850266E-03
  0.319999993       4.40591667E-03
  0.329999983       4.54252260E-03
  0.340000004       4.60365694E-03
  0.349999994       4.68292227E-03
  0.359999985       4.77278698E-03
  0.370000005       4.87947324E-03
  0.379999995       5.02292532E-03
  0.389999986       5.27004478E-03
  0.399999976       5.57680242E-03
  0.409999996       5.58700599E-03
  0.419999987       5.67593798E-03
  0.429999977       5.79347322E-03
  0.439999998       5.93920331E-03
  0.449999988       6.12422824E-03
  0.459999979       6.36826875E-03
  0.469999999       6.71472633E-03
  0.479999989       7.26640411E-03
  0.489999980       8.33318289E-03
  0.500000000       9.72745102E-03
  0.509999990       9.38913785E-03
  0.519999981       9.44337808E-03
  0.529999971       9.59201064E-03
  0.539999962       9.79958102E-03
  0.550000012       1.00578358E-02
  0.560000002       1.03677502E-02
  0.569999993       1.07361730E-02
  0.579999983       1.11753121E-02
  0.589999974       1.17038991E-02
  0.599999964       1.23491297E-02
  0.610000014       1.31584425E-02
  0.620000005       1.42068611E-02
  0.629999995       1.56302489E-02
  0.639999986       1.77064762E-02
  0.649999976       2.10867189E-02
  0.659999967       2.76038498E-02
  0.669999957       3.07686701E-02
  0.680000007       2.97522023E-02
  0.689999998       2.95278169E-02
  0.699999988       2.95886435E-02
  0.709999979       2.98091918E-02
  0.719999969       3.01382635E-02
  0.729999959       3.05517241E-02
  0.740000010       3.10354587E-02
  0.750000000       3.15840319E-02
  0.759999990       3.21937688E-02
  0.769999981       3.28637399E-02
  0.779999971       3.35959382E-02
  0.789999962       3.43927331E-02
  0.799999952       3.52581851E-02
  0.810000002       3.61985117E-02
  0.819999993       3.72206047E-02
  0.829999983       3.83317135E-02
  0.839999974       3.95494588E-02
  0.849999964       4.08816598E-02
  0.859999955       4.23470773E-02
  0.870000005       4.39676531E-02
  0.879999995       4.57706489E-02
  0.889999986       4.77910787E-02
  0.899999976       5.00731356E-02
  0.909999967       5.26794121E-02
  0.919999957       5.56905419E-02
  0.930000007       5.92221394E-02
  0.939999998       6.34414703E-02
  0.949999988       6.86013252E-02
  0.959999979       7.51049593E-02
  0.969999969       8.36430490E-02
  0.979999959       9.54830348E-02
  0.989999950      0.113049902    
   1.00000000      0.135724649    
   1.00999999      0.138527125    
   1.01999998      0.139197037    
   1.02999997      0.139706075    
   1.03999996      0.140253782    
   1.04999995      0.140876412    
   1.05999994      0.141576543    
   1.06999993      0.142348319    
   1.07999992      0.143185645    
   1.09000003      0.144080773    
   1.10000002      0.145028368    
   1.11000001      0.146022841    
   1.12000000      0.147060707    
   1.13000000      0.148136601    
   1.13999999      0.149253175    
   1.14999998      0.150402516    
   1.15999997      0.151584730    
   1.16999996      0.152798235    
   1.17999995      0.154041111    
   1.18999994      0.155313268    
   1.19999993      0.156613454    
   1.20999992      0.157941118    
   1.22000003      0.159295365    
   1.23000002      0.160676211    
   1.24000001      0.162083372    
   1.25000000      0.163516402    
   1.25999999      0.164975435    
   1.26999998      0.166460574    
   1.27999997      0.167971745    
   1.28999996      0.169509411    
   1.29999995      0.171074018    
   1.30999994      0.172665060    
   1.31999993      0.174283415    
   1.32999992      0.175929189    
   1.33999991      0.177603662    
   1.35000002      0.179306641    
   1.36000001      0.181038961    
   1.37000000      0.182801217    
   1.38000000      0.184594125    
   1.38999999      0.186418489    
   1.39999998      0.188274920    
   1.40999997      0.190164492    
   1.41999996      0.192088172    
   1.42999995      0.194046870    
   1.43999994      0.196041659    
   1.44999993      0.198073268    
   1.45999992      0.200143710    
   1.46999991      0.202253386    
   1.48000002      0.204404056    
   1.49000001      0.206597030    
   1.50000000      0.208833873    
   1.50999999      0.211115986    
   1.51999998      0.213445380    
   1.52999997      0.215822980    
   1.53999996      0.218251422    
   1.54999995      0.220732689    
   1.55999994      0.223268509    
   1.56999993      0.225861207    
   1.57999992      0.228512809    
   1.58999991      0.231227010    
   1.59999990      0.234005228    
   1.61000001      0.236850858    
   1.62000000      0.239766717    
   1.63000000      0.242756248    
   1.63999999      0.245822042    
   1.64999998      0.248969764    
   1.65999997      0.252201349    
   1.66999996      0.255521625    
   1.67999995      0.258935750    
   1.68999994      0.262447178    
   1.69999993      0.266062617    
   1.70999992      0.269786865    
   1.71999991      0.273626059    
   1.73000002      0.277587712    
   1.74000001      0.281675875    
   1.75000000      0.285901755    
   1.75999999      0.290271670    
   1.76999998      0.294794798    
   1.77999997      0.299481601    
   1.78999996      0.304342031    
   1.79999995      0.309387922    
   1.80999994      0.314631701    
   1.81999993      0.320065618    
   1.82999992      0.325770617    
   1.83999991      0.331697643    
   1.84999990      0.337887496    
   1.86000001      0.344359159    
   1.87000000      0.351136416    
   1.88000000      0.358242899    
   1.88999999      0.365706623    
   1.89999998      0.373557031    
   1.90999997      0.381826967    
   1.91999996      0.390552998    
   1.92999995      0.399773628    
   1.93999994      0.409530669    
   1.94999993      0.419867635    
   1.95999992      0.430831075    
   1.96999991      0.442458242    
   1.97999990      0.454781055    
   1.99000001      0.467807859    
   2.00000000      0.481499016    
   2.00999999      0.495510876    
   2.01999998      0.508710742    
   2.02999997      0.520902753    
   2.03999996      0.532155037    
   2.04999995      0.542581260    
   2.05999994      0.552289248    
   2.06999993      0.561381102    
   2.07999992      0.569934011    
   2.08999991      0.578017354    
   2.09999990      0.585691571    
   2.10999990      0.593005240    
   2.11999989      0.599999368    
   2.12999988      0.606712282    
   2.13999987      0.613171816    
   2.14999986      0.619405150    
   2.15999985      0.625436187    
   2.16999984      0.631283104    
   2.18000007      0.636965394    
   2.19000006      0.642496526    
   2.20000005      0.647890091    
   2.21000004      0.653158188    
   2.22000003      0.658311963    
   2.23000002      0.663359642    
   2.24000001      0.668311059    
   2.25000000      0.673171520    
   2.25999999      0.677949667    
   2.26999998      0.682650805    
   2.27999997      0.687280059    
   2.28999996      0.691843748    
   2.29999995      0.696345091    
   2.30999994      0.700789392    
   2.31999993      0.705180287    
   2.32999992      0.709516764    
   2.33999991      0.713808060    
   2.34999990      0.718054652    
   2.35999990      0.722259402    
   2.36999989      0.726423979    
   2.37999988      0.730552077    
   2.38999987      0.734644473    
   2.39999986      0.738703310    
   2.40999985      0.742730796    
   2.41999984      0.746728659    
   2.42999983      0.750698149    
   2.44000006      0.754641294    
   2.45000005      0.758557558    
   2.46000004      0.762450039    
   2.47000003      0.766319811    
   2.48000002      0.770167053    
   2.49000001      0.773992836    
   2.50000000      0.777799845    
   2.50999999      0.781586528    
   2.51999998      0.785353363    
   2.52999997      0.789105713    
   2.53999996      0.792839468    
   2.54999995      0.796557605    
   2.55999994      0.800261080    
   2.56999993      0.803948104    
   2.57999992      0.807621956    
   2.58999991      0.811281562    
   2.59999990      0.814928174    
   2.60999990      0.818562031    
   2.61999989      0.822184026    
   2.62999988      0.825794160    
   2.63999987      0.829392672    
   2.64999986      0.832980394    
   2.65999985      0.836557567    
   2.66999984      0.840124667    
   2.67999983      0.843682528    
   2.69000006      0.847230136    
   2.70000005      0.850768626    
   2.71000004      0.854299068    
   2.72000003      0.857821226    
   2.73000002      0.861333430    
   2.74000001      0.864838779    
   2.75000000      0.868335545    
   2.75999999      0.871825755    
   2.76999998      0.875308454    
   2.77999997      0.878783941    
   2.78999996      0.882251918    
   2.79999995      0.885713995    
   2.80999994      0.889169693    
   2.81999993      0.892618477    
   2.82999992      0.896061301    
   2.83999991      0.899498761    
   2.84999990      0.902930021    
   2.85999990      0.906355977    
   2.86999989      0.909775972    
   2.87999988      0.913190961    
   2.88999987      0.916601002    
   2.89999986      0.920004964    
   2.90999985      0.923405170    
   2.91999984      0.926799595    
   2.92999983      0.930190206    
   2.93999982      0.933576107    
   2.95000005      0.936957836    
   2.96000004      0.940335095    
   2.97000003      0.943707347    
   2.98000002      0.947074771    
   2.99000001      0.950440705    
   3.00000000      0.953801751    
   3.00999999      0.957158864    
   3.01999998      0.960511982    
   3.02999997      0.963861406    
   3.03999996      0.967206657    
   3.04999995      0.970549822    
   3.05999994      0.973888874    
   3.06999993      0.977224410    
   3.07999992      0.980556369    
   3.08999991      0.983885944    
   3.09999990      0.987211347    
   3.10999990      0.990534961    
   3.11999989      0.993854165    
   3.12999988      0.997171700    
   3.13999987       1.00048614    
   3.14999986       1.00379646    
   3.15999985       1.00710618    
   3.16999984       1.01041114    
   3.17999983       1.01371479    
   3.18999982       1.01701510    
   3.19999981       1.02031398    
   3.21000004       1.02360868    
   3.22000003       1.02690196    
   3.23000002       1.03019273    
   3.24000001       1.03348064    
   3.25000000       1.03676617    
   3.25999999       1.04004920    
   3.26999998       1.04333067    
   3.27999997       1.04661083    
   3.28999996       1.04988658    
   3.29999995       1.05316138    
   3.30999994       1.05643415    
   3.31999993       1.05970490    
   3.32999992       1.06297290    
   3.33999991       1.06623995    
   3.34999990       1.06950450    
   3.35999990       1.07276773    
   3.36999989       1.07602787    
   3.37999988       1.07928646    
   3.38999987       1.08254433    
   3.39999986       1.08579814    
   3.40999985       1.08905256    
   3.41999984       1.09230435    
   3.42999983       1.09555423    
   3.43999982       1.09880221    
   3.44999981       1.10204875    
   3.46000004       1.10529423    
   3.47000003       1.10853887    
   3.48000002       1.11177981    
   3.49000001       1.11501980    
   3.50000000       1.11825895    
   3.50999999       1.12149572    
