   9.99999978E-03   3.53992276E-04
   1.99999996E-02   6.45813008E-04
   2.99999993E-02   8.28063872E-04
   3.99999991E-02   1.15211657E-03
   4.99999970E-02   1.30281562E-03
   5.99999987E-02   1.36184506E-03
   7.00000003E-02   1.43034302E-03
   7.99999982E-02   1.52800546E-03
   8.99999961E-02   1.65029662E-03
   9.99999940E-02   1.78939244E-03
  0.109999999       1.93842570E-03
  0.119999997       2.09235144E-03
  0.129999995       2.24716938E-03
  0.140000001       2.40079756E-03
  0.149999991       2.55197426E-03
  0.159999996       2.69900728E-03
  0.170000002       2.84045632E-03
  0.179999992       2.97770929E-03
  0.189999998       3.10975243E-03
  0.199999988       3.23637435E-03
  0.209999993       3.35727213E-03
  0.219999999       3.47233866E-03
  0.229999989       3.58377909E-03
  0.239999995       3.69374501E-03
  0.250000000       3.79745662E-03
  0.259999990       3.89555399E-03
  0.269999981       3.99230141E-03
  0.280000001       4.09308914E-03
  0.289999992       4.18166304E-03
  0.299999982       4.26792214E-03
  0.310000002       4.35899198E-03
  0.319999993       4.46205074E-03
  0.329999983       4.60930355E-03
  0.340000004       4.67059063E-03
  0.349999994       4.75362409E-03
  0.359999985       4.84960806E-03
  0.370000005       4.96501336E-03
  0.379999995       5.12300991E-03
  0.389999986       5.39794099E-03
  0.399999976       5.72466990E-03
  0.409999996       5.73363900E-03
  0.419999987       5.82986698E-03
  0.429999977       5.95712056E-03
  0.439999998       6.12308830E-03
  0.449999988       6.32081227E-03
  0.459999979       6.59091119E-03
  0.469999999       6.97553298E-03
  0.479999989       7.58840563E-03
  0.489999980       8.76360293E-03
  0.500000000       1.02215009E-02
  0.509999990       9.86154936E-03
  0.519999981       9.92016587E-03
  0.529999971       1.00813909E-02
  0.539999962       1.03070755E-02
  0.550000012       1.05881672E-02
  0.560000002       1.09261991E-02
  0.569999993       1.13279643E-02
  0.579999983       1.18038487E-02
  0.589999974       1.23843160E-02
  0.599999964       1.30888605E-02
  0.610000014       1.39722750E-02
  0.620000005       1.51158078E-02
  0.629999995       1.66663416E-02
  0.639999986       1.89209953E-02
  0.649999976       2.25697085E-02
  0.659999967       2.94786412E-02
  0.669999957       3.26341651E-02
  0.680000007       3.15734744E-02
  0.689999998       3.13393474E-02
  0.699999988       3.14059556E-02
  0.709999979       3.16418037E-02
  0.719999969       3.19929980E-02
  0.729999959       3.24340463E-02
  0.740000010       3.29500660E-02
  0.750000000       3.35353129E-02
  0.759999990       3.41856629E-02
  0.769999981       3.49006131E-02
  0.779999971       3.56816836E-02
  0.789999962       3.65319178E-02
  0.799999952       3.74552645E-02
  0.810000002       3.84583846E-02
  0.819999993       3.95486727E-02
  0.829999983       4.07337174E-02
  0.839999974       4.20321599E-02
  0.849999964       4.34523597E-02
  0.859999955       4.50141281E-02
  0.870000005       4.67407070E-02
  0.879999995       4.86606471E-02
  0.889999986       5.08111045E-02
  0.899999976       5.32384999E-02
  0.909999967       5.60086221E-02
  0.919999957       5.92059642E-02
  0.930000007       6.29514381E-02
  0.939999998       6.74193278E-02
  0.949999988       7.28718191E-02
  0.959999979       7.97246024E-02
  0.969999969       8.86828378E-02
  0.979999959      0.101020940    
  0.989999950      0.119096175    
   1.00000000      0.141827285    
   1.00999999      0.144758955    
   1.01999998      0.145510599    
   1.02999997      0.146078184    
   1.03999996      0.146675706    
   1.04999995      0.147343785    
   1.05999994      0.148088366    
   1.06999993      0.148904204    
   1.07999992      0.149785846    
   1.09000003      0.150726005    
   1.10000002      0.151719436    
   1.11000001      0.152761012    
   1.12000000      0.153846860    
   1.13000000      0.154973835    
   1.13999999      0.156138465    
   1.14999998      0.157338977    
   1.15999997      0.158573419    
   1.16999996      0.159839973    
   1.17999995      0.161137164    
   1.18999994      0.162464485    
   1.19999993      0.163820937    
   1.20999992      0.165205464    
   1.22000003      0.166617945    
   1.23000002      0.168057978    
   1.24000001      0.169525042    
   1.25000000      0.171019107    
   1.25999999      0.172540009    
   1.26999998      0.174088344    
   1.27999997      0.175663218    
   1.28999996      0.177265942    
   1.29999995      0.178896055    
   1.30999994      0.180553988    
   1.31999993      0.182240367    
   1.32999992      0.183955744    
   1.33999991      0.185699508    
   1.35000002      0.187473342    
   1.36000001      0.189277679    
   1.37000000      0.191113040    
   1.38000000      0.192980111    
   1.38999999      0.194879979    
   1.39999998      0.196812987    
   1.40999997      0.198780343    
   1.41999996      0.200782880    
   1.42999995      0.202821642    
   1.43999994      0.204897761    
   1.44999993      0.207012013    
   1.45999992      0.209166333    
   1.46999991      0.211361557    
   1.48000002      0.213598818    
   1.49000001      0.215880036    
   1.50000000      0.218206242    
   1.50999999      0.220579430    
   1.51999998      0.223000109    
   1.52999997      0.225472972    
   1.53999996      0.227997169    
   1.54999995      0.230575621    
   1.55999994      0.233210623    
   1.56999993      0.235904336    
   1.57999992      0.238658339    
   1.58999991      0.241476893    
   1.59999990      0.244361475    
   1.61000001      0.247315213    
   1.62000000      0.250341415    
   1.63000000      0.253443271    
   1.63999999      0.256623745    
   1.64999998      0.259887844    
   1.65999997      0.263238370    
   1.66999996      0.266679823    
   1.67999995      0.270217299    
   1.68999994      0.273855299    
   1.69999993      0.277599037    
   1.70999992      0.281454176    
   1.71999991      0.285427004    
   1.73000002      0.289525300    
   1.74000001      0.293752521    
   1.75000000      0.298120260    
   1.75999999      0.302634865    
   1.76999998      0.307305753    
   1.77999997      0.312143028    
   1.78999996      0.317156941    
   1.79999995      0.322359353    
   1.80999994      0.327762365    
   1.81999993      0.333380491    
   1.82999992      0.339228421    
   1.83999991      0.345323026    
   1.84999990      0.351683080    
   1.86000001      0.358326882    
   1.87000000      0.365278035    
   1.88000000      0.372560203    
   1.88999999      0.380199760    
   1.89999998      0.388225853    
   1.90999997      0.396670222    
   1.91999996      0.405568331    
   1.92999995      0.414956808    
   1.93999994      0.424875379    
   1.94999993      0.435364157    
   1.95999992      0.446465790    
   1.96999991      0.458214849    
   1.97999990      0.470637053    
   1.99000001      0.483734787    
   2.00000000      0.497463435    
   2.00999999      0.511469841    
   2.01999998      0.524672151    
   2.02999997      0.536875844    
   2.03999996      0.548154473    
   2.04999995      0.558617890    
   2.05999994      0.568374515    
   2.06999993      0.577517629    
   2.07999992      0.586128533    
   2.08999991      0.594275475    
   2.09999990      0.602015316    
   2.10999990      0.609398067    
   2.11999989      0.616462469    
   2.12999988      0.623246491    
   2.13999987      0.629778445    
   2.14999986      0.636085927    
   2.15999985      0.642190218    
   2.16999984      0.648112655    
   2.18000007      0.653868675    
   2.19000006      0.659473717    
   2.20000005      0.664942265    
   2.21000004      0.670285702    
   2.22000003      0.675513268    
   2.23000002      0.680638015    
   2.24000001      0.685660303    
   2.25000000      0.690595090    
   2.25999999      0.695445836    
   2.26999998      0.700220883    
   2.27999997      0.704923868    
   2.28999996      0.709559798    
   2.29999995      0.714133680    
   2.30999994      0.718649626    
   2.31999993      0.723113358    
   2.32999992      0.727521658    
   2.33999991      0.731884658    
   2.34999990      0.736201763    
   2.35999990      0.740477622    
   2.36999989      0.744713485    
   2.37999988      0.748910964    
   2.38999987      0.753074348    
   2.39999986      0.757202983    
   2.40999985      0.761300385    
   2.41999984      0.765367568    
   2.42999983      0.769406617    
   2.44000006      0.773417771    
   2.45000005      0.777403653    
   2.46000004      0.781365335    
   2.47000003      0.785303295    
   2.48000002      0.789218724    
   2.49000001      0.793113172    
   2.50000000      0.796987534    
   2.50999999      0.800842702    
   2.51999998      0.804678142    
   2.52999997      0.808497488    
   2.53999996      0.812299371    
   2.54999995      0.816084027    
   2.55999994      0.819853425    
   2.56999993      0.823608994    
   2.57999992      0.827348888    
   2.58999991      0.831075191    
   2.59999990      0.834789753    
   2.60999990      0.838489532    
   2.61999989      0.842177570    
   2.62999988      0.845854044    
   2.63999987      0.849518359    
   2.64999986      0.853173375    
   2.65999985      0.856815994    
   2.66999984      0.860449314    
   2.67999983      0.864072382    
   2.69000006      0.867686093    
   2.70000005      0.871290624    
   2.71000004      0.874885738    
   2.72000003      0.878472447    
   2.73000002      0.882051051    
   2.74000001      0.885621548    
   2.75000000      0.889183640    
   2.75999999      0.892739117    
   2.76999998      0.896285594    
   2.77999997      0.899826229    
   2.78999996      0.903359890    
   2.79999995      0.906886220    
   2.80999994      0.910406470    
   2.81999993      0.913920224    
   2.82999992      0.917428136    
   2.83999991      0.920929849    
   2.84999990      0.924426138    
   2.85999990      0.927914858    
   2.86999989      0.931399167    
   2.87999988      0.934879005    
   2.88999987      0.938353181    
   2.89999986      0.941822052    
   2.90999985      0.945285618    
   2.91999984      0.948744893    
   2.92999983      0.952199340    
   2.93999982      0.955648541    
   2.95000005      0.959094703    
   2.96000004      0.962535381    
   2.97000003      0.965972006    
   2.98000002      0.969403327    
   2.99000001      0.972832859    
   3.00000000      0.976257861    
   3.00999999      0.979677618    
   3.01999998      0.983095288    
   3.02999997      0.986508310    
   3.03999996      0.989917457    
   3.04999995      0.993323326    
   3.05999994      0.996725976    
   3.06999993       1.00012505    
   3.07999992       1.00352097    
   3.08999991       1.00691342    
   3.09999990       1.01030266    
   3.10999990       1.01368988    
   3.11999989       1.01707149    
   3.12999988       1.02045202    
   3.13999987       1.02382898    
   3.14999986       1.02720392    
   3.15999985       1.03057504    
   3.16999984       1.03394520    
   3.17999983       1.03731072    
   3.18999982       1.04067516    
   3.19999981       1.04403496    
   3.21000004       1.04739225    
   3.22000003       1.05074978    
   3.23000002       1.05410206    
   3.24000001       1.05745339    
   3.25000000       1.06080258    
   3.25999999       1.06414914    
   3.26999998       1.06749237    
   3.27999997       1.07083499    
   3.28999996       1.07417405    
   3.29999995       1.07751179    
   3.30999994       1.08084691    
   3.31999993       1.08418024    
   3.32999992       1.08751142    
   3.33999991       1.09084165    
   3.34999990       1.09416902    
   3.35999990       1.09749401    
   3.36999989       1.10081732    
   3.37999988       1.10413814    
   3.38999987       1.10745740    
   3.39999986       1.11077356    
   3.40999985       1.11409068    
   3.41999984       1.11740482    
   3.42999983       1.12071836    
   3.43999982       1.12402797    
   3.44999981       1.12733805    
   3.46000004       1.13064599    
   3.47000003       1.13395143    
   3.48000002       1.13725579    
   3.49000001       1.14055824    
   3.50000000       1.14386010    
   3.50999999       1.14715934    
