   9.99999978E-03   3.54807853E-04
   1.99999996E-02   6.48008718E-04
   2.99999993E-02   8.35901708E-04
   3.99999991E-02   1.16386090E-03
   4.99999970E-02   1.33490260E-03
   5.99999987E-02   1.39593007E-03
   7.00000003E-02   1.45944010E-03
   7.99999982E-02   1.55148562E-03
   8.99999961E-02   1.66944053E-03
   9.99999940E-02   1.80572772E-03
  0.109999999       1.95329892E-03
  0.119999997       2.10682815E-03
  0.129999995       2.26205541E-03
  0.140000001       2.41662306E-03
  0.149999991       2.56928592E-03
  0.159999996       2.71802326E-03
  0.170000002       2.86135147E-03
  0.179999992       3.00066150E-03
  0.189999998       3.13459779E-03
  0.199999988       3.26362741E-03
  0.209999993       3.38741485E-03
  0.219999999       3.50649329E-03
  0.229999989       3.61776445E-03
  0.239999995       3.72785097E-03
  0.250000000       3.83651187E-03
  0.259999990       3.93691892E-03
  0.269999981       4.03657742E-03
  0.280000001       4.14187694E-03
  0.289999992       4.23279125E-03
  0.299999982       4.32214933E-03
  0.310000002       4.41790186E-03
  0.319999993       4.52901749E-03
  0.329999983       4.68946714E-03
  0.340000004       4.75078821E-03
  0.349999994       4.83895186E-03
  0.359999985       4.94253822E-03
  0.370000005       5.06948493E-03
  0.379999995       5.24664903E-03
  0.389999986       5.55705652E-03
  0.399999976       5.90798445E-03
  0.409999996       5.91579033E-03
  0.419999987       6.02066517E-03
  0.429999977       6.16115564E-03
  0.439999998       6.33940520E-03
  0.449999988       6.56725839E-03
  0.459999979       6.87113032E-03
  0.469999999       7.30518997E-03
  0.479999989       7.99615961E-03
  0.489999980       9.30785760E-03
  0.500000000       1.08385812E-02
  0.509999990       1.04528172E-02
  0.519999981       1.05168987E-02
  0.529999971       1.06940903E-02
  0.539999962       1.09427590E-02
  0.550000012       1.12527385E-02
  0.560000002       1.16257342E-02
  0.569999993       1.20698325E-02
  0.579999983       1.25997020E-02
  0.589999974       1.32378014E-02
  0.599999964       1.40170362E-02
  0.610000014       1.49935493E-02
  0.620000005       1.62563771E-02
  0.629999995       1.79662984E-02
  0.639999986       2.04422921E-02
  0.649999976       2.44205687E-02
  0.659999967       3.17946486E-02
  0.669999957       3.49282995E-02
  0.680000007       3.38158682E-02
  0.689999998       3.35707925E-02
  0.699999988       3.36448401E-02
  0.709999979       3.38996500E-02
  0.719999969       3.42781320E-02
  0.729999959       3.47528681E-02
  0.740000010       3.53089273E-02
  0.750000000       3.59391384E-02
  0.759999990       3.66396345E-02
  0.769999981       3.74094956E-02
  0.779999971       3.82507108E-02
  0.789999962       3.91662233E-02
  0.799999952       4.01606373E-02
  0.810000002       4.12408002E-02
  0.819999993       4.24145460E-02
  0.829999983       4.36927564E-02
  0.839999974       4.50874530E-02
  0.849999964       4.66153212E-02
  0.859999955       4.82948720E-02
  0.870000005       5.01506925E-02
  0.879999995       5.22136949E-02
  0.889999986       5.45226596E-02
  0.899999976       5.71272373E-02
  0.909999967       6.00963868E-02
  0.919999957       6.35197833E-02
  0.930000007       6.75242171E-02
  0.939999998       7.22920746E-02
  0.949999988       7.80962929E-02
  0.959999979       8.53667036E-02
  0.969999969       9.48222801E-02
  0.979999959      0.107741840    
  0.989999950      0.126391917    
   1.00000000      0.149167120    
   1.00999999      0.152249411    
   1.01999998      0.153100908    
   1.02999997      0.153740287    
   1.03999996      0.154398754    
   1.04999995      0.155122608    
   1.05999994      0.155921534    
   1.06999993      0.156790808    
   1.07999992      0.157726496    
   1.09000003      0.158721253    
   1.10000002      0.159770206    
   1.11000001      0.160868481    
   1.12000000      0.162012473    
   1.13000000      0.163198173    
   1.13999999      0.164423138    
   1.14999998      0.165685073    
   1.15999997      0.166982114    
   1.16999996      0.168312609    
   1.17999995      0.169669732    
   1.18999994      0.171068266    
   1.19999993      0.172491774    
   1.20999992      0.173945025    
   1.22000003      0.175426900    
   1.23000002      0.176937521    
   1.24000001      0.178476468    
   1.25000000      0.180043653    
   1.25999999      0.181638584    
   1.26999998      0.183262154    
   1.27999997      0.184913546    
   1.28999996      0.186593756    
   1.29999995      0.188302636    
   1.30999994      0.190040514    
   1.31999993      0.191807896    
   1.32999992      0.193605229    
   1.33999991      0.195432901    
   1.35000002      0.197291464    
   1.36000001      0.199181795    
   1.37000000      0.201104447    
   1.38000000      0.203060195    
   1.38999999      0.205049857    
   1.39999998      0.207074404    
   1.40999997      0.209133998    
   1.41999996      0.211231038    
   1.42999995      0.213365197    
   1.43999994      0.215538234    
   1.44999993      0.217750922    
   1.45999992      0.220005199    
   1.46999991      0.222301826    
   1.48000002      0.224642426    
   1.49000001      0.227028400    
   1.50000000      0.229461193    
   1.50999999      0.231942654    
   1.51999998      0.234473571    
   1.52999997      0.237059519    
   1.53999996      0.239696145    
   1.54999995      0.242390394    
   1.55999994      0.245142862    
   1.56999993      0.247956038    
   1.57999992      0.250831783    
   1.58999991      0.253774613    
   1.59999990      0.256785184    
   1.61000001      0.259867162    
   1.62000000      0.263023913    
   1.63000000      0.266258985    
   1.63999999      0.269575000    
   1.64999998      0.272977054    
   1.65999997      0.276468068    
   1.66999996      0.280052632    
   1.67999995      0.283736527    
   1.68999994      0.287522882    
   1.69999993      0.291418076    
   1.70999992      0.295428097    
   1.71999991      0.299558252    
   1.73000002      0.303816348    
   1.74000001      0.308208197    
   1.75000000      0.312742442    
   1.75999999      0.317427397    
   1.76999998      0.322271466    
   1.77999997      0.327285260    
   1.78999996      0.332479060    
   1.79999995      0.337864757    
   1.80999994      0.343453586    
   1.81999993      0.349260837    
   1.82999992      0.355301291    
   1.83999991      0.361591071    
   1.84999990      0.368148059    
   1.86000001      0.374991983    
   1.87000000      0.382144332    
   1.88000000      0.389629185    
   1.88999999      0.397471547    
   1.89999998      0.405699909    
   1.90999997      0.414344698    
   1.91999996      0.423439384    
   1.92999995      0.433018714    
   1.93999994      0.443120360    
   1.94999993      0.453780562    
   1.95999992      0.465038806    
   1.96999991      0.476923257    
   1.97999990      0.489455283    
   1.99000001      0.502630651    
   2.00000000      0.516401529    
   2.00999999      0.530401647    
   2.01999998      0.543600023    
   2.02999997      0.555816114    
   2.03999996      0.567122459    
   2.04999995      0.577625990    
   2.05999994      0.587433815    
   2.06999993      0.596636176    
   2.07999992      0.605312765    
   2.08999991      0.613530576    
   2.09999990      0.621344805    
   2.10999990      0.628804684    
   2.11999989      0.635948539    
   2.12999988      0.642814219    
   2.13999987      0.649428904    
   2.14999986      0.655819952    
   2.15999985      0.662008822    
   2.16999984      0.668015599    
   2.18000007      0.673856795    
   2.19000006      0.679547846    
   2.20000005      0.685101390    
   2.21000004      0.690530002    
   2.22000003      0.695843160    
   2.23000002      0.701050639    
   2.24000001      0.706160367    
   2.25000000      0.711179852    
   2.25999999      0.716115594    
   2.26999998      0.720974743    
   2.27999997      0.725761354    
   2.28999996      0.730481505    
   2.29999995      0.735139191    
   2.30999994      0.739738345    
   2.31999993      0.744282424    
   2.32999992      0.748775661    
   2.33999991      0.753220737    
   2.34999990      0.757621467    
   2.35999990      0.761978507    
   2.36999989      0.766296446    
   2.37999988      0.770575523    
   2.38999987      0.774819553    
   2.39999986      0.779029608    
   2.40999985      0.783207059    
   2.41999984      0.787355483    
   2.42999983      0.791474819    
   2.44000006      0.795566440    
   2.45000005      0.799631894    
   2.46000004      0.803673446    
   2.47000003      0.807690322    
   2.48000002      0.811685920    
   2.49000001      0.815658748    
   2.50000000      0.819612920    
   2.50999999      0.823545516    
   2.51999998      0.827459574    
   2.52999997      0.831357658    
   2.53999996      0.835238218    
   2.54999995      0.839100599    
   2.55999994      0.842948139    
   2.56999993      0.846781552    
   2.57999992      0.850599229    
   2.58999991      0.854403436    
   2.59999990      0.858193874    
   2.60999990      0.861971259    
   2.61999989      0.865736842    
   2.62999988      0.869489670    
   2.63999987      0.873232007    
   2.64999986      0.876962483    
   2.65999985      0.880681753    
   2.66999984      0.884392500    
   2.67999983      0.888091564    
   2.69000006      0.891781807    
   2.70000005      0.895461977    
   2.71000004      0.899133623    
   2.72000003      0.902796447    
   2.73000002      0.906450510    
   2.74000001      0.910097301    
   2.75000000      0.913734913    
   2.75999999      0.917366445    
   2.76999998      0.920988917    
   2.77999997      0.924604416    
   2.78999996      0.928213418    
   2.79999995      0.931815386    
   2.80999994      0.935410500    
   2.81999993      0.938999534    
   2.82999992      0.942582846    
   2.83999991      0.946159661    
   2.84999990      0.949729860    
   2.85999990      0.953294992    
   2.86999989      0.956854343    
   2.87999988      0.960408509    
   2.88999987      0.963956833    
   2.89999986      0.967500329    
   2.90999985      0.971039057    
   2.91999984      0.974572659    
   2.92999983      0.978101492    
   2.93999982      0.981624782    
   2.95000005      0.985145569    
   2.96000004      0.988660634    
   2.97000003      0.992171764    
   2.98000002      0.995678186    
   2.99000001      0.999180913    
   3.00000000       1.00267923    
   3.00999999       1.00617421    
   3.01999998       1.00966454    
   3.02999997       1.01315141    
   3.03999996       1.01663578    
   3.04999995       1.02011597    
   3.05999994       1.02359176    
   3.06999993       1.02706432    
   3.07999992       1.03053451    
   3.08999991       1.03400064    
   3.09999990       1.03746319    
   3.10999990       1.04092371    
   3.11999989       1.04438007    
   3.12999988       1.04783475    
   3.13999987       1.05128539    
   3.14999986       1.05473280    
   3.15999985       1.05817842    
   3.16999984       1.06162035    
   3.17999983       1.06505966    
   3.18999982       1.06849694    
   3.19999981       1.07193124    
   3.21000004       1.07536280    
   3.22000003       1.07879245    
   3.23000002       1.08221841    
   3.24000001       1.08564281    
   3.25000000       1.08906531    
   3.25999999       1.09248519    
   3.26999998       1.09590209    
   3.27999997       1.09931648    
   3.28999996       1.10272944    
   3.29999995       1.10613990    
   3.30999994       1.10954988    
   3.31999993       1.11295402    
   3.32999992       1.11635911    
   3.33999991       1.11976087    
   3.34999990       1.12316108    
   3.35999990       1.12655926    
   3.36999989       1.12995648    
   3.37999988       1.13335073    
   3.38999987       1.13674188    
   3.39999986       1.14013171    
   3.40999985       1.14352262    
   3.41999984       1.14690864    
   3.42999983       1.15029502    
   3.43999982       1.15367830    
   3.44999981       1.15706062    
   3.46000004       1.16043973    
   3.47000003       1.16381824    
   3.48000002       1.16719663    
   3.49000001       1.17057073    
   3.50000000       1.17394459    
   3.50999999       1.17731583    
