   9.99999978E-03   3.53930052E-04
   1.99999996E-02   6.47109176E-04
   2.99999993E-02   8.30092351E-04
   3.99999991E-02   1.15575665E-03
   4.99999970E-02   1.31205725E-03
   5.99999987E-02   1.37148867E-03
   7.00000003E-02   1.43855775E-03
   7.99999982E-02   1.53460971E-03
   8.99999961E-02   1.65569538E-03
   9.99999940E-02   1.79402053E-03
  0.109999999       1.94267009E-03
  0.119999997       2.09624972E-03
  0.129999995       2.25145672E-03
  0.140000001       2.40538712E-03
  0.149999991       2.55700178E-03
  0.159999996       2.70456541E-03
  0.170000002       2.84653227E-03
  0.179999992       2.98438664E-03
  0.189999998       3.11703072E-03
  0.199999988       3.24428105E-03
  0.209999993       3.36649548E-03
  0.219999999       3.48154805E-03
  0.229999989       3.59361479E-03
  0.239999995       3.70415323E-03
  0.250000000       3.80879664E-03
  0.259999990       3.90751706E-03
  0.269999981       4.00505681E-03
  0.280000001       4.10708273E-03
  0.289999992       4.19632113E-03
  0.299999982       4.28343471E-03
  0.310000002       4.37576743E-03
  0.319999993       4.48098779E-03
  0.329999983       4.63193329E-03
  0.340000004       4.69323527E-03
  0.349999994       4.77770809E-03
  0.359999985       4.87573305E-03
  0.370000005       4.99432534E-03
  0.379999995       5.15786931E-03
  0.389999986       5.44234738E-03
  0.399999976       5.77578600E-03
  0.409999996       5.78452274E-03
  0.419999987       5.88302314E-03
  0.429999977       6.01391168E-03
  0.439999998       6.17905520E-03
  0.449999988       6.38925843E-03
  0.459999979       6.66863238E-03
  0.469999999       7.06693716E-03
  0.479999989       7.70105748E-03
  0.489999980       8.91433284E-03
  0.500000000       1.03932125E-02
  0.509999990       1.00261169E-02
  0.519999981       1.00860735E-02
  0.529999971       1.02517279E-02
  0.539999962       1.04837371E-02
  0.550000012       1.07728597E-02
  0.560000002       1.11205056E-02
  0.569999993       1.15504209E-02
  0.579999983       1.20239621E-02
  0.589999974       1.26214214E-02
  0.599999964       1.33466972E-02
  0.610000014       1.42559502E-02
  0.620000005       1.54326251E-02
  0.629999995       1.70280095E-02
  0.639999986       1.93439070E-02
  0.649999976       2.30849534E-02
  0.659999967       3.01259831E-02
  0.669999957       3.32764797E-02
  0.680000007       3.22010256E-02
  0.689999998       3.19636948E-02
  0.699999988       3.20323445E-02
  0.709999979       3.22734751E-02
  0.719999969       3.26322950E-02
  0.729999959       3.30825485E-02
  0.740000010       3.36100273E-02
  0.750000000       3.42078432E-02
  0.759999990       3.48722599E-02
  0.769999981       3.56025659E-02
  0.779999971       3.64005640E-02
  0.789999962       3.72690745E-02
  0.799999952       3.82123031E-02
  0.810000002       3.92369963E-02
  0.819999993       4.03506830E-02
  0.829999983       4.15612161E-02
  0.839999974       4.28873189E-02
  0.849999964       4.43377607E-02
  0.859999955       4.59325798E-02
  0.870000005       4.76954989E-02
  0.879999995       4.96555567E-02
  0.889999986       5.18505052E-02
  0.899999976       5.43276705E-02
  0.909999967       5.71537949E-02
  0.919999957       6.04147688E-02
  0.930000007       6.42331988E-02
  0.939999998       6.87856674E-02
  0.949999988       7.43375421E-02
  0.959999979       8.13089162E-02
  0.969999969       9.04080644E-02
  0.979999959      0.102912389    
  0.989999950      0.121153928    
   1.00000000      0.143899947    
   1.00999999      0.146874860    
   1.01999998      0.147654101    
   1.02999997      0.148242325    
   1.03999996      0.148856685    
   1.04999995      0.149540499    
   1.05999994      0.150300249    
   1.06999993      0.151131138    
   1.07999992      0.152027979    
   1.09000003      0.152983412    
   1.10000002      0.153992519    
   1.11000001      0.155050233    
   1.12000000      0.156152442    
   1.13000000      0.157295868    
   1.13999999      0.158477589    
   1.14999998      0.159695432    
   1.15999997      0.160947442    
   1.16999996      0.162232131    
   1.17999995      0.163547665    
   1.18999994      0.164893880    
   1.19999993      0.166269004    
   1.20999992      0.167673200    
   1.22000003      0.169105232    
   1.23000002      0.170565158    
   1.24000001      0.172052681    
   1.25000000      0.173567310    
   1.25999999      0.175109208    
   1.26999998      0.176678807    
   1.27999997      0.178275421    
   1.28999996      0.179900080    
   1.29999995      0.181552529    
   1.30999994      0.183233008    
   1.31999993      0.184942409    
   1.32999992      0.186680883    
   1.33999991      0.188448355    
   1.35000002      0.190246463    
   1.36000001      0.192074999    
   1.37000000      0.193935171    
   1.38000000      0.195827350    
   1.38999999      0.197752520    
   1.39999998      0.199711353    
   1.40999997      0.201705143    
   1.41999996      0.203734159    
   1.42999995      0.205800086    
   1.43999994      0.207903728    
   1.44999993      0.210045770    
   1.45999992      0.212228656    
   1.46999991      0.214452416    
   1.48000002      0.216719151    
   1.49000001      0.219029859    
   1.50000000      0.221386582    
   1.50999999      0.223790213    
   1.51999998      0.226242349    
   1.52999997      0.228746817    
   1.53999996      0.231303319    
   1.54999995      0.233914703    
   1.55999994      0.236582920    
   1.56999993      0.239310503    
   1.57999992      0.242099047    
   1.58999991      0.244952843    
   1.59999990      0.247873172    
   1.61000001      0.250863343    
   1.62000000      0.253926814    
   1.63000000      0.257066667    
   1.63999999      0.260285378    
   1.64999998      0.263588935    
   1.65999997      0.266979128    
   1.66999996      0.270461470    
   1.67999995      0.274040192    
   1.68999994      0.277720660    
   1.69999993      0.281507343    
   1.70999992      0.285406888    
   1.71999991      0.289424241    
   1.73000002      0.293568492    
   1.74000001      0.297842234    
   1.75000000      0.302257538    
   1.75999999      0.306820393    
   1.76999998      0.311540782    
   1.77999997      0.316428274    
   1.78999996      0.321493715    
   1.79999995      0.326748312    
   1.80999994      0.332204431    
   1.81999993      0.337876499    
   1.82999992      0.343779802    
   1.83999991      0.349930137    
   1.84999990      0.356346369    
   1.86000001      0.363047719    
   1.87000000      0.370056450    
   1.88000000      0.377396554    
   1.88999999      0.385094196    
   1.89999998      0.393178523    
   1.90999997      0.401680678    
   1.91999996      0.410635352    
   1.92999995      0.420078754    
   1.93999994      0.430050254    
   1.94999993      0.440588474    
   1.95999992      0.451735765    
   1.96999991      0.463524282    
   1.97999990      0.475978345    
   1.99000001      0.489098668    
   2.00000000      0.502839386    
   2.00999999      0.516845524    
   2.01999998      0.530046165    
   2.02999997      0.542253792    
   2.03999996      0.553540409    
   2.04999995      0.564015865    
   2.05999994      0.573786378    
   2.06999993      0.582947254    
   2.07999992      0.591577709    
   2.08999991      0.599745095    
   2.09999990      0.607506752    
   2.10999990      0.614911318    
   2.11999989      0.621998906    
   2.12999988      0.628806293    
   2.13999987      0.635362089    
   2.14999986      0.641694129    
   2.15999985      0.647822857    
   2.16999984      0.653769195    
   2.18000007      0.659549892    
   2.19000006      0.665180147    
   2.20000005      0.670672953    
   2.21000004      0.676040471    
   2.22000003      0.681292951    
   2.23000002      0.686441541    
   2.24000001      0.691488802    
   2.25000000      0.696447849    
   2.25999999      0.701322675    
   2.26999998      0.706122637    
   2.27999997      0.710849464    
   2.28999996      0.715509415    
   2.29999995      0.720107138    
   2.30999994      0.724646747    
   2.31999993      0.729132354    
   2.32999992      0.733566761    
   2.33999991      0.737952411    
   2.34999990      0.742293596    
   2.35999990      0.746593118    
   2.36999989      0.750851870    
   2.37999988      0.755073786    
   2.38999987      0.759260058    
   2.39999986      0.763411820    
   2.40999985      0.767532706    
   2.41999984      0.771622896    
   2.42999983      0.775684774    
   2.44000006      0.779719889    
   2.45000005      0.783727586    
   2.46000004      0.787712455    
   2.47000003      0.791672945    
   2.48000002      0.795611143    
   2.49000001      0.799528658    
   2.50000000      0.803425610    
   2.50999999      0.807303131    
   2.51999998      0.811160564    
   2.52999997      0.815002382    
   2.53999996      0.818826973    
   2.54999995      0.822634161    
   2.55999994      0.826426327    
   2.56999993      0.830203056    
   2.57999992      0.833966017    
   2.58999991      0.837714255    
   2.59999990      0.841449857    
   2.60999990      0.845172226    
   2.61999989      0.848882735    
   2.62999988      0.852581143    
   2.63999987      0.856268048    
   2.64999986      0.859943628    
   2.65999985      0.863609552    
   2.66999984      0.867263973    
   2.67999983      0.870909333    
   2.69000006      0.874544561    
   2.70000005      0.878170967    
   2.71000004      0.881788015    
   2.72000003      0.885397017    
   2.73000002      0.888996661    
   2.74000001      0.892589211    
   2.75000000      0.896172523    
   2.75999999      0.899749756    
   2.76999998      0.903318465    
   2.77999997      0.906880498    
   2.78999996      0.910435319    
   2.79999995      0.913983643    
   2.80999994      0.917525470    
   2.81999993      0.921060503    
   2.82999992      0.924589217    
   2.83999991      0.928112566    
   2.84999990      0.931629956    
   2.85999990      0.935141504    
   2.86999989      0.938647449    
   2.87999988      0.942147970    
   2.88999987      0.945643365    
   2.89999986      0.949133873    
   2.90999985      0.952618778    
   2.91999984      0.956099212    
   2.92999983      0.959574461    
   2.93999982      0.963045180    
   2.95000005      0.966512561    
   2.96000004      0.969974875    
   2.97000003      0.973432720    
   2.98000002      0.976885319    
   2.99000001      0.980336368    
   3.00000000      0.983781576    
   3.00999999      0.987223566    
   3.01999998      0.990661383    
   3.02999997      0.994095802    
   3.03999996      0.997525930    
   3.04999995       1.00095356    
   3.05999994       1.00437677    
   3.06999993       1.00779736    
   3.07999992       1.01121402    
   3.08999991       1.01462781    
   3.09999990       1.01803863    
   3.10999990       1.02144539    
   3.11999989       1.02484941    
   3.12999988       1.02825022    
   3.13999987       1.03164864    
   3.14999986       1.03504491    
   3.15999985       1.03843689    
   3.16999984       1.04182684    
   3.17999983       1.04521489    
   3.18999982       1.04859936    
   3.19999981       1.05198097    
   3.21000004       1.05536044    
   3.22000003       1.05873680    
   3.23000002       1.06211114    
   3.24000001       1.06548309    
   3.25000000       1.06885290    
   3.25999999       1.07222009    
   3.26999998       1.07558501    
   3.27999997       1.07894719    
   3.28999996       1.08230817    
   3.29999995       1.08566749    
   3.30999994       1.08902323    
   3.31999993       1.09237695    
   3.32999992       1.09573007    
   3.33999991       1.09908009    
   3.34999990       1.10242820    
   3.35999990       1.10577357    
   3.36999989       1.10911798    
   3.37999988       1.11245847    
   3.38999987       1.11580002    
   3.39999986       1.11913764    
   3.40999985       1.12247634    
   3.41999984       1.12581110    
   3.42999983       1.12914479    
   3.43999982       1.13247669    
   3.44999981       1.13580549    
   3.46000004       1.13913381    
   3.47000003       1.14246142    
   3.48000002       1.14578569    
   3.49000001       1.14910948    
   3.50000000       1.15243077    
   3.50999999       1.15575099    
