   9.99999978E-03   3.55058553E-04
   1.99999996E-02   6.48722984E-04
   2.99999993E-02   8.33358150E-04
   3.99999991E-02   1.16085750E-03
   4.99999970E-02   1.32582092E-03
   5.99999987E-02   1.38609030E-03
   7.00000003E-02   1.45101838E-03
   7.99999982E-02   1.54467474E-03
   8.99999961E-02   1.66389928E-03
   9.99999940E-02   1.80102861E-03
  0.109999999       1.94903952E-03
  0.119999997       2.10271170E-03
  0.129999995       2.25784257E-03
  0.140000001       2.41217134E-03
  0.149999991       2.56441976E-03
  0.159999996       2.71268399E-03
  0.170000002       2.85548531E-03
  0.179999992       2.99421954E-03
  0.189999998       3.12777050E-03
  0.199999988       3.25597683E-03
  0.209999993       3.37912003E-03
  0.219999999       3.49635538E-03
  0.229999989       3.60817509E-03
  0.239999995       3.71973822E-03
  0.250000000       3.82549991E-03
  0.259999990       3.92523315E-03
  0.269999981       4.02402366E-03
  0.280000001       4.12800489E-03
  0.289999992       4.21823002E-03
  0.299999982       4.30667121E-03
  0.310000002       4.40102909E-03
  0.319999993       4.50980244E-03
  0.329999983       4.66630794E-03
  0.340000004       4.72755777E-03
  0.349999994       4.81429882E-03
  0.359999985       4.91559412E-03
  0.370000005       5.03908563E-03
  0.379999995       5.21069998E-03
  0.389999986       5.51024405E-03
  0.399999976       5.85433096E-03
  0.409999996       5.86256292E-03
  0.419999987       5.96477510E-03
  0.429999977       6.10134611E-03
  0.439999998       6.27423497E-03
  0.449999988       6.49485877E-03
  0.459999979       6.78870641E-03
  0.469999999       7.20813824E-03
  0.479999989       7.87596405E-03
  0.489999980       9.14755929E-03
  0.500000000       1.06576635E-02
  0.509999990       1.02794096E-02
  0.519999981       1.03417998E-02
  0.529999971       1.05142873E-02
  0.539999962       1.07562346E-02
  0.550000012       1.10577019E-02
  0.560000002       1.14203449E-02
  0.569999993       1.18520074E-02
  0.579999983       1.23670222E-02
  0.589999974       1.29871769E-02
  0.599999964       1.37443766E-02
  0.610000014       1.46936011E-02
  0.620000005       1.59214176E-02
  0.629999995       1.75848175E-02
  0.639999986       1.99958440E-02
  0.649999976       2.38781571E-02
  0.659999967       3.11185997E-02
  0.669999957       3.42596732E-02
  0.680000007       3.31620164E-02
  0.689999998       3.29199657E-02
  0.699999988       3.29918675E-02
  0.709999979       3.32411416E-02
  0.719999969       3.36116925E-02
  0.729999959       3.40764821E-02
  0.740000010       3.46209817E-02
  0.750000000       3.52380946E-02
  0.759999990       3.59239578E-02
  0.769999981       3.66778299E-02
  0.779999971       3.75015847E-02
  0.789999962       3.83980013E-02
  0.799999952       3.93717997E-02
  0.810000002       4.04294655E-02
  0.819999993       4.15789820E-02
  0.829999983       4.28307801E-02
  0.839999974       4.41967808E-02
  0.849999964       4.56933379E-02
  0.859999955       4.73386347E-02
  0.870000005       4.91570309E-02
  0.879999995       5.11783101E-02
  0.889999986       5.34412153E-02
  0.899999976       5.59943914E-02
  0.909999967       5.89058325E-02
  0.919999957       6.22636415E-02
  0.930000007       6.61930367E-02
  0.939999998       7.08740652E-02
  0.949999988       7.65767768E-02
  0.959999979       8.37269574E-02
  0.969999969       9.30395424E-02
  0.979999959      0.105792947    
  0.989999950      0.124280974    
   1.00000000      0.147045806    
   1.00999999      0.150085732    
   1.01999998      0.150907576    
   1.02999997      0.151525959    
   1.03999996      0.152166784    
   1.04999995      0.152874753    
   1.05999994      0.153657511    
   1.06999993      0.154511496    
   1.07999992      0.155431464    
   1.09000003      0.156410232    
   1.10000002      0.157443225    
   1.11000001      0.158525124    
   1.12000000      0.159652174    
   1.13000000      0.160820886    
   1.13999999      0.162028506    
   1.14999998      0.163272664    
   1.15999997      0.164551556    
   1.16999996      0.165863454    
   1.17999995      0.167207047    
   1.18999994      0.168581352    
   1.19999993      0.169985622    
   1.20999992      0.171418920    
   1.22000003      0.172880888    
   1.23000002      0.174371153    
   1.24000001      0.175889313    
   1.25000000      0.177435234    
   1.25999999      0.179008901    
   1.26999998      0.180610731    
   1.27999997      0.182240069    
   1.28999996      0.183898106    
   1.29999995      0.185584202    
   1.30999994      0.187299237    
   1.31999993      0.189043045    
   1.32999992      0.190816998    
   1.33999991      0.192620307    
   1.35000002      0.194454461    
   1.36000001      0.196320057    
   1.37000000      0.198217571    
   1.38000000      0.200147748    
   1.38999999      0.202111438    
   1.39999998      0.204109475    
   1.40999997      0.206142843    
   1.41999996      0.208212435    
   1.42999995      0.210319161    
   1.43999994      0.212464184    
   1.44999993      0.214648649    
   1.45999992      0.216874123    
   1.46999991      0.219141647    
   1.48000002      0.221452489    
   1.49000001      0.223808289    
   1.50000000      0.226210445    
   1.50999999      0.228660688    
   1.51999998      0.231159896    
   1.52999997      0.233712256    
   1.53999996      0.236317515    
   1.54999995      0.238978505    
   1.55999994      0.241697192    
   1.56999993      0.244475946    
   1.57999992      0.247316837    
   1.58999991      0.250223696    
   1.59999990      0.253198266    
   1.61000001      0.256243467    
   1.62000000      0.259362847    
   1.63000000      0.262559533    
   1.63999999      0.265836388    
   1.64999998      0.269198924    
   1.65999997      0.272649586    
   1.66999996      0.276193142    
   1.67999995      0.279834658    
   1.68999994      0.283578545    
   1.69999993      0.287430525    
   1.70999992      0.291395992    
   1.71999991      0.295481056    
   1.73000002      0.299693942    
   1.74000001      0.304038078    
   1.75000000      0.308524728    
   1.75999999      0.313160658    
   1.76999998      0.317955256    
   1.77999997      0.322918713    
   1.78999996      0.328060836    
   1.79999995      0.333393991    
   1.80999994      0.338929713    
   1.81999993      0.344683021    
   1.82999992      0.350668848    
   1.83999991      0.356902689    
   1.84999990      0.363403529    
   1.86000001      0.370190382    
   1.87000000      0.377285749    
   1.88000000      0.384712696    
   1.88999999      0.392497331    
   1.89999998      0.400668114    
   1.90999997      0.409256399    
   1.91999996      0.418295294    
   1.92999995      0.427820623    
   1.93999994      0.437870383    
   1.94999993      0.448482066    
   1.95999992      0.459696203    
   1.96999991      0.471543044    
   1.97999990      0.484044135    
   1.99000001      0.497198045    
   2.00000000      0.510955453    
   2.00999999      0.524959147    
   2.01999998      0.538159192    
   2.02999997      0.550371587    
   2.03999996      0.561669648    
   2.04999995      0.572162628    
   2.05999994      0.581956029    
   2.06999993      0.591142416    
   2.07999992      0.599800110    
   2.08999991      0.607997894    
   2.09999990      0.615791380    
   2.10999990      0.623229504    
   2.11999989      0.630351067    
   2.12999988      0.637193382    
   2.13999987      0.643785179    
   2.14999986      0.650152266    
   2.15999985      0.656317234    
   2.16999984      0.662299871    
   2.18000007      0.668117523    
   2.19000006      0.673784077    
   2.20000005      0.679313242    
   2.21000004      0.684717774    
   2.22000003      0.690006256    
   2.23000002      0.695190072    
   2.24000001      0.700275242    
   2.25000000      0.705270588    
   2.25999999      0.710181594    
   2.26999998      0.715017617    
   2.27999997      0.719780743    
   2.28999996      0.724476695    
   2.29999995      0.729110241    
   2.30999994      0.733685672    
   2.31999993      0.738206685    
   2.32999992      0.742676318    
   2.33999991      0.747097850    
   2.34999990      0.751474917    
   2.35999990      0.755808592    
   2.36999989      0.760102689    
   2.37999988      0.764359236    
   2.38999987      0.768580019    
   2.39999986      0.772767067    
   2.40999985      0.776922643    
   2.41999984      0.781047642    
   2.42999983      0.785143852    
   2.44000006      0.789212167    
   2.45000005      0.793254972    
   2.46000004      0.797273636    
   2.47000003      0.801268935    
   2.48000002      0.805241048    
   2.49000001      0.809191704    
   2.50000000      0.813121080    
   2.50999999      0.817033768    
   2.51999998      0.820925355    
   2.52999997      0.824800849    
   2.53999996      0.828658819    
   2.54999995      0.832499564    
   2.55999994      0.836325169    
   2.56999993      0.840135157    
   2.57999992      0.843932271    
   2.58999991      0.847713113    
   2.59999990      0.851481795    
   2.60999990      0.855237246    
   2.61999989      0.858980417    
   2.62999988      0.862712145    
   2.63999987      0.866432488    
   2.64999986      0.870140970    
   2.65999985      0.873838544    
   2.66999984      0.877526283    
   2.67999983      0.881204128    
   2.69000006      0.884872317    
   2.70000005      0.888531327    
   2.71000004      0.892180860    
   2.72000003      0.895822287    
   2.73000002      0.899454772    
   2.74000001      0.903080046    
   2.75000000      0.906696677    
   2.75999999      0.910305083    
   2.76999998      0.913906157    
   2.77999997      0.917500496    
   2.78999996      0.921087682    
   2.79999995      0.924668729    
   2.80999994      0.928241849    
   2.81999993      0.931810141    
   2.82999992      0.935370982    
   2.83999991      0.938927114    
   2.84999990      0.942475975    
   2.85999990      0.946019471    
   2.86999989      0.949557602    
   2.87999988      0.953090191    
   2.88999987      0.956617951    
   2.89999986      0.960139692    
   2.90999985      0.963657141    
   2.91999984      0.967169404    
   2.92999983      0.970676720    
   2.93999982      0.974179387    
   2.95000005      0.977678478    
   2.96000004      0.981172025    
   2.97000003      0.984661877    
   2.98000002      0.988147557    
   2.99000001      0.991629422    
   3.00000000      0.995106459    
   3.00999999      0.998580396    
   3.01999998       1.00204968    
   3.02999997       1.00551629    
   3.03999996       1.00897789    
   3.04999995       1.01243651    
   3.05999994       1.01589215    
   3.06999993       1.01934361    
   3.07999992       1.02279234    
   3.08999991       1.02623725    
   3.09999990       1.02967870    
   3.10999990       1.03311789    
   3.11999989       1.03655422    
   3.12999988       1.03998721    
   3.13999987       1.04341745    
   3.14999986       1.04684424    
   3.15999985       1.05026722    
   3.16999984       1.05368936    
   3.17999983       1.05710840    
   3.18999982       1.06052375    
   3.19999981       1.06393778    
   3.21000004       1.06734765    
   3.22000003       1.07075560    
   3.23000002       1.07416201    
   3.24000001       1.07756531    
   3.25000000       1.08096707    
   3.25999999       1.08436477    
   3.26999998       1.08776093    
   3.27999997       1.09115565    
   3.28999996       1.09454739    
   3.29999995       1.09793735    
   3.30999994       1.10132575    
   3.31999993       1.10470986    
   3.32999992       1.10809278    
   3.33999991       1.11147463    
   3.34999990       1.11485493    
   3.35999990       1.11823177    
   3.36999989       1.12160742    
   3.37999988       1.12498176    
   3.38999987       1.12835312    
   3.39999986       1.13171947    
   3.40999985       1.13509047    
   3.41999984       1.13845742    
   3.42999983       1.14182162    
   3.43999982       1.14518428    
   3.44999981       1.14854538    
   3.46000004       1.15190411    
   3.47000003       1.15526283    
   3.48000002       1.15861833    
   3.49000001       1.16197264    
   3.50000000       1.16532552    
   3.50999999       1.16867733    
