   9.99999978E-03   3.57609679E-04
   1.99999996E-02   6.37701247E-04
   2.99999993E-02   8.49417935E-04
   3.99999991E-02   1.17698289E-03
   4.99999970E-02   1.37917057E-03
   5.99999987E-02   1.44583662E-03
   7.00000003E-02   1.50301820E-03
   7.99999982E-02   1.58678379E-03
   8.99999961E-02   1.69805356E-03
   9.99999940E-02   1.82976737E-03
  0.109999999       1.97469792E-03
  0.119999997       2.12716940E-03
  0.129999995       2.28257827E-03
  0.140000001       2.43825512E-03
  0.149999991       2.59243720E-03
  0.159999996       2.74349377E-03
  0.170000002       2.88951024E-03
  0.179999992       3.03149782E-03
  0.189999998       3.16845998E-03
  0.199999988       3.30073992E-03
  0.209999993       3.42736416E-03
  0.219999999       3.54965101E-03
  0.229999989       3.66647588E-03
  0.239999995       3.77783272E-03
  0.250000000       3.88795603E-03
  0.259999990       3.99480527E-03
  0.269999981       4.09838790E-03
  0.280000001       4.21095453E-03
  0.289999992       4.30544233E-03
  0.299999982       4.40032687E-03
  0.310000002       4.50326595E-03
  0.319999993       4.62721195E-03
  0.329999983       4.80897771E-03
  0.340000004       4.87002172E-03
  0.349999994       4.96674934E-03
  0.359999985       5.08245453E-03
  0.370000005       5.22908615E-03
  0.379999995       5.43797528E-03
  0.389999986       5.80738625E-03
  0.399999976       6.19284157E-03
  0.409999996       6.19917922E-03
  0.419999987       6.31807279E-03
  0.429999977       6.48018718E-03
  0.439999998       6.68781996E-03
  0.449999988       6.95535727E-03
  0.459999979       7.31417630E-03
  0.469999999       7.82826170E-03
  0.479999989       8.64510052E-03
  0.489999980       1.01709422E-02
  0.500000000       1.18021043E-02
  0.509999990       1.13777770E-02
  0.519999981       1.14512136E-02
  0.529999971       1.16536599E-02
  0.539999962       1.19383167E-02
  0.550000012       1.22941704E-02
  0.560000002       1.27227437E-02
  0.569999993       1.32334093E-02
  0.579999983       1.38430586E-02
  0.589999974       1.45766241E-02
  0.599999964       1.54744443E-02
  0.610000014       1.65967327E-02
  0.620000005       1.80465039E-02
  0.629999995       2.00038105E-02
  0.639999986       2.28230562E-02
  0.649999976       2.73029953E-02
  0.659999967       3.53530347E-02
  0.669999957       3.84362414E-02
  0.680000007       3.72491218E-02
  0.689999998       3.69889289E-02
  0.699999988       3.70753184E-02
  0.709999979       3.73595804E-02
  0.719999969       3.77800502E-02
  0.729999959       3.83066833E-02
  0.740000010       3.89234424E-02
  0.750000000       3.96223478E-02
  0.759999990       4.03989926E-02
  0.769999981       4.12528180E-02
  0.779999971       4.21856716E-02
  0.789999962       4.32006828E-02
  0.799999952       4.43032123E-02
  0.810000002       4.55004722E-02
  0.819999993       4.68011871E-02
  0.829999983       4.82173190E-02
  0.839999974       4.97634932E-02
  0.849999964       5.14530465E-02
  0.859999955       5.33113368E-02
  0.870000005       5.53630218E-02
  0.879999995       5.76421730E-02
  0.889999986       6.01901338E-02
  0.899999976       6.30619451E-02
  0.909999967       6.63309693E-02
  0.919999957       7.00934678E-02
  0.930000007       7.44853169E-02
  0.939999998       7.97000080E-02
  0.949999988       8.60254169E-02
  0.959999979       9.39090475E-02
  0.969999969      0.104087636    
  0.979999959      0.117835201    
  0.989999950      0.137270153    
   1.00000000      0.160070986    
   1.00999999      0.163370475    
   1.01999998      0.164369747    
   1.02999997      0.165118814    
   1.03999996      0.165869325    
   1.04999995      0.166677937    
   1.05999994      0.167558849    
   1.06999993      0.168509066    
   1.07999992      0.169525817    
   1.09000003      0.170602351    
   1.10000002      0.171734497    
   1.11000001      0.172917187    
   1.12000000      0.174147263    
   1.13000000      0.175420895    
   1.13999999      0.176735297    
   1.14999998      0.178088456    
   1.15999997      0.179478377    
   1.16999996      0.180903062    
   1.17999995      0.182361647    
   1.18999994      0.183852717    
   1.19999993      0.185376018    
   1.20999992      0.186930165    
   1.22000003      0.188514903    
   1.23000002      0.190129876    
   1.24000001      0.191774964    
   1.25000000      0.193449751    
   1.25999999      0.195154130    
   1.26999998      0.196888462    
   1.27999997      0.198652610    
   1.28999996      0.200447276    
   1.29999995      0.202271789    
   1.30999994      0.204127505    
   1.31999993      0.206014127    
   1.32999992      0.207932547    
   1.33999991      0.209883079    
   1.35000002      0.211866260    
   1.36000001      0.213883355    
   1.37000000      0.215934396    
   1.38000000      0.218020335    
   1.38999999      0.220142111    
   1.39999998      0.222300678    
   1.40999997      0.224496752    
   1.41999996      0.226732209    
   1.42999995      0.229004830    
   1.43999994      0.231321037    
   1.44999993      0.233678326    
   1.45999992      0.236079365    
   1.46999991      0.238525093    
   1.48000002      0.241016522    
   1.49000001      0.243556261    
   1.50000000      0.246145070    
   1.50999999      0.248784736    
   1.51999998      0.251477718    
   1.52999997      0.254226387    
   1.53999996      0.257029265    
   1.54999995      0.259892464    
   1.55999994      0.262816757    
   1.56999993      0.265804529    
   1.57999992      0.268858105    
   1.58999991      0.271981508    
   1.59999990      0.275175929    
   1.61000001      0.278444886    
   1.62000000      0.281791955    
   1.63000000      0.285220593    
   1.63999999      0.288733900    
   1.64999998      0.292336404    
   1.65999997      0.296031475    
   1.66999996      0.299824029    
   1.67999995      0.303719074    
   1.68999994      0.307721317    
   1.69999993      0.311836153    
   1.70999992      0.316069514    
   1.71999991      0.320427597    
   1.73000002      0.324917763    
   1.74000001      0.329545230    
   1.75000000      0.334320188    
   1.75999999      0.339249641    
   1.76999998      0.344342947    
   1.77999997      0.349602014    
   1.78999996      0.355061203    
   1.79999995      0.360708833    
   1.80999994      0.366562575    
   1.81999993      0.372641861    
   1.82999992      0.378956079    
   1.83999991      0.385523170    
   1.84999990      0.392360479    
   1.86000001      0.399487108    
   1.87000000      0.406924218    
   1.88000000      0.414693624    
   1.88999999      0.422821492    
   1.89999998      0.431332827    
   1.90999997      0.440257132    
   1.91999996      0.449625134    
   1.92999995      0.459468991    
   1.93999994      0.469822407    
   1.94999993      0.480717957    
   1.95999992      0.492187262    
   1.96999991      0.504255116    
   1.97999990      0.516933262    
   1.99000001      0.530209720    
   2.00000000      0.544028640    
   2.00999999      0.558021843    
   2.01999998      0.571211696    
   2.02999997      0.583440781    
   2.03999996      0.594781160    
   2.04999995      0.605338573    
   2.05999994      0.615213811    
   2.06999993      0.624495924    
   2.07999992      0.633261144    
   2.08999991      0.641574144    
   2.09999990      0.649490416    
   2.10999990      0.657055140    
   2.11999989      0.664309740    
   2.12999988      0.671286702    
   2.13999987      0.678015530    
   2.14999986      0.684522152    
   2.15999985      0.690828264    
   2.16999984      0.696951568    
   2.18000007      0.702912152    
   2.19000006      0.708721757    
   2.20000005      0.714394033    
   2.21000004      0.719941556    
   2.22000003      0.725373924    
   2.23000002      0.730700612    
   2.24000001      0.735928476    
   2.25000000      0.741068065    
   2.25999999      0.746122539    
   2.26999998      0.751099169    
   2.27999997      0.756004632    
   2.28999996      0.760842204    
   2.29999995      0.765616953    
   2.30999994      0.770333529    
   2.31999993      0.774994612    
   2.32999992      0.779604614    
   2.33999991      0.784165859    
   2.34999990      0.788681686    
   2.35999990      0.793155432    
   2.36999989      0.797588766    
   2.37999988      0.801982820    
   2.38999987      0.806341052    
   2.39999986      0.810665846    
   2.40999985      0.814958155    
   2.41999984      0.819219828    
   2.42999983      0.823452413    
   2.44000006      0.827658117    
   2.45000005      0.831836283    
   2.46000004      0.835990131    
   2.47000003      0.840119958    
   2.48000002      0.844227254    
   2.49000001      0.848313212    
   2.50000000      0.852377892    
   2.50999999      0.856423497    
   2.51999998      0.860448897    
   2.52999997      0.864457250    
   2.53999996      0.868448198    
   2.54999995      0.872422576    
   2.55999994      0.876380861    
   2.56999993      0.880323708    
   2.57999992      0.884251773    
   2.58999991      0.888165891    
   2.59999990      0.892065942    
   2.60999990      0.895953894    
   2.61999989      0.899828315    
   2.62999988      0.903691053    
   2.63999987      0.907541454    
   2.64999986      0.911381423    
   2.65999985      0.915210426    
   2.66999984      0.919028580    
   2.67999983      0.922836542    
   2.69000006      0.926635444    
   2.70000005      0.930423856    
   2.71000004      0.934203565    
   2.72000003      0.937974036    
   2.73000002      0.941736639    
   2.74000001      0.945491076    
   2.75000000      0.949236155    
   2.75999999      0.952974617    
   2.76999998      0.956704676    
   2.77999997      0.960428596    
   2.78999996      0.964144588    
   2.79999995      0.967853427    
   2.80999994      0.971555948    
   2.81999993      0.975251615    
   2.82999992      0.978941321    
   2.83999991      0.982624829    
   2.84999990      0.986302257    
   2.85999990      0.989973724    
   2.86999989      0.993639410    
   2.87999988      0.997300565    
   2.88999987       1.00095558    
   2.89999986       1.00460494    
   2.90999985       1.00825036    
   2.91999984       1.01188922    
   2.92999983       1.01552415    
   2.93999982       1.01915336    
   2.95000005       1.02278030    
   2.96000004       1.02640045    
   2.97000003       1.03001773    
   2.98000002       1.03362978    
   2.99000001       1.03723824    
   3.00000000       1.04084253    
   3.00999999       1.04444337    
   3.01999998       1.04803848    
   3.02999997       1.05163181    
   3.03999996       1.05521989    
   3.04999995       1.05880475    
   3.05999994       1.06238687    
   3.06999993       1.06596494    
   3.07999992       1.06953979    
   3.08999991       1.07311022    
   3.09999990       1.07667792    
   3.10999990       1.08024311    
   3.11999989       1.08380580    
   3.12999988       1.08736384    
   3.13999987       1.09091961    
   3.14999986       1.09447336    
   3.15999985       1.09802282    
   3.16999984       1.10156941    
   3.17999983       1.10511315    
   3.18999982       1.10865545    
   3.19999981       1.11219406    
   3.21000004       1.11573076    
   3.22000003       1.11926401    
   3.23000002       1.12279451    
   3.24000001       1.12632334    
   3.25000000       1.12984955    
   3.25999999       1.13337398    
   3.26999998       1.13689601    
   3.27999997       1.14041460    
   3.28999996       1.14393103    
   3.29999995       1.14744687    
   3.30999994       1.15095794    
   3.31999993       1.15446877    
   3.32999992       1.15797782    
   3.33999991       1.16148365    
   3.34999990       1.16498780    
   3.35999990       1.16848993    
   3.36999989       1.17199028    
   3.37999988       1.17548943    
   3.38999987       1.17898500    
   3.39999986       1.18247795    
   3.40999985       1.18597138    
   3.41999984       1.18946266    
   3.42999983       1.19295263    
   3.43999982       1.19643903    
   3.44999981       1.19992495    
   3.46000004       1.20340812    
   3.47000003       1.20689106    
   3.48000002       1.21037030    
   3.49000001       1.21385014    
   3.50000000       1.21732664    
   3.50999999       1.22080255    
