   9.99999978E-03   3.57876183E-04
   1.99999996E-02   6.38817844E-04
   2.99999993E-02   8.50784651E-04
   3.99999991E-02   1.17796613E-03
   4.99999970E-02   1.38345745E-03
   5.99999987E-02   1.45080825E-03
   7.00000003E-02   1.50749693E-03
   7.99999982E-02   1.59044773E-03
   8.99999961E-02   1.70101540E-03
   9.99999940E-02   1.83222478E-03
  0.109999999       1.97685091E-03
  0.119999997       2.12916941E-03
  0.129999995       2.28458573E-03
  0.140000001       2.44034850E-03
  0.149999991       2.59494176E-03
  0.159999996       2.74595735E-03
  0.170000002       2.89221364E-03
  0.179999992       3.03446804E-03
  0.189999998       3.17171519E-03
  0.199999988       3.30429431E-03
  0.209999993       3.43122240E-03
  0.219999999       3.55383730E-03
  0.229999989       3.67098139E-03
  0.239999995       3.78270936E-03
  0.250000000       3.89321102E-03
  0.259999990       3.99973663E-03
  0.269999981       4.10448993E-03
  0.280000001       4.21785237E-03
  0.289999992       4.31267871E-03
  0.299999982       4.40810062E-03
  0.310000002       4.51186672E-03
  0.319999993       4.63722087E-03
  0.329999983       4.82131261E-03
  0.340000004       4.88230679E-03
  0.349999994       4.97993594E-03
  0.359999985       5.09636430E-03
  0.370000005       5.24578895E-03
  0.379999995       5.45815984E-03
  0.389999986       5.83400670E-03
  0.399999976       6.22294191E-03
  0.409999996       6.22915383E-03
  0.419999987       6.34957151E-03
  0.429999977       6.51402818E-03
  0.439999998       6.72336482E-03
  0.449999988       6.99655944E-03
  0.459999979       7.36147724E-03
  0.469999999       7.88399763E-03
  0.479999989       8.71460885E-03
  0.489999980       1.02631282E-02
  0.500000000       1.19040376E-02
  0.509999990       1.14757763E-02
  0.519999981       1.15502346E-02
  0.529999971       1.17555419E-02
  0.539999962       1.20438738E-02
  0.550000012       1.24046085E-02
  0.560000002       1.28390845E-02
  0.569999993       1.33568393E-02
  0.579999983       1.39749814E-02
  0.589999974       1.47187756E-02
  0.599999964       1.56286303E-02
  0.610000014       1.67668536E-02
  0.620000005       1.82364173E-02
  0.629999995       2.02198420E-02
  0.639999986       2.30752341E-02
  0.649999976       2.76071969E-02
  0.659999967       3.57253850E-02
  0.669999957       3.88021767E-02
  0.680000007       3.76077369E-02
  0.689999998       3.73460278E-02
  0.699999988       3.74337845E-02
  0.709999979       3.77211608E-02
  0.719999969       3.81459855E-02
  0.729999959       3.86780873E-02
  0.740000010       3.93011644E-02
  0.750000000       4.00072038E-02
  0.759999990       4.07918431E-02
  0.769999981       4.16543707E-02
  0.779999971       4.25966047E-02
  0.789999962       4.36221436E-02
  0.799999952       4.47359234E-02
  0.810000002       4.59453464E-02
  0.819999993       4.72592972E-02
  0.829999983       4.86897491E-02
  0.839999974       5.02514578E-02
  0.849999964       5.19580320E-02
  0.859999955       5.38347736E-02
  0.870000005       5.59067987E-02
  0.879999995       5.82083389E-02
  0.889999986       6.07810654E-02
  0.899999976       6.36805296E-02
  0.909999967       6.69804588E-02
  0.919999957       7.07779601E-02
  0.930000007       7.52096102E-02
  0.939999998       8.04702342E-02
  0.949999988       8.68487582E-02
  0.959999979       9.47947949E-02
  0.969999969      0.105046421    
  0.979999959      0.118876450    
  0.989999950      0.138387308    
   1.00000000      0.161188379    
   1.00999999      0.164509594    
   1.01999998      0.165524036    
   1.02999997      0.166284367    
   1.03999996      0.167044550    
   1.04999995      0.167862311    
   1.05999994      0.168751463    
   1.06999993      0.169709891    
   1.07999992      0.170716792    
   1.09000003      0.171820208    
   1.10000002      0.172960848    
   1.11000001      0.174152240    
   1.12000000      0.175391153    
   1.13000000      0.176673755    
   1.13999999      0.177997246    
   1.14999998      0.179359719    
   1.15999997      0.180759028    
   1.16999996      0.182193696    
   1.17999995      0.183661968    
   1.18999994      0.185163349    
   1.19999993      0.186696559    
   1.20999992      0.188260958    
   1.22000003      0.189856350    
   1.23000002      0.191481814    
   1.24000001      0.193137646    
   1.25000000      0.194823489    
   1.25999999      0.196538925    
   1.26999998      0.198284745    
   1.27999997      0.200060487    
   1.28999996      0.201866418    
   1.29999995      0.203703001    
   1.30999994      0.205570713    
   1.31999993      0.207469508    
   1.32999992      0.209400117    
   1.33999991      0.211363152    
   1.35000002      0.213359162    
   1.36000001      0.215388998    
   1.37000000      0.217453077    
   1.38000000      0.219552428    
   1.38999999      0.221687734    
   1.39999998      0.223859698    
   1.40999997      0.226069629    
   1.41999996      0.228319079    
   1.42999995      0.230606169    
   1.43999994      0.232936904    
   1.44999993      0.235308915    
   1.45999992      0.237724751    
   1.46999991      0.240184724    
   1.48000002      0.242692441    
   1.49000001      0.245247602    
   1.50000000      0.247852325    
   1.50999999      0.250508398    
   1.51999998      0.253217489    
   1.52999997      0.255982608    
   1.53999996      0.258802384    
   1.54999995      0.261682719    
   1.55999994      0.264624625    
   1.56999993      0.267629921    
   1.57999992      0.270701438    
   1.58999991      0.273842990    
   1.59999990      0.277056128    
   1.61000001      0.280344099    
   1.62000000      0.283710569    
   1.63000000      0.287158400    
   1.63999999      0.290691763    
   1.64999998      0.294314265    
   1.65999997      0.298030227    
   1.66999996      0.301843733    
   1.67999995      0.305760294    
   1.68999994      0.309784025    
   1.69999993      0.313921034    
   1.70999992      0.318177342    
   1.71999991      0.322557867    
   1.73000002      0.327071130    
   1.74000001      0.331722796    
   1.75000000      0.336521775    
   1.75999999      0.341475815    
   1.76999998      0.346594125    
   1.77999997      0.351886660    
   1.78999996      0.357364058    
   1.79999995      0.363037467    
   1.80999994      0.368917704    
   1.81999993      0.375024438    
   1.82999992      0.381365389    
   1.83999991      0.387960255    
   1.84999990      0.394825786    
   1.86000001      0.401979983    
   1.87000000      0.409445286    
   1.88000000      0.417242944    
   1.88999999      0.425399035    
   1.89999998      0.433938295    
   1.90999997      0.442890137    
   1.91999996      0.452285022    
   1.92999995      0.462154627    
   1.93999994      0.472532660    
   1.94999993      0.483451128    
   1.95999992      0.494940966    
   1.96999991      0.507026255    
   1.97999990      0.519718528    
   1.99000001      0.533004403    
   2.00000000      0.546827793    
   2.00999999      0.560820401    
   2.01999998      0.574009359    
   2.02999997      0.586238861    
   2.03999996      0.597582757    
   2.04999995      0.608144939    
   2.05999994      0.618026555    
   2.06999993      0.627315998    
   2.07999992      0.636090100    
   2.08999991      0.644412696    
   2.09999990      0.652338147    
   2.10999990      0.659913599    
   2.11999989      0.667178452    
   2.12999988      0.674166679    
   2.13999987      0.680906951    
   2.14999986      0.687424183    
   2.15999985      0.693741500    
   2.16999984      0.699877322    
   2.18000007      0.705848455    
   2.19000006      0.711669803    
   2.20000005      0.717354774    
   2.21000004      0.722913742    
   2.22000003      0.728357255    
   2.23000002      0.733696163    
   2.24000001      0.738935769    
   2.25000000      0.744086862    
   2.25999999      0.749152720    
   2.26999998      0.754141808    
   2.27999997      0.759058237    
   2.28999996      0.763908088    
   2.29999995      0.768693805    
   2.30999994      0.773421943    
   2.31999993      0.778095305    
   2.32999992      0.782717049    
   2.33999991      0.787289679    
   2.34999990      0.791816890    
   2.35999990      0.796301842    
   2.36999989      0.800746739    
   2.37999988      0.805152297    
   2.38999987      0.809521675    
   2.39999986      0.813858032    
   2.40999985      0.818160892    
   2.41999984      0.822434664    
   2.42999983      0.826678038    
   2.44000006      0.830895305    
   2.45000005      0.835085332    
   2.46000004      0.839249730    
   2.47000003      0.843390822    
   2.48000002      0.847509444    
   2.49000001      0.851606488    
   2.50000000      0.855682850    
   2.50999999      0.859738648    
   2.51999998      0.863775671    
   2.52999997      0.867795110    
   2.53999996      0.871796608    
   2.54999995      0.875781655    
   2.55999994      0.879750848    
   2.56999993      0.883705318    
   2.57999992      0.887643933    
   2.58999991      0.891569257    
   2.59999990      0.895480812    
   2.60999990      0.899378836    
   2.61999989      0.903264463    
   2.62999988      0.907137752    
   2.63999987      0.910999775    
   2.64999986      0.914850533    
   2.65999985      0.918689549    
   2.66999984      0.922518849    
   2.67999983      0.926337600    
   2.69000006      0.930147350    
   2.70000005      0.933946848    
   2.71000004      0.937737048    
   2.72000003      0.941518545    
   2.73000002      0.945291877    
   2.74000001      0.949057519    
   2.75000000      0.952813089    
   2.75999999      0.956561744    
   2.76999998      0.960302889    
   2.77999997      0.964036226    
   2.78999996      0.967764318    
   2.79999995      0.971483529    
   2.80999994      0.975196660    
   2.81999993      0.978903353    
   2.82999992      0.982603192    
   2.83999991      0.986297548    
   2.84999990      0.989985764    
   2.85999990      0.993667901    
   2.86999989      0.997343719    
   2.87999988       1.00101566    
   2.88999987       1.00468040    
   2.89999986       1.00834060    
   2.90999985       1.01199639    
   2.91999984       1.01564646    
   2.92999983       1.01929259    
   2.93999982       1.02293265    
   2.95000005       1.02656841    
   2.96000004       1.03020084    
   2.97000003       1.03382850    
   2.98000002       1.03745103    
   2.99000001       1.04106951    
   3.00000000       1.04468417    
   3.00999999       1.04829514    
   3.01999998       1.05190265    
   3.02999997       1.05550420    
   3.03999996       1.05910385    
   3.04999995       1.06269932    
   3.05999994       1.06629169    
   3.06999993       1.06988144    
   3.07999992       1.07346594    
   3.08999991       1.07704735    
   3.09999990       1.08062565    
   3.10999990       1.08420074    
   3.11999989       1.08777332    
   3.12999988       1.09134245    
   3.13999987       1.09490919    
   3.14999986       1.09847116    
   3.15999985       1.10203242    
   3.16999984       1.10558939    
   3.17999983       1.10914481    
   3.18999982       1.11269629    
   3.19999981       1.11624551    
   3.21000004       1.11979234    
   3.22000003       1.12333632    
   3.23000002       1.12687755    
   3.24000001       1.13041759    
   3.25000000       1.13395369    
   3.25999999       1.13748789    
   3.26999998       1.14101934    
   3.27999997       1.14454889    
   3.28999996       1.14807737    
   3.29999995       1.15160263    
   3.30999994       1.15512550    
   3.31999993       1.15864670    
   3.32999992       1.16216469    
   3.33999991       1.16568065    
   3.34999990       1.16919553    
   3.35999990       1.17270780    
   3.36999989       1.17621875    
   3.37999988       1.17972720    
   3.38999987       1.18323314    
   3.39999986       1.18673790    
   3.40999985       1.19024122    
   3.41999984       1.19374311    
   3.42999983       1.19724262    
   3.43999982       1.20073986    
   3.44999981       1.20423651    
   3.46000004       1.20773053    
   3.47000003       1.21122301    
   3.48000002       1.21471334    
   3.49000001       1.21820188    
   3.50000000       1.22169054    
   3.50999999       1.22517514    
