   9.99999978E-03   3.55300726E-04
   1.99999996E-02   6.51865441E-04
   2.99999993E-02   8.43610906E-04
   3.99999991E-02   1.17235433E-03
   4.99999970E-02   1.36176462E-03
   5.99999987E-02   1.42574892E-03
   7.00000003E-02   1.48529070E-03
   7.99999982E-02   1.57239265E-03
   8.99999961E-02   1.68641063E-03
   9.99999940E-02   1.82003935E-03
  0.109999999       1.96609623E-03
  0.119999997       2.11908319E-03
  0.129999995       2.27445574E-03
  0.140000001       2.42974213E-03
  0.149999991       2.58350442E-03
  0.159999996       2.73347343E-03
  0.170000002       2.87845847E-03
  0.179999992       3.01939575E-03
  0.189999998       3.15520749E-03
  0.199999988       3.28604481E-03
  0.209999993       3.41168395E-03
  0.219999999       3.53277009E-03
  0.229999989       3.64590110E-03
  0.239999995       3.75837716E-03
  0.250000000       3.86900106E-03
  0.259999990       3.97147192E-03
  0.269999981       4.07383824E-03
  0.280000001       4.18341625E-03
  0.289999992       4.27630963E-03
  0.299999982       4.36857389E-03
  0.310000002       4.46906034E-03
  0.319999993       4.58745891E-03
  0.329999983       4.76037059E-03
  0.340000004       4.82158829E-03
  0.349999994       4.91456687E-03
  0.359999985       5.02557447E-03
  0.370000005       5.16368682E-03
  0.379999995       5.35922404E-03
  0.389999986       5.70385903E-03
  0.399999976       6.07543346E-03
  0.409999996       6.08233456E-03
  0.419999987       6.19530259E-03
  0.429999977       6.34842226E-03
  0.439999998       6.54375507E-03
  0.449999988       6.79469854E-03
  0.459999979       7.13053811E-03
  0.469999999       7.61119230E-03
  0.479999989       8.37560277E-03
  0.489999980       9.81302559E-03
  0.500000000       1.14046019E-02
  0.509999990       1.09958900E-02
  0.519999981       1.10653890E-02
  0.529999971       1.12573728E-02
  0.539999962       1.15270708E-02
  0.550000012       1.18632885E-02
  0.560000002       1.22695994E-02
  0.569999993       1.27525916E-02
  0.579999983       1.33271692E-02
  0.589999974       1.40230693E-02
  0.599999964       1.48718860E-02
  0.610000014       1.59339532E-02
  0.620000005       1.73068494E-02
  0.629999995       1.91621874E-02
  0.639999986       2.18403917E-02
  0.649999976       2.61152890E-02
  0.659999967       3.38932201E-02
  0.669999957       3.69996615E-02
  0.680000007       3.58425044E-02
  0.689999998       3.55882123E-02
  0.699999988       3.56694274E-02
  0.709999979       3.59415822E-02
  0.719999969       3.63448486E-02
  0.729999959       3.68502103E-02
  0.740000010       3.74420807E-02
  0.750000000       3.81129310E-02
  0.759999990       3.88583951E-02
  0.769999981       3.96779068E-02
  0.779999971       4.05732431E-02
  0.789999962       4.15475555E-02
  0.799999952       4.26059291E-02
  0.810000002       4.37551886E-02
  0.819999993       4.50041220E-02
  0.829999983       4.63639051E-02
  0.839999974       4.78488430E-02
  0.849999964       4.94717285E-02
  0.859999955       5.12569658E-02
  0.870000005       5.32287844E-02
  0.879999995       5.54197021E-02
  0.889999986       5.78700788E-02
  0.899999976       6.06331713E-02
  0.909999967       6.37801439E-02
  0.919999957       6.74047098E-02
  0.930000007       7.16390833E-02
  0.939999998       7.66725466E-02
  0.949999988       8.27868283E-02
  0.959999979       9.04228762E-02
  0.969999969      0.100310653    
  0.979999959      0.113727614    
  0.989999950      0.132854044    
   1.00000000      0.155649662    
   1.00999999      0.158862114    
   1.01999998      0.159801424    
   1.02999997      0.160505667    
   1.03999996      0.161218569    
   1.04999995      0.161992475    
   1.05999994      0.162839934    
   1.06999993      0.163757309    
   1.07999992      0.164740980    
   1.09000003      0.165784359    
   1.10000002      0.166882575    
   1.11000001      0.168030426    
   1.12000000      0.169226006    
   1.13000000      0.170464143    
   1.13999999      0.171742201    
   1.14999998      0.173058376    
   1.15999997      0.174410611    
   1.16999996      0.175797239    
   1.17999995      0.177216873    
   1.18999994      0.178668454    
   1.19999993      0.180151150    
   1.20999992      0.181664512    
   1.22000003      0.183207721    
   1.23000002      0.184780523    
   1.24000001      0.186382622    
   1.25000000      0.188013926    
   1.25999999      0.189673901    
   1.26999998      0.191363513    
   1.27999997      0.193082079    
   1.28999996      0.194830239    
   1.29999995      0.196608171    
   1.30999994      0.198416308    
   1.31999993      0.200254843    
   1.32999992      0.202124074    
   1.33999991      0.204025015    
   1.35000002      0.205957890    
   1.36000001      0.207923964    
   1.37000000      0.209922850    
   1.38000000      0.211956337    
   1.38999999      0.214024767    
   1.39999998      0.216129050    
   1.40999997      0.218270153    
   1.41999996      0.220449731    
   1.42999995      0.222666949    
   1.43999994      0.224924743    
   1.44999993      0.227223724    
   1.45999992      0.229565784    
   1.46999991      0.231951088    
   1.48000002      0.234381691    
   1.49000001      0.236859217    
   1.50000000      0.239385203    
   1.50999999      0.241961047    
   1.51999998      0.244588017    
   1.52999997      0.247271612    
   1.53999996      0.250007540    
   1.54999995      0.252802700    
   1.55999994      0.255657673    
   1.56999993      0.258575201    
   1.57999992      0.261557043    
   1.58999991      0.264607370    
   1.59999990      0.267728031    
   1.61000001      0.270921797    
   1.62000000      0.274192184    
   1.63000000      0.277542949    
   1.63999999      0.280976593    
   1.64999998      0.284498632    
   1.65999997      0.288111418    
   1.66999996      0.291820407    
   1.67999995      0.295630783    
   1.68999994      0.299546033    
   1.69999993      0.303572863    
   1.70999992      0.307716340    
   1.71999991      0.311983079    
   1.73000002      0.316379547    
   1.74000001      0.320912600    
   1.75000000      0.325591207    
   1.75999999      0.330422670    
   1.76999998      0.335416138    
   1.77999997      0.340581745    
   1.78999996      0.345929652    
   1.79999995      0.351472288    
   1.80999994      0.357221395    
   1.81999993      0.363191098    
   1.82999992      0.369396240    
   1.83999991      0.375851631    
   1.84999990      0.382577688    
   1.86000001      0.389591753    
   1.87000000      0.396915317    
   1.88000000      0.404571414    
   1.88999999      0.412585557    
   1.89999998      0.420984894    
   1.90999997      0.429797977    
   1.91999996      0.439057767    
   1.92999995      0.448797047    
   1.93999994      0.459051460    
   1.94999993      0.469853789    
   1.95999992      0.481240541    
   1.96999991      0.493236363    
   1.97999990      0.505857766    
   1.99000001      0.519095421    
   2.00000000      0.532895327    
   2.00999999      0.546892226    
   2.01999998      0.560086429    
   2.02999997      0.572310030    
   2.03999996      0.583637536    
   2.04999995      0.594174564    
   2.05999994      0.604023337    
   2.06999993      0.613273740    
   2.07999992      0.622004569    
   2.08999991      0.630280137    
   2.09999990      0.638156772    
   2.10999990      0.645680249    
   2.11999989      0.652890086    
   2.12999988      0.659824133    
   2.13999987      0.666507483    
   2.14999986      0.672967732    
   2.15999985      0.679228187    
   2.16999984      0.685305476    
   2.18000007      0.691218555    
   2.19000006      0.696981132    
   2.20000005      0.702606082    
   2.21000004      0.708107233    
   2.22000003      0.713491380    
   2.23000002      0.718771279    
   2.24000001      0.723952353    
   2.25000000      0.729042828    
   2.25999999      0.734051824    
   2.26999998      0.738981366    
   2.27999997      0.743839502    
   2.28999996      0.748630583    
   2.29999995      0.753358543    
   2.30999994      0.758027792    
   2.31999993      0.762642622    
   2.32999992      0.767206430    
   2.33999991      0.771721661    
   2.34999990      0.776191533    
   2.35999990      0.780618787    
   2.36999989      0.785005927    
   2.37999988      0.789354622    
   2.38999987      0.793667495    
   2.39999986      0.797946453    
   2.40999985      0.802193046    
   2.41999984      0.806409597    
   2.42999983      0.810597003    
   2.44000006      0.814756453    
   2.45000005      0.818890214    
   2.46000004      0.822999179    
   2.47000003      0.827084541    
   2.48000002      0.831147075    
   2.49000001      0.835187435    
   2.50000000      0.839208484    
   2.50999999      0.843208849    
   2.51999998      0.847189605    
   2.52999997      0.851154208    
   2.53999996      0.855100274    
   2.54999995      0.859030724    
   2.55999994      0.862945020    
   2.56999993      0.866844296    
   2.57999992      0.870727956    
   2.58999991      0.874598145    
   2.59999990      0.878454864    
   2.60999990      0.882298350    
   2.61999989      0.886128783    
   2.62999988      0.889948308    
   2.63999987      0.893755674    
   2.64999986      0.897551715    
   2.65999985      0.901336670    
   2.66999984      0.905111551    
   2.67999983      0.908876717    
   2.69000006      0.912632048    
   2.70000005      0.916377544    
   2.71000004      0.920114100    
   2.72000003      0.923841596    
   2.73000002      0.927560747    
   2.74000001      0.931272864    
   2.75000000      0.934974551    
   2.75999999      0.938670099    
   2.76999998      0.942357361    
   2.77999997      0.946037769    
   2.78999996      0.949710906    
   2.79999995      0.953377545    
   2.80999994      0.957037032    
   2.81999993      0.960690320    
   2.82999992      0.964336336    
   2.83999991      0.967977583    
   2.84999990      0.971613228    
   2.85999990      0.975241780    
   2.86999989      0.978864908    
   2.87999988      0.982483089    
   2.88999987      0.986096263    
   2.89999986      0.989703119    
   2.90999985      0.993305027    
   2.91999984      0.996902764    
   2.92999983       1.00049508    
   2.93999982       1.00408328    
   2.95000005       1.00766587    
   2.96000004       1.01124585    
   2.97000003       1.01481915    
   2.98000002       1.01838934    
   2.99000001       1.02195621    
   3.00000000       1.02551723    
   3.00999999       1.02907610    
   3.01999998       1.03263021    
   3.02999997       1.03617990    
   3.03999996       1.03972828    
   3.04999995       1.04326987    
   3.05999994       1.04680932    
   3.06999993       1.05034423    
   3.07999992       1.05387819    
   3.08999991       1.05740678    
   3.09999990       1.06093287    
   3.10999990       1.06445646    
   3.11999989       1.06797600    
   3.12999988       1.07149327    
   3.13999987       1.07500732    
   3.14999986       1.07851768    
   3.15999985       1.08202529    
   3.16999984       1.08553171    
   3.17999983       1.08903348    
   3.18999982       1.09253287    
   3.19999981       1.09602952    
   3.21000004       1.09952474    
   3.22000003       1.10301542    
   3.23000002       1.10650527    
   3.24000001       1.10999286    
   3.25000000       1.11347723    
   3.25999999       1.11695898    
   3.26999998       1.12043953    
   3.27999997       1.12391627    
   3.28999996       1.12739182    
   3.29999995       1.13086462    
   3.30999994       1.13433540    
   3.31999993       1.13780510    
   3.32999992       1.14127147    
   3.33999991       1.14473605    
   3.34999990       1.14819849    
   3.35999990       1.15165925    
   3.36999989       1.15511811    
   3.37999988       1.15857542    
   3.38999987       1.16203022    
   3.39999986       1.16548061    
   3.40999985       1.16893375    
   3.41999984       1.17238271    
   3.42999983       1.17583072    
   3.43999982       1.17927635    
   3.44999981       1.18272054    
   3.46000004       1.18616295    
   3.47000003       1.18960392    
   3.48000002       1.19304311    
   3.49000001       1.19648051    
   3.50000000       1.19991648    
   3.50999999       1.20334864    
