   9.99999978E-03   3.62563849E-04
   1.99999996E-02   6.40686485E-04
   2.99999993E-02   8.62709538E-04
   3.99999991E-02   1.17412442E-03
   4.99999970E-02   1.41264265E-03
   5.99999987E-02   1.48660364E-03
   7.00000003E-02   1.53955969E-03
   7.99999982E-02   1.61670567E-03
   8.99999961E-02   1.72328961E-03
   9.99999940E-02   1.84974342E-03
  0.109999999       1.99208059E-03
  0.119999997       2.14332063E-03
  0.129999995       2.29851576E-03
  0.140000001       2.45475373E-03
  0.149999991       2.61039799E-03
  0.159999996       2.76242476E-03
  0.170000002       2.91062100E-03
  0.179999992       3.05471756E-03
  0.189999998       3.19390954E-03
  0.199999988       3.32859019E-03
  0.209999993       3.45762935E-03
  0.219999999       3.58252320E-03
  0.229999989       3.70187662E-03
  0.239999995       3.81840416E-03
  0.250000000       3.92944366E-03
  0.259999990       4.03631805E-03
  0.269999981       4.14699642E-03
  0.280000001       4.26614378E-03
  0.289999992       4.36337991E-03
  0.299999982       4.46280185E-03
  0.310000002       4.57192771E-03
  0.319999993       4.70798276E-03
  0.329999983       4.90991725E-03
  0.340000004       4.97047510E-03
  0.349999994       5.07481955E-03
  0.359999985       5.20237861E-03
  0.370000005       5.36712585E-03
  0.379999995       5.60572045E-03
  0.389999986       6.02936698E-03
  0.399999976       6.44283183E-03
  0.409999996       6.44839648E-03
  0.419999987       6.58018608E-03
  0.429999977       6.76018978E-03
  0.439999998       6.99644489E-03
  0.449999988       7.30037503E-03
  0.459999979       7.70944403E-03
  0.469999999       8.29646178E-03
  0.479999989       9.22696013E-03
  0.489999980       1.09409401E-02
  0.500000000       1.26483859E-02
  0.509999990       1.21920910E-02
  0.519999981       1.22744292E-02
  0.529999971       1.24994433E-02
  0.539999962       1.28160259E-02
  0.550000012       1.32123586E-02
  0.560000002       1.36902425E-02
  0.569999993       1.42599624E-02
  0.579999983       1.49403373E-02
  0.589999974       1.57589503E-02
  0.599999964       1.67601425E-02
  0.610000014       1.80116892E-02
  0.620000005       1.96256563E-02
  0.629999995       2.17992645E-02
  0.639999986       2.49162894E-02
  0.649999976       2.98233349E-02
  0.659999967       3.84207629E-02
  0.669999957       4.14463468E-02
  0.680000007       4.02006134E-02
  0.689999998       3.99290100E-02
  0.699999988       4.00267318E-02
  0.709999979       4.03368175E-02
  0.719999969       4.07934710E-02
  0.729999959       4.13647927E-02
  0.740000010       4.20335084E-02
  0.750000000       4.27912585E-02
  0.759999990       4.36333790E-02
  0.769999981       4.45588753E-02
  0.779999971       4.55698743E-02
  0.789999962       4.66700420E-02
  0.799999952       4.78648618E-02
  0.810000002       4.91620600E-02
  0.819999993       5.05711436E-02
  0.829999983       5.21047674E-02
  0.839999974       5.37770204E-02
  0.849999964       5.56071959E-02
  0.859999955       5.76172657E-02
  0.870000005       5.98354340E-02
  0.879999995       6.22979850E-02
  0.889999986       6.50485456E-02
  0.899999976       6.81459755E-02
  0.909999967       7.16677159E-02
  0.919999957       7.57154673E-02
  0.930000007       8.04318488E-02
  0.939999998       8.60193223E-02
  0.949999988       9.27767977E-02
  0.959999979      0.101164483    
  0.969999969      0.111929931    
  0.979999959      0.126335293    
  0.989999950      0.146365270    
   1.00000000      0.169157133    
   1.00999999      0.172630906    
   1.01999998      0.173754022    
   1.02999997      0.174595565    
   1.03999996      0.175425068    
   1.04999995      0.176306620    
   1.05999994      0.177256301    
   1.06999993      0.178274915    
   1.07999992      0.179359689    
   1.09000003      0.180505008    
   1.10000002      0.181706950    
   1.11000001      0.182960480    
   1.12000000      0.184262335    
   1.13000000      0.185609251    
   1.13999999      0.186998159    
   1.14999998      0.188427046    
   1.15999997      0.189893976    
   1.16999996      0.191397384    
   1.17999995      0.192935660    
   1.18999994      0.194508210    
   1.19999993      0.196113661    
   1.20999992      0.197752148    
   1.22000003      0.199424356    
   1.23000002      0.201123029    
   1.24000001      0.202855766    
   1.25000000      0.204619706    
   1.25999999      0.206414267    
   1.26999998      0.208240569    
   1.27999997      0.210097820    
   1.28999996      0.211986616    
   1.29999995      0.213907003    
   1.30999994      0.215859801    
   1.31999993      0.217845067    
   1.32999992      0.219863310    
   1.33999991      0.221915185    
   1.35000002      0.224001408    
   1.36000001      0.226122767    
   1.37000000      0.228279471    
   1.38000000      0.230472773    
   1.38999999      0.232703283    
   1.39999998      0.234972104    
   1.40999997      0.237280324    
   1.41999996      0.239629313    
   1.42999995      0.242017239    
   1.43999994      0.244450599    
   1.44999993      0.246926636    
   1.45999992      0.249448135    
   1.46999991      0.252015948    
   1.48000002      0.254631639    
   1.49000001      0.257297367    
   1.50000000      0.260014266    
   1.50999999      0.262783945    
   1.51999998      0.265608817    
   1.52999997      0.268491477    
   1.53999996      0.271430701    
   1.54999995      0.274432182    
   1.55999994      0.277497232    
   1.56999993      0.280627787    
   1.57999992      0.283826262    
   1.58999991      0.287097365    
   1.59999990      0.290442050    
   1.61000001      0.293863714    
   1.62000000      0.297365636    
   1.63000000      0.300951988    
   1.63999999      0.304626226    
   1.64999998      0.308391541    
   1.65999997      0.312252879    
   1.66999996      0.316214204    
   1.67999995      0.320281148    
   1.68999994      0.324458480    
   1.69999993      0.328751206    
   1.70999992      0.333165497    
   1.71999991      0.337707877    
   1.73000002      0.342385352    
   1.74000001      0.347203493    
   1.75000000      0.352172315    
   1.75999999      0.357298702    
   1.76999998      0.362592369    
   1.77999997      0.368063599    
   1.78999996      0.373721480    
   1.79999995      0.379578561    
   1.80999994      0.385647058    
   1.81999993      0.391940415    
   1.82999992      0.398472756    
   1.83999991      0.405260146    
   1.84999990      0.412320226    
   1.86000001      0.419670403    
   1.87000000      0.427331984    
   1.88000000      0.435325742    
   1.88999999      0.443677425    
   1.89999998      0.452410311    
   1.90999997      0.461552262    
   1.91999996      0.471132398    
   1.92999995      0.481180370    
   1.93999994      0.491726726    
   1.94999993      0.502801836    
   1.95999992      0.514431834    
   1.96999991      0.526636422    
   1.97999990      0.539422691    
   1.99000001      0.552773356    
   2.00000000      0.566626370    
   2.00999999      0.580609381    
   2.01999998      0.593790114    
   2.02999997      0.606026292    
   2.03999996      0.617390871    
   2.04999995      0.627986312    
   2.05999994      0.637911618    
   2.06999993      0.647252500    
   2.07999992      0.656084895    
   2.08999991      0.664470434    
   2.09999990      0.672463715    
   2.10999990      0.680110216    
   2.11999989      0.687447786    
   2.12999988      0.694510877    
   2.13999987      0.701327682    
   2.14999986      0.707923174    
   2.15999985      0.714319706    
   2.16999984      0.720535278    
   2.18000007      0.726587415    
   2.19000006      0.732489526    
   2.20000005      0.738254428    
   2.21000004      0.743894875    
   2.22000003      0.749420285    
   2.23000002      0.754839540    
   2.24000001      0.760161757    
   2.25000000      0.765392959    
   2.25999999      0.770540655    
   2.26999998      0.775611281    
   2.27999997      0.780608892    
   2.28999996      0.785539567    
   2.29999995      0.790406585    
   2.30999994      0.795215130    
   2.31999993      0.799968481    
   2.32999992      0.804670632    
   2.33999991      0.809323609    
   2.34999990      0.813931584    
   2.35999990      0.818495691    
   2.36999989      0.823019743    
   2.37999988      0.827504516    
   2.38999987      0.831954122    
   2.39999986      0.836369991    
   2.40999985      0.840751648    
   2.41999984      0.845103800    
   2.42999983      0.849426568    
   2.44000006      0.853721321    
   2.45000005      0.857989430    
   2.46000004      0.862232327    
   2.47000003      0.866451263    
   2.48000002      0.870647788    
   2.49000001      0.874822259    
   2.50000000      0.878975809    
   2.50999999      0.883112192    
   2.51999998      0.887223601    
   2.52999997      0.891319931    
   2.53999996      0.895399153    
   2.54999995      0.899461210    
   2.55999994      0.903507710    
   2.56999993      0.907537162    
   2.57999992      0.911553025    
   2.58999991      0.915555239    
   2.59999990      0.919542074    
   2.60999990      0.923516810    
   2.61999989      0.927478075    
   2.62999988      0.931428075    
   2.63999987      0.935365617    
   2.64999986      0.939292252    
   2.65999985      0.943207264    
   2.66999984      0.947112262    
   2.67999983      0.951007068    
   2.69000006      0.954891205    
   2.70000005      0.958766520    
   2.71000004      0.962632179    
   2.72000003      0.966488898    
   2.73000002      0.970337510    
   2.74000001      0.974177420    
   2.75000000      0.978008568    
   2.75999999      0.981831729    
   2.76999998      0.985648155    
   2.77999997      0.989457011    
   2.78999996      0.993258476    
   2.79999995      0.997052610    
   2.80999994       1.00083983    
   2.81999993       1.00462162    
   2.82999992       1.00839591    
   2.83999991       1.01216376    
   2.84999990       1.01592743    
   2.85999990       1.01968384    
   2.86999989       1.02343404    
   2.87999988       1.02717924    
   2.88999987       1.03091967    
   2.89999986       1.03465354    
   2.90999985       1.03838301    
   2.91999984       1.04210722    
   2.92999983       1.04582620    
   2.93999982       1.04954147    
   2.95000005       1.05325162    
   2.96000004       1.05695701    
   2.97000003       1.06065941    
   2.98000002       1.06435466    
   2.99000001       1.06804729    
   3.00000000       1.07173574    
   3.00999999       1.07541990    
   3.01999998       1.07909894    
   3.02999997       1.08277619    
   3.03999996       1.08644807    
   3.04999995       1.09011781    
   3.05999994       1.09378290    
   3.06999993       1.09744549    
   3.07999992       1.10110426    
   3.08999991       1.10475910    
   3.09999990       1.10841107    
   3.10999990       1.11205935    
   3.11999989       1.11570442    
   3.12999988       1.11934686    
   3.13999987       1.12298620    
   3.14999986       1.12662315    
   3.15999985       1.13025594    
   3.16999984       1.13388717    
   3.17999983       1.13751364    
   3.18999982       1.14113951    
   3.19999981       1.14476120    
   3.21000004       1.14838183    
   3.22000003       1.15199852    
   3.23000002       1.15561247    
   3.24000001       1.15922379    
   3.25000000       1.16283357    
   3.25999999       1.16644144    
   3.26999998       1.17004561    
   3.27999997       1.17364752    
   3.28999996       1.17724836    
   3.29999995       1.18084657    
   3.30999994       1.18444228    
   3.31999993       1.18803501    
   3.32999992       1.19162619    
   3.33999991       1.19521618    
   3.34999990       1.19880235    
   3.35999990       1.20238793    
   3.36999989       1.20597124    
   3.37999988       1.20955288    
   3.38999987       1.21313107    
   3.39999986       1.21670890    
   3.40999985       1.22028506    
   3.41999984       1.22385955    
   3.42999983       1.22742963    
   3.43999982       1.23099947    
   3.44999981       1.23456943    
   3.46000004       1.23813546    
   3.47000003       1.24169934    
   3.48000002       1.24526417    
   3.49000001       1.24882483    
   3.50000000       1.25238526    
   3.50999999       1.25594342    
