   9.99999978E-03   3.59952042E-04
   1.99999996E-02   6.53410447E-04
   2.99999993E-02   8.57383595E-04
   3.99999991E-02   1.18167838E-03
   4.99999970E-02   1.40031590E-03
   5.99999987E-02   1.47135218E-03
   7.00000003E-02   1.52569369E-03
   7.99999982E-02   1.60532270E-03
   8.99999961E-02   1.71355822E-03
   9.99999940E-02   1.84213964E-03
  0.109999999       1.98554248E-03
  0.119999997       2.13738112E-03
  0.129999995       2.29257741E-03
  0.140000001       2.44865008E-03
  0.149999991       2.60383752E-03
  0.159999996       2.75566196E-03
  0.170000002       2.90284120E-03
  0.179999992       3.04615963E-03
  0.189999998       3.18452553E-03
  0.199999988       3.31831537E-03
  0.209999993       3.44643975E-03
  0.219999999       3.57036316E-03
  0.229999989       3.68877780E-03
  0.239999995       3.80308251E-03
  0.250000000       3.91402468E-03
  0.259999990       4.02201852E-03
  0.269999981       4.12886497E-03
  0.280000001       4.24543442E-03
  0.289999992       4.34117345E-03
  0.299999982       4.43929853E-03
  0.310000002       4.54567652E-03
  0.319999993       4.67786985E-03
  0.329999983       4.87141544E-03
  0.340000004       4.93220426E-03
  0.349999994       5.03361039E-03
  0.359999985       5.15650678E-03
  0.370000005       5.31415129E-03
  0.379999995       5.54111553E-03
  0.389999986       5.94363734E-03
  0.399999976       6.34660106E-03
  0.409999996       6.35233475E-03
  0.419999987       6.47921581E-03
  0.429999977       6.65328791E-03
  0.439999998       6.87729893E-03
  0.449999988       7.16701848E-03
  0.459999979       7.55663915E-03
  0.469999999       8.11241940E-03
  0.479999989       9.00180079E-03
  0.489999980       1.06434170E-02
  0.500000000       1.23227248E-02
  0.509999990       1.18785063E-02
  0.519999981       1.19572775E-02
  0.529999971       1.21737467E-02
  0.539999962       1.24779418E-02
  0.550000012       1.28587298E-02
  0.560000002       1.33175179E-02
  0.569999993       1.38644762E-02
  0.579999983       1.45175997E-02
  0.589999974       1.53034152E-02
  0.599999964       1.62646174E-02
  0.610000014       1.74665432E-02
  0.620000005       1.90173611E-02
  0.629999995       2.11078040E-02
  0.639999986       2.41108146E-02
  0.649999976       2.88549718E-02
  0.659999967       3.72465700E-02
  0.669999957       4.02954891E-02
  0.680000007       3.90716344E-02
  0.689999998       3.88041995E-02
  0.699999988       3.88976373E-02
  0.709999979       3.91976573E-02
  0.719999969       3.96405198E-02
  0.729999959       4.01947238E-02
  0.740000010       4.08435948E-02
  0.750000000       4.15788591E-02
  0.759999990       4.23960201E-02
  0.769999981       4.32941057E-02
  0.779999971       4.42751497E-02
  0.789999962       4.53428663E-02
  0.799999952       4.65024449E-02
  0.810000002       4.77615222E-02
  0.819999993       4.91292514E-02
  0.829999983       5.06181084E-02
  0.839999974       5.22415750E-02
  0.849999964       5.40187396E-02
  0.859999955       5.59709556E-02
  0.870000005       5.81256598E-02
  0.879999995       6.05183318E-02
  0.889999986       6.31917119E-02
  0.899999976       6.62032738E-02
  0.909999967       6.96288645E-02
  0.919999957       7.35682175E-02
  0.930000007       7.81614035E-02
  0.939999998       8.36074352E-02
  0.949999988       9.02012289E-02
  0.959999979       9.83986333E-02
  0.969999969      0.108943261    
  0.979999959      0.123102568    
  0.989999950      0.142912880    
   1.00000000      0.165710881    
   1.00999999      0.169119343    
   1.01999998      0.170195401    
   1.02999997      0.171001941    
   1.03999996      0.171801135    
   1.04999995      0.172655076    
   1.05999994      0.173578441    
   1.06999993      0.174570978    
   1.07999992      0.175629959    
   1.09000003      0.176749036    
   1.10000002      0.177924499    
   1.11000001      0.179151163    
   1.12000000      0.180425808    
   1.13000000      0.181744784    
   1.13999999      0.183105469    
   1.14999998      0.184505746    
   1.15999997      0.185943529    
   1.16999996      0.187417090    
   1.17999995      0.188921914    
   1.18999994      0.190466687    
   1.19999993      0.192041069    
   1.20999992      0.193647608    
   1.22000003      0.195285052    
   1.23000002      0.196953535    
   1.24000001      0.198653162    
   1.25000000      0.200383455    
   1.25999999      0.202143908    
   1.26999998      0.203935400    
   1.27999997      0.205757484    
   1.28999996      0.207610399    
   1.29999995      0.209494725    
   1.30999994      0.211410716    
   1.31999993      0.213358894    
   1.32999992      0.215339169    
   1.33999991      0.217352852    
   1.35000002      0.219399974    
   1.36000001      0.221481800    
   1.37000000      0.223598644    
   1.38000000      0.225751370    
   1.38999999      0.227940932    
   1.39999998      0.230167955    
   1.40999997      0.232433617    
   1.41999996      0.234739751    
   1.42999995      0.237084344    
   1.43999994      0.239473239    
   1.44999993      0.241904557    
   1.45999992      0.244380459    
   1.46999991      0.246902168    
   1.48000002      0.249470979    
   1.49000001      0.252095133    
   1.50000000      0.254757315    
   1.50999999      0.257478386    
   1.51999998      0.260253251    
   1.52999997      0.263085276    
   1.53999996      0.265973240    
   1.54999995      0.268922478    
   1.55999994      0.271934271    
   1.56999993      0.275011271    
   1.57999992      0.278154999    
   1.58999991      0.281370223    
   1.59999990      0.284658074    
   1.61000001      0.288022280    
   1.62000000      0.291465908    
   1.63000000      0.294992805    
   1.63999999      0.298606336    
   1.64999998      0.302310348    
   1.65999997      0.306108952    
   1.66999996      0.310006589    
   1.67999995      0.314009428    
   1.68999994      0.318120301    
   1.69999993      0.322346151    
   1.70999992      0.326695889    
   1.71999991      0.331165463    
   1.73000002      0.335772365    
   1.74000001      0.340519071    
   1.75000000      0.345414847    
   1.75999999      0.350467384    
   1.76999998      0.355685681    
   1.77999997      0.361080140    
   1.78999996      0.366660893    
   1.79999995      0.372439265    
   1.80999994      0.378427804    
   1.81999993      0.384640187    
   1.82999992      0.391090870    
   1.83999991      0.397796065    
   1.84999990      0.404772431    
   1.86000001      0.412039012    
   1.87000000      0.419616729    
   1.88000000      0.427526951    
   1.88999999      0.435795039    
   1.89999998      0.444445580    
   1.90999997      0.453506440    
   1.91999996      0.463007689    
   1.92999995      0.472979784    
   1.93999994      0.483454883    
   1.94999993      0.494463176    
   1.95999992      0.506033957    
   1.96999991      0.518188298    
   1.97999990      0.530928731    
   1.99000001      0.544258654    
   2.00000000      0.558099627    
   2.00999999      0.572086513    
   2.01999998      0.585271120    
   2.02999997      0.597504973    
   2.03999996      0.608860970    
   2.04999995      0.619441569    
   2.05999994      0.629349232    
   2.06999993      0.638668418    
   2.07999992      0.647476017    
   2.08999991      0.655834615    
   2.09999990      0.663799167    
   2.10999990      0.671415746    
   2.11999989      0.678721547    
   2.12999988      0.685754240    
   2.13999987      0.692537427    
   2.14999986      0.699100256    
   2.15999985      0.705463588    
   2.16999984      0.711644709    
   2.18000007      0.717661977    
   2.19000006      0.723529756    
   2.20000005      0.729260802    
   2.21000004      0.734866619    
   2.22000003      0.740356982    
   2.23000002      0.745742381    
   2.24000001      0.751029372    
   2.25000000      0.756225824    
   2.25999999      0.761338472    
   2.26999998      0.766374707    
   2.27999997      0.771338165    
   2.28999996      0.776233494    
   2.29999995      0.781066358    
   2.30999994      0.785840571    
   2.31999993      0.790560007    
   2.32999992      0.795227170    
   2.33999991      0.799846768    
   2.34999990      0.804419398    
   2.35999990      0.808949292    
   2.36999989      0.813439488    
   2.37999988      0.817891181    
   2.38999987      0.822306693    
   2.39999986      0.826687813    
   2.40999985      0.831036389    
   2.41999984      0.835354567    
   2.42999983      0.839643598    
   2.44000006      0.843904316    
   2.45000005      0.848139584    
   2.46000004      0.852349341    
   2.47000003      0.856535017    
   2.48000002      0.860697627    
   2.49000001      0.864839375    
   2.50000000      0.868960261    
   2.50999999      0.873059809    
   2.51999998      0.877140701    
   2.52999997      0.881205618    
   2.53999996      0.885250568    
   2.54999995      0.889279842    
   2.55999994      0.893293738    
   2.56999993      0.897290409    
   2.57999992      0.901273906    
   2.58999991      0.905241966    
   2.59999990      0.909197807    
   2.60999990      0.913139582    
   2.61999989      0.917068124    
   2.62999988      0.920985341    
   2.63999987      0.924890935    
   2.64999986      0.928784311    
   2.65999985      0.932667494    
   2.66999984      0.936540186    
   2.67999983      0.940401375    
   2.69000006      0.944254160    
   2.70000005      0.948097348    
   2.71000004      0.951930523    
   2.72000003      0.955754817    
   2.73000002      0.959570706    
   2.74000001      0.963379145    
   2.75000000      0.967177331    
   2.75999999      0.970970154    
   2.76999998      0.974753439    
   2.77999997      0.978529930    
   2.78999996      0.982299507    
   2.79999995      0.986062884    
   2.80999994      0.989817560    
   2.81999993      0.993567228    
   2.82999992      0.997310102    
   2.83999991       1.00104654    
   2.84999990       1.00477755    
   2.85999990       1.00850248    
   2.86999989       1.01222062    
   2.87999988       1.01593506    
   2.88999987       1.01964319    
   2.89999986       1.02334476    
   2.90999985       1.02704251    
   2.91999984       1.03073466    
   2.92999983       1.03442311    
   2.93999982       1.03810620    
   2.95000005       1.04178464    
   2.96000004       1.04545856    
   2.97000003       1.04912889    
   2.98000002       1.05279338    
   2.99000001       1.05645335    
   3.00000000       1.06011033    
   3.00999999       1.06376290    
   3.01999998       1.06741202    
   3.02999997       1.07105768    
   3.03999996       1.07469797    
   3.04999995       1.07833636    
   3.05999994       1.08196974    
   3.06999993       1.08560061    
   3.07999992       1.08922911    
   3.08999991       1.09285140    
   3.09999990       1.09647167    
   3.10999990       1.10008872    
   3.11999989       1.10370362    
   3.12999988       1.10731363    
   3.13999987       1.11092246    
   3.14999986       1.11452663    
   3.15999985       1.11812901    
   3.16999984       1.12172914    
   3.17999983       1.12532532    
   3.18999982       1.12891805    
   3.19999981       1.13250935    
   3.21000004       1.13609827    
   3.22000003       1.13968337    
   3.23000002       1.14326584    
   3.24000001       1.14684761    
   3.25000000       1.15042543    
   3.25999999       1.15400159    
   3.26999998       1.15757477    
   3.27999997       1.16114736    
   3.28999996       1.16471541    
   3.29999995       1.16828239    
   3.30999994       1.17184770    
   3.31999993       1.17541027    
   3.32999992       1.17896903    
   3.33999991       1.18252730    
   3.34999990       1.18608367    
   3.35999990       1.18963683    
   3.36999989       1.19318974    
   3.37999988       1.19673848    
   3.38999987       1.20028710    
   3.39999986       1.20383227    
   3.40999985       1.20737791    
   3.41999984       1.21092188    
   3.42999983       1.21446216    
   3.43999982       1.21800101    
   3.44999981       1.22153914    
   3.46000004       1.22507310    
   3.47000003       1.22860742    
   3.48000002       1.23213851    
   3.49000001       1.23567069    
   3.50000000       1.23919976    
   3.50999999       1.24272716    
