   9.99999978E-03   3.61658254E-04
   1.99999996E-02   6.40282989E-04
   2.99999993E-02   8.60965345E-04
   3.99999991E-02   1.18335069E-03
   4.99999970E-02   1.40855578E-03
   5.99999987E-02   1.48145191E-03
   7.00000003E-02   1.53491891E-03
   7.99999982E-02   1.61287701E-03
   8.99999961E-02   1.72021345E-03
   9.99999940E-02   1.84730638E-03
  0.109999999       1.98989711E-03
  0.119999997       2.14130711E-03
  0.129999995       2.29654461E-03
  0.140000001       2.45272648E-03
  0.149999991       2.60823034E-03
  0.159999996       2.76039937E-03
  0.170000002       2.90804496E-03
  0.179999992       3.05188238E-03
  0.189999998       3.19080171E-03
  0.199999988       3.32517573E-03
  0.209999993       3.45390989E-03
  0.219999999       3.57848802E-03
  0.229999989       3.69753153E-03
  0.239999995       3.81370704E-03
  0.250000000       3.92368715E-03
  0.259999990       4.03081905E-03
  0.269999981       4.14095353E-03
  0.280000001       4.25923662E-03
  0.289999992       4.35612118E-03
  0.299999982       4.45494941E-03
  0.310000002       4.56314767E-03
  0.319999993       4.69853263E-03
  0.329999983       4.89696069E-03
  0.340000004       4.95763356E-03
  0.349999994       5.06095635E-03
  0.359999985       5.18695777E-03
  0.370000005       5.34929708E-03
  0.379999995       5.58393961E-03
  0.389999986       6.00043219E-03
  0.399999976       6.41039992E-03
  0.409999996       6.41592313E-03
  0.419999987       6.54614856E-03
  0.429999977       6.72356086E-03
  0.439999998       6.95626764E-03
  0.449999988       7.25540379E-03
  0.459999979       7.65786832E-03
  0.469999999       8.23529530E-03
  0.479999989       9.15091205E-03
  0.489999980       1.08405398E-02
  0.500000000       1.25386780E-02
  0.509999990       1.20859472E-02
  0.519999981       1.21676130E-02
  0.529999971       1.23896785E-02
  0.539999962       1.27020823E-02
  0.550000012       1.30931437E-02
  0.560000002       1.35646285E-02
  0.569999993       1.41266650E-02
  0.579999983       1.47978440E-02
  0.589999974       1.56054078E-02
  0.599999964       1.65931210E-02
  0.610000014       1.78279467E-02
  0.620000005       1.94206424E-02
  0.629999995       2.15662960E-02
  0.639999986       2.46449541E-02
  0.649999976       2.94973254E-02
  0.659999967       3.80260795E-02
  0.669999957       4.10596542E-02
  0.680000007       3.98212075E-02
  0.689999998       3.95509712E-02
  0.699999988       3.96471806E-02
  0.709999979       3.99539135E-02
  0.719999969       4.04127799E-02
  0.729999959       4.09714989E-02
  0.740000010       4.16335948E-02
  0.750000000       4.23837788E-02
  0.759999990       4.32175212E-02
  0.769999981       4.41338159E-02
  0.779999971       4.51346561E-02
  0.789999962       4.62240241E-02
  0.799999952       4.74069938E-02
  0.810000002       4.86913845E-02
  0.819999993       5.00865653E-02
  0.829999983       5.16051650E-02
  0.839999974       5.32610677E-02
  0.849999964       5.50734289E-02
  0.859999955       5.70641123E-02
  0.870000005       5.92609718E-02
  0.879999995       6.17000721E-02
  0.889999986       6.44247234E-02
  0.899999976       6.74933642E-02
  0.909999967       7.09828436E-02
  0.919999957       7.49942884E-02
  0.930000007       7.96694010E-02
  0.939999998       8.52094963E-02
  0.949999988       9.19121355E-02
  0.959999979      0.100236259    
  0.969999969      0.110927932    
  0.979999959      0.125251442    
  0.989999950      0.145208538    
   1.00000000      0.168002799    
   1.00999999      0.171454832    
   1.01999998      0.172562152    
   1.02999997      0.173391953    
   1.03999996      0.174211398    
   1.04999995      0.175083652    
   1.05999994      0.176024348    
   1.06999993      0.177034214    
   1.07999992      0.178110540    
   1.09000003      0.179247141    
   1.10000002      0.180440053    
   1.11000001      0.181684509    
   1.12000000      0.182977393    
   1.13000000      0.184314743    
   1.13999999      0.185694352    
   1.14999998      0.187113822    
   1.15999997      0.188570812    
   1.16999996      0.190064311    
   1.17999995      0.191592515    
   1.18999994      0.193154559    
   1.19999993      0.194749668    
   1.20999992      0.196377277    
   1.22000003      0.198038951    
   1.23000002      0.199726626    
   1.24000001      0.201448262    
   1.25000000      0.203200936    
   1.25999999      0.204983979    
   1.26999998      0.206798658    
   1.27999997      0.208644211    
   1.28999996      0.210520908    
   1.29999995      0.212429404    
   1.30999994      0.214369699    
   1.31999993      0.216342628    
   1.32999992      0.218348205    
   1.33999991      0.220387384    
   1.35000002      0.222460374    
   1.36000001      0.224568591    
   1.37000000      0.226711914    
   1.38000000      0.228891805    
   1.38999999      0.231108576    
   1.39999998      0.233363256    
   1.40999997      0.235657170    
   1.41999996      0.237992033    
   1.42999995      0.240365222    
   1.43999994      0.242783889    
   1.44999993      0.245244980    
   1.45999992      0.247751206    
   1.46999991      0.250303477    
   1.48000002      0.252903700    
   1.49000001      0.255559534    
   1.50000000      0.258253962    
   1.50999999      0.261007458    
   1.51999998      0.263815969    
   1.52999997      0.266681284    
   1.53999996      0.269603491    
   1.54999995      0.272587448    
   1.55999994      0.275634617    
   1.56999993      0.278747320    
   1.57999992      0.281927615    
   1.58999991      0.285180002    
   1.59999990      0.288505614    
   1.61000001      0.291908056    
   1.62000000      0.295390815    
   1.63000000      0.298957020    
   1.63999999      0.302610785    
   1.64999998      0.306355864    
   1.65999997      0.310196400    
   1.66999996      0.314136475    
   1.67999995      0.318181843    
   1.68999994      0.322336793    
   1.69999993      0.326607406    
   1.70999992      0.331002474    
   1.71999991      0.335518122    
   1.73000002      0.340171903    
   1.74000001      0.344966382    
   1.75000000      0.349910915    
   1.75999999      0.355012685    
   1.76999998      0.360281199    
   1.77999997      0.365726680    
   1.78999996      0.371359110    
   1.79999995      0.377189755    
   1.80999994      0.383231521    
   1.81999993      0.389498025    
   1.82999992      0.396003306    
   1.83999991      0.402762920    
   1.84999990      0.409795195    
   1.86000001      0.417117894    
   1.87000000      0.424751401    
   1.88000000      0.432717323    
   1.88999999      0.441041082    
   1.89999998      0.449746549    
   1.90999997      0.458861619    
   1.91999996      0.468415171    
   1.92999995      0.478438169    
   1.93999994      0.488961488    
   1.94999993      0.500013888    
   1.95999992      0.511624098    
   1.96999991      0.523812771    
   1.97999990      0.536585748    
   1.99000001      0.549927592    
   2.00000000      0.563776255    
   2.00999999      0.577760756    
   2.01999998      0.590942740    
   2.02999997      0.603178203    
   2.03999996      0.614539504    
   2.04999995      0.625130653    
   2.05999994      0.635049880    
   2.06999993      0.644383430    
   2.07999992      0.653207481    
   2.08999991      0.661584258    
   2.09999990      0.669567883    
   2.10999990      0.677204549    
   2.11999989      0.684531629    
   2.12999988      0.691584826    
   2.13999987      0.698390424    
   2.14999986      0.704975605    
   2.15999985      0.711360574    
   2.16999984      0.717564642    
   2.18000007      0.723604977    
   2.19000006      0.729495406    
   2.20000005      0.735249758    
   2.21000004      0.740878284    
   2.22000003      0.746392250    
   2.23000002      0.751800299    
   2.24000001      0.757110417    
   2.25000000      0.762330532    
   2.25999999      0.767467022    
   2.26999998      0.772525370    
   2.27999997      0.777511775    
   2.28999996      0.782430708    
   2.29999995      0.787286937    
   2.30999994      0.792084038    
   2.31999993      0.796825767    
   2.32999992      0.801515877    
   2.33999991      0.806158125    
   2.34999990      0.810754180    
   2.35999990      0.815306783    
   2.36999989      0.819819689    
   2.37999988      0.824293733    
   2.38999987      0.828732133    
   2.39999986      0.833135307    
   2.40999985      0.837507248    
   2.41999984      0.841847301    
   2.42999983      0.846159041    
   2.44000006      0.850442111    
   2.45000005      0.854699373    
   2.46000004      0.858931601    
   2.47000003      0.863140047    
   2.48000002      0.867324710    
   2.49000001      0.871487796    
   2.50000000      0.875631273    
   2.50999999      0.879753411    
   2.51999998      0.883856118    
   2.52999997      0.887942672    
   2.53999996      0.892010093    
   2.54999995      0.896060824    
   2.55999994      0.900095820    
   2.56999993      0.904116452    
   2.57999992      0.908120453    
   2.58999991      0.912110984    
   2.59999990      0.916087449    
   2.60999990      0.920051575    
   2.61999989      0.924001753    
   2.62999988      0.927940667    
   2.63999987      0.931867301    
   2.64999986      0.935783386    
   2.65999985      0.939687967    
   2.66999984      0.943582594    
   2.67999983      0.947465420    
   2.69000006      0.951339126    
   2.70000005      0.955203474    
   2.71000004      0.959058523    
   2.72000003      0.962904274    
   2.73000002      0.966741681    
   2.74000001      0.970572114    
   2.75000000      0.974391758    
   2.75999999      0.978205204    
   2.76999998      0.982010424    
   2.77999997      0.985808372    
   2.78999996      0.989599466    
   2.79999995      0.993382692    
   2.80999994      0.997159898    
   2.81999993       1.00093043    
   2.82999992       1.00469434    
   2.83999991       1.00845230    
   2.84999990       1.01220512    
   2.85999990       1.01594925    
   2.86999989       1.01969016    
   2.87999988       1.02342463    
   2.88999987       1.02715373    
   2.89999986       1.03087711    
   2.90999985       1.03459609    
   2.91999984       1.03831053    
   2.92999983       1.04201925    
   2.93999982       1.04572189    
   2.95000005       1.04942214    
   2.96000004       1.05311739    
   2.97000003       1.05680990    
   2.98000002       1.06049454    
   2.99000001       1.06417549    
   3.00000000       1.06785309    
   3.00999999       1.07152784    
   3.01999998       1.07519734    
   3.02999997       1.07886326    
   3.03999996       1.08252561    
   3.04999995       1.08618391    
   3.05999994       1.08984005    
   3.06999993       1.09349060    
   3.07999992       1.09713972    
   3.08999991       1.10078335    
   3.09999990       1.10442448    
   3.10999990       1.10806286    
   3.11999989       1.11169779    
   3.12999988       1.11533082    
   3.13999987       1.11895883    
   3.14999986       1.12258542    
   3.15999985       1.12620699    
   3.16999984       1.12982762    
   3.17999983       1.13344526    
   3.18999982       1.13705957    
   3.19999981       1.14067018    
   3.21000004       1.14428031    
   3.22000003       1.14788663    
   3.23000002       1.15149093    
   3.24000001       1.15509200    
   3.25000000       1.15869153    
   3.25999999       1.16228771    
   3.26999998       1.16588247    
   3.27999997       1.16947412    
   3.28999996       1.17306399    
   3.29999995       1.17665219    
   3.30999994       1.18023765    
   3.31999993       1.18382001    
   3.32999992       1.18740070    
   3.33999991       1.19097936    
   3.34999990       1.19455671    
   3.35999990       1.19813192    
   3.36999989       1.20170486    
   3.37999988       1.20527518    
   3.38999987       1.20884407    
   3.39999986       1.21241069    
   3.40999985       1.21597564    
   3.41999984       1.21953988    
   3.42999983       1.22309995    
   3.43999982       1.22666001    
   3.44999981       1.23021936    
   3.46000004       1.23377633    
   3.47000003       1.23732996    
   3.48000002       1.24088275    
   3.49000001       1.24443495    
   3.50000000       1.24798369    
   3.50999999       1.25153279    
