   9.99999978E-03   3.66774009E-04
   1.99999996E-02   6.54921809E-04
   2.99999993E-02   8.70493299E-04
   3.99999991E-02   1.18684862E-03
   4.99999970E-02   1.42863882E-03
   5.99999987E-02   1.50712021E-03
   7.00000003E-02   1.55835645E-03
   7.99999982E-02   1.63222116E-03
   8.99999961E-02   1.73468154E-03
   9.99999940E-02   1.86000299E-03
  0.109999999       2.00090627E-03
  0.119999997       2.15139030E-03
  0.129999995       2.30635074E-03
  0.140000001       2.46278709E-03
  0.149999991       2.61894031E-03
  0.159999996       2.77167419E-03
  0.170000002       2.92067300E-03
  0.179999992       3.06583685E-03
  0.189999998       3.20611405E-03
  0.199999988       3.34170647E-03
  0.209999993       3.47220665E-03
  0.219999999       3.59849189E-03
  0.229999989       3.71902599E-03
  0.239999995       3.83710791E-03
  0.250000000       3.94974463E-03
  0.259999990       4.05814918E-03
  0.269999981       4.17101290E-03
  0.280000001       4.29381989E-03
  0.289999992       4.39243997E-03
  0.299999982       4.49437974E-03
  0.310000002       4.60780272E-03
  0.319999993       4.75024153E-03
  0.329999983       4.96240007E-03
  0.340000004       5.02151158E-03
  0.349999994       5.13976952E-03
  0.359999985       5.26543055E-03
  0.370000005       5.43953851E-03
  0.379999995       5.69524476E-03
  0.389999986       6.14858605E-03
  0.399999976       6.57601980E-03
  0.409999996       6.58124359E-03
  0.419999987       6.72011869E-03
  0.429999977       6.91260584E-03
  0.439999998       7.16181146E-03
  0.449999988       7.48564396E-03
  0.459999979       7.92217441E-03
  0.469999999       8.54885392E-03
  0.479999989       9.54082143E-03
  0.489999980       1.13545861E-02
  0.500000000       1.31012285E-02
  0.509999990       1.26259811E-02
  0.519999981       1.27112512E-02
  0.529999971       1.29503207E-02
  0.539999962       1.32839745E-02
  0.550000012       1.37021132E-02
  0.560000002       1.42062902E-02
  0.569999993       1.48075726E-02
  0.579999983       1.55256214E-02
  0.589999974       1.63772274E-02
  0.599999964       1.74462274E-02
  0.610000014       1.87664237E-02
  0.620000005       2.04676278E-02
  0.629999995       2.27557682E-02
  0.639999986       2.60294806E-02
  0.649999976       3.11586205E-02
  0.659999967       4.00310755E-02
  0.669999957       4.30225618E-02
  0.680000007       4.17477228E-02
  0.689999998       4.14707996E-02
  0.699999988       4.15749289E-02
  0.709999979       4.18983959E-02
  0.719999969       4.23740670E-02
  0.729999959       4.29687947E-02
  0.740000010       4.36636247E-02
  0.750000000       4.44532149E-02
  0.759999990       4.53293249E-02
  0.769999981       4.62924577E-02
  0.779999971       4.73443270E-02
  0.789999962       4.84888516E-02
  0.799999952       4.97318171E-02
  0.810000002       5.10812141E-02
  0.819999993       5.25467061E-02
  0.829999983       5.41417971E-02
  0.839999974       5.58803342E-02
  0.849999964       5.77828698E-02
  0.859999955       5.98719530E-02
  0.870000005       6.21766523E-02
  0.879999995       6.47341534E-02
  0.889999986       6.75899982E-02
  0.899999976       7.08042234E-02
  0.909999967       7.44567588E-02
  0.919999957       7.86517709E-02
  0.930000007       8.35352242E-02
  0.939999998       8.93140361E-02
  0.949999988       9.62922350E-02
  0.959999979      0.104936212    
  0.969999969      0.115997337    
  0.979999959      0.130729258    
  0.989999950      0.151045308    
   1.00000000      0.173823535    
   1.00999999      0.177384585    
   1.01999998      0.178571299    
   1.02999997      0.179461151    
   1.03999996      0.180331409    
   1.04999995      0.181250706    
   1.05999994      0.182236478    
   1.06999993      0.183290437    
   1.07999992      0.184410810    
   1.09000003      0.185591340    
   1.10000002      0.186829314    
   1.11000001      0.188119337    
   1.12000000      0.189458206    
   1.13000000      0.190842614    
   1.13999999      0.192269742    
   1.14999998      0.193737775    
   1.15999997      0.195244133    
   1.16999996      0.196787685    
   1.17999995      0.198366910    
   1.18999994      0.199980944    
   1.19999993      0.201628670    
   1.20999992      0.203309417    
   1.22000003      0.205025777    
   1.23000002      0.206767946    
   1.24000001      0.208546162    
   1.25000000      0.210355535    
   1.25999999      0.212196290    
   1.26999998      0.214069307    
   1.27999997      0.215974197    
   1.28999996      0.217911065    
   1.29999995      0.219880611    
   1.30999994      0.221882626    
   1.31999993      0.223918200    
   1.32999992      0.225987703    
   1.33999991      0.228090212    
   1.35000002      0.230229795    
   1.36000001      0.232404187    
   1.37000000      0.234614894    
   1.38000000      0.236863017    
   1.38999999      0.239148512    
   1.39999998      0.241473943    
   1.40999997      0.243839040    
   1.41999996      0.246246204    
   1.42999995      0.248692617    
   1.43999994      0.251185387    
   1.44999993      0.253721982    
   1.45999992      0.256304801    
   1.46999991      0.258934885    
   1.48000002      0.261613846    
   1.49000001      0.264343411    
   1.50000000      0.267125458    
   1.50999999      0.269961208    
   1.51999998      0.272853017    
   1.52999997      0.275803655    
   1.53999996      0.278812170    
   1.54999995      0.281883836    
   1.55999994      0.285020232    
   1.56999993      0.288223118    
   1.57999992      0.291495144    
   1.58999991      0.294841141    
   1.59999990      0.298261851    
   1.61000001      0.301760465    
   1.62000000      0.305341214    
   1.63000000      0.309007287    
   1.63999999      0.312762350    
   1.64999998      0.316610664    
   1.65999997      0.320555776    
   1.66999996      0.324602306    
   1.67999995      0.328756452    
   1.68999994      0.333021522    
   1.69999993      0.337403864    
   1.70999992      0.341909647    
   1.71999991      0.346544474    
   1.73000002      0.351316422    
   1.74000001      0.356230468    
   1.75000000      0.361296535    
   1.75999999      0.366522223    
   1.76999998      0.371916443    
   1.77999997      0.377488852    
   1.78999996      0.383250952    
   1.79999995      0.389212966    
   1.80999994      0.395387620    
   1.81999993      0.401788235    
   1.82999992      0.408429682    
   1.83999991      0.415326804    
   1.84999990      0.422496885    
   1.86000001      0.429958642    
   1.87000000      0.437731326    
   1.88000000      0.445836037    
   1.88999999      0.454297751    
   1.89999998      0.463139713    
   1.90999997      0.472388774    
   1.91999996      0.482072294    
   1.92999995      0.492220163    
   1.93999994      0.502860010    
   1.94999993      0.514022112    
   1.95999992      0.525729239    
   1.96999991      0.538000047    
   1.97999990      0.550837576    
   1.99000001      0.564222574    
   2.00000000      0.578090608    
   2.00999999      0.592067957    
   2.01999998      0.605243087    
   2.02999997      0.617481768    
   2.03999996      0.628857255    
   2.04999995      0.639470398    
   2.05999994      0.649419010    
   2.06999993      0.658788204    
   2.07999992      0.667652547    
   2.08999991      0.676073194    
   2.09999990      0.684103966    
   2.10999990      0.691789389    
   2.11999989      0.699168444    
   2.12999988      0.706273794    
   2.13999987      0.713132322    
   2.14999986      0.719771743    
   2.15999985      0.726212680    
   2.16999984      0.732473075    
   2.18000007      0.738569617    
   2.19000006      0.744517505    
   2.20000005      0.750328362    
   2.21000004      0.756014466    
   2.22000003      0.761586189    
   2.23000002      0.767051816    
   2.24000001      0.772419393    
   2.25000000      0.777696669    
   2.25999999      0.782890379    
   2.26999998      0.788006306    
   2.27999997      0.793049812    
   2.28999996      0.798025668    
   2.29999995      0.802939296    
   2.30999994      0.807793558    
   2.31999993      0.812592447    
   2.32999992      0.817339897    
   2.33999991      0.822037756    
   2.34999990      0.826690912    
   2.35999990      0.831300676    
   2.36999989      0.835869431    
   2.37999988      0.840400159    
   2.38999987      0.844894767    
   2.39999986      0.849353909    
   2.40999985      0.853781521    
   2.41999984      0.858178735    
   2.42999983      0.862545907    
   2.44000006      0.866884291    
   2.45000005      0.871197760    
   2.46000004      0.875484109    
   2.47000003      0.879748285    
   2.48000002      0.883988678    
   2.49000001      0.888207197    
   2.50000000      0.892405212    
   2.50999999      0.896585643    
   2.51999998      0.900740206    
   2.52999997      0.904881239    
   2.53999996      0.909003854    
   2.54999995      0.913110197    
   2.55999994      0.917200089    
   2.56999993      0.921273649    
   2.57999992      0.925332308    
   2.58999991      0.929377437    
   2.59999990      0.933408022    
   2.60999990      0.937426507    
   2.61999989      0.941430569    
   2.62999988      0.945423901    
   2.63999987      0.949405313    
   2.64999986      0.953373551    
   2.65999985      0.957332909    
   2.66999984      0.961280465    
   2.67999983      0.965217471    
   2.69000006      0.969145536    
   2.70000005      0.973063469    
   2.71000004      0.976972759    
   2.72000003      0.980871797    
   2.73000002      0.984762669    
   2.74000001      0.988645554    
   2.75000000      0.992519438    
   2.75999999      0.996385813    
   2.76999998       1.00024462    
   2.77999997       1.00409579    
   2.78999996       1.00794017    
   2.79999995       1.01177728    
   2.80999994       1.01560688    
   2.81999993       1.01943004    
   2.82999992       1.02324760    
   2.83999991       1.02705872    
   2.84999990       1.03086317    
   2.85999990       1.03466213    
   2.86999989       1.03845489    
   2.87999988       1.04224265    
   2.88999987       1.04602528    
   2.89999986       1.04980087    
   2.90999985       1.05357265    
   2.91999984       1.05733907    
   2.92999983       1.06110036    
   2.93999982       1.06485832    
   2.95000005       1.06860960    
   2.96000004       1.07235742    
   2.97000003       1.07610202    
   2.98000002       1.07983947    
   2.99000001       1.08357346    
   3.00000000       1.08730340    
   3.00999999       1.09103036    
   3.01999998       1.09475231    
   3.02999997       1.09847009    
   3.03999996       1.10218608    
   3.04999995       1.10589564    
   3.05999994       1.10960472    
   3.06999993       1.11330724    
   3.07999992       1.11700809    
   3.08999991       1.12070489    
   3.09999990       1.12439823    
   3.10999990       1.12808847    
   3.11999989       1.13177526    
   3.12999988       1.13546026    
   3.13999987       1.13914144    
   3.14999986       1.14281917    
   3.15999985       1.14649451    
   3.16999984       1.15016627    
   3.17999983       1.15383530    
   3.18999982       1.15750134    
   3.19999981       1.16116548    
   3.21000004       1.16482687    
   3.22000003       1.16848588    
   3.23000002       1.17214167    
   3.24000001       1.17579579    
   3.25000000       1.17944765    
   3.25999999       1.18309665    
   3.26999998       1.18674242    
   3.27999997       1.19038558    
   3.28999996       1.19402695    
   3.29999995       1.19766665    
   3.30999994       1.20130277    
   3.31999993       1.20493793    
   3.32999992       1.20857000    
   3.33999991       1.21220148    
   3.34999990       1.21583009    
   3.35999990       1.21945715    
   3.36999989       1.22308159    
   3.37999988       1.22670388    
   3.38999987       1.23032486    
   3.39999986       1.23394394    
   3.40999985       1.23755991    
   3.41999984       1.24117506    
   3.42999983       1.24478877    
   3.43999982       1.24840009    
   3.44999981       1.25200939    
   3.46000004       1.25561845    
   3.47000003       1.25922322    
   3.48000002       1.26282907    
   3.49000001       1.26643133    
   3.50000000       1.27003217    
   3.50999999       1.27363276    
