   9.99999978E-03   3.70015041E-04
   1.99999996E-02   6.55665004E-04
   2.99999993E-02   8.76667269E-04
   3.99999991E-02   1.18753815E-03
   4.99999970E-02   1.44025427E-03
   5.99999987E-02   1.52239075E-03
   7.00000003E-02   1.57269207E-03
   7.99999982E-02   1.64409017E-03
   8.99999961E-02   1.74426602E-03
   9.99999940E-02   1.86783157E-03
  0.109999999       2.00760411E-03
  0.119999997       2.15743226E-03
  0.129999995       2.31260341E-03
  0.140000001       2.46870914E-03
  0.149999991       2.62518181E-03
  0.159999996       2.77812476E-03
  0.170000002       2.92818411E-03
  0.179999992       3.07398057E-03
  0.189999998       3.21507524E-03
  0.199999988       3.35126091E-03
  0.209999993       3.48290149E-03
  0.219999999       3.61017510E-03
  0.229999989       3.73166287E-03
  0.239999995       3.85093223E-03
  0.250000000       3.96676967E-03
  0.259999990       4.07441938E-03
  0.269999981       4.18681931E-03
  0.280000001       4.31465730E-03
  0.289999992       4.41408437E-03
  0.299999982       4.51820204E-03
  0.310000002       4.63472866E-03
  0.319999993       4.78319824E-03
  0.329999983       5.00280596E-03
  0.340000004       5.06170420E-03
  0.349999994       5.17490320E-03
  0.359999985       5.31424675E-03
  0.370000005       5.49692987E-03
  0.379999995       5.76493377E-03
  0.389999986       6.24186033E-03
  0.399999976       6.67973608E-03
  0.409999996       6.68481924E-03
  0.419999987       6.82923058E-03
  0.429999977       7.03024399E-03
  0.439999998       7.29104551E-03
  0.449999988       7.63057685E-03
  0.459999979       8.08877870E-03
  0.469999999       8.74724798E-03
  0.479999989       9.78686661E-03
  0.489999980       1.16779618E-02
  0.500000000       1.34485122E-02
  0.509999990       1.29635939E-02
  0.519999981       1.30526414E-02
  0.529999971       1.33012058E-02
  0.539999962       1.36482744E-02
  0.550000012       1.40833128E-02
  0.560000002       1.46080451E-02
  0.569999993       1.52340448E-02
  0.579999983       1.59814041E-02
  0.589999974       1.68808457E-02
  0.599999964       1.79804601E-02
  0.610000014       1.93540156E-02
  0.620000005       2.11231411E-02
  0.629999995       2.34999415E-02
  0.639999986       2.68945042E-02
  0.649999976       3.21939103E-02
  0.659999967       4.12728824E-02
  0.669999957       4.42365184E-02
  0.680000007       4.29400243E-02
  0.689999998       4.26592678E-02
  0.699999988       4.27683294E-02
  0.709999979       4.31022979E-02
  0.719999969       4.35926281E-02
  0.729999959       4.42053564E-02
  0.740000010       4.49211337E-02
  0.750000000       4.57344875E-02
  0.759999990       4.66367789E-02
  0.769999981       4.76286858E-02
  0.779999971       4.87120152E-02
  0.789999962       4.98907045E-02
  0.799999952       5.11706732E-02
  0.810000002       5.25721014E-02
  0.819999993       5.40690161E-02
  0.829999983       5.57110906E-02
  0.839999974       5.75006567E-02
  0.849999964       5.94587326E-02
  0.859999955       6.16055056E-02
  0.870000005       6.39793873E-02
  0.879999995       6.66097701E-02
  0.889999986       6.95461854E-02
  0.899999976       7.28498772E-02
  0.909999967       7.66022578E-02
  0.919999957       8.09095576E-02
  0.930000007       8.59206244E-02
  0.939999998       9.18450505E-02
  0.949999988       9.89909098E-02
  0.959999979      0.107828677    
  0.969999969      0.119112283    
  0.979999959      0.134088010    
  0.989999950      0.154613316    
   1.00000000      0.177377582    
   1.00999999      0.181004405    
   1.01999998      0.182239339    
   1.02999997      0.183166042    
   1.03999996      0.184067830    
   1.04999995      0.185015887    
   1.05999994      0.186029121    
   1.06999993      0.187110171    
   1.07999992      0.188257530    
   1.09000003      0.189465418    
   1.10000002      0.190730631    
   1.11000001      0.192048475    
   1.12000000      0.193415642    
   1.13000000      0.194828629    
   1.13999999      0.196284935    
   1.14999998      0.197782382    
   1.15999997      0.199319050    
   1.16999996      0.200893313    
   1.17999995      0.202503487    
   1.18999994      0.204148948    
   1.19999993      0.205828741    
   1.20999992      0.207542151    
   1.22000003      0.209288821    
   1.23000002      0.211067349    
   1.24000001      0.212879613    
   1.25000000      0.214723662    
   1.25999999      0.216599286    
   1.26999998      0.218508020    
   1.27999997      0.220448807    
   1.28999996      0.222422525    
   1.29999995      0.224429041    
   1.30999994      0.226468831    
   1.31999993      0.228542447    
   1.32999992      0.230650321    
   1.33999991      0.232792288    
   1.35000002      0.234971598    
   1.36000001      0.237186387    
   1.37000000      0.239437893    
   1.38000000      0.241727442    
   1.38999999      0.244055018    
   1.39999998      0.246422917    
   1.40999997      0.248831138    
   1.41999996      0.251282185    
   1.42999995      0.253773183    
   1.43999994      0.256311208    
   1.44999993      0.258893520    
   1.45999992      0.261522740    
   1.46999991      0.264199704    
   1.48000002      0.266926527    
   1.49000001      0.269704580    
   1.50000000      0.272535682    
   1.50999999      0.275421351    
   1.51999998      0.278364271    
   1.52999997      0.281366438    
   1.53999996      0.284426808    
   1.54999995      0.287551880    
   1.55999994      0.290741891    
   1.56999993      0.293999881    
   1.57999992      0.297327906    
   1.58999991      0.300730109    
   1.59999990      0.304208040    
   1.61000001      0.307765216    
   1.62000000      0.311405182    
   1.63000000      0.315131426    
   1.63999999      0.318947673    
   1.64999998      0.322857648    
   1.65999997      0.326866418    
   1.66999996      0.330977589    
   1.67999995      0.335196793    
   1.68999994      0.339528739    
   1.69999993      0.343978792    
   1.70999992      0.348550290    
   1.71999991      0.353257716    
   1.73000002      0.358100295    
   1.74000001      0.363086522    
   1.75000000      0.368225843    
   1.75999999      0.373525709    
   1.76999998      0.378995299    
   1.77999997      0.384644836    
   1.78999996      0.390484214    
   1.79999995      0.396524936    
   1.80999994      0.402779311    
   1.81999993      0.409260422    
   1.82999992      0.415983409    
   1.83999991      0.422962159    
   1.84999990      0.430215031    
   1.86000001      0.437759250    
   1.87000000      0.445615083    
   1.88000000      0.453803211    
   1.88999999      0.462346435    
   1.89999998      0.471268982    
   1.90999997      0.480597168    
   1.91999996      0.490358025    
   1.92999995      0.500579298    
   1.93999994      0.511288941    
   1.94999993      0.522513807    
   1.95999992      0.534278512    
   1.96999991      0.546596885    
   1.97999990      0.559471846    
   1.99000001      0.572881341    
   2.00000000      0.586760223    
   2.00999999      0.600732386    
   2.01999998      0.613903165    
   2.02999997      0.626143098    
   2.03999996      0.637526453    
   2.04999995      0.648152709    
   2.05999994      0.658118606    
   2.06999993      0.667508423    
   2.07999992      0.676395953    
   2.08999991      0.684842288    
   2.09999990      0.692900181    
   2.10999990      0.700615048    
   2.11999989      0.708022952    
   2.12999988      0.715159833    
   2.13999987      0.722051203    
   2.14999986      0.728722572    
   2.15999985      0.735196233    
   2.16999984      0.741489351    
   2.18000007      0.747619510    
   2.19000006      0.753600597    
   2.20000005      0.759445369    
   2.21000004      0.765165150    
   2.22000003      0.770770907    
   2.23000002      0.776270390    
   2.24000001      0.781672418    
   2.25000000      0.786984265    
   2.25999999      0.792211652    
   2.26999998      0.797362387    
   2.27999997      0.802439988    
   2.28999996      0.807449937    
   2.29999995      0.812397897    
   2.30999994      0.817285597    
   2.31999993      0.822118402    
   2.32999992      0.826900125    
   2.33999991      0.831632316    
   2.34999990      0.836319089    
   2.35999990      0.840962112    
   2.36999989      0.845564365    
   2.37999988      0.850128531    
   2.38999987      0.854657292    
   2.39999986      0.859150350    
   2.40999985      0.863611221    
   2.41999984      0.868040442    
   2.42999983      0.872440755    
   2.44000006      0.876813948    
   2.45000005      0.881159365    
   2.46000004      0.885480464    
   2.47000003      0.889776945    
   2.48000002      0.894047558    
   2.49000001      0.898302138    
   2.50000000      0.902533829    
   2.50999999      0.906745970    
   2.51999998      0.910934210    
   2.52999997      0.915107071    
   2.53999996      0.919262052    
   2.54999995      0.923401117    
   2.55999994      0.927523553    
   2.56999993      0.931629777    
   2.57999992      0.935722053    
   2.58999991      0.939799190    
   2.59999990      0.943862557    
   2.60999990      0.947913051    
   2.61999989      0.951950192    
   2.62999988      0.955975354    
   2.63999987      0.959988773    
   2.64999986      0.963990092    
   2.65999985      0.967981040    
   2.66999984      0.971961021    
   2.67999983      0.975930870    
   2.69000006      0.979890525    
   2.70000005      0.983841300    
   2.71000004      0.987781048    
   2.72000003      0.991713345    
   2.73000002      0.995635748    
   2.74000001      0.999550700    
   2.75000000       1.00345707    
   2.75999999       1.00735474    
   2.76999998       1.01124632    
   2.77999997       1.01512873    
   2.78999996       1.01900434    
   2.79999995       1.02287364    
   2.80999994       1.02673566    
   2.81999993       1.03059042    
   2.82999992       1.03443885    
   2.83999991       1.03828192    
   2.84999990       1.04211915    
   2.85999990       1.04594946    
   2.86999989       1.04977334    
   2.87999988       1.05359387    
   2.88999987       1.05740678    
   2.89999986       1.06121397    
   2.90999985       1.06501818    
   2.91999984       1.06881523    
   2.92999983       1.07260919    
   2.93999982       1.07639766    
   2.95000005       1.08018064    
   2.96000004       1.08396018    
   2.97000003       1.08773577    
   2.98000002       1.09150374    
   2.99000001       1.09526992    
   3.00000000       1.09903264    
   3.00999999       1.10278964    
   3.01999998       1.10654366    
   3.02999997       1.11029375    
   3.03999996       1.11403942    
   3.04999995       1.11778283    
   3.05999994       1.12152016    
   3.06999993       1.12525618    
   3.07999992       1.12898719    
   3.08999991       1.13271511    
   3.09999990       1.13643992    
   3.10999990       1.14016175    
   3.11999989       1.14388037    
   3.12999988       1.14759612    
   3.13999987       1.15130806    
   3.14999986       1.15501761    
   3.15999985       1.15872324    
   3.16999984       1.16242731    
   3.17999983       1.16612804    
   3.18999982       1.16982460    
   3.19999981       1.17351973    
   3.21000004       1.17721319    
   3.22000003       1.18090272    
   3.23000002       1.18458986    
   3.24000001       1.18827486    
   3.25000000       1.19195735    
   3.25999999       1.19563615    
   3.26999998       1.19931316    
   3.27999997       1.20298862    
   3.28999996       1.20666158    
   3.29999995       1.21033239    
   3.30999994       1.21400023    
   3.31999993       1.21766627    
   3.32999992       1.22132969    
   3.33999991       1.22499192    
   3.34999990       1.22865295    
   3.35999990       1.23230922    
   3.36999989       1.23596585    
   3.37999988       1.23961890    
   3.38999987       1.24327159    
   3.39999986       1.24692154    
   3.40999985       1.25056756    
   3.41999984       1.25421417    
   3.42999983       1.25785887    
   3.43999982       1.26150048    
   3.44999981       1.26514208    
   3.46000004       1.26878083    
   3.47000003       1.27241683    
   3.48000002       1.27605391    
   3.49000001       1.27968705    
   3.50000000       1.28331888    
   3.50999999       1.28694975    
