   9.99999978E-03   3.71195609E-04
   1.99999996E-02   6.56154763E-04
   2.99999993E-02   8.78820894E-04
   3.99999991E-02   1.18912477E-03
   4.99999970E-02   1.44403905E-03
   5.99999987E-02   1.52759335E-03
   7.00000003E-02   1.57750235E-03
   7.99999982E-02   1.64809870E-03
   8.99999961E-02   1.74749875E-03
   9.99999940E-02   1.87048013E-03
  0.109999999       2.00983556E-03
  0.119999997       2.15945160E-03
  0.129999995       2.31453846E-03
  0.140000001       2.47068680E-03
  0.149999991       2.62725540E-03
  0.159999996       2.78035225E-03
  0.170000002       2.93064327E-03
  0.179999992       3.07665765E-03
  0.189999998       3.21801612E-03
  0.199999988       3.35474173E-03
  0.209999993       3.48656741E-03
  0.219999999       3.61403124E-03
  0.229999989       3.73583566E-03
  0.239999995       3.85551155E-03
  0.250000000       3.97098716E-03
  0.259999990       4.07980522E-03
  0.269999981       4.19276860E-03
  0.280000001       4.32166737E-03
  0.289999992       4.42139711E-03
  0.299999982       4.52619139E-03
  0.310000002       4.64378204E-03
  0.319999993       4.79355268E-03
  0.329999983       5.01649035E-03
  0.340000004       5.07650338E-03
  0.349999994       5.18966652E-03
  0.359999985       5.33080101E-03
  0.370000005       5.51626366E-03
  0.379999995       5.78877609E-03
  0.389999986       6.27374277E-03
  0.399999976       6.71509188E-03
  0.409999996       6.72012847E-03
  0.419999987       6.86646532E-03
  0.429999977       7.07039889E-03
  0.439999998       7.33519392E-03
  0.449999988       7.68009620E-03
  0.459999979       8.14573187E-03
  0.469999999       8.81491695E-03
  0.479999989       9.87103209E-03
  0.489999980       1.17884045E-02
  0.500000000       1.35676609E-02
  0.509999990       1.30786002E-02
  0.519999981       1.31705739E-02
  0.529999971       1.34207597E-02
  0.539999962       1.37724085E-02
  0.550000012       1.42132109E-02
  0.560000002       1.47449477E-02
  0.569999993       1.53793357E-02
  0.579999983       1.61367189E-02
  0.589999974       1.70482155E-02
  0.599999964       1.81625206E-02
  0.610000014       1.95542350E-02
  0.620000005       2.13464051E-02
  0.629999995       2.37533785E-02
  0.639999986       2.71889158E-02
  0.649999976       3.25458460E-02
  0.659999967       4.16936837E-02
  0.669999957       4.46476676E-02
  0.680000007       4.33439240E-02
  0.689999998       4.30618897E-02
  0.699999988       4.31726612E-02
  0.709999979       4.35102731E-02
  0.719999969       4.40055318E-02
  0.729999959       4.46243808E-02
  0.740000010       4.53471914E-02
  0.750000000       4.61685769E-02
  0.759999990       4.70797569E-02
  0.769999981       4.80814502E-02
  0.779999971       4.91753966E-02
  0.789999962       5.03656082E-02
  0.799999952       5.16580865E-02
  0.810000002       5.30610830E-02
  0.819999993       5.45846485E-02
  0.829999983       5.62425889E-02
  0.839999974       5.80494404E-02
  0.849999964       6.00262806E-02
  0.859999955       6.21935055E-02
  0.870000005       6.45897537E-02
  0.879999995       6.72448725E-02
  0.889999986       7.02084079E-02
  0.899999976       7.35422000E-02
  0.909999967       7.73283094E-02
  0.919999957       8.16735327E-02
  0.930000007       8.67274925E-02
  0.939999998       9.27008390E-02
  0.949999988       9.99030694E-02
  0.959999979      0.108805716    
  0.969999969      0.120163716    
  0.979999959      0.135220334    
  0.989999950      0.155814543    
   1.00000000      0.178573534    
   1.00999999      0.182222202    
   1.01999998      0.183473453    
   1.02999997      0.184412271    
   1.03999996      0.185324982    
   1.04999995      0.186282694    
   1.05999994      0.187305331    
   1.06999993      0.188395634    
   1.07999992      0.189551890    
   1.09000003      0.190769091    
   1.10000002      0.192043588    
   1.11000001      0.193370715    
   1.12000000      0.194747150    
   1.13000000      0.196170107    
   1.13999999      0.197635859    
   1.14999998      0.199143603    
   1.15999997      0.200690135    
   1.16999996      0.202274799    
   1.17999995      0.203895345    
   1.18999994      0.205551669    
   1.19999993      0.207242116    
   1.20999992      0.208966643    
   1.22000003      0.210724145    
   1.23000002      0.212513953    
   1.24000001      0.214337721    
   1.25000000      0.216193289    
   1.25999999      0.218080834    
   1.26999998      0.220001474    
   1.27999997      0.221954271    
   1.28999996      0.223940209    
   1.29999995      0.225959197    
   1.30999994      0.228011742    
   1.31999993      0.230098173    
   1.32999992      0.232219011    
   1.33999991      0.234374225    
   1.35000002      0.236566737    
   1.36000001      0.238795206    
   1.37000000      0.241060361    
   1.38000000      0.243363753    
   1.38999999      0.245705500    
   1.39999998      0.248087794    
   1.40999997      0.250510722    
   1.41999996      0.252976269    
   1.42999995      0.255481958    
   1.43999994      0.258035421    
   1.44999993      0.260632783    
   1.45999992      0.263277799    
   1.46999991      0.265970767    
   1.48000002      0.268713534    
   1.49000001      0.271507889    
   1.50000000      0.274355471    
   1.50999999      0.277258039    
   1.51999998      0.280217677    
   1.52999997      0.283237219    
   1.53999996      0.286315024    
   1.54999995      0.289457858    
   1.55999994      0.292666078    
   1.56999993      0.295942247    
   1.57999992      0.299288660    
   1.58999991      0.302709907    
   1.59999990      0.306207329    
   1.61000001      0.309783876    
   1.62000000      0.313443810    
   1.63000000      0.317190230    
   1.63999999      0.321026921    
   1.64999998      0.324958235    
   1.65999997      0.328987956    
   1.66999996      0.333120406    
   1.67999995      0.337361574    
   1.68999994      0.341715455    
   1.69999993      0.346187949    
   1.70999992      0.350782752    
   1.71999991      0.355513453    
   1.73000002      0.360379845    
   1.74000001      0.365389824    
   1.75000000      0.370553762    
   1.75999999      0.375878662    
   1.76999998      0.381373674    
   1.77999997      0.387048423    
   1.78999996      0.392913580    
   1.79999995      0.398979247    
   1.80999994      0.405261636    
   1.81999993      0.411769658    
   1.82999992      0.418519229    
   1.83999991      0.425525486    
   1.84999990      0.432806015    
   1.86000001      0.440377533    
   1.87000000      0.448261142    
   1.88000000      0.456476390    
   1.88999999      0.465046853    
   1.89999998      0.473996788    
   1.90999997      0.483351201    
   1.91999996      0.493137300    
   1.92999995      0.503382862    
   1.93999994      0.514115512    
   1.94999993      0.525361896    
   1.95999992      0.537144840    
   1.96999991      0.549478590    
   1.97999990      0.562366188    
   1.99000001      0.575783491    
   2.00000000      0.589664996    
   2.00999999      0.603636146    
   2.01999998      0.616805792    
   2.02999997      0.629046679    
   2.03999996      0.640431941    
   2.04999995      0.651062131    
   2.05999994      0.661033690    
   2.06999993      0.670430005    
   2.07999992      0.679325581    
   2.08999991      0.687780738    
   2.09999990      0.695847869    
   2.10999990      0.703571141    
   2.11999989      0.710989892    
   2.12999988      0.718136370    
   2.13999987      0.725038528    
   2.14999986      0.731720388    
   2.15999985      0.738204837    
   2.16999984      0.744509220    
   2.18000007      0.750650525    
   2.19000006      0.756642640    
   2.20000005      0.762498677    
   2.21000004      0.768229961    
   2.22000003      0.773846507    
   2.23000002      0.779357553    
   2.24000001      0.784770668    
   2.25000000      0.790093839    
   2.25999999      0.795333028    
   2.26999998      0.800494492    
   2.27999997      0.805583715    
   2.28999996      0.810604870    
   2.29999995      0.815564454    
   2.30999994      0.820462942    
   2.31999993      0.825307846    
   2.32999992      0.830099761    
   2.33999991      0.834842980    
   2.34999990      0.839541495    
   2.35999990      0.844196022    
   2.36999989      0.848810017    
   2.37999988      0.853385031    
   2.38999987      0.857924521    
   2.39999986      0.862428963    
   2.40999985      0.866900861    
   2.41999984      0.871342003    
   2.42999983      0.875753224    
   2.44000006      0.880136847    
   2.45000005      0.884494841    
   2.46000004      0.888825595    
   2.47000003      0.893132985    
   2.48000002      0.897418082    
   2.49000001      0.901679397    
   2.50000000      0.905922353    
   2.50999999      0.910145879    
   2.51999998      0.914344966    
   2.52999997      0.918528855    
   2.53999996      0.922695994    
   2.54999995      0.926845014    
   2.55999994      0.930978835    
   2.56999993      0.935095251    
   2.57999992      0.939198256    
   2.58999991      0.943285346    
   2.59999990      0.947360873    
   2.60999990      0.951421857    
   2.61999989      0.955470324    
   2.62999988      0.959505677    
   2.63999987      0.963529944    
   2.64999986      0.967542231    
   2.65999985      0.971543431    
   2.66999984      0.975534201    
   2.67999983      0.979514837    
   2.69000006      0.983485818    
   2.70000005      0.987445712    
   2.71000004      0.991397560    
   2.72000003      0.995339632    
   2.73000002      0.999273539    
   2.74000001       1.00319970    
   2.75000000       1.00711548    
   2.75999999       1.01102352    
   2.76999998       1.01492524    
   2.77999997       1.01881897    
   2.78999996       1.02270532    
   2.79999995       1.02658534    
   2.80999994       1.03045690    
   2.81999993       1.03432333    
   2.82999992       1.03818333    
   2.83999991       1.04203653    
   2.84999990       1.04588234    
   2.85999990       1.04972506    
   2.86999989       1.05356014    
   2.87999988       1.05738986    
   2.88999987       1.06121385    
   2.89999986       1.06503272    
   2.90999985       1.06884646    
   2.91999984       1.07265437    
   2.92999983       1.07645833    
   2.93999982       1.08025730    
   2.95000005       1.08405137    
   2.96000004       1.08784080    
   2.97000003       1.09162736    
   2.98000002       1.09540653    
   2.99000001       1.09918189    
   3.00000000       1.10295367    
   3.00999999       1.10672283    
   3.01999998       1.11048758    
   3.02999997       1.11424828    
   3.03999996       1.11800492    
   3.04999995       1.12175620    
   3.05999994       1.12550700    
   3.06999993       1.12925172    
   3.07999992       1.13299382    
   3.08999991       1.13673306    
   3.09999990       1.14046729    
   3.10999990       1.14419985    
   3.11999989       1.14792836    
   3.12999988       1.15165448    
   3.13999987       1.15537727    
   3.14999986       1.15909624    
   3.15999985       1.16281402    
   3.16999984       1.16652668    
   3.17999983       1.17023861    
   3.18999982       1.17394602    
   3.19999981       1.17765188    
   3.21000004       1.18135500    
   3.22000003       1.18505418    
   3.23000002       1.18875158    
   3.24000001       1.19244730    
   3.25000000       1.19614065    
   3.25999999       1.19982922    
   3.26999998       1.20351851    
   3.27999997       1.20720482    
   3.28999996       1.21088672    
   3.29999995       1.21456707    
   3.30999994       1.21824682    
   3.31999993       1.22192335    
   3.32999992       1.22559512    
   3.33999991       1.22926831    
   3.34999990       1.23293865    
   3.35999990       1.23660684    
   3.36999989       1.24027193    
   3.37999988       1.24393642    
   3.38999987       1.24759829    
   3.39999986       1.25125873    
   3.40999985       1.25491738    
   3.41999984       1.25857341    
   3.42999983       1.26222754    
   3.43999982       1.26588070    
   3.44999981       1.26953101    
   3.46000004       1.27318108    
   3.47000003       1.27682781    
   3.48000002       1.28047299    
   3.49000001       1.28411925    
   3.50000000       1.28776121    
   3.50999999       1.29140151    
