   9.99999978E-03   3.74876457E-04
   1.99999996E-02   6.57468860E-04
   2.99999993E-02   8.85451504E-04
   3.99999991E-02   1.19052851E-03
   4.99999970E-02   1.45513786E-03
   5.99999987E-02   1.54300337E-03
   7.00000003E-02   1.59199664E-03
   7.99999982E-02   1.66025525E-03
   8.99999961E-02   1.75730733E-03
   9.99999940E-02   1.87844946E-03
  0.109999999       2.01661210E-03
  0.119999997       2.16553942E-03
  0.129999995       2.31992058E-03
  0.140000001       2.47651362E-03
  0.149999991       2.63350806E-03
  0.159999996       2.78725335E-03
  0.170000002       2.93784030E-03
  0.179999992       3.08457040E-03
  0.189999998       3.22669442E-03
  0.199999988       3.36428895E-03
  0.209999993       3.49714723E-03
  0.219999999       3.62545461E-03
  0.229999989       3.74821248E-03
  0.239999995       3.86912795E-03
  0.250000000       3.98658775E-03
  0.259999990       4.09588637E-03
  0.269999981       4.21058293E-03
  0.280000001       4.34264308E-03
  0.289999992       4.44339216E-03
  0.299999982       4.54948470E-03
  0.310000002       4.67062695E-03
  0.319999993       4.82800836E-03
  0.329999983       5.05812746E-03
  0.340000004       5.11796400E-03
  0.349999994       5.23460796E-03
  0.359999985       5.38137974E-03
  0.370000005       5.57541009E-03
  0.379999995       5.86208887E-03
  0.389999986       6.37271907E-03
  0.399999976       6.82345638E-03
  0.409999996       6.82838913E-03
  0.419999987       6.98066270E-03
  0.429999977       7.19364453E-03
  0.439999998       7.47072371E-03
  0.449999988       7.83223379E-03
  0.459999979       8.32078792E-03
  0.469999999       9.02301166E-03
  0.479999989       1.01298327E-02
  0.489999980       1.21283289E-02
  0.500000000       1.39323268E-02
  0.509999990       1.34303216E-02
  0.519999981       1.35264173E-02
  0.529999971       1.37868980E-02
  0.539999962       1.41525939E-02
  0.550000012       1.46110933E-02
  0.560000002       1.51642999E-02
  0.569999993       1.58243775E-02
  0.579999983       1.66124739E-02
  0.589999974       1.75609086E-02
  0.599999964       1.87200978E-02
  0.610000014       2.01674160E-02
  0.620000005       2.20299903E-02
  0.629999995       2.45291740E-02
  0.639999986       2.80899592E-02
  0.649999976       3.36209498E-02
  0.659999967       4.29753661E-02
  0.669999957       4.58990447E-02
  0.680000007       4.45738174E-02
  0.689999998       4.42880876E-02
  0.699999988       4.44041193E-02
  0.709999979       4.47526127E-02
  0.719999969       4.52630185E-02
  0.729999959       4.59005311E-02
  0.740000010       4.66459878E-02
  0.750000000       4.74906638E-02
  0.759999990       4.84288298E-02
  0.769999981       4.94601876E-02
  0.779999971       5.05865924E-02
  0.789999962       5.18117994E-02
  0.799999952       5.31423166E-02
  0.810000002       5.45864478E-02
  0.819999993       5.61546460E-02
  0.829999983       5.78607135E-02
  0.839999974       5.97200543E-02
  0.849999964       6.17538914E-02
  0.859999955       6.39861748E-02
  0.870000005       6.64477870E-02
  0.879999995       6.91773072E-02
  0.889999986       7.22233132E-02
  0.899999976       7.56485537E-02
  0.909999967       7.95378312E-02
  0.919999957       8.39966387E-02
  0.930000007       8.91803652E-02
  0.939999998       9.53018442E-02
  0.949999988      0.102673903    
  0.959999979      0.111772262    
  0.969999969      0.123353571    
  0.979999959      0.138652280    
  0.989999950      0.159449935    
   1.00000000      0.182190821    
   1.00999999      0.185905069    
   1.01999998      0.187205553    
   1.02999997      0.188182250    
   1.03999996      0.189126939    
   1.04999995      0.190114394    
   1.05999994      0.191165209    
   1.06999993      0.192283198    
   1.07999992      0.193467274    
   1.09000003      0.194712088    
   1.10000002      0.196014374    
   1.11000001      0.197369874    
   1.12000000      0.198775142    
   1.13000000      0.200227171    
   1.13999999      0.201722786    
   1.14999998      0.203260869    
   1.15999997      0.204837695    
   1.16999996      0.206453174    
   1.17999995      0.208105549    
   1.18999994      0.209793702    
   1.19999993      0.211517066    
   1.20999992      0.213274375    
   1.22000003      0.215065524    
   1.23000002      0.216889277    
   1.24000001      0.218746811    
   1.25000000      0.220638275    
   1.25999999      0.222561404    
   1.26999998      0.224516332    
   1.27999997      0.226507634    
   1.28999996      0.228530735    
   1.29999995      0.230587140    
   1.30999994      0.232677683    
   1.31999993      0.234802827    
   1.32999992      0.236962959    
   1.33999991      0.239157692    
   1.35000002      0.241390422    
   1.36000001      0.243659720    
   1.37000000      0.245966300    
   1.38000000      0.248311847    
   1.38999999      0.250696152    
   1.39999998      0.253121436    
   1.40999997      0.255588114    
   1.41999996      0.258098036    
   1.42999995      0.260648549    
   1.43999994      0.263247788    
   1.44999993      0.265891314    
   1.45999992      0.268583179    
   1.46999991      0.271323979    
   1.48000002      0.274114847    
   1.49000001      0.276958346    
   1.50000000      0.279855847    
   1.50999999      0.282808781    
   1.51999998      0.285819709    
   1.52999997      0.288890958    
   1.53999996      0.292021781    
   1.54999995      0.295218259    
   1.55999994      0.298480630    
   1.56999993      0.301812440    
   1.57999992      0.305215031    
   1.58999991      0.308693260    
   1.59999990      0.312247247    
   1.61000001      0.315883607    
   1.62000000      0.319603115    
   1.63000000      0.323410481    
   1.63999999      0.327309012    
   1.64999998      0.331302881    
   1.65999997      0.335396111    
   1.66999996      0.339593321    
   1.67999995      0.343900055    
   1.68999994      0.348321259    
   1.69999993      0.352861494    
   1.70999992      0.357525349    
   1.71999991      0.362326175    
   1.73000002      0.367263615    
   1.74000001      0.372346193    
   1.75000000      0.377583534    
   1.75999999      0.382982433    
   1.76999998      0.388552845    
   1.77999997      0.394304305    
   1.78999996      0.400247514    
   1.79999995      0.406392932    
   1.80999994      0.412753522    
   1.81999993      0.419342071    
   1.82999992      0.426172584    
   1.83999991      0.433261067    
   1.84999990      0.440623343    
   1.86000001      0.448277563    
   1.87000000      0.456243187    
   1.88000000      0.464540720    
   1.88999999      0.473192453    
   1.89999998      0.482222080    
   1.90999997      0.491654664    
   1.91999996      0.501515746    
   1.92999995      0.511834443    
   1.93999994      0.522635758    
   1.94999993      0.533943951    
   1.95999992      0.545781374    
   1.96999991      0.558162332    
   1.97999990      0.571085393    
   1.99000001      0.584526539    
   2.00000000      0.598418355    
   2.00999999      0.612383842    
   2.01999998      0.625548542    
   2.02999997      0.637790084    
   2.03999996      0.649182677    
   2.04999995      0.659825265    
   2.05999994      0.669812620    
   2.06999993      0.679230213    
   2.07999992      0.688147724    
   2.08999991      0.696627975    
   2.09999990      0.704721451    
   2.10999990      0.712474287    
   2.11999989      0.719921350    
   2.12999988      0.727098584    
   2.13999987      0.734032512    
   2.14999986      0.740745485    
   2.15999985      0.747263014    
   2.16999984      0.753599763    
   2.18000007      0.759773433    
   2.19000006      0.765798450    
   2.20000005      0.771688819    
   2.21000004      0.777453542    
   2.22000003      0.783103466    
   2.23000002      0.788648069    
   2.24000001      0.794095516    
   2.25000000      0.799452543    
   2.25999999      0.804725349    
   2.26999998      0.809921205    
   2.27999997      0.815043807    
   2.28999996      0.820099413    
   2.29999995      0.825091839    
   2.30999994      0.830025136    
   2.31999993      0.834902763    
   2.32999992      0.839729428    
   2.33999991      0.844506264    
   2.34999990      0.849237502    
   2.35999990      0.853925943    
   2.36999989      0.858573139    
   2.37999988      0.863182247    
   2.38999987      0.867754996    
   2.39999986      0.872292638    
   2.40999985      0.876797259    
   2.41999984      0.881271839    
   2.42999983      0.885716915    
   2.44000006      0.890132964    
   2.45000005      0.894523203    
   2.46000004      0.898887455    
   2.47000003      0.903228819    
   2.48000002      0.907545626    
   2.49000001      0.911840975    
   2.50000000      0.916115761    
   2.50999999      0.920372844    
   2.51999998      0.924604118    
   2.52999997      0.928821206    
   2.53999996      0.933020234    
   2.54999995      0.937201977    
   2.55999994      0.941367745    
   2.56999993      0.945517480    
   2.57999992      0.949652493    
   2.58999991      0.953773737    
   2.59999990      0.957880318    
   2.60999990      0.961973727    
   2.61999989      0.966053724    
   2.62999988      0.970122218    
   2.63999987      0.974179268    
   2.64999986      0.978222311    
   2.65999985      0.982256770    
   2.66999984      0.986279249    
   2.67999983      0.990292251    
   2.69000006      0.994293869    
   2.70000005      0.998286784    
   2.71000004       1.00227058    
   2.72000003       1.00624478    
   2.73000002       1.01021087    
   2.74000001       1.01416790    
   2.75000000       1.01811588    
   2.75999999       1.02205718    
   2.76999998       1.02599037    
   2.77999997       1.02991498    
   2.78999996       1.03383350    
   2.79999995       1.03774524    
   2.80999994       1.04164839    
   2.81999993       1.04554713    
   2.82999992       1.04943883    
   2.83999991       1.05332363    
   2.84999990       1.05720174    
   2.85999990       1.06107509    
   2.86999989       1.06494224    
   2.87999988       1.06880283    
   2.88999987       1.07265580    
   2.89999986       1.07650852    
   2.90999985       1.08035398    
   2.91999984       1.08419311    
   2.92999983       1.08802927    
   2.93999982       1.09185982    
   2.95000005       1.09568524    
   2.96000004       1.09950626    
   2.97000003       1.10332382    
   2.98000002       1.10713494    
   2.99000001       1.11094236    
   3.00000000       1.11474574    
   3.00999999       1.11854470    
   3.01999998       1.12234128    
   3.02999997       1.12613308    
   3.03999996       1.12992167    
   3.04999995       1.13370538    
   3.05999994       1.13748491    
   3.06999993       1.14126241    
   3.07999992       1.14503670    
   3.08999991       1.14880514    
   3.09999990       1.15257049    
   3.10999990       1.15633583    
   3.11999989       1.16009438    
   3.12999988       1.16385281    
   3.13999987       1.16760612    
   3.14999986       1.17135692    
   3.15999985       1.17510509    
   3.16999984       1.17884934    
   3.17999983       1.18259192    
   3.18999982       1.18633175    
   3.19999981       1.19006872    
   3.21000004       1.19380212    
   3.22000003       1.19753337    
   3.23000002       1.20126152    
   3.24000001       1.20498824    
   3.25000000       1.20871294    
   3.25999999       1.21243382    
   3.26999998       1.21615171    
   3.27999997       1.21986842    
   3.28999996       1.22358286    
   3.29999995       1.22729421    
   3.30999994       1.23100388    
   3.31999993       1.23471105    
   3.32999992       1.23841691    
   3.33999991       1.24212050    
   3.34999990       1.24582100    
   3.35999990       1.24951994    
   3.36999989       1.25321758    
   3.37999988       1.25691152    
   3.38999987       1.26060569    
   3.39999986       1.26429725    
   3.40999985       1.26798546    
   3.41999984       1.27167261    
   3.42999983       1.27535820    
   3.43999982       1.27904201    
   3.44999981       1.28272474    
   3.46000004       1.28640509    
   3.47000003       1.29008269    
   3.48000002       1.29375839    
   3.49000001       1.29743564    
   3.50000000       1.30110908    
   3.50999999       1.30478060    
