   9.99999978E-03   3.67777102E-04
   1.99999996E-02   6.55204640E-04
   2.99999993E-02   8.72378296E-04
   3.99999991E-02   1.18743547E-03
   4.99999970E-02   1.43253058E-03
   5.99999987E-02   1.51202304E-03
   7.00000003E-02   1.56311342E-03
   7.99999982E-02   1.63615739E-03
   8.99999961E-02   1.73785654E-03
   9.99999940E-02   1.86260685E-03
  0.109999999       2.00313423E-03
  0.119999997       2.15339125E-03
  0.129999995       2.30830745E-03
  0.140000001       2.46478408E-03
  0.149999991       2.62104371E-03
  0.159999996       2.77361833E-03
  0.170000002       2.92315823E-03
  0.179999992       3.06856935E-03
  0.189999998       3.20913340E-03
  0.199999988       3.34500521E-03
  0.209999993       3.47578852E-03
  0.219999999       3.60241020E-03
  0.229999989       3.72325955E-03
  0.239999995       3.84173146E-03
  0.250000000       3.95451020E-03
  0.259999990       4.06361371E-03
  0.269999981       4.17479780E-03
  0.280000001       4.30075405E-03
  0.289999992       4.39949706E-03
  0.299999982       4.50229645E-03
  0.310000002       4.61673271E-03
  0.319999993       4.76095499E-03
  0.329999983       4.97576036E-03
  0.340000004       5.03481273E-03
  0.349999994       5.14574721E-03
  0.359999985       5.28153032E-03
  0.370000005       5.45889698E-03
  0.379999995       5.71822515E-03
  0.389999986       6.17929874E-03
  0.399999976       6.61020819E-03
  0.409999996       6.61536818E-03
  0.419999987       6.75607380E-03
  0.429999977       6.95135631E-03
  0.439999998       7.20437616E-03
  0.449999988       7.53336214E-03
  0.459999979       7.97699764E-03
  0.469999999       8.61451030E-03
  0.479999989       9.62176826E-03
  0.489999980       1.14610596E-02
  0.500000000       1.32139651E-02
  0.509999990       1.27373030E-02
  0.519999981       1.28238006E-02
  0.529999971       1.30660059E-02
  0.539999962       1.34040844E-02
  0.550000012       1.38277803E-02
  0.560000002       1.43386498E-02
  0.569999993       1.49482405E-02
  0.579999983       1.56746544E-02
  0.589999974       1.65516213E-02
  0.599999964       1.76223349E-02
  0.610000014       1.89601425E-02
  0.620000005       2.06837188E-02
  0.629999995       2.30011363E-02
  0.639999986       2.63148006E-02
  0.649999976       3.15003544E-02
  0.659999967       4.04415615E-02
  0.669999957       4.34239767E-02
  0.680000007       4.21419591E-02
  0.689999998       4.18637432E-02
  0.699999988       4.19694707E-02
  0.709999979       4.22964506E-02
  0.719999969       4.27769162E-02
  0.729999959       4.33776192E-02
  0.740000010       4.40793820E-02
  0.750000000       4.48768325E-02
  0.759999990       4.57615778E-02
  0.769999981       4.67342511E-02
  0.779999971       4.77964766E-02
  0.789999962       4.89523523E-02
  0.799999952       5.02075776E-02
  0.810000002       5.15701771E-02
  0.819999993       5.30501008E-02
  0.829999983       5.46606630E-02
  0.839999974       5.64161427E-02
  0.849999964       5.83370775E-02
  0.859999955       6.04462139E-02
  0.870000005       6.27728403E-02
  0.879999995       6.53545186E-02
  0.889999986       6.82370290E-02
  0.899999976       7.14809150E-02
  0.909999967       7.51665160E-02
  0.919999957       7.93986693E-02
  0.930000007       8.43246132E-02
  0.939999998       9.01516899E-02
  0.949999988       9.71856043E-02
  0.959999979      0.105893865    
  0.969999969      0.117029138    
  0.979999959      0.131842434    
  0.989999950      0.152228668    
   1.00000000      0.175002798    
   1.00999999      0.178585649    
   1.01999998      0.179788351    
   1.02999997      0.180690333    
   1.03999996      0.181571215    
   1.04999995      0.182499886    
   1.05999994      0.183494672    
   1.06999993      0.184557751    
   1.07999992      0.185687095    
   1.09000003      0.186876774    
   1.10000002      0.188123405    
   1.11000001      0.189422756    
   1.12000000      0.190771058    
   1.13000000      0.192165062    
   1.13999999      0.193601802    
   1.14999998      0.195079550    
   1.15999997      0.196595922    
   1.16999996      0.198149800    
   1.17999995      0.199739143    
   1.18999994      0.201363727    
   1.19999993      0.203022152    
   1.20999992      0.204713762    
   1.22000003      0.206440911    
   1.23000002      0.208194226    
   1.24000001      0.209983885    
   1.25000000      0.211804762    
   1.25999999      0.213657156    
   1.26999998      0.215542063    
   1.27999997      0.217458710    
   1.28999996      0.219407961    
   1.29999995      0.221389785    
   1.30999994      0.223404393    
   1.31999993      0.225452587    
   1.32999992      0.227534711    
   1.33999991      0.229650363    
   1.35000002      0.231803149    
   1.36000001      0.233991131    
   1.37000000      0.236215234    
   1.38000000      0.238477185    
   1.38999999      0.240776494    
   1.39999998      0.243116155    
   1.40999997      0.245495647    
   1.41999996      0.247917101    
   1.42999995      0.250378430    
   1.43999994      0.252886266    
   1.44999993      0.255438179    
   1.45999992      0.258036315    
   1.46999991      0.260681987    
   1.48000002      0.263376921    
   1.49000001      0.266122609    
   1.50000000      0.268921047    
   1.50999999      0.271773458    
   1.51999998      0.274682343    
   1.52999997      0.277649760    
   1.53999996      0.280675471    
   1.54999995      0.283764750    
   1.55999994      0.286919147    
   1.56999993      0.290140480    
   1.57999992      0.293430954    
   1.58999991      0.296795696    
   1.59999990      0.300235212    
   1.61000001      0.303753525    
   1.62000000      0.307353854    
   1.63000000      0.311040044    
   1.63999999      0.314815849    
   1.64999998      0.318684459    
   1.65999997      0.322650641    
   1.66999996      0.326718777    
   1.67999995      0.330894589    
   1.68999994      0.335181803    
   1.69999993      0.339586645    
   1.70999992      0.344112605    
   1.71999991      0.348773479    
   1.73000002      0.353568435    
   1.74000001      0.358506829    
   1.75000000      0.363597423    
   1.75999999      0.368847966    
   1.76999998      0.374266893    
   1.77999997      0.379865170    
   1.78999996      0.385652959    
   1.79999995      0.391641200    
   1.80999994      0.397842526    
   1.81999993      0.404270262    
   1.82999992      0.410938174    
   1.83999991      0.417862862    
   1.84999990      0.425060749    
   1.86000001      0.432549924    
   1.87000000      0.440350473    
   1.88000000      0.448483318    
   1.88999999      0.456971824    
   1.89999998      0.465840906    
   1.90999997      0.475116253    
   1.91999996      0.484825790    
   1.92999995      0.494997799    
   1.93999994      0.505661488    
   1.94999993      0.516844928    
   1.95999992      0.528570712    
   1.96999991      0.540857375    
   1.97999990      0.553707838    
   1.99000001      0.567101181    
   2.00000000      0.580972612    
   2.00999999      0.594948113    
   2.01999998      0.608122051    
   2.02999997      0.620361209    
   2.03999996      0.631738842    
   2.04999995      0.642356873    
   2.05999994      0.652311027    
   2.06999993      0.661687732    
   2.07999992      0.670560002    
   2.08999991      0.678989053    
   2.09999990      0.687028766    
   2.10999990      0.694723487    
   2.11999989      0.702112377    
   2.12999988      0.709228396    
   2.13999987      0.716098845    
   2.14999986      0.722748280    
   2.15999985      0.729200006    
   2.16999984      0.735471666    
   2.18000007      0.741579235    
   2.19000006      0.747538269    
   2.20000005      0.753360808    
   2.21000004      0.759057879    
   2.22000003      0.764640570    
   2.23000002      0.770117521    
   2.24000001      0.775496602    
   2.25000000      0.780784905    
   2.25999999      0.785990059    
   2.26999998      0.791117489    
   2.27999997      0.796173275    
   2.28999996      0.801160574    
   2.29999995      0.806084931    
   2.30999994      0.810950637    
   2.31999993      0.815760851    
   2.32999992      0.820519149    
   2.33999991      0.825229287    
   2.34999990      0.829893947    
   2.35999990      0.834514141    
   2.36999989      0.839094460    
   2.37999988      0.843636215    
   2.38999987      0.848141909    
   2.39999986      0.852613091    
   2.40999985      0.857051492    
   2.41999984      0.861458540    
   2.42999983      0.865838110    
   2.44000006      0.870188236    
   2.45000005      0.874511361    
   2.46000004      0.878809929    
   2.47000003      0.883084595    
   2.48000002      0.887336373    
   2.49000001      0.891565979    
   2.50000000      0.895774424    
   2.50999999      0.899965823    
   2.51999998      0.904131830    
   2.52999997      0.908283591    
   2.53999996      0.912416756    
   2.54999995      0.916533172    
   2.55999994      0.920634627    
   2.56999993      0.924719274    
   2.57999992      0.928788602    
   2.58999991      0.932844281    
   2.59999990      0.936887026    
   2.60999990      0.940915167    
   2.61999989      0.944931269    
   2.62999988      0.948934734    
   2.63999987      0.952926457    
   2.64999986      0.956906259    
   2.65999985      0.960876465    
   2.66999984      0.964834213    
   2.67999983      0.968782961    
   2.69000006      0.972720861    
   2.70000005      0.976649582    
   2.71000004      0.980569005    
   2.72000003      0.984478831    
   2.73000002      0.988381147    
   2.74000001      0.992273986    
   2.75000000      0.996159136    
   2.75999999       1.00003576    
   2.76999998       1.00390482    
   2.77999997       1.00776744    
   2.78999996       1.01162112    
   2.79999995       1.01547003    
   2.80999994       1.01931012    
   2.81999993       1.02314413    
   2.82999992       1.02697217    
   2.83999991       1.03079355    
   2.84999990       1.03460813    
   2.85999990       1.03841817    
   2.86999989       1.04222178    
   2.87999988       1.04601991    
   2.88999987       1.04981220    
   2.89999986       1.05359960    
   2.90999985       1.05738151    
   2.91999984       1.06115866    
   2.92999983       1.06492996    
   2.93999982       1.06869769    
   2.95000005       1.07245994    
   2.96000004       1.07621849    
   2.97000003       1.07997274    
   2.98000002       1.08372152    
   2.99000001       1.08746660    
   3.00000000       1.09085202    
   3.00999999       1.09494531    
   3.01999998       1.09867644    
   3.02999997       1.10240579    
   3.03999996       1.10613012    
   3.04999995       1.10985148    
   3.05999994       1.11357057    
   3.06999993       1.11728370    
   3.07999992       1.12099504    
   3.08999991       1.12470233    
   3.09999990       1.12840521    
   3.10999990       1.13210642    
   3.11999989       1.13580394    
   3.12999988       1.13949871    
   3.13999987       1.14319026    
   3.14999986       1.14687872    
   3.15999985       1.15056300    
   3.16999984       1.15424621    
   3.17999983       1.15792680    
   3.18999982       1.16160214    
   3.19999981       1.16527808    
   3.21000004       1.16895068    
   3.22000003       1.17261863    
   3.23000002       1.17628443    
   3.24000001       1.17994869    
   3.25000000       1.18360996    
   3.25999999       1.18726933    
   3.26999998       1.19092488    
   3.27999997       1.19458055    
   3.28999996       1.19823134    
   3.29999995       1.20188260    
   3.30999994       1.20552957    
   3.31999993       1.20917356    
   3.32999992       1.21281850    
   3.33999991       1.21645951    
   3.34999990       1.22009742    
   3.35999990       1.22373521    
   3.36999989       1.22737062    
   3.37999988       1.23100209    
   3.38999987       1.23463356    
   3.39999986       1.23826277    
   3.40999985       1.24188924    
   3.41999984       1.24551523    
   3.42999983       1.24913979    
   3.43999982       1.25276148    
   3.44999981       1.25638092    
   3.46000004       1.25999856    
   3.47000003       1.26361632    
   3.48000002       1.26723051    
   3.49000001       1.27084351    
   3.50000000       1.27445543    
   3.50999999       1.27806532    
