   9.99999978E-03   3.72403912E-04
   1.99999996E-02   6.56458433E-04
   2.99999993E-02   8.80971318E-04
   3.99999991E-02   1.18965679E-03
   4.99999970E-02   1.44777808E-03
   5.99999987E-02   1.53244077E-03
   7.00000003E-02   1.58236490E-03
   7.99999982E-02   1.65213807E-03
   8.99999961E-02   1.75073766E-03
   9.99999940E-02   1.87311159E-03
  0.109999999       2.01209891E-03
  0.119999997       2.16147839E-03
  0.129999995       2.31606513E-03
  0.140000001       2.47262930E-03
  0.149999991       2.62931129E-03
  0.159999996       2.78253341E-03
  0.170000002       2.93305865E-03
  0.179999992       3.07931798E-03
  0.189999998       3.22093489E-03
  0.199999988       3.35794478E-03
  0.209999993       3.49021587E-03
  0.219999999       3.61786364E-03
  0.229999989       3.73997982E-03
  0.239999995       3.86006548E-03
  0.250000000       3.97592830E-03
  0.259999990       4.08517383E-03
  0.269999981       4.19863174E-03
  0.280000001       4.32864670E-03
  0.289999992       4.42871079E-03
  0.299999982       4.53419005E-03
  0.310000002       4.65287128E-03
  0.319999993       4.80572321E-03
  0.329999983       5.03105763E-03
  0.340000004       5.09020407E-03
  0.349999994       5.20453509E-03
  0.359999985       5.34749543E-03
  0.370000005       5.53576276E-03
  0.379999995       5.81286848E-03
  0.389999986       6.31050393E-03
  0.399999976       6.75081043E-03
  0.409999996       6.75580092E-03
  0.419999987       6.90408377E-03
  0.429999977       7.11100781E-03
  0.439999998       7.37978332E-03
  0.449999988       7.73016969E-03
  0.459999979       8.20599217E-03
  0.469999999       8.88338406E-03
  0.479999989       9.95617826E-03
  0.489999980       1.19000543E-02
  0.500000000       1.36879366E-02
  0.509999990       1.31947231E-02
  0.519999981       1.32880127E-02
  0.529999971       1.35414805E-02
  0.539999962       1.38977477E-02
  0.550000012       1.43443765E-02
  0.560000002       1.48831923E-02
  0.569999993       1.55260572E-02
  0.579999983       1.62935629E-02
  0.589999974       1.72172356E-02
  0.599999964       1.83463562E-02
  0.610000014       1.97563879E-02
  0.620000005       2.15718206E-02
  0.629999995       2.40091123E-02
  0.639999986       2.74864025E-02
  0.649999976       3.29007357E-02
  0.659999967       4.21174243E-02
  0.669999957       4.50614989E-02
  0.680000007       4.37505655E-02
  0.689999998       4.34673540E-02
  0.699999988       4.35798056E-02
  0.709999979       4.39210050E-02
  0.719999969       4.44212742E-02
  0.729999959       4.50462922E-02
  0.740000010       4.57774736E-02
  0.750000000       4.66056541E-02
  0.759999990       4.75258380E-02
  0.769999981       4.85373400E-02
  0.779999971       4.96419631E-02
  0.789999962       5.08438237E-02
  0.799999952       5.21488674E-02
  0.810000002       5.35654835E-02
  0.819999993       5.51038124E-02
  0.829999983       5.67775965E-02
  0.839999974       5.86019307E-02
  0.849999964       6.05975725E-02
  0.859999955       6.27853870E-02
  0.870000005       6.52042627E-02
  0.879999995       6.78840354E-02
  0.889999986       7.08748698E-02
  0.899999976       7.42390156E-02
  0.909999967       7.80600682E-02
  0.919999957       8.24421793E-02
  0.930000007       8.75392556E-02
  0.939999998       9.35617313E-02
  0.949999988      0.100820243    
  0.959999979      0.109788060    
  0.969999969      0.121220440    
  0.979999959      0.136357814    
  0.989999950      0.157020271    
   1.00000000      0.179773852    
   1.00999999      0.183444172    
   1.01999998      0.184711605    
   1.02999997      0.185663268    
   1.03999996      0.186586276    
   1.04999995      0.187554121    
   1.05999994      0.188586026    
   1.06999993      0.189685553    
   1.07999992      0.190850928    
   1.09000003      0.192077234    
   1.10000002      0.193360895    
   1.11000001      0.194697440    
   1.12000000      0.196083590    
   1.13000000      0.197515890    
   1.13999999      0.198991850    
   1.14999998      0.200509652    
   1.15999997      0.202066183    
   1.16999996      0.203660935    
   1.17999995      0.205292135    
   1.18999994      0.206958935    
   1.19999993      0.208660513    
   1.20999992      0.210395828    
   1.22000003      0.212164566    
   1.23000002      0.213965505    
   1.24000001      0.215800717    
   1.25000000      0.217668071    
   1.25999999      0.219567508    
   1.26999998      0.221499994    
   1.27999997      0.223465264    
   1.28999996      0.225463331    
   1.29999995      0.227494702    
   1.30999994      0.229559913    
   1.31999993      0.231659338    
   1.32999992      0.233793125    
   1.33999991      0.235961258    
   1.35000002      0.238167301    
   1.36000001      0.240409136    
   1.37000000      0.242688432    
   1.38000000      0.245005593    
   1.38999999      0.247361541    
   1.39999998      0.249758139    
   1.40999997      0.252195537    
   1.41999996      0.254675835    
   1.42999995      0.257196486    
   1.43999994      0.259765208    
   1.44999993      0.262378216    
   1.45999992      0.265038192    
   1.46999991      0.267746925    
   1.48000002      0.270505875    
   1.49000001      0.273316771    
   1.50000000      0.276180714    
   1.50999999      0.279100031    
   1.51999998      0.282076806    
   1.52999997      0.285113364    
   1.53999996      0.288208932    
   1.54999995      0.291369289    
   1.55999994      0.294595897    
   1.56999993      0.297890574    
   1.57999992      0.301255614    
   1.58999991      0.304695785    
   1.59999990      0.308212191    
   1.61000001      0.311808616    
   1.62000000      0.315488160    
   1.63000000      0.319255084    
   1.63999999      0.323112249    
   1.64999998      0.327064514    
   1.65999997      0.331115097    
   1.66999996      0.335269600    
   1.67999995      0.339532167    
   1.68999994      0.343908429    
   1.69999993      0.348403841    
   1.70999992      0.353021204    
   1.71999991      0.357775360    
   1.73000002      0.362665176    
   1.74000001      0.367699742    
   1.75000000      0.372887790    
   1.75999999      0.378237396    
   1.76999998      0.383757412    
   1.77999997      0.389457852    
   1.78999996      0.395349115    
   1.79999995      0.401440620    
   1.80999994      0.407749802    
   1.81999993      0.414284497    
   1.82999992      0.421061516    
   1.83999991      0.428094894    
   1.84999990      0.435402811    
   1.86000001      0.443002015    
   1.87000000      0.450912833    
   1.88000000      0.459155560    
   1.88999999      0.467753291    
   1.89999998      0.476729870    
   1.90999997      0.486110330    
   1.91999996      0.495920628    
   1.92999995      0.506191492    
   1.93999994      0.516947389    
   1.94999993      0.528214574    
   1.95999992      0.540015519    
   1.96999991      0.552365005    
   1.97999990      0.565264523    
   1.99000001      0.578689635    
   2.00000000      0.592575192    
   2.00999999      0.606544495    
   2.01999998      0.619711936    
   2.02999997      0.631953418    
   2.03999996      0.643341362    
   2.04999995      0.653975487    
   2.05999994      0.663952589    
   2.06999993      0.673356473    
   2.07999992      0.682258844    
   2.08999991      0.690722048    
   2.09999990      0.698797941    
   2.10999990      0.706531286    
   2.11999989      0.713959575    
   2.12999988      0.721116841    
   2.13999987      0.728029013    
   2.14999986      0.734721661    
   2.15999985      0.741216838    
   2.16999984      0.747532368    
   2.18000007      0.753684640    
   2.19000006      0.759687722    
   2.20000005      0.765555620    
   2.21000004      0.771297455    
   2.22000003      0.776925027    
   2.23000002      0.782447636    
   2.24000001      0.787871838    
   2.25000000      0.793206334    
   2.25999999      0.798456788    
   2.26999998      0.803629696    
   2.27999997      0.808730423    
   2.28999996      0.813763201    
   2.29999995      0.818732500    
   2.30999994      0.823643923    
   2.31999993      0.828499079    
   2.32999992      0.833303213    
   2.33999991      0.838057756    
   2.34999990      0.842766941    
   2.35999990      0.847432792    
   2.36999989      0.852057099    
   2.37999988      0.856644571    
   2.38999987      0.861194849    
   2.39999986      0.865710378    
   2.40999985      0.870193005    
   2.41999984      0.874645293    
   2.42999983      0.879067898    
   2.44000006      0.883461952    
   2.45000005      0.887830555    
   2.46000004      0.892172813    
   2.47000003      0.896491826    
   2.48000002      0.900787055    
   2.49000001      0.905060232    
   2.50000000      0.909313321    
   2.50999999      0.913548291    
   2.51999998      0.917758465    
   2.52999997      0.921953380    
   2.53999996      0.926130593    
   2.54999995      0.930290639    
   2.55999994      0.934434831    
   2.56999993      0.938563049    
   2.57999992      0.942676485    
   2.58999991      0.946775734    
   2.59999990      0.950860381    
   2.60999990      0.954932094    
   2.61999989      0.958991408    
   2.62999988      0.963037789    
   2.63999987      0.967072904    
   2.64999986      0.971101403    
   2.65999985      0.975108266    
   2.66999984      0.979109645    
   2.67999983      0.983100832    
   2.69000006      0.987081647    
   2.70000005      0.991052628    
   2.71000004      0.995015681    
   2.72000003      0.998967946    
   2.73000002       1.00291264    
   2.74000001       1.00684857    
   2.75000000       1.01077521    
   2.75999999       1.01469505    
   2.76999998       1.01860678    
   2.77999997       1.02251208    
   2.78999996       1.02640891    
   2.79999995       1.03029871    
   2.80999994       1.03418243    
   2.81999993       1.03805876    
   2.82999992       1.04192829    
   2.83999991       1.04579151    
   2.84999990       1.04964995    
   2.85999990       1.05350113    
   2.86999989       1.05734813    
   2.87999988       1.06118786    
   2.88999987       1.06502211    
   2.89999986       1.06885087    
   2.90999985       1.07267547    
   2.91999984       1.07649565    
   2.92999983       1.08030903    
   2.93999982       1.08411837    
   2.95000005       1.08792245    
   2.96000004       1.09172273    
   2.97000003       1.09551978    
   2.98000002       1.09930968    
   2.99000001       1.10309553    
   3.00000000       1.10687900    
   3.00999999       1.11065722    
   3.01999998       1.11443233    
   3.02999997       1.11820221    
   3.03999996       1.12197030    
   3.04999995       1.12573314    
   3.05999994       1.12949240    
   3.06999993       1.13324976    
   3.07999992       1.13700128    
   3.08999991       1.14075005    
   3.09999990       1.14449561    
   3.10999990       1.14823878    
   3.11999989       1.15197825    
   3.12999988       1.15571332    
   3.13999987       1.15944648    
   3.14999986       1.16317713    
   3.15999985       1.16690409    
   3.16999984       1.17062831    
   3.17999983       1.17435002    
   3.18999982       1.17806840    
   3.19999981       1.18178487    
   3.21000004       1.18549681    
   3.22000003       1.18920732    
   3.23000002       1.19291437    
   3.24000001       1.19662082    
   3.25000000       1.20032513    
   3.25999999       1.20402586    
   3.26999998       1.20772219    
   3.27999997       1.21141863    
   3.28999996       1.21511257    
   3.29999995       1.21880317    
   3.30999994       1.22249162    
   3.31999993       1.22618032    
   3.32999992       1.22986352    
   3.33999991       1.23354602    
   3.34999990       1.23722708    
   3.35999990       1.24090457    
   3.36999989       1.24458051    
   3.37999988       1.24825537    
   3.38999987       1.25192821    
   3.39999986       1.25559831    
   3.40999985       1.25926685    
   3.41999984       1.26293325    
   3.42999983       1.26659846    
   3.43999982       1.27026129    
   3.44999981       1.27392256    
   3.46000004       1.27758265    
   3.47000003       1.28123951    
   3.48000002       1.28489566    
   3.49000001       1.28855085    
   3.50000000       1.29220426    
   3.50999999       1.29585588    
