   9.99999978E-03   3.76190757E-04
   1.99999996E-02   6.57925440E-04
   2.99999993E-02   8.87656468E-04
   3.99999991E-02   1.19099859E-03
   4.99999970E-02   1.45875616E-03
   5.99999987E-02   1.54842017E-03
   7.00000003E-02   1.59690809E-03
   7.99999982E-02   1.66435668E-03
   8.99999961E-02   1.76061504E-03
   9.99999940E-02   1.88116194E-03
  0.109999999       2.01888615E-03
  0.119999997       2.16770009E-03
  0.129999995       2.32184073E-03
  0.140000001       2.47843377E-03
  0.149999991       2.63555138E-03
  0.159999996       2.78909691E-03
  0.170000002       2.94021470E-03
  0.179999992       3.08718137E-03
  0.189999998       3.22954915E-03
  0.199999988       3.36742681E-03
  0.209999993       3.50058870E-03
  0.219999999       3.62921506E-03
  0.229999989       3.75230960E-03
  0.239999995       3.87386372E-03
  0.250000000       3.99151398E-03
  0.259999990       4.10122238E-03
  0.269999981       4.21650615E-03
  0.280000001       4.34965454E-03
  0.289999992       4.45075752E-03
  0.299999982       4.55755135E-03
  0.310000002       4.67984984E-03
  0.319999993       4.83928667E-03
  0.329999983       5.07224537E-03
  0.340000004       5.13200322E-03
  0.349999994       5.24988072E-03
  0.359999985       5.39858360E-03
  0.370000005       5.59556158E-03
  0.379999995       5.88707812E-03
  0.389999986       6.40518731E-03
  0.399999976       6.86040381E-03
  0.409999996       6.86531886E-03
  0.419999987       7.01964274E-03
  0.429999977       7.23558012E-03
  0.439999998       7.51583790E-03
  0.449999988       7.88422674E-03
  0.459999979       8.38060025E-03
  0.469999999       9.09420755E-03
  0.479999989       1.02183446E-02
  0.489999980       1.22432522E-02
  0.500000000       1.40564647E-02
  0.509999990       1.35507211E-02
  0.519999981       1.36483572E-02
  0.529999971       1.39116356E-02
  0.539999962       1.42821260E-02
  0.550000012       1.47466492E-02
  0.560000002       1.53071731E-02
  0.569999993       1.59760173E-02
  0.579999983       1.67745743E-02
  0.589999974       1.77355856E-02
  0.599999964       1.89100616E-02
  0.610000014       2.03763098E-02
  0.620000005       2.22628489E-02
  0.629999995       2.47933064E-02
  0.639999986       2.83964351E-02
  0.649999976       3.39862593E-02
  0.659999967       4.34095934E-02
  0.669999957       4.63175587E-02
  0.680000007       4.49903607E-02
  0.689999998       4.47035097E-02
  0.699999988       4.48213033E-02
  0.709999979       4.51735258E-02
  0.719999969       4.56890613E-02
  0.729999959       4.63328101E-02
  0.740000010       4.70856093E-02
  0.750000000       4.79631945E-02
  0.759999990       4.88858819E-02
  0.769999981       4.99217026E-02
  0.779999971       5.10645658E-02
  0.789999962       5.23016378E-02
  0.799999952       5.36450148E-02
  0.810000002       5.51030859E-02
  0.819999993       5.66862971E-02
  0.829999983       5.84087186E-02
  0.839999974       6.02857545E-02
  0.849999964       6.23388737E-02
  0.859999955       6.45921528E-02
  0.870000005       6.70767650E-02
  0.879999995       6.98314235E-02
  0.889999986       7.29052573E-02
  0.899999976       7.63614178E-02
  0.909999967       8.02851319E-02
  0.919999957       8.47825184E-02
  0.930000007       9.00098979E-02
  0.939999998       9.61811841E-02
  0.949999988      0.103610285    
  0.959999979      0.112774178    
  0.969999969      0.124430120    
  0.979999959      0.139809251    
  0.989999950      0.160673723    
   1.00000000      0.183408007    
   1.00999999      0.187144130    
   1.01999998      0.188460931    
   1.02999997      0.189450622    
   1.03999996      0.190406084    
   1.04999995      0.191403583    
   1.05999994      0.192463890    
   1.06999993      0.193591282    
   1.07999992      0.194784567    
   1.09000003      0.196038783    
   1.10000002      0.197350547    
   1.11000001      0.198715508    
   1.12000000      0.200130507    
   1.13000000      0.201592177    
   1.13999999      0.203097835    
   1.14999998      0.204646140    
   1.15999997      0.206233159    
   1.16999996      0.207859308    
   1.17999995      0.209522128    
   1.18999994      0.211221114    
   1.19999993      0.212955341    
   1.20999992      0.214723811    
   1.22000003      0.216526210    
   1.23000002      0.218361586    
   1.24000001      0.220230460    
   1.25000000      0.222133800    
   1.25999999      0.224068880    
   1.26999998      0.226037666    
   1.27999997      0.228039533    
   1.28999996      0.230074763    
   1.29999995      0.232144117    
   1.30999994      0.234247297    
   1.31999993      0.236385658    
   1.32999992      0.238558784    
   1.33999991      0.240766764    
   1.35000002      0.243013322    
   1.36000001      0.245296106    
   1.37000000      0.247616664    
   1.38000000      0.249976173    
   1.38999999      0.252374649    
   1.39999998      0.254814714    
   1.40999997      0.257296085    
   1.41999996      0.259820640    
   1.42999995      0.262387663    
   1.43999994      0.265000761    
   1.44999993      0.267659932    
   1.45999992      0.270367563    
   1.46999991      0.273124337    
   1.48000002      0.275931507    
   1.49000001      0.278791189    
   1.50000000      0.281705201    
   1.50999999      0.284675241    
   1.51999998      0.287703216    
   1.52999997      0.290792018    
   1.53999996      0.293940663    
   1.54999995      0.297154933    
   1.55999994      0.300435781    
   1.56999993      0.303785712    
   1.57999992      0.307207137    
   1.58999991      0.310704708    
   1.59999990      0.314278245    
   1.61000001      0.317934155    
   1.62000000      0.321673781    
   1.63000000      0.325501233    
   1.63999999      0.329420537    
   1.64999998      0.333435595    
   1.65999997      0.337550133    
   1.66999996      0.341768920    
   1.67999995      0.346097678    
   1.68999994      0.350540757    
   1.69999993      0.355103970    
   1.70999992      0.359791011    
   1.71999991      0.364610344    
   1.73000002      0.369575977    
   1.74000001      0.374683022    
   1.75000000      0.379944861    
   1.75999999      0.385368794    
   1.76999998      0.390964419    
   1.77999997      0.396741271    
   1.78999996      0.402710289    
   1.79999995      0.408882588    
   1.80999994      0.415269434    
   1.81999993      0.421884716    
   1.82999992      0.428742290    
   1.83999991      0.435857505    
   1.84999990      0.443247259    
   1.86000001      0.450928628    
   1.87000000      0.458921760    
   1.88000000      0.467246652    
   1.88999999      0.475925416    
   1.89999998      0.484981358    
   1.90999997      0.494439989    
   1.91999996      0.504325867    
   1.92999995      0.514668882    
   1.93999994      0.525492489    
   1.94999993      0.536821425    
   1.95999992      0.548676908    
   1.96999991      0.561073005    
   1.97999990      0.574007809    
   1.99000001      0.587456942    
   2.00000000      0.601351500    
   2.00999999      0.615315020    
   2.01999998      0.628478348    
   2.02999997      0.640720367    
   2.03999996      0.652114809    
   2.04999995      0.662761033    
   2.05999994      0.672755003    
   2.06999993      0.682178855    
   2.07999992      0.691103876    
   2.08999991      0.699591994    
   2.09999990      0.707694530    
   2.10999990      0.715456128    
   2.11999989      0.722913861    
   2.12999988      0.730101168    
   2.13999987      0.737044454    
   2.14999986      0.743768334    
   2.15999985      0.750295460    
   2.16999984      0.756643951    
   2.18000007      0.762829542    
   2.19000006      0.768865526    
   2.20000005      0.774766386    
   2.21000004      0.780541658    
   2.22000003      0.786203384    
   2.23000002      0.791760027    
   2.24000001      0.797217727    
   2.25000000      0.802585721    
   2.25999999      0.807869673    
   2.26999998      0.813076317    
   2.27999997      0.818211257    
   2.28999996      0.823277891    
   2.29999995      0.828281939    
   2.30999994      0.833225787    
   2.31999993      0.838115036    
   2.32999992      0.842952609    
   2.33999991      0.847740650    
   2.34999990      0.852483749    
   2.35999990      0.857183278    
   2.36999989      0.861841202    
   2.37999988      0.866461039    
   2.38999987      0.871044934    
   2.39999986      0.875594199    
   2.40999985      0.880110204    
   2.41999984      0.884595037    
   2.42999983      0.889051080    
   2.44000006      0.893478751    
   2.45000005      0.897879720    
   2.46000004      0.902255356    
   2.47000003      0.906606913    
   2.48000002      0.910935223    
   2.49000001      0.915241361    
   2.50000000      0.919527531    
   2.50999999      0.923794806    
   2.51999998      0.928037107    
   2.52999997      0.932265043    
   2.53999996      0.936474860    
   2.54999995      0.940667868    
   2.55999994      0.944844306    
   2.56999993      0.949004829    
   2.57999992      0.953150928    
   2.58999991      0.957281828    
   2.59999990      0.961399674    
   2.60999990      0.965503693    
   2.61999989      0.969595134    
   2.62999988      0.973673701    
   2.63999987      0.977740645    
   2.64999986      0.981795251    
   2.65999985      0.985840738    
   2.66999984      0.989873946    
   2.67999983      0.993897676    
   2.69000006      0.997910500    
   2.70000005       1.00191426    
   2.71000004       1.00590777    
   2.72000003       1.00989342    
   2.73000002       1.01386905    
   2.74000001       1.01783645    
   2.75000000       1.02179694    
   2.75999999       1.02574706    
   2.76999998       1.02969134    
   2.77999997       1.03362763    
   2.78999996       1.03755617    
   2.79999995       1.04147768    
   2.80999994       1.04539359    
   2.81999993       1.04930091    
   2.82999992       1.05320323    
   2.83999991       1.05709887    
   2.84999990       1.06098831    
   2.85999990       1.06487012    
   2.86999989       1.06874728    
   2.87999988       1.07262039    
   2.88999987       1.07648230    
   2.89999986       1.08034766    
   2.90999985       1.08420324    
   2.91999984       1.08805454    
   2.92999983       1.09189868    
   2.93999982       1.09574008    
   2.95000005       1.09957588    
   2.96000004       1.10340750    
   2.97000003       1.10723591    
   2.98000002       1.11105692    
   2.99000001       1.11487508    
   3.00000000       1.11868942    
   3.00999999       1.12249970    
   3.01999998       1.12630498    
   3.02999997       1.13010848    
   3.03999996       1.13390601    
   3.04999995       1.13770068    
   3.05999994       1.14149117    
   3.06999993       1.14527881    
   3.07999992       1.14906108    
   3.08999991       1.15284348    
   3.09999990       1.15661943    
   3.10999990       1.16039348    
   3.11999989       1.16416299    
   3.12999988       1.16792977    
   3.13999987       1.17169535    
   3.14999986       1.17545640    
   3.15999985       1.17921519    
   3.16999984       1.18297064    
   3.17999983       1.18672335    
   3.18999982       1.19047332    
   3.19999981       1.19421983    
   3.21000004       1.19796407    
   3.22000003       1.20170617    
   3.23000002       1.20544410    
   3.24000001       1.20918107    
   3.25000000       1.21291518    
   3.25999999       1.21664762    
   3.26999998       1.22037613    
   3.27999997       1.22410309    
   3.28999996       1.22782767    
   3.29999995       1.23155057    
   3.30999994       1.23527002    
   3.31999993       1.23898721    
   3.32999992       1.24270320    
   3.33999991       1.24641681    
   3.34999990       1.25012863    
   3.35999990       1.25383759    
   3.36999989       1.25754499    
   3.37999988       1.26125026    
   3.38999987       1.26495242    
   3.39999986       1.26865530    
   3.40999985       1.27235448    
   3.41999984       1.27605247    
   3.42999983       1.27974832    
   3.43999982       1.28344142    
   3.44999981       1.28713357    
   3.46000004       1.29082549    
   3.47000003       1.29451406    
   3.48000002       1.29820061    
   3.49000001       1.30188608    
   3.50000000       1.30557072    
   3.50999999       1.30925190    
