   9.99999978E-03   3.84180486E-04
   1.99999996E-02   6.61208993E-04
   2.99999993E-02   9.01955878E-04
   3.99999991E-02   1.19321852E-03
   4.99999970E-02   1.47958274E-03
   5.99999987E-02   1.57955650E-03
   7.00000003E-02   1.62675208E-03
   7.99999982E-02   1.68948621E-03
   8.99999961E-02   1.78092206E-03
   9.99999940E-02   1.89772819E-03
  0.109999999       2.03261315E-03
  0.119999997       2.17979215E-03
  0.129999995       2.33335258E-03
  0.140000001       2.48988136E-03
  0.149999991       2.64669489E-03
  0.159999996       2.80186278E-03
  0.170000002       2.95410701E-03
  0.179999992       3.10240360E-03
  0.189999998       3.24630132E-03
  0.199999988       3.38582788E-03
  0.209999993       3.52047523E-03
  0.219999999       3.65142478E-03
  0.229999989       3.77641944E-03
  0.239999995       3.90042714E-03
  0.250000000       4.02080547E-03
  0.259999990       4.13525803E-03
  0.269999981       4.25227825E-03
  0.280000001       4.38993936E-03
  0.289999992       4.49529849E-03
  0.299999982       4.60740272E-03
  0.310000002       4.73679556E-03
  0.319999993       4.90880152E-03
  0.329999983       5.15943347E-03
  0.340000004       5.21861529E-03
  0.349999994       5.34439459E-03
  0.359999985       5.48986346E-03
  0.370000005       5.72125893E-03
  0.379999995       6.04347140E-03
  0.389999986       6.61511812E-03
  0.399999976       7.09093781E-03
  0.409999996       7.09581282E-03
  0.419999987       7.26303179E-03
  0.429999977       7.49865361E-03
  0.439999998       7.80666340E-03
  0.449999988       8.20983388E-03
  0.459999979       8.75567086E-03
  0.469999999       9.54057556E-03
  0.479999989       1.07731745E-02
  0.489999980       1.29668107E-02
  0.500000000       1.48282433E-02
  0.509999990       1.42989671E-02
  0.519999981       1.44034857E-02
  0.529999971       1.46880867E-02
  0.539999962       1.50879603E-02
  0.550000012       1.55905578E-02
  0.560000002       1.61966849E-02
  0.569999993       1.69199742E-02
  0.579999983       1.77837145E-02
  0.589999974       1.88230891E-02
  0.599999964       2.00927071E-02
  0.610000014       2.16765068E-02
  0.620000005       2.37116944E-02
  0.629999995       2.64357440E-02
  0.639999986       3.02999783E-02
  0.649999976       3.62498574E-02
  0.659999967       4.60859351E-02
  0.669999957       4.89317439E-02
  0.680000007       4.75570075E-02
  0.689999998       4.72633392E-02
  0.699999988       4.73924652E-02
  0.709999979       4.77677137E-02
  0.719999969       4.83149812E-02
  0.729999959       4.89973463E-02
  0.740000010       4.97951657E-02
  0.750000000       5.06982580E-02
  0.759999990       5.17023541E-02
  0.769999981       5.28053530E-02
  0.779999971       5.40106595E-02
  0.789999962       5.53198829E-02
  0.799999952       5.67422397E-02
  0.810000002       5.82858026E-02
  0.819999993       5.99587969E-02
  0.829999983       6.17840700E-02
  0.839999974       6.37698546E-02
  0.849999964       6.59408793E-02
  0.859999955       6.83228150E-02
  0.870000005       7.09477887E-02
  0.879999995       7.38571584E-02
  0.889999986       7.71013126E-02
  0.899999976       8.07458386E-02
  0.909999967       8.48787203E-02
  0.919999957       8.96129683E-02
  0.930000007       9.51064602E-02
  0.939999998      0.101580165    
  0.949999988      0.109355353    
  0.959999979      0.118915193    
  0.969999969      0.131019399    
  0.979999959      0.146877706    
  0.989999950      0.168132648    
   1.00000000      0.190819979    
   1.00999999      0.194687337    
   1.01999998      0.196104750    
   1.02999997      0.197172210    
   1.03999996      0.198194340    
   1.04999995      0.199253157    
   1.05999994      0.200372040    
   1.06999993      0.201558128    
   1.07999992      0.202806577    
   1.09000003      0.204117894    
   1.10000002      0.205487087    
   1.11000001      0.206910118    
   1.12000000      0.208384156    
   1.13000000      0.209905699    
   1.13999999      0.211471885    
   1.14999998      0.213081777    
   1.15999997      0.214731246    
   1.16999996      0.216421098    
   1.17999995      0.218148455    
   1.18999994      0.219912902    
   1.19999993      0.221713692    
   1.20999992      0.223549724    
   1.22000003      0.225420564    
   1.23000002      0.227325380    
   1.24000001      0.229265854    
   1.25000000      0.231239617    
   1.25999999      0.233247116    
   1.26999998      0.235289380    
   1.27999997      0.237365738    
   1.28999996      0.239476740    
   1.29999995      0.241622508    
   1.30999994      0.243803471    
   1.31999993      0.246020198    
   1.32999992      0.248273268    
   1.33999991      0.250562161    
   1.35000002      0.252890527    
   1.36000001      0.255256474    
   1.37000000      0.257661223    
   1.38000000      0.260106057    
   1.38999999      0.262591004    
   1.39999998      0.265118539    
   1.40999997      0.267688990    
   1.41999996      0.270303935    
   1.42999995      0.272962511    
   1.43999994      0.275668055    
   1.44999993      0.278421402    
   1.45999992      0.281224161    
   1.46999991      0.284077436    
   1.48000002      0.286982954    
   1.49000001      0.289942026    
   1.50000000      0.292957008    
   1.50999999      0.296029150    
   1.51999998      0.299161136    
   1.52999997      0.302354246    
   1.53999996      0.305610806    
   1.54999995      0.308933288    
   1.55999994      0.312324941    
   1.56999993      0.315786660    
   1.57999992      0.319321394    
   1.58999991      0.322934359    
   1.59999990      0.326625258    
   1.61000001      0.330400020    
   1.62000000      0.334259540    
   1.63000000      0.338210553    
   1.63999999      0.342253894    
   1.64999998      0.346395612    
   1.65999997      0.350638390    
   1.66999996      0.354987711    
   1.67999995      0.359449148    
   1.68999994      0.364026576    
   1.69999993      0.368726730    
   1.70999992      0.373552650    
   1.71999991      0.378517538    
   1.73000002      0.383621335    
   1.74000001      0.388873398    
   1.75000000      0.394282520    
   1.75999999      0.399856240    
   1.76999998      0.405602932    
   1.77999997      0.411533535    
   1.78999996      0.417658061    
   1.79999995      0.423986644    
   1.80999994      0.430532426    
   1.81999993      0.437308162    
   1.82999992      0.444327086    
   1.83999991      0.451605082    
   1.84999990      0.459157795    
   1.86000001      0.467002928    
   1.87000000      0.475158930    
   1.88000000      0.483645350    
   1.88999999      0.492484570    
   1.89999998      0.501698136    
   1.90999997      0.511310637    
   1.91999996      0.521345794    
   1.92999995      0.531828821    
   1.93999994      0.542784870    
   1.94999993      0.554234922    
   1.95999992      0.566197395    
   1.96999991      0.578681946    
   1.97999990      0.591685236    
   1.99000001      0.605177760    
   2.00000000      0.619090199    
   2.00999999      0.633041739    
   2.01999998      0.646194220    
   2.02999997      0.658436775    
   2.03999996      0.669843674    
   2.04999995      0.680513501    
   2.05999994      0.690538406    
   2.06999993      0.699999809    
   2.07999992      0.708968878    
   2.08999991      0.717505932    
   2.09999990      0.725660503    
   2.10999990      0.733477175    
   2.11999989      0.740992308    
   2.12999988      0.748238742    
   2.13999987      0.755243123    
   2.14999986      0.762029886    
   2.15999985      0.768620670    
   2.16999984      0.775032461    
   2.18000007      0.781282783    
   2.19000006      0.787384152    
   2.20000005      0.793351114    
   2.21000004      0.799193263    
   2.22000003      0.804920971    
   2.23000002      0.810543954    
   2.24000001      0.816067874    
   2.25000000      0.821503103    
   2.25999999      0.826854646    
   2.26999998      0.832127988    
   2.27999997      0.837329626    
   2.28999996      0.842462480    
   2.29999995      0.847533584    
   2.30999994      0.852545023    
   2.31999993      0.857501566    
   2.32999992      0.862405181    
   2.33999991      0.867260218    
   2.34999990      0.872069836    
   2.35999990      0.876835525    
   2.36999989      0.881560564    
   2.37999988      0.886247098    
   2.38999987      0.890896499    
   2.39999986      0.895511627    
   2.40999985      0.900093675    
   2.41999984      0.904645264    
   2.42999983      0.909166813    
   2.44000006      0.913660467    
   2.45000005      0.918127358    
   2.46000004      0.922568619    
   2.47000003      0.926985562    
   2.48000002      0.931379378    
   2.49000001      0.935750425    
   2.50000000      0.940101743    
   2.50999999      0.944431663    
   2.51999998      0.948741794    
   2.52999997      0.953034937    
   2.53999996      0.957310140    
   2.54999995      0.961567044    
   2.55999994      0.965808332    
   2.56999993      0.970034480    
   2.57999992      0.974244416    
   2.58999991      0.978440106    
   2.59999990      0.982622266    
   2.60999990      0.986790359    
   2.61999989      0.990946412    
   2.62999988      0.995089412    
   2.63999987      0.999221206    
   2.64999986       1.00334060    
   2.65999985       1.00744891    
   2.66999984       1.01154625    
   2.67999983       1.01563275    
   2.69000006       1.01971066    
   2.70000005       1.02377832    
   2.71000004       1.02783513    
   2.72000003       1.03188419    
   2.73000002       1.03592396    
   2.74000001       1.03995669    
   2.75000000       1.04397869    
   2.75999999       1.04799366    
   2.76999998       1.05200016    
   2.77999997       1.05599988    
   2.78999996       1.05999291    
   2.79999995       1.06397784    
   2.80999994       1.06795597    
   2.81999993       1.07192767    
   2.82999992       1.07589185    
   2.83999991       1.07985103    
   2.84999990       1.08380330    
   2.85999990       1.08774960    
   2.86999989       1.09168994    
   2.87999988       1.09562516    
   2.88999987       1.09955418    
   2.89999986       1.10347795    
   2.90999985       1.10739613    
   2.91999984       1.11131060    
   2.92999983       1.11521840    
   2.93999982       1.11912322    
   2.95000005       1.12302184    
   2.96000004       1.12691605    
   2.97000003       1.13080645    
   2.98000002       1.13469172    
   2.99000001       1.13857126    
   3.00000000       1.14244890    
   3.00999999       1.14632177    
   3.01999998       1.15018988    
   3.02999997       1.15405452    
   3.03999996       1.15791631    
   3.04999995       1.16177237    
   3.05999994       1.16562629    
   3.06999993       1.16947472    
   3.07999992       1.17332172    
   3.08999991       1.17716455    
   3.09999990       1.18100333    
   3.10999990       1.18484044    
   3.11999989       1.18867242    
   3.12999988       1.19250262    
   3.13999987       1.19632864    
   3.14999986       1.20015275    
   3.15999985       1.20397305    
   3.16999984       1.20779097    
   3.17999983       1.21160555    
   3.18999982       1.21541774    
   3.19999981       1.21922660    
   3.21000004       1.22303355    
   3.22000003       1.22683799    
   3.23000002       1.23063779    
   3.24000001       1.23443687    
   3.25000000       1.23823392    
   3.25999999       1.24202788    
   3.26999998       1.24581838    
   3.27999997       1.24960721    
   3.28999996       1.25339425    
   3.29999995       1.25717688    
   3.30999994       1.26096117    
   3.31999993       1.26473999    
   3.32999992       1.26851773    
   3.33999991       1.27229404    
   3.34999990       1.27606761    
   3.35999990       1.27983892    
   3.36999989       1.28360724    
   3.37999988       1.28737426    
   3.38999987       1.29114008    
   3.39999986       1.29490232    
   3.40999985       1.29866445    
   3.41999984       1.30242217    
   3.42999983       1.30618250    
   3.43999982       1.30993795    
   3.44999981       1.31369209    
   3.46000004       1.31744349    
   3.47000003       1.32119441    
   3.48000002       1.32494318    
   3.49000001       1.32869089    
   3.50000000       1.33243644    
   3.50999999       1.33617973    
