   9.99999978E-03   3.79952922E-04
   1.99999996E-02   6.59436453E-04
   2.99999993E-02   8.94687430E-04
   3.99999991E-02   1.19217474E-03
   4.99999970E-02   1.46935589E-03
   5.99999987E-02   1.56393216E-03
   7.00000003E-02   1.61174207E-03
   7.99999982E-02   1.67681521E-03
   8.99999961E-02   1.77068484E-03
   9.99999940E-02   1.88942323E-03
  0.109999999       2.02576886E-03
  0.119999997       2.17381772E-03
  0.129999995       2.32760631E-03
  0.140000001       2.48419074E-03
  0.149999991       2.64077890E-03
  0.159999996       2.79555470E-03
  0.170000002       2.94723106E-03
  0.179999992       3.09487456E-03
  0.189999998       3.23802209E-03
  0.199999988       3.37671931E-03
  0.209999993       3.51209566E-03
  0.219999999       3.64042376E-03
  0.229999989       3.76444263E-03
  0.239999995       3.88730178E-03
  0.250000000       4.00624471E-03
  0.259999990       4.11938876E-03
  0.269999981       4.23438335E-03
  0.280000001       4.36862279E-03
  0.289999992       4.47293092E-03
  0.299999982       4.58231755E-03
  0.310000002       4.70836181E-03
  0.319999993       4.87363990E-03
  0.329999983       5.11528086E-03
  0.340000004       5.17474627E-03
  0.349999994       5.29647013E-03
  0.359999985       5.45109669E-03
  0.370000005       5.65725239E-03
  0.379999995       5.96383540E-03
  0.389999986       6.50814595E-03
  0.399999976       6.97367731E-03
  0.409999996       6.97857607E-03
  0.419999987       7.13920826E-03
  0.429999977       7.36469915E-03
  0.439999998       7.65920710E-03
  0.449999988       8.04401282E-03
  0.459999979       8.56460538E-03
  0.469999999       9.31278523E-03
  0.479999989       1.04904221E-02
  0.489999980       1.25986412E-02
  0.500000000       1.44363865E-02
  0.509999990       1.39180236E-02
  0.519999981       1.40196895E-02
  0.529999971       1.42936502E-02
  0.539999962       1.46788182E-02
  0.550000012       1.51618216E-02
  0.560000002       1.57447886E-02
  0.569999993       1.64403412E-02
  0.579999983       1.72710754E-02
  0.589999974       1.82705931E-02
  0.599999964       1.94919128E-02
  0.610000014       2.10160539E-02
  0.620000005       2.29758322E-02
  0.629999995       2.56017875E-02
  0.639999986       2.93339435E-02
  0.649999976       3.51022407E-02
  0.659999967       4.47321422E-02
  0.669999957       4.76124175E-02
  0.680000007       4.62587066E-02
  0.689999998       4.59684692E-02
  0.699999988       4.60917652E-02
  0.709999979       4.64553535E-02
  0.719999969       4.69865724E-02
  0.729999959       4.76494692E-02
  0.740000010       4.84244637E-02
  0.750000000       4.93018776E-02
  0.759999990       5.02775759E-02
  0.769999981       5.13494536E-02
  0.779999971       5.25208302E-02
  0.789999962       5.37932031E-02
  0.799999952       5.51756471E-02
  0.810000002       5.66760302E-02
  0.819999993       5.83023243E-02
  0.829999983       6.00770228E-02
  0.839999974       6.20078407E-02
  0.849999964       6.41193986E-02
  0.859999955       6.64364100E-02
  0.870000005       6.89906850E-02
  0.879999995       7.18219280E-02
  0.889999986       7.49801025E-02
  0.899999976       7.85296932E-02
  0.909999967       8.25565755E-02
  0.919999957       8.71720612E-02
  0.930000007       9.25315991E-02
  0.939999998       9.88531783E-02
  0.949999988      0.106454492    
  0.959999979      0.115815736    
  0.969999969      0.127695680    
  0.979999959      0.143315002    
  0.989999950      0.164376929    
   1.00000000      0.187089145    
   1.00999999      0.190890953    
   1.01999998      0.192257836    
   1.02999997      0.193285972    
   1.03999996      0.194274619    
   1.04999995      0.195302278    
   1.05999994      0.196391761    
   1.06999993      0.197548896    
   1.07999992      0.198768884    
   1.09000003      0.200051367    
   1.10000002      0.201391593    
   1.11000001      0.202785432    
   1.12000000      0.204229653    
   1.13000000      0.205721170    
   1.13999999      0.207256868    
   1.14999998      0.208835810    
   1.15999997      0.210453987    
   1.16999996      0.212111548    
   1.17999995      0.213806584    
   1.18999994      0.215538085    
   1.19999993      0.217305422    
   1.20999992      0.219107464    
   1.22000003      0.220943928    
   1.23000002      0.222813666    
   1.24000001      0.224717855    
   1.25000000      0.226656571    
   1.25999999      0.228627756    
   1.26999998      0.230633050    
   1.27999997      0.232672006    
   1.28999996      0.234744921    
   1.29999995      0.236852154    
   1.30999994      0.238994241    
   1.31999993      0.241171494    
   1.32999992      0.243384257    
   1.33999991      0.245632842    
   1.35000002      0.247920051    
   1.36000001      0.250244021    
   1.37000000      0.252606302    
   1.38000000      0.255008340    
   1.38999999      0.257450104    
   1.39999998      0.259933621    
   1.40999997      0.262459129    
   1.41999996      0.265028775    
   1.42999995      0.267641604    
   1.43999994      0.270300329    
   1.44999993      0.273006707    
   1.45999992      0.275761753    
   1.46999991      0.278566241    
   1.48000002      0.281422228    
   1.49000001      0.284331799    
   1.50000000      0.287295967    
   1.50999999      0.290316910    
   1.51999998      0.293396920    
   1.52999997      0.296538264    
   1.53999996      0.299740106    
   1.54999995      0.303008288    
   1.55999994      0.306343943    
   1.56999993      0.309749931    
   1.57999992      0.313227773    
   1.58999991      0.316782534    
   1.59999990      0.320415229    
   1.61000001      0.324129879    
   1.62000000      0.327929914    
   1.63000000      0.331818491    
   1.63999999      0.335799754    
   1.64999998      0.339877933    
   1.65999997      0.344056338    
   1.66999996      0.348340213    
   1.67999995      0.352735221    
   1.68999994      0.357245266    
   1.69999993      0.361876905    
   1.70999992      0.366633326    
   1.71999991      0.371517897    
   1.73000002      0.376560271    
   1.74000001      0.381739557    
   1.75000000      0.387074262    
   1.75999999      0.392573416    
   1.76999998      0.398244590    
   1.77999997      0.404098660    
   1.78999996      0.410145253    
   1.79999995      0.416395485    
   1.80999994      0.422861934    
   1.81999993      0.429557383    
   1.82999992      0.436495900    
   1.83999991      0.443692446    
   1.84999990      0.451164097    
   1.86000001      0.458927244    
   1.87000000      0.467002302    
   1.88000000      0.475408018    
   1.88999999      0.484167367    
   1.89999998      0.493302584    
   1.90999997      0.502838016    
   1.91999996      0.512799144    
   1.92999995      0.523212612    
   1.93999994      0.534102917    
   1.94999993      0.545492768    
   1.95999992      0.557403207    
   1.96999991      0.569843888    
   1.97999990      0.582813919    
   1.99000001      0.596284389    
   2.00000000      0.610187829    
   2.00999999      0.624145925    
   2.01999998      0.637303650    
   2.02999997      0.649545789    
   2.03999996      0.660947680    
   2.04999995      0.671605587    
   2.05999994      0.681615055    
   2.06999993      0.691057205    
   2.07999992      0.700004935    
   2.08999991      0.708517671    
   2.09999990      0.716646552    
   2.10999990      0.724435925    
   2.11999989      0.731922269    
   2.12999988      0.739139736    
   2.13999987      0.746113777    
   2.14999986      0.752869010    
   2.15999985      0.759428799    
   2.16999984      0.765808403    
   2.18000007      0.772026718    
   2.19000006      0.778095841    
   2.20000005      0.784029305    
   2.21000004      0.789838254    
   2.22000003      0.795533359    
   2.23000002      0.801123083    
   2.24000001      0.806614459    
   2.25000000      0.812016189    
   2.25999999      0.817333639    
   2.26999998      0.822574973    
   2.27999997      0.827742577    
   2.28999996      0.832842290    
   2.29999995      0.837879837    
   2.30999994      0.842857838    
   2.31999993      0.847780287    
   2.32999992      0.852651954    
   2.33999991      0.857472837    
   2.34999990      0.862248302    
   2.35999990      0.866982102    
   2.36999989      0.871673524    
   2.37999988      0.876326859    
   2.38999987      0.880943298    
   2.39999986      0.885525227    
   2.40999985      0.890075028    
   2.41999984      0.894593179    
   2.42999983      0.899082065    
   2.44000006      0.903542280    
   2.45000005      0.907976091    
   2.46000004      0.912384689    
   2.47000003      0.916769862    
   2.48000002      0.921130359    
   2.49000001      0.925469339    
   2.50000000      0.929787934    
   2.50999999      0.934088111    
   2.51999998      0.938362777    
   2.52999997      0.942623675    
   2.53999996      0.946865797    
   2.54999995      0.951091230    
   2.55999994      0.955300033    
   2.56999993      0.959492862    
   2.57999992      0.963671088    
   2.58999991      0.967834949    
   2.59999990      0.971984625    
   2.60999990      0.976121306    
   2.61999989      0.980244458    
   2.62999988      0.984356046    
   2.63999987      0.988454819    
   2.64999986      0.992541313    
   2.65999985      0.996618152    
   2.66999984       1.00068402    
   2.67999983       1.00473905    
   2.69000006       1.00878417    
   2.70000005       1.01282012    
   2.71000004       1.01684570    
   2.72000003       1.02086294    
   2.73000002       1.02487087    
   2.74000001       1.02887118    
   2.75000000       1.03286159    
   2.75999999       1.03684497    
   2.76999998       1.04082000    
   2.77999997       1.04478681    
   2.78999996       1.04874945    
   2.79999995       1.05270171    
   2.80999994       1.05664897    
   2.81999993       1.06058884    
   2.82999992       1.06452119    
   2.83999991       1.06844914    
   2.84999990       1.07236958    
   2.85999990       1.07628441    
   2.86999989       1.08019304    
   2.87999988       1.08409750    
   2.88999987       1.08799469    
   2.89999986       1.09188676    
   2.90999985       1.09577405    
   2.91999984       1.09965551    
   2.92999983       1.10353339    
   2.93999982       1.10740519    
   2.95000005       1.11127245    
   2.96000004       1.11513603    
   2.97000003       1.11899602    
   2.98000002       1.12284839    
   2.99000001       1.12669873    
   3.00000000       1.13054276    
   3.00999999       1.13438559    
   3.01999998       1.13822269    
   3.02999997       1.14205658    
   3.03999996       1.14588463    
   3.04999995       1.14971018    
   3.05999994       1.15353322    
   3.06999993       1.15735114    
   3.07999992       1.16116655    
   3.08999991       1.16497815    
   3.09999990       1.16878664    
   3.10999990       1.17259121    
   3.11999989       1.17639232    
   3.12999988       1.18019140    
   3.13999987       1.18398702    
   3.14999986       1.18777919    
   3.15999985       1.19156766    
   3.16999984       1.19535530    
   3.17999983       1.19913971    
   3.18999982       1.20291996    
   3.19999981       1.20669806    
   3.21000004       1.21047330    
   3.22000003       1.21424687    
   3.23000002       1.21801555    
   3.24000001       1.22178316    
   3.25000000       1.22554958    
   3.25999999       1.22931063    
   3.26999998       1.23307192    
   3.27999997       1.23683035    
   3.28999996       1.24058652    
   3.29999995       1.24433756    
   3.30999994       1.24808919    
   3.31999993       1.25183845    
   3.32999992       1.25558507    
   3.33999991       1.25932884    
   3.34999990       1.26307344    
   3.35999990       1.26681232    
   3.36999989       1.27055109    
   3.37999988       1.27428758    
   3.38999987       1.27802157    
   3.39999986       1.28175461    
   3.40999985       1.28548324    
   3.41999984       1.28921342    
   3.42999983       1.29293919    
   3.43999982       1.29666495    
   3.44999981       1.30038750    
   3.46000004       1.30411017    
   3.47000003       1.30782807    
   3.48000002       1.31154728    
   3.49000001       1.31526220    
   3.50000000       1.31897759    
   3.50999999       1.32269001    
