   9.99999978E-03   3.99308425E-04
   1.99999996E-02   6.77843811E-04
   2.99999993E-02   9.45496024E-04
   3.99999991E-02   1.19721307E-03
   4.99999970E-02   1.52687752E-03
   5.99999987E-02   1.66112999E-03
   7.00000003E-02   1.70956447E-03
   7.99999982E-02   1.76067057E-03
   8.99999961E-02   1.83886860E-03
   9.99999940E-02   1.94454135E-03
  0.109999999       2.07127258E-03
  0.119999997       2.21318984E-03
  0.129999995       2.36388762E-03
  0.140000001       2.51951255E-03
  0.149999991       2.67686136E-03
  0.159999996       2.83374125E-03
  0.170000002       2.98864371E-03
  0.179999992       3.14007979E-03
  0.189999998       3.28776054E-03
  0.199999988       3.43146082E-03
  0.209999993       3.57091147E-03
  0.219999999       3.70728830E-03
  0.229999989       3.83863878E-03
  0.239999995       3.97685776E-03
  0.250000000       4.09688940E-03
  0.259999990       4.21905098E-03
  0.269999981       4.35081357E-03
  0.280000001       4.50930139E-03
  0.289999992       4.61620046E-03
  0.299999982       4.74282680E-03
  0.310000002       4.89828549E-03
  0.319999993       5.11300145E-03
  0.329999983       5.41634858E-03
  0.340000004       5.47402259E-03
  0.349999994       5.62499743E-03
  0.359999985       5.82547393E-03
  0.370000005       6.10198965E-03
  0.379999995       6.52285805E-03
  0.389999986       7.25972978E-03
  0.399999976       7.78778270E-03
  0.409999996       7.79446261E-03
  0.419999987       8.00168701E-03
  0.429999977       8.29909183E-03
  0.439999998       8.69055651E-03
  0.449999988       9.20588430E-03
  0.459999979       9.90415085E-03
  0.469999999       1.09097632E-02
  0.479999989       1.24737835E-02
  0.489999980       1.51599692E-02
  0.500000000       1.71317887E-02
  0.509999990       1.65316388E-02
  0.519999981       1.66655406E-02
  0.529999971       1.70143694E-02
  0.539999962       1.75047480E-02
  0.550000012       1.81203224E-02
  0.560000002       1.88629739E-02
  0.569999993       1.97496228E-02
  0.579999983       2.08087116E-02
  0.589999974       2.20819935E-02
  0.599999964       2.36351769E-02
  0.610000014       2.55682599E-02
  0.620000005       2.80430187E-02
  0.629999995       3.13350968E-02
  0.639999986       3.59558463E-02
  0.649999976       4.29235324E-02
  0.659999967       5.38481213E-02
  0.669999957       5.64823300E-02
  0.680000007       5.49979880E-02
  0.689999998       5.46904132E-02
  0.699999988       5.48548773E-02
  0.709999979       5.52979857E-02
  0.719999969       5.59374541E-02
  0.729999959       5.67323193E-02
  0.740000010       5.76598831E-02
  0.750000000       5.87097853E-02
  0.759999990       5.98750487E-02
  0.769999981       6.11554906E-02
  0.779999971       6.25539273E-02
  0.789999962       6.40726313E-02
  0.799999952       6.57216236E-02
  0.810000002       6.75102994E-02
  0.819999993       6.94509447E-02
  0.829999983       7.15602264E-02
  0.839999974       7.38565475E-02
  0.849999964       7.63646215E-02
  0.859999955       7.91133791E-02
  0.870000005       8.21386501E-02
  0.879999995       8.54867175E-02
  0.889999986       8.92131403E-02
  0.899999976       9.33914855E-02
  0.909999967       9.81158540E-02
  0.919999957      0.103511713    
  0.930000007      0.109748334    
  0.939999998      0.117061771    
  0.949999988      0.125788301    
  0.959999979      0.136426613    
  0.969999969      0.149729669    
  0.979999959      0.166833058    
  0.989999950      0.189037666    
   1.00000000      0.211548328    
   1.00999999      0.215765521    
   1.01999998      0.217462584    
   1.02999997      0.218749717    
   1.03999996      0.219961524    
   1.04999995      0.221194431    
   1.05999994      0.222479463    
   1.06999993      0.223825902    
   1.07999992      0.225236654    
   1.09000003      0.226708442    
   1.10000002      0.228239283    
   1.11000001      0.229825377    
   1.12000000      0.231464326    
   1.13000000      0.233152881    
   1.13999999      0.234888777    
   1.14999998      0.236670583    
   1.15999997      0.238494441    
   1.16999996      0.240360916    
   1.17999995      0.242267802    
   1.18999994      0.244205192    
   1.19999993      0.246199712    
   1.20999992      0.248223066    
   1.22000003      0.250283867    
   1.23000002      0.252381086    
   1.24000001      0.254516870    
   1.25000000      0.256688714    
   1.25999999      0.258896917    
   1.26999998      0.261142254    
   1.27999997      0.263424963    
   1.28999996      0.265744537    
   1.29999995      0.268101960    
   1.30999994      0.270497411    
   1.31999993      0.272931308    
   1.32999992      0.275404513    
   1.33999991      0.277917355    
   1.35000002      0.280471087    
   1.36000001      0.283065856    
   1.37000000      0.285702288    
   1.38000000      0.288382083    
   1.38999999      0.291105628    
   1.39999998      0.293874621    
   1.40999997      0.296689361    
   1.41999996      0.299553245    
   1.42999995      0.302462101    
   1.43999994      0.305421859    
   1.44999993      0.308433682    
   1.45999992      0.311498046    
   1.46999991      0.314616323    
   1.48000002      0.317790627    
   1.49000001      0.321022272    
   1.50000000      0.324313670    
   1.50999999      0.327666521    
   1.51999998      0.331082582    
   1.52999997      0.334563673    
   1.53999996      0.338112831    
   1.54999995      0.341732174    
   1.55999994      0.345424056    
   1.56999993      0.349190950    
   1.57999992      0.353036076    
   1.58999991      0.356962353    
   1.59999990      0.360972106    
   1.61000001      0.365070105    
   1.62000000      0.369258672    
   1.63000000      0.373541713    
   1.63999999      0.377923369    
   1.64999998      0.382407397    
   1.65999997      0.386998415    
   1.66999996      0.391700923    
   1.67999995      0.396520227    
   1.68999994      0.401461452    
   1.69999993      0.406530052    
   1.70999992      0.411731988    
   1.71999991      0.417073816    
   1.73000002      0.422562420    
   1.74000001      0.428204030    
   1.75000000      0.434007317    
   1.75999999      0.439980537    
   1.76999998      0.446131825    
   1.77999997      0.452471852    
   1.78999996      0.459009230    
   1.79999995      0.465755522    
   1.80999994      0.472722173    
   1.81999993      0.479922026    
   1.82999992      0.487367153    
   1.83999991      0.495072633    
   1.84999990      0.503053546    
   1.86000001      0.511326075    
   1.87000000      0.519907534    
   1.88000000      0.528815448    
   1.88999999      0.538069606    
   1.89999998      0.547689378    
   1.90999997      0.557695746    
   1.91999996      0.568109870    
   1.92999995      0.578951776    
   1.93999994      0.590241313    
   1.94999993      0.601993203    
   1.95999992      0.614219308    
   1.96999991      0.626921713    
   1.97999990      0.640087783    
   1.99000001      0.653681338    
   2.00000000      0.667626381    
   2.00999999      0.681541562    
   2.01999998      0.694659531    
   2.02999997      0.706897676    
   2.03999996      0.718331397    
   2.04999995      0.729053855    
   2.05999994      0.739153922    
   2.06999993      0.748708427    
   2.07999992      0.757785916    
   2.08999991      0.766443789    
   2.09999990      0.774728417    
   2.10999990      0.782683492    
   2.11999989      0.790343821    
   2.12999988      0.797741354    
   2.13999987      0.804901183    
   2.14999986      0.811847448    
   2.15999985      0.818600595    
   2.16999984      0.825177372    
   2.18000007      0.831594408    
   2.19000006      0.837865174    
   2.20000005      0.844001353    
   2.21000004      0.850014508    
   2.22000003      0.855914652    
   2.23000002      0.861710608    
   2.24000001      0.867408812    
   2.25000000      0.873017132    
   2.25999999      0.878543139    
   2.26999998      0.883991420    
   2.27999997      0.889366925    
   2.28999996      0.894675493    
   2.29999995      0.899920881    
   2.30999994      0.905107260    
   2.31999993      0.910238445    
   2.32999992      0.915317357    
   2.33999991      0.920347095    
   2.34999990      0.925330997    
   2.35999990      0.930271029    
   2.36999989      0.935170829    
   2.37999988      0.940031111    
   2.38999987      0.944854975    
   2.39999986      0.949644327    
   2.40999985      0.954400182    
   2.41999984      0.959124982    
   2.42999983      0.963819802    
   2.44000006      0.968487203    
   2.45000005      0.973126471    
   2.46000004      0.977740943    
   2.47000003      0.982330382    
   2.48000002      0.986896694    
   2.49000001      0.991440058    
   2.50000000      0.995963693    
   2.50999999       1.00046539    
   2.51999998       1.00494742    
   2.52999997       1.00941288    
   2.53999996       1.01385891    
   2.54999995       1.01828659    
   2.55999994       1.02269971    
   2.56999993       1.02709556    
   2.57999992       1.03147674    
   2.58999991       1.03584385    
   2.59999990       1.04019535    
   2.60999990       1.04453468    
   2.61999989       1.04886055    
   2.62999988       1.05317378    
   2.63999987       1.05747426    
   2.64999986       1.06176424    
   2.65999985       1.06604254    
   2.66999984       1.07030976    
   2.67999983       1.07456589    
   2.69000006       1.07881236    
   2.70000005       1.08304894    
   2.71000004       1.08727586    
   2.72000003       1.09149218    
   2.73000002       1.09570193    
   2.74000001       1.09990287    
   2.75000000       1.10409141    
   2.75999999       1.10827637    
   2.76999998       1.11245108    
   2.77999997       1.11661911    
   2.78999996       1.12077904    
   2.79999995       1.12493312    
   2.80999994       1.12907827    
   2.81999993       1.13321877    
   2.82999992       1.13735032    
   2.83999991       1.14147663    
   2.84999990       1.14559650    
   2.85999990       1.14971077    
   2.86999989       1.15381682    
   2.87999988       1.15792072    
   2.88999987       1.16201735    
   2.89999986       1.16610909    
   2.90999985       1.17019403    
   2.91999984       1.17427576    
   2.92999983       1.17834902    
   2.93999982       1.18242002    
   2.95000005       1.18648553    
   2.96000004       1.19054687    
   2.97000003       1.19460297    
   2.98000002       1.19865453    
   2.99000001       1.20270216    
   3.00000000       1.20674634    
   3.00999999       1.21078444    
   3.01999998       1.21482027    
   3.02999997       1.21884990    
   3.03999996       1.22287667    
   3.04999995       1.22689927    
   3.05999994       1.23092020    
   3.06999993       1.23493564    
   3.07999992       1.23894751    
   3.08999991       1.24295533    
   3.09999990       1.24696147    
   3.10999990       1.25096405    
   3.11999989       1.25496173    
   3.12999988       1.25895727    
   3.13999987       1.26294971    
   3.14999986       1.26693845    
   3.15999985       1.27092457    
   3.16999984       1.27490890    
   3.17999983       1.27888834    
   3.18999982       1.28286529    
   3.19999981       1.28684020    
   3.21000004       1.29081202    
   3.22000003       1.29478109    
   3.23000002       1.29874814    
   3.24000001       1.30271363    
   3.25000000       1.30667329    
   3.25999999       1.31063139    
   3.26999998       1.31458890    
   3.27999997       1.31854224    
   3.28999996       1.32249463    
   3.29999995       1.32644379    
   3.30999994       1.33038998    
   3.31999993       1.33433437    
   3.32999992       1.33827674    
   3.33999991       1.34221768    
   3.34999990       1.34615672    
   3.35999990       1.35009241    
   3.36999989       1.35401642    
   3.37999988       1.35795796    
   3.38999987       1.36188781    
   3.39999986       1.36581504    
   3.40999985       1.36974084    
   3.41999984       1.37366605    
   3.42999983       1.37758839    
   3.43999982       1.38150752    
   3.44999981       1.38542628    
   3.46000004       1.38934398    
   3.47000003       1.39325774    
   3.48000002       1.39717281    
   3.49000001       1.40108180    
   3.50000000       1.40499353    
   3.50999999       1.40890074    
