   9.99999978E-03   4.00615390E-04
   1.99999996E-02   6.82224403E-04
   2.99999993E-02   9.54267918E-04
   3.99999991E-02   1.19796477E-03
   4.99999970E-02   1.53430854E-03
   5.99999987E-02   1.67606305E-03
   7.00000003E-02   1.72578380E-03
   7.99999982E-02   1.77464751E-03
   8.99999961E-02   1.85040629E-03
   9.99999940E-02   1.95383304E-03
  0.109999999       2.07887543E-03
  0.119999997       2.21961760E-03
  0.129999995       2.36963551E-03
  0.140000001       2.52497499E-03
  0.149999991       2.68229819E-03
  0.159999996       2.83940113E-03
  0.170000002       2.99471081E-03
  0.179999992       3.14669684E-03
  0.189999998       3.29503766E-03
  0.199999988       3.43949371E-03
  0.209999993       3.57986498E-03
  0.219999999       3.71728232E-03
  0.229999989       3.84863932E-03
  0.239999995       3.98215000E-03
  0.250000000       4.11095796E-03
  0.259999990       4.23473213E-03
  0.269999981       4.36923886E-03
  0.280000001       4.53188922E-03
  0.289999992       4.64028586E-03
  0.299999982       4.77001909E-03
  0.310000002       4.92875651E-03
  0.319999993       5.15498873E-03
  0.329999983       5.46912989E-03
  0.340000004       5.52577805E-03
  0.349999994       5.68304630E-03
  0.359999985       5.89217339E-03
  0.370000005       6.18200097E-03
  0.379999995       6.62478991E-03
  0.389999986       7.39605911E-03
  0.399999976       7.93335494E-03
  0.409999996       7.94077013E-03
  0.419999987       8.15666560E-03
  0.429999977       8.46716575E-03
  0.439999998       8.87644198E-03
  0.449999988       9.41458717E-03
  0.459999979       1.01481611E-02
  0.469999999       1.11987842E-02
  0.479999989       1.28318118E-02
  0.489999980       1.56173082E-02
  0.500000000       1.76065098E-02
  0.509999990       1.69932377E-02
  0.519999981       1.71334092E-02
  0.529999971       1.74900852E-02
  0.539999962       1.80044267E-02
  0.550000012       1.86434072E-02
  0.560000002       1.94126777E-02
  0.569999993       2.03350801E-02
  0.579999983       2.14343909E-02
  0.589999974       2.27555800E-02
  0.599999964       2.43670661E-02
  0.610000014       2.63717081E-02
  0.620000005       2.89361924E-02
  0.629999995       3.23434509E-02
  0.639999986       3.71158905E-02
  0.649999976       4.42831591E-02
  0.659999967       5.54087497E-02
  0.669999957       5.79985157E-02
  0.680000007       5.64943552E-02
  0.689999998       5.61848320E-02
  0.699999988       5.63568771E-02
  0.709999979       5.68249561E-02
  0.719999969       5.74718863E-02
  0.729999959       5.82893528E-02
  0.740000010       5.92429303E-02
  0.750000000       6.03220798E-02
  0.759999990       6.15197606E-02
  0.769999981       6.28355742E-02
  0.779999971       6.42725304E-02
  0.789999962       6.58329800E-02
  0.799999952       6.75272122E-02
  0.810000002       6.93645775E-02
  0.819999993       7.13580102E-02
  0.829999983       7.35242888E-02
  0.839999974       7.58821592E-02
  0.849999964       7.84573182E-02
  0.859999955       8.12787265E-02
  0.870000005       8.43832195E-02
  0.879999995       8.78178328E-02
  0.889999986       9.16393772E-02
  0.899999976       9.59224701E-02
  0.909999967      0.100763991    
  0.919999957      0.106288031    
  0.930000007      0.112669408    
  0.939999998      0.120145313    
  0.949999988      0.129054755    
  0.959999979      0.139897808    
  0.969999969      0.153425530    
  0.979999959      0.170756161    
  0.989999950      0.193123817    
   1.00000000      0.215593785    
   1.00999999      0.219876528    
   1.01999998      0.221627772    
   1.02999997      0.222958013    
   1.03999996      0.224207610    
   1.04999995      0.225474656    
   1.05999994      0.226792365    
   1.06999993      0.228170797    
   1.07999992      0.229613230    
   1.09000003      0.231116623    
   1.10000002      0.232679009    
   1.11000001      0.234296784    
   1.12000000      0.235968247    
   1.13000000      0.237689435    
   1.13999999      0.239458263    
   1.14999998      0.241272911    
   1.15999997      0.243131101    
   1.16999996      0.245032132    
   1.17999995      0.246973783    
   1.18999994      0.248955682    
   1.19999993      0.250976831    
   1.20999992      0.253036499    
   1.22000003      0.255134046    
   1.23000002      0.257268667    
   1.24000001      0.259442449    
   1.25000000      0.261652231    
   1.25999999      0.263899267    
   1.26999998      0.266184390    
   1.27999997      0.268506408    
   1.28999996      0.270866454    
   1.29999995      0.273265004    
   1.30999994      0.275701672    
   1.31999993      0.278177351    
   1.32999992      0.280693054    
   1.33999991      0.283249348    
   1.35000002      0.285842657    
   1.36000001      0.288484871    
   1.37000000      0.291166365    
   1.38000000      0.293891490    
   1.38999999      0.296660781    
   1.39999998      0.299476117    
   1.40999997      0.302337885    
   1.41999996      0.305247754    
   1.42999995      0.308206677    
   1.43999994      0.311215639    
   1.44999993      0.314276874    
   1.45999992      0.317391425    
   1.46999991      0.320560485    
   1.48000002      0.323786348    
   1.49000001      0.327070743    
   1.50000000      0.330414951    
   1.50999999      0.333821058    
   1.51999998      0.337291539    
   1.52999997      0.340828389    
   1.53999996      0.344433188    
   1.54999995      0.348109335    
   1.55999994      0.351858288    
   1.56999993      0.355683774    
   1.57999992      0.359587997    
   1.58999991      0.363574386    
   1.59999990      0.367644876    
   1.61000001      0.371804506    
   1.62000000      0.376055300    
   1.63000000      0.380401880    
   1.63999999      0.384847790    
   1.64999998      0.389396906    
   1.65999997      0.394053876    
   1.66999996      0.398823589    
   1.67999995      0.403710485    
   1.68999994      0.408720285    
   1.69999993      0.413858622    
   1.70999992      0.419131219    
   1.71999991      0.424544513    
   1.73000002      0.430105746    
   1.74000001      0.435820729    
   1.75000000      0.441698194    
   1.75999999      0.447746783    
   1.76999998      0.453973591    
   1.77999997      0.460390031    
   1.78999996      0.467004895    
   1.79999995      0.473828852    
   1.80999994      0.480874240    
   1.81999993      0.488152713    
   1.82999992      0.495676965    
   1.83999991      0.503461599    
   1.84999990      0.511521935    
   1.86000001      0.519872665    
   1.87000000      0.528531730    
   1.88000000      0.537517190    
   1.88999999      0.546846569    
   1.89999998      0.556540608    
   1.90999997      0.566618860    
   1.91999996      0.577101588    
   1.92999995      0.588008046    
   1.93999994      0.599356174    
   1.94999993      0.611161470    
   1.95999992      0.623434067    
   1.96999991      0.636173904    
   1.97999990      0.649367988    
   1.99000001      0.662977636    
   2.00000000      0.676927328    
   2.00999999      0.690833747    
   2.01999998      0.703945100    
   2.02999997      0.716181695    
   2.03999996      0.727618635    
   2.04999995      0.738349795    
   2.05999994      0.748462081    
   2.06999993      0.758033633    
   2.07999992      0.767130256    
   2.08999991      0.775808632    
   2.09999990      0.784116805    
   2.10999990      0.792097390    
   2.11999989      0.799783587    
   2.12999988      0.807207823    
   2.13999987      0.814396024    
   2.14999986      0.821371019    
   2.15999985      0.828153372    
   2.16999984      0.834760189    
   2.18000007      0.841207564    
   2.19000006      0.847508788    
   2.20000005      0.853676498    
   2.21000004      0.859720945    
   2.22000003      0.865652204    
   2.23000002      0.871479213    
   2.24000001      0.877209067    
   2.25000000      0.882850051    
   2.25999999      0.888407648    
   2.26999998      0.893888056    
   2.27999997      0.899295866    
   2.28999996      0.904636502    
   2.29999995      0.909914136    
   2.30999994      0.915132821    
   2.31999993      0.920296192    
   2.32999992      0.925407112    
   2.33999991      0.930469453    
   2.34999990      0.935485065    
   2.35999990      0.940458298    
   2.36999989      0.945390046    
   2.37999988      0.950281978    
   2.38999987      0.955138743    
   2.39999986      0.959959686    
   2.40999985      0.964748323    
   2.41999984      0.969505429    
   2.42999983      0.974231780    
   2.44000006      0.978931367    
   2.45000005      0.983602703    
   2.46000004      0.988248765    
   2.47000003      0.992870986    
   2.48000002      0.997469306    
   2.49000001       1.00204527    
   2.50000000       1.00659955    
   2.50999999       1.01113403    
   2.51999998       1.01564837    
   2.52999997       1.02014446    
   2.53999996       1.02462196    
   2.54999995       1.02908337    
   2.55999994       1.03352618    
   2.56999993       1.03795528    
   2.57999992       1.04236889    
   2.58999991       1.04676664    
   2.59999990       1.05115104    
   2.60999990       1.05552089    
   2.61999989       1.05987823    
   2.62999988       1.06422341    
   2.63999987       1.06855583    
   2.64999986       1.07287800    
   2.65999985       1.07718635    
   2.66999984       1.08148515    
   2.67999983       1.08577347    
   2.69000006       1.09005153    
   2.70000005       1.09431851    
   2.71000004       1.09857857    
   2.72000003       1.10282600    
   2.73000002       1.10706544    
   2.74000001       1.11129904    
   2.75000000       1.11552036    
   2.75999999       1.11973500    
   2.76999998       1.12394357    
   2.77999997       1.12814093    
   2.78999996       1.13233221    
   2.79999995       1.13651752    
   2.80999994       1.14069557    
   2.81999993       1.14486504    
   2.82999992       1.14902973    
   2.83999991       1.15318632    
   2.84999990       1.15733814    
   2.85999990       1.16148257    
   2.86999989       1.16562247    
   2.87999988       1.16975474    
   2.88999987       1.17388415    
   2.89999986       1.17800689    
   2.90999985       1.18212271    
   2.91999984       1.18623340    
   2.92999983       1.19034028    
   2.93999982       1.19444180    
   2.95000005       1.19853914    
   2.96000004       1.20263064    
   2.97000003       1.20671833    
   2.98000002       1.21080184    
   2.99000001       1.21487999    
   3.00000000       1.21895468    
   3.00999999       1.22302377    
   3.01999998       1.22709024    
   3.02999997       1.23115301    
   3.03999996       1.23521030    
   3.04999995       1.23926473    
   3.05999994       1.24331427    
   3.06999993       1.24736166    
   3.07999992       1.25140488    
   3.08999991       1.25544500    
   3.09999990       1.25947988    
   3.10999990       1.26351452    
   3.11999989       1.26754284    
   3.12999988       1.27157009    
   3.13999987       1.27559221    
   3.14999986       1.27961135    
   3.15999985       1.28362978    
   3.16999984       1.28764331    
   3.17999983       1.29165602    
   3.18999982       1.29566264    
   3.19999981       1.29966843    
   3.21000004       1.30367219    
   3.22000003       1.30767131    
   3.23000002       1.31166792    
   3.24000001       1.31566572    
   3.25000000       1.31965637    
   3.25999999       1.32364511    
   3.26999998       1.32763350    
   3.27999997       1.33161879    
   3.28999996       1.33560014    
   3.29999995       1.33958101    
   3.30999994       1.34355736    
   3.31999993       1.34753430    
   3.32999992       1.35150683    
   3.33999991       1.35547805    
   3.34999990       1.35944760    
   3.35999990       1.36341393    
   3.36999989       1.36737895    
   3.37999988       1.37134182    
   3.38999987       1.37530303    
   3.39999986       1.37926126    
   3.40999985       1.38321722    
   3.41999984       1.38717139    
   3.42999983       1.39112580    
   3.43999982       1.39507723    
   3.44999981       1.39902604    
   3.46000004       1.40297341    
   3.47000003       1.40691936    
   3.48000002       1.41086304    
   3.49000001       1.41480482    
   3.50000000       1.41874647    
   3.50999999       1.42268491    
