   9.99999978E-03   4.01503028E-04
   1.99999996E-02   6.86964311E-04
   2.99999993E-02   9.63214086E-04
   3.99999991E-02   1.19880296E-03
   4.99999970E-02   1.54126086E-03
   5.99999987E-02   1.69088703E-03
   7.00000003E-02   1.74191792E-03
   7.99999982E-02   1.78892026E-03
   8.99999961E-02   1.86209229E-03
   9.99999940E-02   1.96327968E-03
  0.109999999       2.08657351E-03
  0.119999997       2.22611451E-03
  0.129999995       2.37540272E-03
  0.140000001       2.53039505E-03
  0.149999991       2.68767751E-03
  0.159999996       2.84499023E-03
  0.170000002       3.00066499E-03
  0.179999992       3.15325847E-03
  0.189999998       3.30218929E-03
  0.199999988       3.44740367E-03
  0.209999993       3.58867226E-03
  0.219999999       3.72713502E-03
  0.229999989       3.85956070E-03
  0.239999995       3.99478199E-03
  0.250000000       4.12500091E-03
  0.259999990       4.25045053E-03
  0.269999981       4.38806880E-03
  0.280000001       4.55559231E-03
  0.289999992       4.66686161E-03
  0.299999982       4.79780603E-03
  0.310000002       4.96215373E-03
  0.319999993       5.19840093E-03
  0.329999983       5.52359689E-03
  0.340000004       5.58078382E-03
  0.349999994       5.74310077E-03
  0.359999985       5.96130406E-03
  0.370000005       6.26511546E-03
  0.379999995       6.73037628E-03
  0.389999986       7.53782410E-03
  0.399999976       8.08413234E-03
  0.409999996       8.09262414E-03
  0.419999987       8.31737556E-03
  0.429999977       8.64153821E-03
  0.439999998       9.06937476E-03
  0.449999988       9.63622518E-03
  0.459999979       1.04000662E-02
  0.469999999       1.14989793E-02
  0.479999989       1.32033592E-02
  0.489999980       1.60903689E-02
  0.500000000       1.80958379E-02
  0.509999990       1.74701381E-02
  0.519999981       1.76158603E-02
  0.529999971       1.79917254E-02
  0.539999962       1.85201988E-02
  0.550000012       1.91831589E-02
  0.560000002       1.99832842E-02
  0.569999993       2.09388584E-02
  0.579999983       2.20796224E-02
  0.589999974       2.34504361E-02
  0.599999964       2.51219254E-02
  0.610000014       2.72001754E-02
  0.620000005       2.98567358E-02
  0.629999995       3.33820619E-02
  0.639999986       3.83093506E-02
  0.649999976       4.56771068E-02
  0.659999967       5.70041612E-02
  0.669999957       5.95480725E-02
  0.680000007       5.80244809E-02
  0.689999998       5.77132590E-02
  0.699999988       5.78931682E-02
  0.709999979       5.83642982E-02
  0.719999969       5.90414628E-02
  0.729999959       5.98819815E-02
  0.740000010       6.08621649E-02
  0.750000000       6.19709641E-02
  0.759999990       6.32018745E-02
  0.769999981       6.45538941E-02
  0.779999971       6.60300776E-02
  0.789999962       6.76331595E-02
  0.799999952       6.93729520E-02
  0.810000002       7.12605789E-02
  0.819999993       7.33077303E-02
  0.829999983       7.55320936E-02
  0.839999974       7.79528171E-02
  0.849999964       8.05959105E-02
  0.859999955       8.34912881E-02
  0.870000005       8.66766647E-02
  0.879999995       9.01989564E-02
  0.889999986       9.41171125E-02
  0.899999976       9.85064954E-02
  0.909999967      0.103465885    
  0.919999957      0.109120995    
  0.930000007      0.115648910    
  0.939999998      0.123288497    
  0.949999988      0.132382080    
  0.959999979      0.143431082    
  0.969999969      0.157183036    
  0.979999959      0.174738675    
  0.989999950      0.197264850    
   1.00000000      0.219691962    
   1.00999999      0.224040166    
   1.01999998      0.225846216    
   1.02999997      0.227220163    
   1.03999996      0.228507638    
   1.04999995      0.229809627    
   1.05999994      0.231160820    
   1.06999993      0.232571900    
   1.07999992      0.234045967    
   1.09000003      0.235581532    
   1.10000002      0.237176016    
   1.11000001      0.238826379    
   1.12000000      0.240530163    
   1.13000000      0.242284283    
   1.13999999      0.244086638    
   1.14999998      0.245935246    
   1.15999997      0.247827947    
   1.16999996      0.249763533    
   1.17999995      0.251740336    
   1.18999994      0.253758192    
   1.19999993      0.255808026    
   1.20999992      0.257911772    
   1.22000003      0.260046661    
   1.23000002      0.262218803    
   1.24000001      0.264430672    
   1.25000000      0.266679317    
   1.25999999      0.268965632    
   1.26999998      0.271290123    
   1.27999997      0.273652494    
   1.28999996      0.276053548    
   1.29999995      0.278492570    
   1.30999994      0.280971438    
   1.31999993      0.283489883    
   1.32999992      0.286048055    
   1.33999991      0.288647622    
   1.35000002      0.291288525    
   1.36000001      0.293971747    
   1.37000000      0.296698391    
   1.38000000      0.299469143    
   1.38999999      0.302284598    
   1.39999998      0.305146962    
   1.40999997      0.308056235    
   1.41999996      0.311014086    
   1.42999995      0.314021617    
   1.43999994      0.317079663    
   1.44999993      0.320190966    
   1.45999992      0.323356330    
   1.46999991      0.326576799    
   1.48000002      0.329854518    
   1.49000001      0.333191335    
   1.50000000      0.336589128    
   1.50999999      0.340049267    
   1.51999998      0.343574792    
   1.52999997      0.347166598    
   1.53999996      0.350828081    
   1.54999995      0.354561001    
   1.55999994      0.358368188    
   1.56999993      0.362252295    
   1.57999992      0.366215706    
   1.58999991      0.370262116    
   1.59999990      0.374394000    
   1.61000001      0.378615439    
   1.62000000      0.382929325    
   1.63000000      0.387339175    
   1.63999999      0.391849428    
   1.64999998      0.396463990    
   1.65999997      0.401187569    
   1.66999996      0.406024367    
   1.67999995      0.410979539    
   1.68999994      0.416058481    
   1.69999993      0.421266586    
   1.70999992      0.426609904    
   1.71999991      0.432095170    
   1.73000002      0.437728554    
   1.74000001      0.443517208    
   1.75000000      0.449468911    
   1.75999999      0.455592215    
   1.76999998      0.461895436    
   1.77999997      0.468388379    
   1.78999996      0.475080371    
   1.79999995      0.481982201    
   1.80999994      0.489105612    
   1.81999993      0.496462464    
   1.82999992      0.504065990    
   1.83999991      0.511928916    
   1.84999990      0.520068407    
   1.86000001      0.528497517    
   1.87000000      0.537234426    
   1.88000000      0.546296716    
   1.88999999      0.555701196    
   1.89999998      0.565468192    
   1.90999997      0.575616777    
   1.91999996      0.586166620    
   1.92999995      0.597135961    
   1.93999994      0.608543098    
   1.94999993      0.620400965    
   1.95999992      0.632718444    
   1.96999991      0.645494878    
   1.97999990      0.658715546    
   1.99000001      0.672340631    
   2.00000000      0.686294317    
   2.00999999      0.700193048    
   2.01999998      0.713296950    
   2.02999997      0.725531280    
   2.03999996      0.736972153    
   2.04999995      0.747710288    
   2.05999994      0.757835627    
   2.06999993      0.767422318    
   2.07999992      0.776538491    
   2.08999991      0.785237312    
   2.09999990      0.793568790    
   2.10999990      0.801572800    
   2.11999989      0.809285522    
   2.12999988      0.816736639    
   2.13999987      0.823952317    
   2.14999986      0.830955625    
   2.15999985      0.837767243    
   2.16999984      0.844403386    
   2.18000007      0.850881040    
   2.19000006      0.857212365    
   2.20000005      0.863410771    
   2.21000004      0.869486153    
   2.22000003      0.875449181    
   2.23000002      0.881307900    
   2.24000001      0.887069583    
   2.25000000      0.892741382    
   2.25999999      0.898331165    
   2.26999998      0.903843164    
   2.27999997      0.909283280    
   2.28999996      0.914655924    
   2.29999995      0.919965446    
   2.30999994      0.925215900    
   2.31999993      0.930410922    
   2.32999992      0.935553789    
   2.33999991      0.940649509    
   2.34999990      0.945697010    
   2.35999990      0.950701475    
   2.36999989      0.955665350    
   2.37999988      0.960590065    
   2.38999987      0.965478659    
   2.39999986      0.970331490    
   2.40999985      0.975152075    
   2.41999984      0.979941487    
   2.42999983      0.984700382    
   2.44000006      0.989431918    
   2.45000005      0.994135439    
   2.46000004      0.998813748    
   2.47000003       1.00346661    
   2.48000002       1.00809741    
   2.49000001       1.01270521    
   2.50000000       1.01729202    
   2.50999999       1.02185798    
   2.51999998       1.02640307    
   2.52999997       1.03093183    
   2.53999996       1.03544128    
   2.54999995       1.03993344    
   2.55999994       1.04440975    
   2.56999993       1.04886985    
   2.57999992       1.05331421    
   2.58999991       1.05774462    
   2.59999990       1.06216002    
   2.60999990       1.06656229    
   2.61999989       1.07095134    
   2.62999988       1.07532740    
   2.63999987       1.07969201    
   2.64999986       1.08404434    
   2.65999985       1.08838558    
   2.66999984       1.09271526    
   2.67999983       1.09703505    
   2.69000006       1.10134447    
   2.70000005       1.10564399    
   2.71000004       1.10993397    
   2.72000003       1.11421382    
   2.73000002       1.11848485    
   2.74000001       1.12274873    
   2.75000000       1.12700295    
   2.75999999       1.13124895    
   2.76999998       1.13548601    
   2.77999997       1.13971829    
   2.78999996       1.14394069    
   2.79999995       1.14815605    
   2.80999994       1.15236413    
   2.81999993       1.15656590    
   2.82999992       1.16076148    
   2.83999991       1.16495061    
   2.84999990       1.16913342    
   2.85999990       1.17330945    
   2.86999989       1.17747962    
   2.87999988       1.18164432    
   2.88999987       1.18580306    
   2.89999986       1.18995702    
   2.90999985       1.19410419    
   2.91999984       1.19824731    
   2.92999983       1.20238447    
   2.93999982       1.20651722    
   2.95000005       1.21064615    
   2.96000004       1.21476889    
   2.97000003       1.21888721    
   2.98000002       1.22300100    
   2.99000001       1.22711074    
   3.00000000       1.23121583    
   3.00999999       1.23531699    
   3.01999998       1.23941398    
   3.02999997       1.24350727    
   3.03999996       1.24759603    
   3.04999995       1.25167990    
   3.05999994       1.25576329    
   3.06999993       1.25984001    
   3.07999992       1.26391530    
   3.08999991       1.26798534    
   3.09999990       1.27205181    
   3.10999990       1.27611685    
   3.11999989       1.28017616    
   3.12999988       1.28423440    
   3.13999987       1.28828740    
   3.14999986       1.29234076    
   3.15999985       1.29638720    
   3.16999984       1.30043244    
   3.17999983       1.30447435    
   3.18999982       1.30851281    
   3.19999981       1.31255090    
   3.21000004       1.31658411    
   3.22000003       1.32061434    
   3.23000002       1.32464266    
   3.24000001       1.32866943    
   3.25000000       1.33269119    
   3.25999999       1.33671188    
   3.26999998       1.34073114    
   3.27999997       1.34474659    
   3.28999996       1.34875906    
   3.29999995       1.35276926    
   3.30999994       1.35677922    
   3.31999993       1.36078501    
   3.32999992       1.36478925    
   3.33999991       1.36879086    
   3.34999990       1.37279034    
   3.35999990       1.37678826    
   3.36999989       1.38078392    
   3.37999988       1.38477790    
   3.38999987       1.38876987    
   3.39999986       1.39275980    
   3.40999985       1.39674556    
   3.41999984       1.40073121    
   3.42999983       1.40471590    
   3.43999982       1.40869772    
   3.44999981       1.41267741    
   3.46000004       1.41665614    
   3.47000003       1.42063260    
   3.48000002       1.42460692    
   3.49000001       1.42858064    
   3.50000000       1.43255103    
   3.50999999       1.43652129    
