   9.99999978E-03   4.01659810E-04
   1.99999996E-02   6.88285509E-04
   2.99999993E-02   9.67720232E-04
   3.99999991E-02   1.19430118E-03
   4.99999970E-02   1.54347159E-03
   5.99999987E-02   1.69578160E-03
   7.00000003E-02   1.74684520E-03
   7.99999982E-02   1.79368374E-03
   8.99999961E-02   1.86606974E-03
   9.99999940E-02   1.96646433E-03
  0.109999999       2.08917540E-03
  0.119999997       2.22824235E-03
  0.129999995       2.37733382E-03
  0.140000001       2.53218412E-03
  0.149999991       2.68945633E-03
  0.159999996       2.84682377E-03
  0.170000002       3.00262612E-03
  0.179999992       3.15533439E-03
  0.189999998       3.30470433E-03
  0.199999988       3.45000182E-03
  0.209999993       3.59157193E-03
  0.219999999       3.73038510E-03
  0.229999989       3.86317959E-03
  0.239999995       3.99897201E-03
  0.250000000       4.12967568E-03
  0.259999990       4.25570505E-03
  0.269999981       4.39432263E-03
  0.280000001       4.56345920E-03
  0.289999992       4.67511453E-03
  0.299999982       4.80704708E-03
  0.310000002       4.97348933E-03
  0.319999993       5.21312701E-03
  0.329999983       5.54211624E-03
  0.340000004       5.59924077E-03
  0.349999994       5.76355401E-03
  0.359999985       5.98454755E-03
  0.370000005       6.29351428E-03
  0.379999995       6.76650321E-03
  0.389999986       7.58629572E-03
  0.399999976       8.13555252E-03
  0.409999996       8.14424269E-03
  0.419999987       8.37221928E-03
  0.429999977       8.70105717E-03
  0.439999998       9.13525559E-03
  0.449999988       9.70795564E-03
  0.459999979       1.04861213E-02
  0.469999999       1.16015170E-02
  0.479999989       1.33301988E-02
  0.489999980       1.62514951E-02
  0.500000000       1.82621349E-02
  0.509999990       1.76320486E-02
  0.519999981       1.77799258E-02
  0.529999971       1.81605220E-02
  0.539999962       1.86955500E-02
  0.550000012       1.93667132E-02
  0.560000002       2.01768819E-02
  0.569999993       2.11441666E-02
  0.579999983       2.22990643E-02
  0.589999974       2.36867089E-02
  0.599999964       2.53785830E-02
  0.610000014       2.74818130E-02
  0.620000005       3.01695820E-02
  0.629999995       3.37348506E-02
  0.639999986       3.87144014E-02
  0.649999976       4.61501032E-02
  0.659999967       5.75434379E-02
  0.669999957       6.00718148E-02
  0.680000007       5.85417189E-02
  0.689999998       5.82300164E-02
  0.699999988       5.84126003E-02
  0.709999979       5.88885844E-02
  0.719999969       5.95720857E-02
  0.729999959       6.04205132E-02
  0.740000010       6.14096895E-02
  0.750000000       6.25284985E-02
  0.759999990       6.37706146E-02
  0.769999981       6.51348010E-02
  0.779999971       6.66242465E-02
  0.789999962       6.82417154E-02
  0.799999952       6.99975714E-02
  0.810000002       7.19015151E-02
  0.819999993       7.39667416E-02
  0.829999983       7.62106106E-02
  0.839999974       7.86525086E-02
  0.849999964       8.13185200E-02
  0.859999955       8.42388719E-02
  0.870000005       8.74513835E-02
  0.879999995       9.10033062E-02
  0.889999986       9.49539989E-02
  0.899999976       9.93792713E-02
  0.909999967      0.104378060    
  0.919999957      0.110077195    
  0.930000007      0.116654195    
  0.939999998      0.124348782    
  0.949999988      0.133504093    
  0.959999979      0.144621760    
  0.969999969      0.158448264    
  0.979999959      0.176078290    
  0.989999950      0.198656172    
   1.00000000      0.221068785    
   1.00999999      0.225438699    
   1.01999998      0.227262974    
   1.02999997      0.228651732    
   1.03999996      0.229952067    
   1.04999995      0.231266052    
   1.05999994      0.232628167    
   1.06999993      0.234050304    
   1.07999992      0.235535234    
   1.09000003      0.237081230    
   1.10000002      0.238686442    
   1.11000001      0.240347832    
   1.12000000      0.242062494    
   1.13000000      0.243827865    
   1.13999999      0.245641321    
   1.14999998      0.247501269    
   1.15999997      0.249405563    
   1.16999996      0.251352876    
   1.17999995      0.253341556    
   1.18999994      0.255371213    
   1.19999993      0.257433504    
   1.20999992      0.259549260    
   1.22000003      0.261696756    
   1.23000002      0.263881713    
   1.24000001      0.266106308    
   1.25000000      0.268367946    
   1.25999999      0.270667374    
   1.26999998      0.273005009    
   1.27999997      0.275381178    
   1.28999996      0.277795643    
   1.29999995      0.280248940    
   1.30999994      0.282741457    
   1.31999993      0.285273731    
   1.32999992      0.287846714    
   1.33999991      0.290460527    
   1.35000002      0.293116271    
   1.36000001      0.295814842    
   1.37000000      0.298556149    
   1.38000000      0.301342219    
   1.38999999      0.304173529    
   1.39999998      0.307051152    
   1.40999997      0.309976578    
   1.41999996      0.312950522    
   1.42999995      0.315973908    
   1.43999994      0.319048941    
   1.44999993      0.322176874    
   1.45999992      0.325359076    
   1.46999991      0.328596920    
   1.48000002      0.331892073    
   1.49000001      0.335246205    
   1.50000000      0.338661879    
   1.50999999      0.342140108    
   1.51999998      0.345683634    
   1.52999997      0.349294215    
   1.53999996      0.352974445    
   1.54999995      0.356726557    
   1.55999994      0.360553563    
   1.56999993      0.364456773    
   1.57999992      0.368440300    
   1.58999991      0.372506738    
   1.59999990      0.376659006    
   1.61000001      0.380900860    
   1.62000000      0.385236025    
   1.63000000      0.389666945    
   1.63999999      0.394198656    
   1.64999998      0.398835272    
   1.65999997      0.403580844    
   1.66999996      0.408440471    
   1.67999995      0.413418293    
   1.68999994      0.418520123    
   1.69999993      0.423751831    
   1.70999992      0.429118663    
   1.71999991      0.434627831    
   1.73000002      0.440285772    
   1.74000001      0.446098268    
   1.75000000      0.452075005    
   1.75999999      0.458223224    
   1.76999998      0.464551508    
   1.77999997      0.471069753    
   1.78999996      0.477787703    
   1.79999995      0.484715730    
   1.80999994      0.491864890    
   1.81999993      0.499247730    
   1.82999992      0.506877542    
   1.83999991      0.514767051    
   1.84999990      0.522932112    
   1.86000001      0.531387568    
   1.87000000      0.540150166    
   1.88000000      0.549237490    
   1.88999999      0.558667243    
   1.89999998      0.568458319    
   1.90999997      0.578630030    
   1.91999996      0.589202404    
   1.92999995      0.600192666    
   1.93999994      0.611618817    
   1.94999993      0.623493969    
   1.95999992      0.635826468    
   1.96999991      0.648614824    
   1.97999990      0.661844552    
   1.99000001      0.675474286    
   2.00000000      0.689428806    
   2.00999999      0.703324974    
   2.01999998      0.716426194    
   2.02999997      0.728659570    
   2.03999996      0.740101993    
   2.04999995      0.750843585    
   2.05999994      0.760972619    
   2.06999993      0.770564616    
   2.07999992      0.779685497    
   2.08999991      0.788392127    
   2.09999990      0.796730697    
   2.10999990      0.804743171    
   2.11999989      0.812463641    
   2.12999988      0.819923759    
   2.13999987      0.827148974    
   2.14999986      0.834161818    
   2.15999985      0.840982676    
   2.16999984      0.847629011    
   2.18000007      0.854116738    
   2.19000006      0.860457659    
   2.20000005      0.866666377    
   2.21000004      0.872752726    
   2.22000003      0.878725886    
   2.23000002      0.884594440    
   2.24000001      0.890366375    
   2.25000000      0.896049142    
   2.25999999      0.901649594    
   2.26999998      0.907172084    
   2.27999997      0.912622094    
   2.28999996      0.918005347    
   2.29999995      0.923325956    
   2.30999994      0.928587258    
   2.31999993      0.933793426    
   2.32999992      0.938947260    
   2.33999991      0.944052339    
   2.34999990      0.949110627    
   2.35999990      0.954126894    
   2.36999989      0.959100962    
   2.37999988      0.964036465    
   2.38999987      0.968935192    
   2.39999986      0.973798752    
   2.40999985      0.978629768    
   2.41999984      0.983430028    
   2.42999983      0.988199770    
   2.44000006      0.992940962    
   2.45000005      0.997655511    
   2.46000004       1.00234425    
   2.47000003       1.00700915    
   2.48000002       1.01165020    
   2.49000001       1.01626766    
   2.50000000       1.02086508    
   2.50999999       1.02544236    
   2.51999998       1.02999830    
   2.52999997       1.03453708    
   2.53999996       1.03905725    
   2.54999995       1.04356050    
   2.55999994       1.04804599    
   2.56999993       1.05251682    
   2.57999992       1.05697286    
   2.58999991       1.06141329    
   2.59999990       1.06584001    
   2.60999990       1.07025099    
   2.61999989       1.07465148    
   2.62999988       1.07903910    
   2.63999987       1.08341312    
   2.64999986       1.08777618    
   2.65999985       1.09212804    
   2.66999984       1.09646797    
   2.67999983       1.10079885    
   2.69000006       1.10511792    
   2.70000005       1.10942888    
   2.71000004       1.11372828    
   2.72000003       1.11801922    
   2.73000002       1.12230194    
   2.74000001       1.12657440    
   2.75000000       1.13084090    
   2.75999999       1.13509440    
   2.76999998       1.13934410    
   2.77999997       1.14358556    
   2.78999996       1.14781761    
   2.79999995       1.15204513    
   2.80999994       1.15626419    
   2.81999993       1.16047621    
   2.82999992       1.16468155    
   2.83999991       1.16888058    
   2.84999990       1.17307377    
   2.85999990       1.17726040    
   2.86999989       1.18144107    
   2.87999988       1.18561566    
   2.88999987       1.18978667    
   2.89999986       1.19395089    
   2.90999985       1.19810855    
   2.91999984       1.20226204    
   2.92999983       1.20640826    
   2.93999982       1.21055186    
   2.95000005       1.21468914    
   2.96000004       1.21882343    
   2.97000003       1.22295094    
   2.98000002       1.22707593    
   2.99000001       1.23119652    
   3.00000000       1.23531067    
   3.00999999       1.23942316    
   3.01999998       1.24353051    
   3.02999997       1.24763286    
   3.03999996       1.25173283    
   3.04999995       1.25582910    
   3.05999994       1.25992131    
   3.06999993       1.26400816    
   3.07999992       1.26809359    
   3.08999991       1.27217317    
   3.09999990       1.27625060    
   3.10999990       1.28032672    
   3.11999989       1.28439629    
   3.12999988       1.28846478    
   3.13999987       1.29252911    
   3.14999986       1.29659224    
   3.15999985       1.30064845    
   3.16999984       1.30470324    
   3.17999983       1.30875623    
   3.18999982       1.31280398    
   3.19999981       1.31685281    
   3.21000004       1.32089663    
   3.22000003       1.32493758    
   3.23000002       1.32897544    
   3.24000001       1.33301222    
   3.25000000       1.33704591    
   3.25999999       1.34107649    
   3.26999998       1.34510458    
   3.27999997       1.34913111    
   3.28999996       1.35315394    
   3.29999995       1.35717547    
   3.30999994       1.36119378    
   3.31999993       1.36521053    
   3.32999992       1.36922538    
   3.33999991       1.37323678    
   3.34999990       1.37724745    
   3.35999990       1.38125503    
   3.36999989       1.38525987    
   3.37999988       1.38926446    
   3.38999987       1.39326763    
   3.39999986       1.39726555    
   3.40999985       1.40126467    
   3.41999984       1.40526009    
   3.42999983       1.40925300    
   3.43999982       1.41324675    
   3.44999981       1.41723657    
   3.46000004       1.42122579    
   3.47000003       1.42521107    
   3.48000002       1.42919517    
   3.49000001       1.43318021    
   3.50000000       1.43716097    
   3.50999999       1.44114125    
