   9.99999978E-03   3.99757992E-04
   1.99999996E-02   6.79250807E-04
   2.99999993E-02   9.48409492E-04
   3.99999991E-02   1.19743636E-03
   4.99999970E-02   1.52940000E-03
   5.99999987E-02   1.66614342E-03
   7.00000003E-02   1.71508116E-03
   7.99999982E-02   1.76529819E-03
   8.99999961E-02   1.84268679E-03
   9.99999940E-02   1.94760633E-03
  0.109999999       2.07379390E-03
  0.119999997       2.21532118E-03
  0.129999995       2.36579101E-03
  0.140000001       2.52133561E-03
  0.149999991       2.67868047E-03
  0.159999996       2.83563114E-03
  0.170000002       2.99067562E-03
  0.179999992       3.14230588E-03
  0.189999998       3.29020084E-03
  0.199999988       3.43414629E-03
  0.209999993       3.57390870E-03
  0.219999999       3.71062267E-03
  0.229999989       3.84232961E-03
  0.239999995       3.98112601E-03
  0.250000000       4.10158234E-03
  0.259999990       4.22427850E-03
  0.269999981       4.35692957E-03
  0.280000001       4.51689912E-03
  0.289999992       4.62419633E-03
  0.299999982       4.75183921E-03
  0.310000002       4.90903668E-03
  0.319999993       5.12684742E-03
  0.329999983       5.43376198E-03
  0.340000004       5.49135124E-03
  0.349999994       5.64413331E-03
  0.359999985       5.84744709E-03
  0.370000005       6.12832326E-03
  0.379999995       6.55621802E-03
  0.389999986       7.30457576E-03
  0.399999976       7.83573650E-03
  0.409999996       7.84286857E-03
  0.419999987       8.05271696E-03
  0.429999977       8.35442822E-03
  0.439999998       8.75173230E-03
  0.449999988       9.27384291E-03
  0.459999979       9.98540036E-03
  0.469999999       1.10048670E-02
  0.479999989       1.25916386E-02
  0.489999980       1.53106740E-02
  0.500000000       1.72883999E-02
  0.509999990       1.66838914E-02
  0.519999981       1.68197937E-02
  0.529999971       1.71730258E-02
  0.539999962       1.76695324E-02
  0.550000012       1.82928368E-02
  0.560000002       1.90448128E-02
  0.569999993       1.99429095E-02
  0.579999983       2.10149921E-02
  0.589999974       2.23041493E-02
  0.599999964       2.38765795E-02
  0.610000014       2.58333143E-02
  0.620000005       2.83376854E-02
  0.629999995       3.16678286E-02
  0.639999986       3.63387950E-02
  0.649999976       4.33726572E-02
  0.659999967       5.43643907E-02
  0.669999957       5.69839999E-02
  0.680000007       5.54929972E-02
  0.689999998       5.51847816E-02
  0.699999988       5.53516969E-02
  0.709999979       5.57993129E-02
  0.719999969       5.64449430E-02
  0.729999959       5.72473109E-02
  0.740000010       5.81834987E-02
  0.750000000       5.92430681E-02
  0.759999990       6.04191199E-02
  0.769999981       6.17112517E-02
  0.779999971       6.31224290E-02
  0.789999962       6.46549165E-02
  0.799999952       6.63189217E-02
  0.810000002       6.81237578E-02
  0.819999993       7.00818300E-02
  0.829999983       7.22099990E-02
  0.839999974       7.45266154E-02
  0.849999964       7.70570636E-02
  0.859999955       7.98298940E-02
  0.870000005       8.28812718E-02
  0.879999995       8.62580985E-02
  0.889999986       9.00160894E-02
  0.899999976       9.42291096E-02
  0.909999967       9.89914611E-02
  0.919999957      0.104430772    
  0.930000007      0.110715449    
  0.939999998      0.118082874    
  0.949999988      0.126870155    
  0.959999979      0.137576774    
  0.969999969      0.150954619    
  0.979999959      0.168133914    
  0.989999950      0.190393403    
   1.00000000      0.212890700    
   1.00999999      0.217129827    
   1.01999998      0.218844950    
   1.02999997      0.220146298    
   1.03999996      0.221370816    
   1.04999995      0.222614825    
   1.05999994      0.223910660    
   1.06999993      0.225267828    
   1.07999992      0.226689011    
   1.09000003      0.228171393    
   1.10000002      0.229712531    
   1.11000001      0.231309205    
   1.12000000      0.232958749    
   1.13000000      0.234658360    
   1.13999999      0.236405253    
   1.14999998      0.238197908    
   1.15999997      0.240033150    
   1.16999996      0.241910890    
   1.17999995      0.243829429    
   1.18999994      0.245778799    
   1.19999993      0.247785032    
   1.20999992      0.249820471    
   1.22000003      0.251893461    
   1.23000002      0.254003197    
   1.24000001      0.256151378    
   1.25000000      0.258336037    
   1.25999999      0.260556936    
   1.26999998      0.262815446    
   1.27999997      0.265111357    
   1.28999996      0.267444313    
   1.29999995      0.269815326    
   1.30999994      0.272224814    
   1.31999993      0.274672568    
   1.32999992      0.277159750    
   1.33999991      0.279687077    
   1.35000002      0.282251269    
   1.36000001      0.284864545    
   1.37000000      0.287515908    
   1.38000000      0.290210813    
   1.38999999      0.292949528    
   1.39999998      0.295733750    
   1.40999997      0.298564345    
   1.41999996      0.301443636    
   1.42999995      0.304368824    
   1.43999994      0.307331562    
   1.44999993      0.310373247    
   1.45999992      0.313454151    
   1.46999991      0.316589534    
   1.48000002      0.319780976    
   1.49000001      0.323030204    
   1.50000000      0.326338828    
   1.50999999      0.329709679    
   1.51999998      0.333143860    
   1.52999997      0.336643457    
   1.53999996      0.340211064    
   1.54999995      0.343849331    
   1.55999994      0.347558856    
   1.56999993      0.351346612    
   1.57999992      0.355211496    
   1.58999991      0.359157413    
   1.59999990      0.363187641    
   1.61000001      0.367305964    
   1.62000000      0.371515036    
   1.63000000      0.375819415    
   1.63999999      0.380222082    
   1.64999998      0.384728283    
   1.65999997      0.389341027    
   1.66999996      0.394065738    
   1.67999995      0.398907959    
   1.68999994      0.403871864    
   1.69999993      0.408963948    
   1.70999992      0.414189130    
   1.71999991      0.419555008    
   1.73000002      0.425067365    
   1.74000001      0.430733681    
   1.75000000      0.436561763    
   1.75999999      0.442560107    
   1.76999998      0.448736548    
   1.77999997      0.455101728    
   1.78999996      0.461665094    
   1.79999995      0.468437463    
   1.80999994      0.475430310    
   1.81999993      0.482656538    
   1.82999992      0.490127593    
   1.83999991      0.497859478    
   1.84999990      0.505867541    
   1.86000001      0.514165461    
   1.87000000      0.522773385    
   1.88000000      0.531707227    
   1.88999999      0.540986419    
   1.89999998      0.550630629    
   1.90999997      0.560661674    
   1.91999996      0.571098268    
   1.92999995      0.581961989    
   1.93999994      0.593270719    
   1.94999993      0.605040431    
   1.95999992      0.617282391    
   1.96999991      0.629998028    
   1.97999990      0.643173039    
   1.99000001      0.656772017    
   2.00000000      0.670718968    
   2.00999999      0.684630930    
   2.01999998      0.697746694    
   2.02999997      0.709984958    
   2.03999996      0.721419334    
   2.04999995      0.732144773    
   2.05999994      0.742248416    
   2.06999993      0.751809597    
   2.07999992      0.760892987    
   2.08999991      0.769557774    
   2.09999990      0.777850449    
   2.10999990      0.785813987    
   2.11999989      0.793483853    
   2.12999988      0.800889790    
   2.13999987      0.808059216    
   2.14999986      0.815015137    
   2.15999985      0.821777821    
   2.16999984      0.828364432    
   2.18000007      0.834791601    
   2.19000006      0.841072500    
   2.20000005      0.847219288    
   2.21000004      0.853242934    
   2.22000003      0.859153628    
   2.23000002      0.864959657    
   2.24000001      0.870668411    
   2.25000000      0.876287878    
   2.25999999      0.881824076    
   2.26999998      0.887283146    
   2.27999997      0.892669618    
   2.28999996      0.897988677    
   2.29999995      0.903244972    
   2.30999994      0.908442199    
   2.31999993      0.913583994    
   2.32999992      0.918673694    
   2.33999991      0.923714340    
   2.34999990      0.928708553    
   2.35999990      0.933660090    
   2.36999989      0.938570082    
   2.37999988      0.943440974    
   2.38999987      0.948276103    
   2.39999986      0.953075707    
   2.40999985      0.957842469    
   2.41999984      0.962578297    
   2.42999983      0.967284262    
   2.44000006      0.971961439    
   2.45000005      0.976611972    
   2.46000004      0.981237113    
   2.47000003      0.985837102    
   2.48000002      0.990414500    
   2.49000001      0.994968534    
   2.50000000      0.999502361    
   2.50999999       1.00401485    
   2.51999998       1.00850713    
   2.52999997       1.01298368    
   2.53999996       1.01743901    
   2.54999995       1.02187932    
   2.55999994       1.02630174    
   2.56999993       1.03070867    
   2.57999992       1.03510058    
   2.58999991       1.03947771    
   2.59999990       1.04383993    
   2.60999990       1.04819083    
   2.61999989       1.05252659    
   2.62999988       1.05684960    
   2.63999987       1.06116164    
   2.64999986       1.06546247    
   2.65999985       1.06974983    
   2.66999984       1.07402754    
   2.67999983       1.07829452    
   2.69000006       1.08255255    
   2.70000005       1.08679891    
   2.71000004       1.09103572    
   2.72000003       1.09526384    
   2.73000002       1.09948218    
   2.74000001       1.10369444    
   2.75000000       1.10789573    
   2.75999999       1.11208868    
   2.76999998       1.11627400    
   2.77999997       1.12045276    
   2.78999996       1.12462473    
   2.79999995       1.12878764    
   2.80999994       1.13294506    
   2.81999993       1.13709378    
   2.82999992       1.14123678    
   2.83999991       1.14537358    
   2.84999990       1.14950514    
   2.85999990       1.15362859    
   2.86999989       1.15774679    
   2.87999988       1.16185844    
   2.88999987       1.16596568    
   2.89999986       1.17006803    
   2.90999985       1.17416394    
   2.91999984       1.17825484    
   2.92999983       1.18233955    
   2.93999982       1.18642104    
   2.95000005       1.19049716    
   2.96000004       1.19456732    
   2.97000003       1.19863486    
   2.98000002       1.20269775    
   2.99000001       1.20675516    
   3.00000000       1.21080828    
   3.00999999       1.21485770    
   3.01999998       1.21890366    
   3.02999997       1.22294390    
   3.03999996       1.22698164    
   3.04999995       1.23101592    
   3.05999994       1.23504484    
   3.06999993       1.23907137    
   3.07999992       1.24309373    
   3.08999991       1.24711192    
   3.09999990       1.25112808    
   3.10999990       1.25514090    
   3.11999989       1.25914931    
   3.12999988       1.26315570    
   3.13999987       1.26715791    
   3.14999986       1.27115619    
   3.15999985       1.27515304    
   3.16999984       1.27914655    
   3.17999983       1.28313708    
   3.18999982       1.28712499    
   3.19999981       1.29111087    
   3.21000004       1.29509258    
   3.22000003       1.29907155    
   3.23000002       1.30304909    
   3.24000001       1.30702424    
   3.25000000       1.31099522    
   3.25999999       1.31496298    
   3.26999998       1.31893075    
   3.27999997       1.32289481    
   3.28999996       1.32685578    
   3.29999995       1.33081627    
   3.30999994       1.33477175    
   3.31999993       1.33872783    
   3.32999992       1.34268034    
   3.33999991       1.34663165    
   3.34999990       1.35058117    
   3.35999990       1.35452604    
   3.36999989       1.35847044    
   3.37999988       1.36241269    
   3.38999987       1.36635423    
   3.39999986       1.37029052    
   3.40999985       1.37422621    
   3.41999984       1.37816143    
   3.42999983       1.38209307    
   3.43999982       1.38602424    
   3.44999981       1.38995385    
   3.46000004       1.39387929    
   3.47000003       1.39780605    
   3.48000002       1.40172982    
   3.49000001       1.40565014    
   3.50000000       1.40957057    
   3.50999999       1.41348958    
