   9.99999978E-03   4.00179793E-04
   1.99999996E-02   6.80697034E-04
   2.99999993E-02   9.51343391E-04
   3.99999991E-02   1.19771133E-03
   4.99999970E-02   1.53188221E-03
   5.99999987E-02   1.67112704E-03
   7.00000003E-02   1.72031391E-03
   7.99999982E-02   1.76997122E-03
   8.99999961E-02   1.84655993E-03
   9.99999940E-02   1.95070938E-03
  0.109999999       2.07633083E-03
  0.119999997       2.21747742E-03
  0.129999995       2.36771978E-03
  0.140000001       2.52315192E-03
  0.149999991       2.68049468E-03
  0.159999996       2.83752708E-03
  0.170000002       2.99270428E-03
  0.179999992       3.14451731E-03
  0.189999998       3.29262274E-03
  0.199999988       3.43683222E-03
  0.209999993       3.57690267E-03
  0.219999999       3.71397124E-03
  0.229999989       3.84601858E-03
  0.239999995       3.97794275E-03
  0.250000000       4.10627108E-03
  0.259999990       4.22952417E-03
  0.269999981       4.36308514E-03
  0.280000001       4.52455319E-03
  0.289999992       4.63222340E-03
  0.299999982       4.76092100E-03
  0.310000002       4.91782418E-03
  0.319999993       5.14084846E-03
  0.329999983       5.45136258E-03
  0.340000004       5.50886383E-03
  0.349999994       5.66349039E-03
  0.359999985       5.86968474E-03
  0.370000005       6.15500426E-03
  0.379999995       6.59064623E-03
  0.389999986       7.35004060E-03
  0.399999976       7.88427610E-03
  0.409999996       7.89143983E-03
  0.419999987       8.10440071E-03
  0.429999977       8.41048174E-03
  0.439999998       8.81373137E-03
  0.449999988       9.34379734E-03
  0.459999979       1.00663174E-02
  0.469999999       1.11012552E-02
  0.479999989       1.27110379E-02
  0.489999980       1.54631874E-02
  0.500000000       1.74467303E-02
  0.509999990       1.68378353E-02
  0.519999981       1.69757307E-02
  0.529999971       1.73334293E-02
  0.539999962       1.78361777E-02
  0.550000012       1.84672810E-02
  0.560000002       1.92270465E-02
  0.569999993       2.01380569E-02
  0.579999983       2.12235674E-02
  0.589999974       2.25287881E-02
  0.599999964       2.41206679E-02
  0.610000014       2.61012521E-02
  0.620000005       2.86355373E-02
  0.629999995       3.20041068E-02
  0.639999986       3.67256701E-02
  0.649999976       4.38261181E-02
  0.659999967       5.48848622E-02
  0.669999957       5.74895889E-02
  0.680000007       5.59920669E-02
  0.689999998       5.56831062E-02
  0.699999988       5.58525808E-02
  0.709999979       5.63048795E-02
  0.719999969       5.69567271E-02
  0.729999959       5.77665977E-02
  0.740000010       5.87114543E-02
  0.750000000       5.97807281E-02
  0.759999990       6.09675907E-02
  0.769999981       6.22715466E-02
  0.779999971       6.36956245E-02
  0.789999962       6.52420297E-02
  0.799999952       6.69211000E-02
  0.810000002       6.87421858E-02
  0.819999993       7.07178488E-02
  0.829999983       7.28650913E-02
  0.839999974       7.52021968E-02
  0.849999964       7.77549297E-02
  0.859999955       8.05519745E-02
  0.870000005       8.36297944E-02
  0.879999995       8.70355144E-02
  0.889999986       9.08252299E-02
  0.899999976       9.50732678E-02
  0.909999967       9.98758823E-02
  0.919999957      0.105356790    
  0.930000007      0.111689672    
  0.939999998      0.119111292    
  0.949999988      0.127959639    
  0.959999979      0.138734445    
  0.969999969      0.152187347    
  0.979999959      0.169442371    
  0.989999950      0.191756263    
   1.00000000      0.214239985    
   1.00999999      0.218500927    
   1.01999998      0.220234022    
   1.02999997      0.221549720    
   1.03999996      0.222786635    
   1.04999995      0.224042505    
   1.05999994      0.225349128    
   1.06999993      0.226716965    
   1.07999992      0.228148773    
   1.09000003      0.229641348    
   1.10000002      0.231193334    
   1.11000001      0.232800499    
   1.12000000      0.234460980    
   1.13000000      0.236171454    
   1.13999999      0.237929076    
   1.14999998      0.239732981    
   1.15999997      0.241579682    
   1.16999996      0.243468851    
   1.17999995      0.245398939    
   1.18999994      0.247359917    
   1.19999993      0.249378338    
   1.20999992      0.251425773    
   1.22000003      0.253511071    
   1.23000002      0.255633146    
   1.24000001      0.257794023    
   1.25000000      0.259991139    
   1.25999999      0.262225389    
   1.26999998      0.264496833    
   1.27999997      0.266805977    
   1.28999996      0.269152701    
   1.29999995      0.271536916    
   1.30999994      0.273960233    
   1.31999993      0.276422083    
   1.32999992      0.278923571    
   1.33999991      0.281465441    
   1.35000002      0.284044057    
   1.36000001      0.286671638    
   1.37000000      0.289338350    
   1.38000000      0.292048186    
   1.38999999      0.294802189    
   1.39999998      0.297601998    
   1.40999997      0.300448298    
   1.41999996      0.303343683    
   1.42999995      0.306284815    
   1.43999994      0.309277117    
   1.44999993      0.312322110    
   1.45999992      0.315419495    
   1.46999991      0.318571925    
   1.48000002      0.321780592    
   1.49000001      0.325047284    
   1.50000000      0.328373700    
   1.50999999      0.331762373    
   1.51999998      0.335214615    
   1.52999997      0.338732690    
   1.53999996      0.342318714    
   1.54999995      0.345975995    
   1.55999994      0.349706203    
   1.56999993      0.353511930    
   1.57999992      0.357396424    
   1.58999991      0.361362427    
   1.59999990      0.365412802    
   1.61000001      0.369552106    
   1.62000000      0.373782247    
   1.63000000      0.378107220    
   1.63999999      0.382531643    
   1.64999998      0.387058973    
   1.65999997      0.391693920    
   1.66999996      0.396441311    
   1.67999995      0.401305914    
   1.68999994      0.406292856    
   1.69999993      0.411408007    
   1.70999992      0.416656941    
   1.71999991      0.422046572    
   1.73000002      0.427583188    
   1.74000001      0.433273822    
   1.75000000      0.439126909    
   1.75999999      0.445150077    
   1.76999998      0.451352149    
   1.77999997      0.457742661    
   1.78999996      0.464331686    
   1.79999995      0.471130222    
   1.80999994      0.478149027    
   1.81999993      0.485401094    
   1.82999992      0.492899388    
   1.83999991      0.500657618    
   1.84999990      0.508691549    
   1.86000001      0.517016411    
   1.87000000      0.525649607    
   1.88000000      0.534609139    
   1.88999999      0.543914080    
   1.89999998      0.553582668    
   1.90999997      0.563637495    
   1.91999996      0.574096918    
   1.92999995      0.584982097    
   1.93999994      0.596311092    
   1.94999993      0.608098924    
   1.95999992      0.620355844    
   1.96999991      0.633083940    
   1.97999990      0.646267772    
   1.99000001      0.659872651    
   2.00000000      0.673820853    
   2.00999999      0.687730014    
   2.01999998      0.700843632    
   2.02999997      0.713081241    
   2.03999996      0.724517047    
   2.04999995      0.735244930    
   2.05999994      0.745353460    
   2.06999993      0.754919231    
   2.07999992      0.764009178    
   2.08999991      0.772680819    
   2.09999990      0.780981660    
   2.10999990      0.788953245    
   2.11999989      0.796631277    
   2.12999988      0.804046631    
   2.13999987      0.811226010    
   2.14999986      0.818191290    
   2.15999985      0.824964046    
   2.16999984      0.831559837    
   2.18000007      0.837997854    
   2.19000006      0.844288290    
   2.20000005      0.850445747    
   2.21000004      0.856480181    
   2.22000003      0.862401009    
   2.23000002      0.868218184    
   2.24000001      0.873937249    
   2.25000000      0.879567206    
   2.25999999      0.885114610    
   2.26999998      0.890583694    
   2.27999997      0.895981848    
   2.28999996      0.901311159    
   2.29999995      0.906578124    
   2.30999994      0.911785185    
   2.31999993      0.916939080    
   2.32999992      0.922038078    
   2.33999991      0.927090168    
   2.34999990      0.932095230    
   2.35999990      0.937057078    
   2.36999989      0.941978514    
   2.37999988      0.946860313    
   2.38999987      0.951705635    
   2.39999986      0.956516564    
   2.40999985      0.961294115    
   2.41999984      0.966039538    
   2.42999983      0.970756471    
   2.44000006      0.975445032    
   2.45000005      0.980105639    
   2.46000004      0.984741330    
   2.47000003      0.989352763    
   2.48000002      0.993940115    
   2.49000001      0.998505831    
   2.50000000       1.00305021    
   2.50999999       1.00757241    
   2.51999998       1.01207590    
   2.52999997       1.01656210    
   2.53999996       1.02102935    
   2.54999995       1.02547956    
   2.55999994       1.02991283    
   2.56999993       1.03433168    
   2.57999992       1.03873277    
   2.58999991       1.04312122    
   2.59999990       1.04749489    
   2.60999990       1.05185437    
   2.61999989       1.05620086    
   2.62999988       1.06053591    
   2.63999987       1.06485748    
   2.64999986       1.06916881    
   2.65999985       1.07346725    
   2.66999984       1.07775450    
   2.67999983       1.08203268    
   2.69000006       1.08629978    
   2.70000005       1.09055626    
   2.71000004       1.09480453    
   2.72000003       1.09904385    
   2.73000002       1.10327256    
   2.74000001       1.10749459    
   2.75000000       1.11170578    
   2.75999999       1.11591125    
   2.76999998       1.12010694    
   2.77999997       1.12429547    
   2.78999996       1.12847722    
   2.79999995       1.13265026    
   2.80999994       1.13681769    
   2.81999993       1.14097810    
   2.82999992       1.14513183    
   2.83999991       1.14927888    
   2.84999990       1.15341985    
   2.85999990       1.15755367    
   2.86999989       1.16168249    
   2.87999988       1.16580570    
   2.88999987       1.16992366    
   2.89999986       1.17403638    
   2.90999985       1.17814195    
   2.91999984       1.18224239    
   2.92999983       1.18633914    
   2.93999982       1.19043100    
   2.95000005       1.19451749    
   2.96000004       1.19859922    
   2.97000003       1.20267558    
   2.98000002       1.20674789    
   2.99000001       1.21081746    
   3.00000000       1.21488011    
   3.00999999       1.21894038    
   3.01999998       1.22299552    
   3.02999997       1.22704625    
   3.03999996       1.23109400    
   3.04999995       1.23513818    
   3.05999994       1.23917973    
   3.06999993       1.24321425    
   3.07999992       1.24724901    
   3.08999991       1.25127769    
   3.09999990       1.25530183    
   3.10999990       1.25932467    
   3.11999989       1.26334536    
   3.12999988       1.26736093    
   3.13999987       1.27137411    
   3.14999986       1.27538300    
   3.15999985       1.27939093    
   3.16999984       1.28339469    
   3.17999983       1.28739500    
   3.18999982       1.29139280    
   3.19999981       1.29538763    
   3.21000004       1.29938054    
   3.22000003       1.30337095    
   3.23000002       1.30735755    
   3.24000001       1.31134272    
   3.25000000       1.31532359    
   3.25999999       1.31930339    
   3.26999998       1.32328033    
   3.27999997       1.32725525    
   3.28999996       1.33122671    
   3.29999995       1.33519626    
   3.30999994       1.33916402    
   3.31999993       1.34312892    
   3.32999992       1.34709239    
   3.33999991       1.35105431    
   3.34999990       1.35501373    
   3.35999990       1.35896850    
   3.36999989       1.36292291    
   3.37999988       1.36687577    
   3.38999987       1.37082684    
   3.39999986       1.37477434    
   3.40999985       1.37872136    
   3.41999984       1.38266516    
   3.42999983       1.38660836    
   3.43999982       1.39054930    
   3.44999981       1.39449000    
   3.46000004       1.39842546    
   3.47000003       1.40236175    
   3.48000002       1.40629578    
   3.49000001       1.41022742    
   3.50000000       1.41415620    
   3.50999999       1.41808569    
