   9.99999978E-03   4.02258243E-04
   1.99999996E-02   7.01279787E-04
   2.99999993E-02   9.87375854E-04
   3.99999991E-02   1.20149052E-03
   4.99999970E-02   1.55753503E-03
   5.99999987E-02   1.72957708E-03
   7.00000003E-02   1.78514502E-03
   7.99999982E-02   1.82782137E-03
   8.99999961E-02   1.89439824E-03
   9.99999940E-02   1.98936043E-03
  0.109999999       2.10786192E-03
  0.119999997       2.24383082E-03
  0.129999995       2.39092903E-03
  0.140000001       2.54479470E-03
  0.149999991       2.70177005E-03
  0.159999996       2.85947998E-03
  0.170000002       3.01605556E-03
  0.179999992       3.16989678E-03
  0.189999998       3.32069583E-03
  0.199999988       3.46774934E-03
  0.209999993       3.61148873E-03
  0.219999999       3.75284790E-03
  0.229999989       3.88817233E-03
  0.239999995       4.02822904E-03
  0.250000000       4.16206988E-03
  0.259999990       4.29277215E-03
  0.269999981       4.43888921E-03
  0.280000001       4.62000212E-03
  0.289999992       4.73437971E-03
  0.299999982       4.87714633E-03
  0.310000002       5.05588390E-03
  0.319999993       5.31935971E-03
  0.329999983       5.67758689E-03
  0.340000004       5.73409628E-03
  0.349999994       5.91359939E-03
  0.359999985       6.15827087E-03
  0.370000005       6.50302414E-03
  0.379999995       7.03353109E-03
  0.389999986       7.94398878E-03
  0.399999976       8.51302501E-03
  0.409999996       8.52368400E-03
  0.419999987       8.77531897E-03
  0.429999977       9.13894176E-03
  0.439999998       9.62063111E-03
  0.449999988       1.02558713E-02
  0.459999979       1.11199953E-02
  0.469999999       1.23566166E-02
  0.479999989       1.42630544E-02
  0.489999980       1.74311884E-02
  0.500000000       1.94742605E-02
  0.509999990       1.88126732E-02
  0.519999981       1.89772565E-02
  0.529999971       1.93940233E-02
  0.539999962       1.99753363E-02
  0.550000012       2.07064655E-02
  0.560000002       2.15890203E-02
  0.569999993       2.26426218E-02
  0.579999983       2.38998923E-02
  0.589999974       2.54105721E-02
  0.599999964       2.72505563E-02
  0.610000014       2.95351967E-02
  0.620000005       3.24492864E-02
  0.629999995       3.63031700E-02
  0.639999986       4.16586697E-02
  0.649999976       4.95781936E-02
  0.659999967       6.14302158E-02
  0.669999957       6.38457090E-02
  0.680000007       6.22706786E-02
  0.689999998       6.19570874E-02
  0.699999988       6.21595047E-02
  0.709999979       6.26705661E-02
  0.719999969       6.34007081E-02
  0.729999959       6.43052459E-02
  0.740000010       6.53590634E-02
  0.750000000       6.65504336E-02
  0.759999990       6.78727627E-02
  0.769999981       6.93246052E-02
  0.779999971       7.09086135E-02
  0.789999962       7.26301447E-02
  0.799999952       7.44975358E-02
  0.810000002       7.65212849E-02
  0.819999993       7.87174329E-02
  0.829999983       8.11014026E-02
  0.839999974       8.36951137E-02
  0.849999964       8.65255222E-02
  0.859999955       8.96241665E-02
  0.870000005       9.30308327E-02
  0.879999995       9.67948437E-02
  0.889999986      0.100977667    
  0.899999976      0.105658345    
  0.909999967      0.110933371    
  0.919999957      0.116951376    
  0.930000007      0.123877116    
  0.939999998      0.131961271    
  0.949999988      0.141552448    
  0.959999979      0.153152719    
  0.969999969      0.167500407    
  0.979999959      0.185645044    
  0.989999950      0.208570093    
   1.00000000      0.230873272    
   1.00999999      0.235395730    
   1.01999998      0.237350002    
   1.02999997      0.238843799    
   1.03999996      0.240235731    
   1.04999995      0.241633773    
   1.05999994      0.243076026    
   1.06999993      0.244576052    
   1.07999992      0.246138304    
   1.09000003      0.247761175    
   1.10000002      0.249443367    
   1.11000001      0.251181871    
   1.12000000      0.252974838    
   1.13000000      0.254819125    
   1.13999999      0.256712347    
   1.14999998      0.258653194    
   1.15999997      0.260639280    
   1.16999996      0.262669504    
   1.17999995      0.264742494    
   1.18999994      0.266857028    
   1.19999993      0.269012839    
   1.20999992      0.271209180    
   1.22000003      0.273444861    
   1.23000002      0.275719225    
   1.24000001      0.278034896    
   1.25000000      0.280388892    
   1.25999999      0.282781124    
   1.26999998      0.285213500    
   1.27999997      0.287685037    
   1.28999996      0.290196240    
   1.29999995      0.292747408    
   1.30999994      0.295339406    
   1.31999993      0.297972500    
   1.32999992      0.300646871    
   1.33999991      0.303364307    
   1.35000002      0.306123823    
   1.36000001      0.308927894    
   1.37000000      0.311776459    
   1.38000000      0.314671040    
   1.38999999      0.317611575    
   1.39999998      0.320600510    
   1.40999997      0.323638141    
   1.41999996      0.326725811    
   1.42999995      0.329865098    
   1.43999994      0.333056509    
   1.44999993      0.336302996    
   1.45999992      0.339604884    
   1.46999991      0.342963725    
   1.48000002      0.346381903    
   1.49000001      0.349860907    
   1.50000000      0.353402525    
   1.50999999      0.357008487    
   1.51999998      0.360681593    
   1.52999997      0.364423603    
   1.53999996      0.368236631    
   1.54999995      0.372123480    
   1.55999994      0.376086563    
   1.56999993      0.380128205    
   1.57999992      0.384252042    
   1.58999991      0.388460159    
   1.59999990      0.392756760    
   1.61000001      0.397144288    
   1.62000000      0.401627123    
   1.63000000      0.406207740    
   1.63999999      0.410891443    
   1.64999998      0.415681899    
   1.65999997      0.420583010    
   1.66999996      0.425600022    
   1.67999995      0.430737704    
   1.68999994      0.436001241    
   1.69999993      0.441396683    
   1.70999992      0.446929634    
   1.71999991      0.452606291    
   1.73000002      0.458433717    
   1.74000001      0.464418322    
   1.75000000      0.470568299    
   1.75999999      0.476891905    
   1.76999998      0.483396888    
   1.77999997      0.490094006    
   1.78999996      0.496990830    
   1.79999995      0.504099429    
   1.80999994      0.511430144    
   1.81999993      0.518995821    
   1.82999992      0.526807845    
   1.83999991      0.534880102    
   1.84999990      0.543226600    
   1.86000001      0.551862359    
   1.87000000      0.560803950    
   1.88000000      0.570066929    
   1.88999999      0.579668403    
   1.89999998      0.589626670    
   1.90999997      0.599959970    
   1.91999996      0.610684454    
   1.92999995      0.621819079    
   1.93999994      0.633377373    
   1.94999993      0.645369530    
   1.95999992      0.657802999    
   1.96999991      0.670672417    
   1.97999990      0.683959782    
   1.99000001      0.697623193    
   2.00000000      0.711584151    
   2.00999999      0.725458801    
   2.01999998      0.738542557    
   2.02999997      0.750769913    
   2.03999996      0.762217224    
   2.04999995      0.772974730    
   2.05999994      0.783132851    
   2.06999993      0.792759418    
   2.07999992      0.801922679    
   2.08999991      0.810675204    
   2.09999990      0.819065511    
   2.10999990      0.827133179    
   2.11999989      0.834912479    
   2.12999988      0.842429399    
   2.13999987      0.849721968    
   2.14999986      0.856798768    
   2.15999985      0.863686562    
   2.16999984      0.870400846    
   2.18000007      0.876956820    
   2.19000006      0.883367956    
   2.20000005      0.889647245    
   2.21000004      0.895804644    
   2.22000003      0.901848853    
   2.23000002      0.907790184    
   2.24000001      0.913649321    
   2.25000000      0.919390619    
   2.25999999      0.925063789    
   2.26999998      0.930659831    
   2.27999997      0.936183989    
   2.28999996      0.941639245    
   2.29999995      0.947035551    
   2.30999994      0.952370226    
   2.31999993      0.957650900    
   2.32999992      0.962878585    
   2.33999991      0.968058288    
   2.34999990      0.973190844    
   2.35999990      0.978281140    
   2.36999989      0.983329415    
   2.37999988      0.988339424    
   2.38999987      0.993312359    
   2.39999986      0.998250544    
   2.40999985       1.00315678    
   2.41999984       1.00802994    
   2.42999983       1.01287377    
   2.44000006       1.01768899    
   2.45000005       1.02247810    
   2.46000004       1.02724147    
   2.47000003       1.03197944    
   2.48000002       1.03669453    
   2.49000001       1.04138720    
   2.50000000       1.04605854    
   2.50999999       1.05070829    
   2.51999998       1.05533838    
   2.52999997       1.05995154    
   2.53999996       1.06454539    
   2.54999995       1.06912172    
   2.55999994       1.07368112    
   2.56999993       1.07822633    
   2.57999992       1.08275533    
   2.58999991       1.08726859    
   2.59999990       1.09176946    
   2.60999990       1.09625530    
   2.61999989       1.10072780    
   2.62999988       1.10518920    
   2.63999987       1.10963678    
   2.64999986       1.11407328    
   2.65999985       1.11849725    
   2.66999984       1.12291181    
   2.67999983       1.12731433    
   2.69000006       1.13170731    
   2.70000005       1.13609016    
   2.71000004       1.14046371    
   2.72000003       1.14482784    
   2.73000002       1.14918375    
   2.74000001       1.15353024    
   2.75000000       1.15786719    
   2.75999999       1.16219497    
   2.76999998       1.16651714    
   2.77999997       1.17083049    
   2.78999996       1.17513704    
   2.79999995       1.17943621    
   2.80999994       1.18372738    
   2.81999993       1.18801308    
   2.82999992       1.19229150    
   2.83999991       1.19656312    
   2.84999990       1.20082963    
   2.85999990       1.20508766    
   2.86999989       1.20934057    
   2.87999988       1.21358860    
   2.88999987       1.21782959    
   2.89999986       1.22206807    
   2.90999985       1.22629821    
   2.91999984       1.23052359    
   2.92999983       1.23474467    
   2.93999982       1.23895931    
   2.95000005       1.24317026    
   2.96000004       1.24737597    
   2.97000003       1.25157773    
   2.98000002       1.25577378    
   2.99000001       1.25996602    
   3.00000000       1.26415420    
   3.00999999       1.26833749    
   3.01999998       1.27251565    
   3.02999997       1.27669287    
   3.03999996       1.28086400    
   3.04999995       1.28503203    
   3.05999994       1.28919506    
   3.06999993       1.29335630    
   3.07999992       1.29751241    
   3.08999991       1.30166543    
   3.09999990       1.30581594    
   3.10999990       1.30996072    
   3.11999989       1.31410396    
   3.12999988       1.31824481    
   3.13999987       1.32238138    
   3.14999986       1.32651639    
   3.15999985       1.33064485    
   3.16999984       1.33477223    
   3.17999983       1.33889627    
   3.18999982       1.34301722    
   3.19999981       1.34713614    
   3.21000004       1.35125303    
   3.22000003       1.35536468    
   3.23000002       1.35947526    
   3.24000001       1.36358273    
   3.25000000       1.36768949    
   3.25999999       1.37179053    
   3.26999998       1.37589204    
   3.27999997       1.37999082    
   3.28999996       1.38408494    
   3.29999995       1.38817811    
   3.30999994       1.39226818    
   3.31999993       1.39635777    
   3.32999992       1.40044403    
   3.33999991       1.40452731    
   3.34999990       1.40860832    
   3.35999990       1.41268849    
   3.36999989       1.41676712    
   3.37999988       1.42084134    
   3.38999987       1.42491472    
   3.39999986       1.42898786    
   3.40999985       1.43305635    
   3.41999984       1.43712330    
   3.42999983       1.44118917    
   3.43999982       1.44525325    
   3.44999981       1.44931507    
   3.46000004       1.45337594    
   3.47000003       1.45743346    
   3.48000002       1.46149015    
   3.49000001       1.46554482    
   3.50000000       1.46959841    
   3.50999999       1.47364938    
