   9.99999978E-03   4.02442820E-04
   1.99999996E-02   7.13353511E-04
   2.99999993E-02   1.00562337E-03
   3.99999991E-02   1.20418798E-03
   4.99999970E-02   1.56761683E-03
   5.99999987E-02   1.75757986E-03
   7.00000003E-02   1.81770988E-03
   7.99999982E-02   1.85794255E-03
   8.99999961E-02   1.91962102E-03
   9.99999940E-02   2.00976967E-03
  0.109999999       2.12437916E-03
  0.119999997       2.25757435E-03
  0.129999995       2.40274915E-03
  0.140000001       2.55557941E-03
  0.149999991       2.71216314E-03
  0.159999996       2.87037459E-03
  0.170000002       3.02706659E-03
  0.179999992       3.18187429E-03
  0.189999998       3.33393179E-03
  0.199999988       3.48242326E-03
  0.209999993       3.62801948E-03
  0.219999999       3.77161684E-03
  0.229999989       3.90928285E-03
  0.239999995       4.05327231E-03
  0.250000000       4.19026986E-03
  0.259999990       4.32502711E-03
  0.269999981       4.47838381E-03
  0.280000001       4.67076572E-03
  0.289999992       4.78756567E-03
  0.299999982       4.93835472E-03
  0.310000002       5.13130985E-03
  0.319999993       5.41955652E-03
  0.329999983       5.80233429E-03
  0.340000004       5.85899409E-03
  0.349999994       6.05243538E-03
  0.359999985       6.31967466E-03
  0.370000005       6.69856090E-03
  0.379999995       7.28340913E-03
  0.389999986       8.27756058E-03
  0.399999976       8.86223651E-03
  0.409999996       8.87672603E-03
  0.419999987       9.14934557E-03
  0.429999977       9.54536907E-03
  0.439999998       1.00709759E-02
  0.449999988       1.07651474E-02
  0.459999979       1.17092477E-02
  0.469999999       1.30551364E-02
  0.479999989       1.51279289E-02
  0.489999980       1.85166374E-02
  0.500000000       2.05820650E-02
  0.509999990       1.98940858E-02
  0.519999981       2.00737212E-02
  0.529999971       2.05207411E-02
  0.539999962       2.11475622E-02
  0.550000012       2.19336078E-02
  0.560000002       2.28823461E-02
  0.569999993       2.40148045E-02
  0.579999983       2.53658667E-02
  0.589999974       2.69883666E-02
  0.599999964       2.89631747E-02
  0.610000014       3.14124711E-02
  0.620000005       3.45313698E-02
  0.629999995       3.86451818E-02
  0.639999986       4.43363711E-02
  0.649999976       5.26810475E-02
  0.659999967       6.49184287E-02
  0.669999957       6.72321841E-02
  0.680000007       6.56207278E-02
  0.689999998       6.53060898E-02
  0.699999988       6.55270070E-02
  0.709999979       6.60698041E-02
  0.719999969       6.68423921E-02
  0.729999959       6.77968711E-02
  0.740000010       6.89086393E-02
  0.750000000       7.01649189E-02
  0.759999990       7.15589300E-02
  0.769999981       7.30891228E-02
  0.779999971       7.47582987E-02
  0.789999962       7.65719712E-02
  0.799999952       7.85388276E-02
  0.810000002       8.06697533E-02
  0.819999993       8.29819068E-02
  0.829999983       8.54908600E-02
  0.839999974       8.82188678E-02
  0.849999964       9.11961198E-02
  0.859999955       9.44531336E-02
  0.870000005       9.80321243E-02
  0.879999995      0.101983860    
  0.889999986      0.106372036    
  0.899999976      0.111278340    
  0.909999967      0.116806172    
  0.919999957      0.123095058    
  0.930000007      0.130326301    
  0.939999998      0.138750464    
  0.949999988      0.148719683    
  0.959999979      0.160735905    
  0.969999969      0.175528035    
  0.979999959      0.194102243    
  0.989999950      0.217304632    
   1.00000000      0.239505976    
   1.00999999      0.244159207    
   1.01999998      0.246226653    
   1.02999997      0.247813135    
   1.03999996      0.249285936    
   1.04999995      0.250758559    
   1.05999994      0.252271891    
   1.06999993      0.253841043    
   1.07999992      0.255471200    
   1.09000003      0.257161826    
   1.10000002      0.258911937    
   1.11000001      0.260718912    
   1.12000000      0.262580305    
   1.13000000      0.264494240    
   1.13999999      0.266457856    
   1.14999998      0.268469453    
   1.15999997      0.270527512    
   1.16999996      0.272630513    
   1.17999995      0.274777234    
   1.18999994      0.276966691    
   1.19999993      0.279197961    
   1.20999992      0.281470478    
   1.22000003      0.283783615    
   1.23000002      0.286136955    
   1.24000001      0.288531989    
   1.25000000      0.290966421    
   1.25999999      0.293440282    
   1.26999998      0.295955151    
   1.27999997      0.298510402    
   1.28999996      0.301106393    
   1.29999995      0.303743213    
   1.30999994      0.306421965    
   1.31999993      0.309142709    
   1.32999992      0.311906010    
   1.33999991      0.314712644    
   1.35000002      0.317563921    
   1.36000001      0.320460081    
   1.37000000      0.323401868    
   1.38000000      0.326390684    
   1.38999999      0.329427212    
   1.39999998      0.332512528    
   1.40999997      0.335648239    
   1.41999996      0.338835508    
   1.42999995      0.342074692    
   1.43999994      0.345367849    
   1.44999993      0.348716915    
   1.45999992      0.352123350    
   1.46999991      0.355588466    
   1.48000002      0.359113276    
   1.49000001      0.362699836    
   1.50000000      0.366351813    
   1.50999999      0.370068908    
   1.51999998      0.373854458    
   1.52999997      0.377710104    
   1.53999996      0.381638288    
   1.54999995      0.385642141    
   1.55999994      0.389723599    
   1.56999993      0.393885136    
   1.57999992      0.398129910    
   1.58999991      0.402461499    
   1.59999990      0.406882733    
   1.61000001      0.411396086    
   1.62000000      0.416004002    
   1.63000000      0.420717448    
   1.63999999      0.425531924    
   1.64999998      0.430454969    
   1.65999997      0.435490429    
   1.66999996      0.440643698    
   1.67999995      0.445918858    
   1.68999994      0.451322109    
   1.69999993      0.456858456    
   1.70999992      0.462534040    
   1.71999991      0.468354762    
   1.73000002      0.474328399    
   1.74000001      0.480460256    
   1.75000000      0.486758679    
   1.75999999      0.493232369    
   1.76999998      0.499888569    
   1.77999997      0.506737828    
   1.78999996      0.513788700    
   1.79999995      0.521051168    
   1.80999994      0.528536975    
   1.81999993      0.536257327    
   1.82999992      0.544224322    
   1.83999991      0.552450955    
   1.84999990      0.560951650    
   1.86000001      0.569739699    
   1.87000000      0.578831732    
   1.88000000      0.588242412    
   1.88999999      0.597989023    
   1.89999998      0.608087599    
   1.90999997      0.618555009    
   1.91999996      0.629407406    
   1.92999995      0.640660286    
   1.93999994      0.652327597    
   1.94999993      0.664416194    
   1.95999992      0.676931620    
   1.96999991      0.689866602    
   1.97999990      0.703200102    
   1.99000001      0.716888189    
   2.00000000      0.730852723    
   2.00999999      0.744708717    
   2.01999998      0.757775068    
   2.02999997      0.769996226    
   2.03999996      0.781447947    
   2.04999995      0.792220354    
   2.05999994      0.802398503    
   2.06999993      0.812053621    
   2.07999992      0.821250200    
   2.08999991      0.830041587    
   2.09999990      0.838474393    
   2.10999990      0.846587896    
   2.11999989      0.854415119    
   2.12999988      0.861982048    
   2.13999987      0.869327366    
   2.14999986      0.876459241    
   2.15999985      0.883402884    
   2.16999984      0.890172780    
   2.18000007      0.896787047    
   2.19000006      0.903257549    
   2.20000005      0.909595370    
   2.21000004      0.915812135    
   2.22000003      0.921917439    
   2.23000002      0.927919447    
   2.24000001      0.933825493    
   2.25000000      0.939643204    
   2.25999999      0.945378006    
   2.26999998      0.951035917    
   2.27999997      0.956622064    
   2.28999996      0.962141335    
   2.29999995      0.967598915    
   2.30999994      0.972996950    
   2.31999993      0.978340507    
   2.32999992      0.983630955    
   2.33999991      0.988872886    
   2.34999990      0.994069278    
   2.35999990      0.999221921    
   2.36999989       1.00433409    
   2.37999988       1.00940681    
   2.38999987       1.01444316    
   2.39999986       1.01944363    
   2.40999985       1.02441216    
   2.41999984       1.02935028    
   2.42999983       1.03425646    
   2.44000006       1.03913546    
   2.45000005       1.04399133    
   2.46000004       1.04881239    
   2.47000003       1.05361521    
   2.48000002       1.05839217    
   2.49000001       1.06314790    
   2.50000000       1.06788254    
   2.50999999       1.07259476    
   2.51999998       1.07728958    
   2.52999997       1.08196425    
   2.53999996       1.08662105    
   2.54999995       1.09126031    
   2.55999994       1.09588373    
   2.56999993       1.10048997    
   2.57999992       1.10508144    
   2.58999991       1.10965824    
   2.59999990       1.11422074    
   2.60999990       1.11876976    
   2.61999989       1.12330544    
   2.62999988       1.12782884    
   2.63999987       1.13233924    
   2.64999986       1.13683712    
   2.65999985       1.14132500    
   2.66999984       1.14580202    
   2.67999983       1.15026760    
   2.69000006       1.15472293    
   2.70000005       1.15916789    
   2.71000004       1.16360354    
   2.72000003       1.16802931    
   2.73000002       1.17244804    
   2.74000001       1.17685592    
   2.75000000       1.18125570    
   2.75999999       1.18564713    
   2.76999998       1.19003046    
   2.77999997       1.19440734    
   2.78999996       1.19877505    
   2.79999995       1.20313656    
   2.80999994       1.20748949    
   2.81999993       1.21183825    
   2.82999992       1.21617830    
   2.83999991       1.22051275    
   2.84999990       1.22483909    
   2.85999990       1.22916079    
   2.86999989       1.23347676    
   2.87999988       1.23778665    
   2.88999987       1.24208879    
   2.89999986       1.24638832    
   2.90999985       1.25068164    
   2.91999984       1.25496686    
   2.92999983       1.25924897    
   2.93999982       1.26352859    
   2.95000005       1.26780033    
   2.96000004       1.27206850    
   2.97000003       1.27633131    
   2.98000002       1.28058946    
   2.99000001       1.28484356    
   3.00000000       1.28909385    
   3.00999999       1.29333925    
   3.01999998       1.29758024    
   3.02999997       1.30181730    
   3.03999996       1.30605209    
   3.04999995       1.31028056    
   3.05999994       1.31450570    
   3.06999993       1.31872702    
   3.07999992       1.32294703    
   3.08999991       1.32716095    
   3.09999990       1.33137310    
   3.10999990       1.33558035    
   3.11999989       1.33978391    
   3.12999988       1.34398639    
   3.13999987       1.34818494    
   3.14999986       1.35238039    
   3.15999985       1.35657144    
   3.16999984       1.36075962    
   3.17999983       1.36494589    
   3.18999982       1.36913013    
   3.19999981       1.37330866    
   3.21000004       1.37748599    
   3.22000003       1.38166142    
   3.23000002       1.38583338    
   3.24000001       1.39000261    
   3.25000000       1.39416981    
   3.25999999       1.39833188    
   3.26999998       1.40249538    
   3.27999997       1.40665638    
   3.28999996       1.41081011    
   3.29999995       1.41496682    
   3.30999994       1.41911662    
   3.31999993       1.42326832    
   3.32999992       1.42741525    
   3.33999991       1.43156052    
   3.34999990       1.43570316    
   3.35999990       1.43984580    
   3.36999989       1.44398355    
   3.37999988       1.44812119    
   3.38999987       1.45225537    
   3.39999986       1.45638859    
   3.40999985       1.46051943    
   3.41999984       1.46464849    
   3.42999983       1.46877575    
   3.43999982       1.47290039    
   3.44999981       1.47702277    
   3.46000004       1.48114514    
   3.47000003       1.48526537    
   3.48000002       1.48938203    
   3.49000001       1.49349976    
   3.50000000       1.49761188    
   3.50999999       1.50172555    
