   9.99999978E-03   4.04054095E-04
   1.99999996E-02   7.15510570E-04
   2.99999993E-02   1.00863492E-03
   3.99999991E-02   1.20468496E-03
   4.99999970E-02   1.57262094E-03
   5.99999987E-02   1.76170422E-03
   7.00000003E-02   1.82317535E-03
   7.99999982E-02   1.86303293E-03
   8.99999961E-02   1.92388694E-03
   9.99999940E-02   2.01323838E-03
  0.109999999       2.12718663E-03
  0.119999997       2.25988822E-03
  0.129999995       2.40473426E-03
  0.140000001       2.55737430E-03
  0.149999991       2.71387212E-03
  0.159999996       2.87211244E-03
  0.170000002       3.02888337E-03
  0.179999992       3.18382960E-03
  0.189999998       3.33608803E-03
  0.199999988       3.48482002E-03
  0.209999993       3.63073079E-03
  0.219999999       3.77473957E-03
  0.229999989       3.91276553E-03
  0.239999995       4.05748701E-03
  0.250000000       4.19499725E-03
  0.259999990       4.33046510E-03
  0.269999981       4.48509119E-03
  0.280000001       4.67945822E-03
  0.289999992       4.79666749E-03
  0.299999982       4.94890939E-03
  0.310000002       5.14436653E-03
  0.319999993       5.43698529E-03
  0.329999983       5.82395680E-03
  0.340000004       5.88062638E-03
  0.349999994       6.07657433E-03
  0.359999985       6.34772656E-03
  0.370000005       6.73267618E-03
  0.379999995       7.32708117E-03
  0.389999986       8.33570585E-03
  0.399999976       8.92287493E-03
  0.409999996       8.93785618E-03
  0.419999987       9.21434350E-03
  0.429999977       9.61603504E-03
  0.439999998       1.01493280E-02
  0.449999988       1.08543979E-02
  0.459999979       1.18117901E-02
  0.469999999       1.31804217E-02
  0.479999989       1.52781624E-02
  0.489999980       1.87044479E-02
  0.500000000       2.07730625E-02
  0.509999990       2.00806912E-02
  0.519999981       2.02629790E-02
  0.529999971       2.07154956E-02
  0.539999962       2.13499144E-02
  0.550000012       2.21454352E-02
  0.560000002       2.31055953E-02
  0.569999993       2.42516175E-02
  0.579999983       2.56188288E-02
  0.589999974       2.72606090E-02
  0.599999964       2.92585846E-02
  0.610000014       3.17361914E-02
  0.620000005       3.48901860E-02
  0.629999995       3.90484668E-02
  0.639999986       4.47968096E-02
  0.649999976       5.32131344E-02
  0.659999967       6.55139759E-02
  0.669999957       6.78103343E-02
  0.680000007       6.61929771E-02
  0.689999998       6.58782274E-02
  0.699999988       6.61023781E-02
  0.709999979       6.66508004E-02
  0.719999969       6.74304068E-02
  0.729999959       6.83935285E-02
  0.740000010       6.95151538E-02
  0.750000000       7.07825422E-02
  0.759999990       7.21887723E-02
  0.769999981       7.37322718E-02
  0.779999971       7.54159540E-02
  0.789999962       7.72452503E-02
  0.799999952       7.92291760E-02
  0.810000002       8.13782960E-02
  0.819999993       8.37100968E-02
  0.829999983       8.62403214E-02
  0.839999974       8.89913142E-02
  0.849999964       9.19933766E-02
  0.859999955       9.52773392E-02
  0.870000005       9.88854915E-02
  0.879999995      0.102868989    
  0.889999986      0.107292041    
  0.899999976      0.112236455    
  0.909999967      0.117806330    
  0.919999957      0.124141626    
  0.930000007      0.131424427    
  0.939999998      0.139905572    
  0.949999988      0.149938047    
  0.959999979      0.162023783    
  0.969999969      0.176889747    
  0.979999959      0.195534751    
  0.989999950      0.218781531    
   1.00000000      0.240965128    
   1.00999999      0.245639995    
   1.01999998      0.247726798    
   1.02999997      0.249328598    
   1.03999996      0.250815302    
   1.04999995      0.252300441    
   1.05999994      0.253825873    
   1.06999993      0.255406737    
   1.07999992      0.257048517    
   1.09000003      0.258750349    
   1.10000002      0.260512054    
   1.11000001      0.262330651    
   1.12000000      0.264203697    
   1.13000000      0.266129345    
   1.13999999      0.268104732    
   1.14999998      0.270128608    
   1.15999997      0.272198737    
   1.16999996      0.274313778    
   1.17999995      0.276472926    
   1.18999994      0.278674781    
   1.19999993      0.280918866    
   1.20999992      0.283204526    
   1.22000003      0.285530955    
   1.23000002      0.287897378    
   1.24000001      0.290305763    
   1.25000000      0.292753607    
   1.25999999      0.295241326    
   1.26999998      0.297770053    
   1.27999997      0.300339550    
   1.28999996      0.302949727    
   1.29999995      0.305600673    
   1.30999994      0.308294296    
   1.31999993      0.311029583    
   1.32999992      0.313807786    
   1.33999991      0.316630006    
   1.35000002      0.319496483    
   1.36000001      0.322407842    
   1.37000000      0.325365514    
   1.38000000      0.328370214    
   1.38999999      0.331422359    
   1.39999998      0.334524542    
   1.40999997      0.337676555    
   1.41999996      0.340880543    
   1.42999995      0.344136566    
   1.43999994      0.347446918    
   1.44999993      0.350813299    
   1.45999992      0.354237378    
   1.46999991      0.357719362    
   1.48000002      0.361262292    
   1.49000001      0.364867687    
   1.50000000      0.368537366    
   1.50999999      0.372273743    
   1.51999998      0.376077533    
   1.52999997      0.379952818    
   1.53999996      0.383900046    
   1.54999995      0.387923598    
   1.55999994      0.392024726    
   1.56999993      0.396206379    
   1.57999992      0.400471956    
   1.58999991      0.404824257    
   1.59999990      0.409265667    
   1.61000001      0.413800657    
   1.62000000      0.418432444    
   1.63000000      0.423164636    
   1.63999999      0.428001106    
   1.64999998      0.432946295    
   1.65999997      0.438004434    
   1.66999996      0.443180412    
   1.67999995      0.448478669    
   1.68999994      0.453905106    
   1.69999993      0.459465057    
   1.70999992      0.465164214    
   1.71999991      0.471009552    
   1.73000002      0.477006823    
   1.74000001      0.483163238    
   1.75000000      0.489486516    
   1.75999999      0.495985717    
   1.76999998      0.502666831    
   1.77999997      0.509541214    
   1.78999996      0.516617954    
   1.79999995      0.523905933    
   1.80999994      0.531417251    
   1.81999993      0.539163351    
   1.82999992      0.547155738    
   1.83999991      0.555408359    
   1.84999990      0.563934267    
   1.86000001      0.572747827    
   1.87000000      0.581864953    
   1.88000000      0.591299832    
   1.88999999      0.601070046    
   1.89999998      0.611191332    
   1.90999997      0.621680915    
   1.91999996      0.632554471    
   1.92999995      0.643827319    
   1.93999994      0.655512214    
   1.94999993      0.667616487    
   1.95999992      0.680145383    
   1.96999991      0.693090498    
   1.97999990      0.706431329    
   1.99000001      0.720123649    
   2.00000000      0.734088063    
   2.00999999      0.747941494    
   2.01999998      0.761004508    
   2.02999997      0.773223996    
   2.03999996      0.784676731    
   2.04999995      0.795451164    
   2.05999994      0.805632234    
   2.06999993      0.815292358    
   2.07999992      0.824494243    
   2.08999991      0.833293200    
   2.09999990      0.841732144    
   2.10999990      0.849853098    
   2.11999989      0.857688010    
   2.12999988      0.865263999    
   2.13999987      0.872616887    
   2.14999986      0.879757762    
   2.15999985      0.886710405    
   2.16999984      0.893490613    
   2.18000007      0.900114119    
   2.19000006      0.906593978    
   2.20000005      0.912942052    
   2.21000004      0.919167817    
   2.22000003      0.925283730    
   2.23000002      0.931294978    
   2.24000001      0.937211692    
   2.25000000      0.943039596    
   2.25999999      0.948784888    
   2.26999998      0.954453528    
   2.27999997      0.960050225    
   2.28999996      0.965578556    
   2.29999995      0.971046686    
   2.30999994      0.976455748    
   2.31999993      0.981808782    
   2.32999992      0.987110376    
   2.33999991      0.992362618    
   2.34999990      0.997569501    
   2.35999990       1.00273299    
   2.36999989       1.00785446    
   2.37999988       1.01293790    
   2.38999987       1.01798487    
   2.39999986       1.02299595    
   2.40999985       1.02797508    
   2.41999984       1.03292322    
   2.42999983       1.03784144    
   2.44000006       1.04272985    
   2.45000005       1.04759824    
   2.46000004       1.05242836    
   2.47000003       1.05723965    
   2.48000002       1.06202865    
   2.49000001       1.06679451    
   2.50000000       1.07153940    
   2.50999999       1.07626271    
   2.51999998       1.08096707    
   2.52999997       1.08565235    
   2.53999996       1.09032047    
   2.54999995       1.09496927    
   2.55999994       1.09960198    
   2.56999993       1.10421979    
   2.57999992       1.10882163    
   2.58999991       1.11340952    
   2.59999990       1.11798275    
   2.60999990       1.12254190    
   2.61999989       1.12708831    
   2.62999988       1.13162088    
   2.63999987       1.13614202    
   2.64999986       1.14065254    
   2.65999985       1.14514875    
   2.66999984       1.14963579    
   2.67999983       1.15411127    
   2.69000006       1.15857804    
   2.70000005       1.16303313    
   2.71000004       1.16747940    
   2.72000003       1.17191601    
   2.73000002       1.17634368    
   2.74000001       1.18076396    
   2.75000000       1.18517303    
   2.75999999       1.18957484    
   2.76999998       1.19396865    
   2.77999997       1.19835603    
   2.78999996       1.20273447    
   2.79999995       1.20710480    
   2.80999994       1.21147037    
   2.81999993       1.21582770    
   2.82999992       1.22017801    
   2.83999991       1.22452247    
   2.84999990       1.22885978    
   2.85999990       1.23319161    
   2.86999989       1.23751700    
   2.87999988       1.24183822    
   2.88999987       1.24615121    
   2.89999986       1.25045991    
   2.90999985       1.25476325    
   2.91999984       1.25906098    
   2.92999983       1.26335406    
   2.93999982       1.26740599    
   2.95000005       1.27192366    
   2.96000004       1.27620220    
   2.97000003       1.28047562    
   2.98000002       1.28474462    
   2.99000001       1.28900909    
   3.00000000       1.29326749    
   3.00999999       1.29752362    
   3.01999998       1.30177677    
   3.02999997       1.30602205    
   3.03999996       1.31026685    
   3.04999995       1.31450737    
   3.05999994       1.31874228    
   3.06999993       1.32297516    
   3.07999992       1.32720339    
   3.08999991       1.33142889    
   3.09999990       1.33564925    
   3.10999990       1.33986759    
   3.11999989       1.34408367    
   3.12999988       1.34829426    
   3.13999987       1.35250330    
   3.14999986       1.35670877    
   3.15999985       1.36091197    
   3.16999984       1.36510992    
   3.17999983       1.36930573    
   3.18999982       1.37349999    
   3.19999981       1.37768853    
   3.21000004       1.38187683    
   3.22000003       1.38606179    
   3.23000002       1.39024413    
   3.24000001       1.39442420    
   3.25000000       1.39860034    
   3.25999999       1.40277481    
   3.26999998       1.40694666    
   3.27999997       1.41111755    
   3.28999996       1.41528308    
   3.29999995       1.41944754    
   3.30999994       1.42360985    
   3.31999993       1.42777061    
   3.32999992       1.43192852    
   3.33999991       1.43608379    
   3.34999990       1.44023705    
   3.35999990       1.44438851    
   3.36999989       1.44853759    
   3.37999988       1.45268548    
   3.38999987       1.45682991    
   3.39999986       1.46097314    
   3.40999985       1.46511507    
   3.41999984       1.46925282    
   3.42999983       1.47339046    
   3.43999982       1.47752547    
   3.44999981       1.48165870    
   3.46000004       1.48579168    
   3.47000003       1.48992240    
   3.48000002       1.49404979    
   3.49000001       1.49817574    
   3.50000000       1.50230038    
   3.50999999       1.50642395    
