   9.99999978E-03   4.09542496E-04
   1.99999996E-02   7.43962650E-04
   2.99999993E-02   1.04666117E-03
   3.99999991E-02   1.21352472E-03
   4.99999970E-02   1.58472161E-03
   5.99999987E-02   1.81866076E-03
   7.00000003E-02   1.89484132E-03
   7.99999982E-02   1.93151005E-03
   8.99999961E-02   1.98173826E-03
   9.99999940E-02   2.06037238E-03
  0.109999999       2.16672709E-03
  0.119999997       2.29089684E-03
  0.129999995       2.43116496E-03
  0.140000001       2.58091348E-03
  0.149999991       2.73600081E-03
  0.159999996       2.89449538E-03
  0.170000002       3.05167376E-03
  0.179999992       3.20827565E-03
  0.189999998       3.36309802E-03
  0.199999988       3.51481070E-03
  0.209999993       3.66506679E-03
  0.219999999       3.81422089E-03
  0.229999989       3.95782525E-03
  0.239999995       4.11301013E-03
  0.250000000       4.25747735E-03
  0.259999990       4.40333504E-03
  0.269999981       4.57695872E-03
  0.280000001       4.79956483E-03
  0.289999992       4.92249755E-03
  0.299999982       5.09668933E-03
  0.310000002       5.33088297E-03
  0.319999993       5.68503467E-03
  0.329999983       6.12950092E-03
  0.340000004       6.18502032E-03
  0.349999994       6.41991245E-03
  0.359999985       6.74813474E-03
  0.370000005       7.22113112E-03
  0.379999995       7.95320794E-03
  0.389999986       9.16479807E-03
  0.399999976       9.78036039E-03
  0.409999996       9.80510190E-03
  0.419999987       1.01360194E-02
  0.429999977       1.06188487E-02
  0.439999998       1.12611437E-02
  0.449999988       1.21120652E-02
  0.459999979       1.32680070E-02
  0.469999999       1.49119049E-02
  0.479999989       1.74032245E-02
  0.489999980       2.13378668E-02
  0.500000000       2.34345347E-02
  0.509999990       2.26855129E-02
  0.519999981       2.29056776E-02
  0.529999971       2.34355014E-02
  0.539999962       2.41757743E-02
  0.550000012       2.51031369E-02
  0.560000002       2.62226816E-02
  0.569999993       2.75578890E-02
  0.579999983       2.91494895E-02
  0.589999974       3.10585219E-02
  0.599999964       3.33776586E-02
  0.610000014       3.62460278E-02
  0.620000005       3.98830846E-02
  0.629999995       4.46493775E-02
  0.639999986       5.11717834E-02
  0.649999976       6.05439954E-02
  0.659999967       7.36447722E-02
  0.669999957       7.57058859E-02
  0.680000007       7.40155131E-02
  0.689999998       7.37032443E-02
  0.699999988       7.39732608E-02
  0.709999979       7.45969489E-02
  0.719999969       7.54751489E-02
  0.729999959       7.65562728E-02
  0.740000010       7.78124630E-02
  0.750000000       7.92302415E-02
  0.759999990       8.08024630E-02
  0.769999981       8.25273171E-02
  0.779999971       8.44078287E-02
  0.789999962       8.64500329E-02
  0.799999952       8.86637643E-02
  0.810000002       9.10579115E-02
  0.819999993       9.36596319E-02
  0.829999983       9.64762792E-02
  0.839999974       9.95380282E-02
  0.849999964      0.102874517    
  0.859999955      0.106521420    
  0.870000005      0.110523000    
  0.879999995      0.114934780    
  0.889999986      0.119825184    
  0.899999976      0.125281304    
  0.909999967      0.131413102    
  0.919999957      0.138367563    
  0.930000007      0.146333963    
  0.939999998      0.155571684    
  0.949999988      0.166437164    
  0.959999979      0.179428905    
  0.969999969      0.195243925    
  0.979999959      0.214779019    
  0.989999950      0.238554552    
   1.00000000      0.260493577    
   1.00999999      0.265449733    
   1.01999998      0.267789632    
   1.02999997      0.269600153    
   1.03999996      0.271271288    
   1.04999995      0.272926658    
   1.05999994      0.274613678    
   1.06999993      0.276351839    
   1.07999992      0.278148353    
   1.09000003      0.280004561    
   1.10000002      0.281920105    
   1.11000001      0.283893049    
   1.12000000      0.285921454    
   1.13000000      0.288003653    
   1.13999999      0.290137529    
   1.14999998      0.292321414    
   1.15999997      0.294553429    
   1.16999996      0.296832561    
   1.17999995      0.299157053    
   1.18999994      0.301526994    
   1.19999993      0.303940803    
   1.20999992      0.306398124    
   1.22000003      0.308895797    
   1.23000002      0.311440438    
   1.24000001      0.314027011    
   1.25000000      0.316655308    
   1.25999999      0.319325864    
   1.26999998      0.322038859    
   1.27999997      0.324794859    
   1.28999996      0.327594072    
   1.29999995      0.330436558    
   1.30999994      0.333323687    
   1.31999993      0.336255044    
   1.32999992      0.339231282    
   1.33999991      0.342254311    
   1.35000002      0.345323503    
   1.36000001      0.348440379    
   1.37000000      0.351605922    
   1.38000000      0.354820848    
   1.38999999      0.358085781    
   1.39999998      0.361402184    
   1.40999997      0.364773095    
   1.41999996      0.368197381    
   1.42999995      0.371676862    
   1.43999994      0.375213295    
   1.44999993      0.378815472    
   1.45999992      0.382463008    
   1.46999991      0.386179537    
   1.48000002      0.389959663    
   1.49000001      0.393804103    
   1.50000000      0.397716969    
   1.50999999      0.401698500    
   1.51999998      0.405751407    
   1.52999997      0.409877807    
   1.53999996      0.414074123    
   1.54999995      0.418361366    
   1.55999994      0.422723532    
   1.56999993      0.427169621    
   1.57999992      0.431702733    
   1.58999991      0.436325580    
   1.59999990      0.441041231    
   1.61000001      0.445853770    
   1.62000000      0.450765938    
   1.63000000      0.455782115    
   1.63999999      0.460905880    
   1.64999998      0.466141939    
   1.65999997      0.471494347    
   1.66999996      0.476967216    
   1.67999995      0.482566535    
   1.68999994      0.488297731    
   1.69999993      0.494164735    
   1.70999992      0.500174522    
   1.71999991      0.506332636    
   1.73000002      0.512647033    
   1.74000001      0.519122779    
   1.75000000      0.525768340    
   1.75999999      0.532590985    
   1.76999998      0.539598882    
   1.77999997      0.546801746    
   1.78999996      0.554208040    
   1.79999995      0.561827421    
   1.80999994      0.569670081    
   1.81999993      0.577746749    
   1.82999992      0.586070657    
   1.83999991      0.594651759    
   1.84999990      0.603504241    
   1.86000001      0.612640262    
   1.87000000      0.622074664    
   1.88000000      0.631820798    
   1.88999999      0.641892850    
   1.89999998      0.652306318    
   1.90999997      0.663074613    
   1.91999996      0.674211144    
   1.92999995      0.685727656    
   1.93999994      0.697632790    
   1.94999993      0.709932625    
   1.95999992      0.722623289    
   1.96999991      0.735697448    
   1.97999990      0.749125659    
   1.99000001      0.762861907    
   2.00000000      0.776825368    
   2.00999999      0.790633321    
   2.01999998      0.803656638    
   2.02999997      0.815857768    
   2.03999996      0.827314973    
   2.04999995      0.838113427    
   2.05999994      0.848335803    
   2.06999993      0.858051836    
   2.07999992      0.867321849    
   2.08999991      0.876197517    
   2.09999990      0.884723961    
   2.10999990      0.892938554    
   2.11999989      0.900874197    
   2.12999988      0.908558369    
   2.13999987      0.916016817    
   2.14999986      0.923270226    
   2.15999985      0.930338144    
   2.16999984      0.937237740    
   2.18000007      0.943982303    
   2.19000006      0.950584829    
   2.20000005      0.957058191    
   2.21000004      0.963410854    
   2.22000003      0.969653428    
   2.23000002      0.975794017    
   2.24000001      0.981839359    
   2.25000000      0.987797499    
   2.25999999      0.993673682    
   2.26999998      0.999473691    
   2.27999997       1.00520253    
   2.28999996       1.01086414    
   2.29999995       1.01646566    
   2.30999994       1.02200735    
   2.31999993       1.02749443    
   2.32999992       1.03292942    
   2.33999991       1.03831697    
   2.34999990       1.04365742    
   2.35999990       1.04895508    
   2.36999989       1.05421221    
   2.37999988       1.05942929    
   2.38999987       1.06461143    
   2.39999986       1.06975889    
   2.40999985       1.07487142    
   2.41999984       1.07995498    
   2.42999983       1.08500659    
   2.44000006       1.09003079    
   2.45000005       1.09502888    
   2.46000004       1.10000014    
   2.47000003       1.10494733    
   2.48000002       1.10987020    
   2.49000001       1.11477113    
   2.50000000       1.11965048    
   2.50999999       1.12450898    
   2.51999998       1.12934899    
   2.52999997       1.13416910    
   2.53999996       1.13897085    
   2.54999995       1.14375603    
   2.55999994       1.14852381    
   2.56999993       1.15327549    
   2.57999992       1.15801275    
   2.58999991       1.16273499    
   2.59999990       1.16744208    
   2.60999990       1.17213678    
   2.61999989       1.17681730    
   2.62999988       1.18148625    
   2.63999987       1.18614054    
   2.64999986       1.19078565    
   2.65999985       1.19541681    
   2.66999984       1.20003760    
   2.67999983       1.20464933    
   2.69000006       1.20924842    
   2.70000005       1.21383822    
   2.71000004       1.21841872    
   2.72000003       1.22298968    
   2.73000002       1.22755194    
   2.74000001       1.23210526    
   2.75000000       1.23664796    
   2.75999999       1.24118567    
   2.76999998       1.24571419    
   2.77999997       1.25023425    
   2.78999996       1.25474656    
   2.79999995       1.25925243    
   2.80999994       1.26375008    
   2.81999993       1.26824164    
   2.82999992       1.27272725    
   2.83999991       1.27720499    
   2.84999990       1.28167629    
   2.85999990       1.28614175    
   2.86999989       1.29060078    
   2.87999988       1.29505432    
   2.88999987       1.29950190    
   2.89999986       1.30394471    
   2.90999985       1.30838132    
   2.91999984       1.31281257    
   2.92999983       1.31723762    
   2.93999982       1.32165980    
   2.95000005       1.32607698    
   2.96000004       1.33048844    
   2.97000003       1.33489466    
   2.98000002       1.33929646    
   2.99000001       1.34369457    
   3.00000000       1.34808779    
   3.00999999       1.35247767    
   3.01999998       1.35686183    
   3.02999997       1.36124313    
   3.03999996       1.36562014    
   3.04999995       1.36999309    
   3.05999994       1.37436187    
   3.06999993       1.37872720    
   3.07999992       1.38308966    
   3.08999991       1.38744640    
   3.09999990       1.39180088    
   3.10999990       1.39615321    
   3.11999989       1.40050149    
   3.12999988       1.40484548    
   3.13999987       1.40918791    
   3.14999986       1.41352594    
   3.15999985       1.41785979    
   3.16999984       1.42219269    
   3.17999983       1.42652190    
   3.18999982       1.43084848    
   3.19999981       1.43517244    
   3.21000004       1.43949258    
   3.22000003       1.44380987    
   3.23000002       1.44812524    
   3.24000001       1.45243740    
   3.25000000       1.45674837    
   3.25999999       1.46105552    
   3.26999998       1.46535945    
   3.27999997       1.46966302    
   3.28999996       1.47396207    
   3.29999995       1.47825909    
   3.30999994       1.48255360    
   3.31999993       1.48684788    
   3.32999992       1.49113750    
   3.33999991       1.49542654    
   3.34999990       1.49971163    
   3.35999990       1.50399494    
   3.36999989       1.50827777    
   3.37999988       1.51255691    
   3.38999987       1.51683450    
   3.39999986       1.52111113    
   3.40999985       1.52538490    
   3.41999984       1.52965593    
   3.42999983       1.53392601    
   3.43999982       1.53819537    
   3.44999981       1.54246092    
   3.46000004       1.54672563    
   3.47000003       1.55098689    
   3.48000002       1.55524862    
   3.49000001       1.55950630    
   3.50000000       1.56376410    
   3.50999999       1.56801963    
