   9.99999978E-03   4.07116604E-04
   1.99999996E-02   7.37294962E-04
   2.99999993E-02   1.03817065E-03
   3.99999991E-02   1.21011282E-03
   4.99999970E-02   1.58161810E-03
   5.99999987E-02   1.80622190E-03
   7.00000003E-02   1.87824841E-03
   7.99999982E-02   1.91553484E-03
   8.99999961E-02   1.96803967E-03
   9.99999940E-02   2.04919768E-03
  0.109999999       2.15767347E-03
  0.119999997       2.28363136E-03
  0.129999995       2.42497097E-03
  0.140000001       2.57543847E-03
  0.149999991       2.73093185E-03
  0.159999996       2.88949697E-03
  0.170000002       3.04653379E-03
  0.179999992       3.20279528E-03
  0.189999998       3.35703441E-03
  0.199999988       3.50804999E-03
  0.209999993       3.65727465E-03
  0.219999999       3.80522362E-03
  0.229999989       3.94744659E-03
  0.239999995       4.10015555E-03
  0.250000000       4.24284255E-03
  0.259999990       4.38609859E-03
  0.269999981       4.55491617E-03
  0.280000001       4.77058813E-03
  0.289999992       4.89220815E-03
  0.299999982       5.06072072E-03
  0.310000002       5.28573943E-03
  0.319999993       5.62396552E-03
  0.329999983       6.05472550E-03
  0.340000004       6.10996364E-03
  0.349999994       6.33549923E-03
  0.359999985       6.64978195E-03
  0.370000005       7.10058957E-03
  0.379999995       7.79851107E-03
  0.389999986       8.96094553E-03
  0.399999976       9.57056507E-03
  0.409999996       9.59272683E-03
  0.419999987       9.91013739E-03
  0.429999977       1.03730159E-02
  0.439999998       1.09889107E-02
  0.449999988       1.18033746E-02
  0.459999979       1.28948297E-02
  0.469999999       1.44872731E-02
  0.479999989       1.68834366E-02
  0.489999980       2.06978172E-02
  0.500000000       2.27900725E-02
  0.509999990       2.20540818E-02
  0.519999981       2.22648680E-02
  0.529999971       2.27758829E-02
  0.539999962       2.34905388E-02
  0.550000012       2.43858285E-02
  0.560000002       2.54668593E-02
  0.569999993       2.66001690E-02
  0.579999983       2.82936916E-02
  0.589999974       3.01382281E-02
  0.599999964       3.23799215E-02
  0.610000014       3.51543203E-02
  0.620000005       3.86754386E-02
  0.629999995       4.32964116E-02
  0.639999986       4.96351123E-02
  0.649999976       5.87838776E-02
  0.659999967       7.17035532E-02
  0.669999957       7.38203675E-02
  0.680000007       7.21460804E-02
  0.689999998       7.18328655E-02
  0.699999988       7.20915198E-02
  0.709999979       7.26970509E-02
  0.719999969       7.35517144E-02
  0.729999959       7.46047497E-02
  0.740000010       7.58287311E-02
  0.750000000       7.72105828E-02
  0.759999990       7.87433535E-02
  0.769999981       8.04250911E-02
  0.779999971       8.22587460E-02
  0.789999962       8.42503235E-02
  0.799999952       8.64094943E-02
  0.810000002       8.87448564E-02
  0.819999993       9.12833214E-02
  0.829999983       9.40318555E-02
  0.839999974       9.70200151E-02
  0.849999964      0.100277103    
  0.859999955      0.103837945    
  0.870000005      0.107746571    
  0.879999995      0.112057209    
  0.889999986      0.116837345    
  0.899999976      0.122172840    
  0.909999967      0.128172383    
  0.919999957      0.134981558    
  0.930000007      0.142787486    
  0.939999998      0.151848942    
  0.949999988      0.162520751    
  0.959999979      0.175303146    
  0.969999969      0.190895602    
  0.979999959      0.210235134    
  0.989999950      0.233896852    
   1.00000000      0.255894721    
   1.00999999      0.260785997    
   1.01999998      0.263066560    
   1.02999997      0.264828295    
   1.03999996      0.266455799    
   1.04999995      0.268070698    
   1.05999994      0.269719839    
   1.06999993      0.271420836    
   1.07999992      0.273180962    
   1.09000003      0.275000721    
   1.10000002      0.276879847    
   1.11000001      0.278816551    
   1.12000000      0.280808389    
   1.13000000      0.282853693    
   1.13999999      0.284950256    
   1.14999998      0.287096411    
   1.15999997      0.289290428    
   1.16999996      0.291530997    
   1.17999995      0.293816745    
   1.18999994      0.296142071    
   1.19999993      0.298521221    
   1.20999992      0.300938308    
   1.22000003      0.303397626    
   1.23000002      0.305898786    
   1.24000001      0.308443576    
   1.25000000      0.311029494    
   1.25999999      0.313656896    
   1.26999998      0.316327125    
   1.27999997      0.319039136    
   1.28999996      0.321794420    
   1.29999995      0.324592084    
   1.30999994      0.327433586    
   1.31999993      0.330319256    
   1.32999992      0.333249390    
   1.33999991      0.336224973    
   1.35000002      0.339247167    
   1.36000001      0.342316091    
   1.37000000      0.345432788    
   1.38000000      0.348598838    
   1.38999999      0.351813853    
   1.39999998      0.355079979    
   1.40999997      0.358399987    
   1.41999996      0.361772716    
   1.42999995      0.365200132    
   1.43999994      0.368683428    
   1.44999993      0.372225016    
   1.45999992      0.375826299    
   1.46999991      0.379488021    
   1.48000002      0.383212656    
   1.49000001      0.387001723    
   1.50000000      0.390857846    
   1.50999999      0.394781858    
   1.51999998      0.398777217    
   1.52999997      0.402844608    
   1.53999996      0.406987667    
   1.54999995      0.411209404    
   1.55999994      0.415510923    
   1.56999993      0.419895500    
   1.57999992      0.424366176    
   1.58999991      0.428925663    
   1.59999990      0.433578342    
   1.61000001      0.438325942    
   1.62000000      0.443173230    
   1.63000000      0.448123485    
   1.63999999      0.453180462    
   1.64999998      0.458349258    
   1.65999997      0.463633090    
   1.66999996      0.469037533    
   1.67999995      0.474567294    
   1.68999994      0.480227619    
   1.69999993      0.486023515    
   1.70999992      0.491961420    
   1.71999991      0.498047590    
   1.73000002      0.504288316    
   1.74000001      0.510690689    
   1.75000000      0.517261863    
   1.75999999      0.524009943    
   1.76999998      0.530942380    
   1.77999997      0.538069963    
   1.78999996      0.545400143    
   1.79999995      0.552943528    
   1.80999994      0.560710251    
   1.81999993      0.568711996    
   1.82999992      0.576959670    
   1.83999991      0.585465372    
   1.84999990      0.594242513    
   1.86000001      0.603305876    
   1.87000000      0.612667263    
   1.88000000      0.622342825    
   1.88999999      0.632346451    
   1.89999998      0.642694354    
   1.90999997      0.653399169    
   1.91999996      0.664476514    
   1.92999995      0.675938666    
   1.93999994      0.687794805    
   1.94999993      0.700050592    
   1.95999992      0.712705851    
   1.96999991      0.725751400    
   1.97999990      0.739161253    
   1.99000001      0.752888203    
   2.00000000      0.766852617    
   2.00999999      0.780671358    
   2.01999998      0.793704152    
   2.02999997      0.805910885    
   2.03999996      0.817366540    
   2.04999995      0.828160584    
   2.05999994      0.838373959    
   2.06999993      0.848077059    
   2.07999992      0.857332349    
   2.08999991      0.866191089    
   2.09999990      0.874697924    
   2.10999990      0.882890761    
   2.11999989      0.890804708    
   2.12999988      0.898464441    
   2.13999987      0.905898392    
   2.14999986      0.913127005    
   2.15999985      0.920168996    
   2.16999984      0.927041113    
   2.18000007      0.933757782    
   2.19000006      0.940332294    
   2.20000005      0.946777523    
   2.21000004      0.953101635    
   2.22000003      0.959314764    
   2.23000002      0.965426326    
   2.24000001      0.971442580    
   2.25000000      0.977370024    
   2.25999999      0.983217239    
   2.26999998      0.988986731    
   2.27999997      0.994685531    
   2.28999996       1.00031614    
   2.29999995       1.00588727    
   2.30999994       1.01139891    
   2.31999993       1.01685488    
   2.32999992       1.02225971    
   2.33999991       1.02761614    
   2.34999990       1.03292692    
   2.35999990       1.03819215    
   2.36999989       1.04341912    
   2.37999988       1.04860556    
   2.38999987       1.05375707    
   2.39999986       1.05887270    
   2.40999985       1.06395578    
   2.41999984       1.06900680    
   2.42999983       1.07402802    
   2.44000006       1.07902145    
   2.45000005       1.08398890    
   2.46000004       1.08892882    
   2.47000003       1.09384346    
   2.48000002       1.09873688    
   2.49000001       1.10360610    
   2.50000000       1.10845530    
   2.50999999       1.11328280    
   2.51999998       1.11809051    
   2.52999997       1.12288058    
   2.53999996       1.12765098    
   2.54999995       1.13240647    
   2.55999994       1.13714302    
   2.56999993       1.14186490    
   2.57999992       1.14657080    
   2.58999991       1.15126145    
   2.59999990       1.15593755    
   2.60999990       1.16060150    
   2.61999989       1.16525102    
   2.62999988       1.16988790    
   2.63999987       1.17451179    
   2.64999986       1.17912579    
   2.65999985       1.18372607    
   2.66999984       1.18831623    
   2.67999983       1.19289529    
   2.69000006       1.19746459    
   2.70000005       1.20202327    
   2.71000004       1.20657337    
   2.72000003       1.21111381    
   2.73000002       1.21564484    
   2.74000001       1.22016764    
   2.75000000       1.22467971    
   2.75999999       1.22918522    
   2.76999998       1.23368227    
   2.77999997       1.23817289    
   2.78999996       1.24265492    
   2.79999995       1.24712896    
   2.80999994       1.25159597    
   2.81999993       1.25605643    
   2.82999992       1.26051033    
   2.83999991       1.26495838    
   2.84999990       1.26939785    
   2.85999990       1.27383268    
   2.86999989       1.27826154    
   2.87999988       1.28268421    
   2.88999987       1.28710163    
   2.89999986       1.29151189    
   2.90999985       1.29591954    
   2.91999984       1.30031979    
   2.92999983       1.30471921    
   2.93999982       1.30910528    
   2.95000005       1.31349063    
   2.96000004       1.31787145    
   2.97000003       1.32224810    
   2.98000002       1.32661808    
   2.99000001       1.33098578    
   3.00000000       1.33534873    
   3.00999999       1.33970916    
   3.01999998       1.34406114    
   3.02999997       1.34841120    
   3.03999996       1.35275686    
   3.04999995       1.35710013    
   3.05999994       1.36143899    
   3.06999993       1.36577463    
   3.07999992       1.37010539    
   3.08999991       1.37443292    
   3.09999990       1.37875473    
   3.10999990       1.38307667    
   3.11999989       1.38739395    
   3.12999988       1.39170873    
   3.13999987       1.39601934    
   3.14999986       1.40032589    
   3.15999985       1.40463006    
   3.16999984       1.40893292    
   3.17999983       1.41323197    
   3.18999982       1.41752565    
   3.19999981       1.42181969    
   3.21000004       1.42610967    
   3.22000003       1.43039680    
   3.23000002       1.43468046    
   3.24000001       1.43896258    
   3.25000000       1.44324231    
   3.25999999       1.44751859    
   3.26999998       1.45179427    
   3.27999997       1.45606613    
   3.28999996       1.46033442    
   3.29999995       1.46460104    
   3.30999994       1.46886504    
   3.31999993       1.47312784    
   3.32999992       1.47738612    
   3.33999991       1.48164439    
   3.34999990       1.48590064    
   3.35999990       1.49015474    
   3.36999989       1.49440467    
   3.37999988       1.49865413    
   3.38999987       1.50290120    
   3.39999986       1.50714695    
   3.40999985       1.51138937    
   3.41999984       1.51563144    
   3.42999983       1.51987135    
   3.43999982       1.52410769    
   3.44999981       1.52834356    
   3.46000004       1.53257751    
   3.47000003       1.53680909    
   3.48000002       1.54103768    
   3.49000001       1.54526699    
   3.50000000       1.54949415    
   3.50999999       1.55371821    
