   9.99999978E-03   4.38642164E-04
   1.99999996E-02   7.91508064E-04
   2.99999993E-02   1.10652763E-03
   3.99999991E-02   1.24697981E-03
   4.99999970E-02   1.59661821E-03
   5.99999987E-02   1.91159686E-03
   7.00000003E-02   2.03591655E-03
   7.99999982E-02   2.07526516E-03
   8.99999961E-02   2.10919674E-03
   9.99999940E-02   2.16618320E-03
  0.109999999       2.25103111E-03
  0.119999997       2.36037839E-03
  0.129999995       2.48852605E-03
  0.140000001       2.62999488E-03
  0.149999991       2.78020324E-03
  0.159999996       2.93583935E-03
  0.170000002       3.09401564E-03
  0.179999992       3.25291278E-03
  0.189999998       3.41264135E-03
  0.199999988       3.57023510E-03
  0.209999993       3.73098021E-03
  0.219999999       3.89141683E-03
  0.229999989       4.04991396E-03
  0.239999995       4.23338357E-03
  0.250000000       4.39481670E-03
  0.259999990       4.56869649E-03
  0.269999981       4.79887147E-03
  0.280000001       5.09469025E-03
  0.289999992       5.23239886E-03
  0.299999982       5.46792196E-03
  0.310000002       5.80751989E-03
  0.319999993       6.33770227E-03
  0.329999983       6.90725213E-03
  0.340000004       6.97607547E-03
  0.349999994       7.30802538E-03
  0.359999985       7.79412221E-03
  0.370000005       8.50411505E-03
  0.379999995       9.59990080E-03
  0.389999986       1.13031529E-02
  0.399999976       1.19501408E-02
  0.409999996       1.20083680E-02
  0.419999987       1.24822389E-02
  0.429999977       1.31747220E-02
  0.439999998       1.40987113E-02
  0.449999988       1.53250108E-02
  0.459999979       1.69796478E-02
  0.469999999       1.93090774E-02
  0.479999989       2.27446612E-02
  0.489999980       2.77967528E-02
  0.500000000       2.98671424E-02
  0.509999990       2.90102493E-02
  0.519999981       2.93293763E-02
  0.529999971       3.00493743E-02
  0.539999962       3.10471002E-02
  0.550000012       3.22935879E-02
  0.560000002       3.37961018E-02
  0.569999993       3.55854556E-02
  0.579999983       3.77131887E-02
  0.589999974       4.02580425E-02
  0.599999964       4.33367938E-02
  0.610000014       4.71218377E-02
  0.620000005       5.18791974E-02
  0.629999995       5.80314733E-02
  0.639999986       6.62689134E-02
  0.649999976       7.76425451E-02
  0.659999967       9.21927169E-02
  0.669999957       9.37477052E-02
  0.680000007       9.19391289E-02
  0.689999998       9.16530564E-02
  0.699999988       9.20383185E-02
  0.709999979       9.28399190E-02
  0.719999969       9.39451978E-02
  0.729999959       9.52946246E-02
  0.740000010       9.68574509E-02
  0.750000000       9.86156613E-02
  0.759999990      0.100562766    
  0.769999981      0.102695696    
  0.779999971      0.105018109    
  0.789999962      0.107537292    
  0.799999952      0.110264674    
  0.810000002      0.113214187    
  0.819999993      0.116406985    
  0.829999983      0.119862333    
  0.839999974      0.123611212    
  0.849999964      0.127688184    
  0.859999955      0.132133782    
  0.870000005      0.136999428    
  0.879999995      0.142347008    
  0.889999986      0.148253500    
  0.899999976      0.154815227    
  0.909999967      0.162154153    
  0.919999957      0.170425698    
  0.930000007      0.179832697    
  0.939999998      0.190641880    
  0.949999988      0.203208387    
  0.959999979      0.218006060    
  0.969999969      0.235646456    
  0.979999959      0.256788850    
  0.989999950      0.281362832    
   1.00000000      0.302742332    
   1.00999999      0.308254838    
   1.01999998      0.311123818    
   1.02999997      0.313384056    
   1.03999996      0.315455049    
   1.04999995      0.317481607    
   1.05999994      0.319522172    
   1.06999993      0.321603298    
   1.07999992      0.323736459    
   1.09000003      0.325927168    
   1.10000002      0.328176051    
   1.11000001      0.330482930    
   1.12000000      0.332847297    
   1.13000000      0.335267127    
   1.13999999      0.337741077    
   1.14999998      0.340267450    
   1.15999997      0.342846692    
   1.16999996      0.345476031    
   1.17999995      0.348153949    
   1.18999994      0.350881964    
   1.19999993      0.353657097    
   1.20999992      0.356483698    
   1.22000003      0.359350175    
   1.23000002      0.362265825    
   1.24000001      0.365230203    
   1.25000000      0.368240178    
   1.25999999      0.371296972    
   1.26999998      0.374401003    
   1.27999997      0.377552092    
   1.28999996      0.380750775    
   1.29999995      0.383997291    
   1.30999994      0.387292325    
   1.31999993      0.390636563    
   1.32999992      0.394030392    
   1.33999991      0.397475004    
   1.35000002      0.400971442    
   1.36000001      0.404519707    
   1.37000000      0.408121020    
   1.38000000      0.411777258    
   1.38999999      0.415488303    
   1.39999998      0.419256300    
   1.40999997      0.423081785    
   1.41999996      0.426967114    
   1.42999995      0.430912763    
   1.43999994      0.434919745    
   1.44999993      0.438991398    
   1.45999992      0.443128407    
   1.46999991      0.447331786    
   1.48000002      0.451604009    
   1.49000001      0.455947340    
   1.50000000      0.460368246    
   1.50999999      0.464853913    
   1.51999998      0.469421536    
   1.52999997      0.474068671    
   1.53999996      0.478797197    
   1.54999995      0.483610421    
   1.55999994      0.488510668    
   1.56999993      0.493500769    
   1.57999992      0.498583287    
   1.58999991      0.503761649    
   1.59999990      0.509038627    
   1.61000001      0.514418900    
   1.62000000      0.519904494    
   1.63000000      0.525500059    
   1.63999999      0.531209707    
   1.64999998      0.537036538    
   1.65999997      0.542986393    
   1.66999996      0.549061894    
   1.67999995      0.555269003    
   1.68999994      0.561612725    
   1.69999993      0.568099201    
   1.70999992      0.574732602    
   1.71999991      0.581519663    
   1.73000002      0.588465452    
   1.74000001      0.595578551    
   1.75000000      0.602863848    
   1.75999999      0.610330939    
   1.76999998      0.617983580    
   1.77999997      0.625832856    
   1.78999996      0.633886874    
   1.79999995      0.642152905    
   1.80999994      0.650641620    
   1.81999993      0.659361660    
   1.82999992      0.668324053    
   1.83999991      0.677537322    
   1.84999990      0.687013566    
   1.86000001      0.696763694    
   1.87000000      0.706797838    
   1.88000000      0.717127860    
   1.88999999      0.727763593    
   1.89999998      0.738716543    
   1.90999997      0.749995589    
   1.91999996      0.761608303    
   1.92999995      0.773561239    
   1.93999994      0.785856903    
   1.94999993      0.798492610    
   1.95999992      0.811459482    
   1.96999991      0.824738979    
   1.97999990      0.838298559    
   1.99000001      0.852085412    
   2.00000000      0.866019547    
   2.00999999      0.879723847    
   2.01999998      0.892655134    
   2.02999997      0.904804885    
   2.03999996      0.916255295    
   2.04999995      0.927085936    
   2.05999994      0.937372386    
   2.06999993      0.947180450    
   2.07999992      0.956567585    
   2.08999991      0.965580583    
   2.09999990      0.974261522    
   2.10999990      0.982644975    
   2.11999989      0.990762234    
   2.12999988      0.998639822    
   2.13999987       1.00630033    
   2.14999986       1.01376390    
   2.15999985       1.02104795    
   2.16999984       1.02816975    
   2.18000007       1.03514147    
   2.19000006       1.04197621    
   2.20000005       1.04868531    
   2.21000004       1.05527854    
   2.22000003       1.06176305    
   2.23000002       1.06814873    
   2.24000001       1.07444227    
   2.25000000       1.08064926    
   2.25999999       1.08677721    
   2.26999998       1.09282947    
   2.27999997       1.09881341    
   2.28999996       1.10473073    
   2.29999995       1.11058831    
   2.30999994       1.11638772    
   2.31999993       1.12213421    
   2.32999992       1.12782872    
   2.33999991       1.13347590    
   2.34999990       1.13907635    
   2.35999990       1.14463603    
   2.36999989       1.15015340    
   2.37999988       1.15563619    
   2.38999987       1.16107953    
   2.39999986       1.16648901    
   2.40999985       1.17186606    
   2.41999984       1.17721176    
   2.42999983       1.18252826    
   2.44000006       1.18781698    
   2.45000005       1.19307780    
   2.46000004       1.19831300    
   2.47000003       1.20352507    
   2.48000002       1.20871413    
   2.49000001       1.21387982    
   2.50000000       1.21902263    
   2.50999999       1.22414649    
   2.51999998       1.22925162    
   2.52999997       1.23433781    
   2.53999996       1.23940444    
   2.54999995       1.24445522    
   2.55999994       1.24948847    
   2.56999993       1.25450528    
   2.57999992       1.25950801    
   2.58999991       1.26449454    
   2.59999990       1.26946712    
   2.60999990       1.27442777    
   2.61999989       1.27937376    
   2.62999988       1.28430665    
   2.63999987       1.28922760    
   2.64999986       1.29413760    
   2.65999985       1.29903567    
   2.66999984       1.30392218    
   2.67999983       1.30879736    
   2.69000006       1.31366193    
   2.70000005       1.31851947    
   2.71000004       1.32336354    
   2.72000003       1.32820010    
   2.73000002       1.33302772    
   2.74000001       1.33784568    
   2.75000000       1.34265590    
   2.75999999       1.34745693    
   2.76999998       1.35225046    
   2.77999997       1.35703599    
   2.78999996       1.36181378    
   2.79999995       1.36658466    
   2.80999994       1.37134778    
   2.81999993       1.37610459    
   2.82999992       1.38085556    
   2.83999991       1.38559830    
   2.84999990       1.39033449    
   2.85999990       1.39506519    
   2.86999989       1.39979029    
   2.87999988       1.40450764    
   2.88999987       1.40922117    
   2.89999986       1.41392791    
   2.90999985       1.41863048    
   2.91999984       1.42332578    
   2.92999983       1.42801690    
   2.93999982       1.43270361    
   2.95000005       1.43738425    
   2.96000004       1.44205976    
   2.97000003       1.44673204    
   2.98000002       1.45140052    
   2.99000001       1.45606303    
   3.00000000       1.46071982    
   3.00999999       1.46537435    
   3.01999998       1.47002423    
   3.02999997       1.47466946    
   3.03999996       1.47931182    
   3.04999995       1.48395050    
   3.05999994       1.48858321    
   3.06999993       1.49321187    
   3.07999992       1.49783945    
   3.08999991       1.50246191    
   3.09999990       1.50708020    
   3.10999990       1.51169705    
   3.11999989       1.51630938    
   3.12999988       1.52091801    
   3.13999987       1.52552438    
   3.14999986       1.53012717    
   3.15999985       1.53472686    
   3.16999984       1.53932440    
   3.17999983       1.54391730    
   3.18999982       1.54850721    
   3.19999981       1.55309474    
   3.21000004       1.55768025    
   3.22000003       1.56226265    
   3.23000002       1.56684244    
   3.24000001       1.57141852    
   3.25000000       1.57599342    
   3.25999999       1.58056450    
   3.26999998       1.58513427    
   3.27999997       1.58969939    
   3.28999996       1.59426332    
   3.29999995       1.59882510    
   3.30999994       1.60338461    
   3.31999993       1.60794151    
   3.32999992       1.61249733    
   3.33999991       1.61704898    
   3.34999990       1.62159956    
   3.35999990       1.62614787    
   3.36999989       1.63069320    
   3.37999988       1.63523626    
   3.38999987       1.63977897    
   3.39999986       1.64431918    
   3.40999985       1.64885652    
   3.41999984       1.65339172    
   3.42999983       1.65792525    
   3.43999982       1.66245723    
   3.44999981       1.66698754    
   3.46000004       1.67151630    
   3.47000003       1.67604184    
   3.48000002       1.68056703    
   3.49000001       1.68509018    
   3.50000000       1.68961012    
   3.50999999       1.69412959    
