   9.99999978E-03   4.33684385E-04
   1.99999996E-02   7.84496777E-04
   2.99999993E-02   1.09733851E-03
   3.99999991E-02   1.23776251E-03
   4.99999970E-02   1.59622764E-03
   5.99999987E-02   1.89625577E-03
   7.00000003E-02   2.00935174E-03
   7.99999982E-02   2.04678439E-03
   8.99999961E-02   2.08352786E-03
   9.99999940E-02   2.14475580E-03
  0.109999999       2.23347056E-03
  0.119999997       2.34618410E-03
  0.129999995       2.47692736E-03
  0.140000001       2.62023066E-03
  0.149999991       2.77160387E-03
  0.159999996       2.92782672E-03
  0.170000002       3.08609940E-03
  0.179999992       3.24466429E-03
  0.189999998       3.40340124E-03
  0.199999988       3.55989859E-03
  0.209999993       3.71831306E-03
  0.219999999       3.87636782E-03
  0.229999989       4.03156504E-03
  0.239999995       4.20856243E-03
  0.250000000       4.36663814E-03
  0.259999990       4.53496119E-03
  0.269999981       4.75092325E-03
  0.280000001       5.03075309E-03
  0.289999992       5.16516622E-03
  0.299999982       5.38650062E-03
  0.310000002       5.70200570E-03
  0.319999993       6.19331328E-03
  0.329999983       6.73657563E-03
  0.340000004       6.80062501E-03
  0.349999994       7.11179012E-03
  0.359999985       7.56240590E-03
  0.370000005       8.21938645E-03
  0.379999995       9.23550222E-03
  0.389999986       1.08350916E-02
  0.399999976       1.14783524E-02
  0.409999996       1.15291933E-02
  0.419999987       1.19714690E-02
  0.429999977       1.26180584E-02
  0.439999998       1.34805916E-02
  0.449999988       1.46256043E-02
  0.459999979       1.61721203E-02
  0.469999999       1.83545742E-02
  0.479999989       2.15914957E-02
  0.489999980       2.64194254E-02
  0.500000000       2.85037849E-02
  0.509999990       2.76667681E-02
  0.519999981       2.79640723E-02
  0.529999971       2.86435150E-02
  0.539999962       2.95866299E-02
  0.550000012       3.07655521E-02
  0.560000002       3.21871340E-02
  0.569999993       3.38805094E-02
  0.579999983       3.58956456E-02
  0.589999974       3.83069925E-02
  0.599999964       4.12268043E-02
  0.610000014       4.48209010E-02
  0.620000005       4.93462533E-02
  0.629999995       5.52142896E-02
  0.639999986       6.31053820E-02
  0.649999976       7.40866140E-02
  0.659999967       8.83761346E-02
  0.669999957       9.00307000E-02
  0.680000007       8.82420093E-02
  0.689999998       8.79481435E-02
  0.699999988       8.83083865E-02
  0.709999979       8.90728384E-02
  0.719999969       9.01310593E-02
  0.729999959       9.14251506E-02
  0.740000010       9.29251760E-02
  0.750000000       9.46136117E-02
  0.759999990       9.64840278E-02
  0.769999981       9.85335186E-02
  0.779999971      0.100765951    
  0.789999962      0.103187732    
  0.799999952      0.105810545    
  0.810000002      0.108647779    
  0.819999993      0.111719832    
  0.829999983      0.115045570    
  0.839999974      0.118655384    
  0.849999964      0.122582577    
  0.859999955      0.126866788    
  0.870000005      0.131558239    
  0.879999995      0.136717886    
  0.889999986      0.142420679    
  0.899999976      0.148761585    
  0.909999967      0.155860171    
  0.919999957      0.163870856    
  0.930000007      0.172993928    
  0.939999998      0.183494523    
  0.949999988      0.195732594    
  0.959999979      0.210185200    
  0.969999969      0.227483854    
  0.979999959      0.248336583    
  0.989999950      0.272783071    
   1.00000000      0.294275671    
   1.00999999      0.299682379    
   1.01999998      0.302447140    
   1.02999997      0.304617852    
   1.03999996      0.306608647    
   1.04999995      0.308560550    
   1.05999994      0.310530156    
   1.06999993      0.312542349    
   1.07999992      0.314608276    
   1.09000003      0.316731811    
   1.10000002      0.318913341    
   1.11000001      0.321153790    
   1.12000000      0.323450655    
   1.13000000      0.325803071    
   1.13999999      0.328209311    
   1.14999998      0.330667824    
   1.15999997      0.333177805    
   1.16999996      0.335737437    
   1.17999995      0.338345081    
   1.18999994      0.341001660    
   1.19999993      0.343705446    
   1.20999992      0.346455216    
   1.22000003      0.349251956    
   1.23000002      0.352093607    
   1.24000001      0.354983181    
   1.25000000      0.357917458    
   1.25999999      0.360897571    
   1.26999998      0.363924444    
   1.27999997      0.366997391    
   1.28999996      0.370116681    
   1.29999995      0.373283178    
   1.30999994      0.376497775    
   1.31999993      0.379760236    
   1.32999992      0.383072257    
   1.33999991      0.386433423    
   1.35000002      0.389845401    
   1.36000001      0.393308610    
   1.37000000      0.396823943    
   1.38000000      0.400393248    
   1.38999999      0.404016227    
   1.39999998      0.407695740    
   1.40999997      0.411431640    
   1.41999996      0.415226221    
   1.42999995      0.419080347    
   1.43999994      0.422994167    
   1.44999993      0.426972538    
   1.45999992      0.431015134    
   1.46999991      0.435123056    
   1.48000002      0.439298749    
   1.49000001      0.443544149    
   1.50000000      0.447861075    
   1.50999999      0.452252507    
   1.51999998      0.456719518    
   1.52999997      0.461264879    
   1.53999996      0.465890229    
   1.54999995      0.470600039    
   1.55999994      0.475395173    
   1.56999993      0.480278760    
   1.57999992      0.485254675    
   1.58999991      0.490324616    
   1.59999990      0.495492965    
   1.61000001      0.500762284    
   1.62000000      0.506136775    
   1.63000000      0.511619925    
   1.63999999      0.517215669    
   1.64999998      0.522927880    
   1.65999997      0.528761744    
   1.66999996      0.534721017    
   1.67999995      0.540810943    
   1.68999994      0.547037125    
   1.69999993      0.553403378    
   1.70999992      0.559916615    
   1.71999991      0.566583216    
   1.73000002      0.573407888    
   1.74000001      0.580398738    
   1.75000000      0.587561727    
   1.75999999      0.594905674    
   1.76999998      0.602435172    
   1.77999997      0.610161960    
   1.78999996      0.618092239    
   1.79999995      0.626235723    
   1.80999994      0.634601891    
   1.81999993      0.643200576    
   1.82999992      0.652042270    
   1.83999991      0.661137223    
   1.84999990      0.670496941    
   1.86000001      0.680132210    
   1.87000000      0.690054297    
   1.88000000      0.700275898    
   1.88999999      0.710808337    
   1.89999998      0.721662402    
   1.90999997      0.732847929    
   1.91999996      0.744373739    
   1.92999995      0.756247580    
   1.93999994      0.768474817    
   1.94999993      0.781050026    
   1.95999992      0.793969214    
   1.96999991      0.807214200    
   1.97999990      0.820752740    
   1.99000001      0.834533513    
   2.00000000      0.848476171    
   2.00999999      0.862201929    
   2.01999998      0.875151575    
   2.02999997      0.887313008    
   2.03999996      0.898765564    
   2.04999995      0.909591615    
   2.05999994      0.919868231    
   2.06999993      0.929660320    
   2.07999992      0.939026594    
   2.08999991      0.948015690    
   2.09999990      0.956668437    
   2.10999990      0.965020955    
   2.11999989      0.973104775    
   2.12999988      0.980947137    
   2.13999987      0.988570571    
   2.14999986      0.995994568    
   2.15999985       1.00323987    
   2.16999984       1.01031959    
   2.18000007       1.01724911    
   2.19000006       1.02404118    
   2.20000005       1.03070557    
   2.21000004       1.03725374    
   2.22000003       1.04369307    
   2.23000002       1.05003273    
   2.24000001       1.05627966    
   2.25000000       1.06244040    
   2.25999999       1.06852043    
   2.26999998       1.07452607    
   2.27999997       1.08046174    
   2.28999996       1.08633053    
   2.29999995       1.09213996    
   2.30999994       1.09789026    
   2.31999993       1.10358727    
   2.32999992       1.10923207    
   2.33999991       1.11483037    
   2.34999990       1.12038398    
   2.35999990       1.12589264    
   2.36999989       1.13136172    
   2.37999988       1.13679230    
   2.38999987       1.14218736    
   2.39999986       1.14754617    
   2.40999985       1.15287387    
   2.41999984       1.15816963    
   2.42999983       1.16343570    
   2.44000006       1.16867507    
   2.45000005       1.17388463    
   2.46000004       1.17907059    
   2.47000003       1.18423188    
   2.48000002       1.18936956    
   2.49000001       1.19448519    
   2.50000000       1.19957840    
   2.50999999       1.20465219    
   2.51999998       1.20970488    
   2.52999997       1.21474028    
   2.53999996       1.21975589    
   2.54999995       1.22475696    
   2.55999994       1.22973990    
   2.56999993       1.23470759    
   2.57999992       1.23965943    
   2.58999991       1.24459672    
   2.59999990       1.24951649    
   2.60999990       1.25442755    
   2.61999989       1.25932252    
   2.62999988       1.26420474    
   2.63999987       1.26907551    
   2.64999986       1.27393472    
   2.65999985       1.27877975    
   2.66999984       1.28361630    
   2.67999983       1.28844166    
   2.69000006       1.29325688    
   2.70000005       1.29806221    
   2.71000004       1.30285585    
   2.72000003       1.30764174    
   2.73000002       1.31241786    
   2.74000001       1.31718647    
   2.75000000       1.32194448    
   2.75999999       1.32669604    
   2.76999998       1.33143806    
   2.77999997       1.33617389    
   2.78999996       1.34090042    
   2.79999995       1.34562063    
   2.80999994       1.35033333    
   2.81999993       1.35504019    
   2.82999992       1.35973847    
   2.83999991       1.36443079    
   2.84999990       1.36911702    
   2.85999990       1.37379742    
   2.86999989       1.37846959    
   2.87999988       1.38313699    
   2.88999987       1.38779926    
   2.89999986       1.39245677    
   2.90999985       1.39710772    
   2.91999984       1.40175390    
   2.92999983       1.40639377    
   2.93999982       1.41102934    
   2.95000005       1.41565990    
   2.96000004       1.42028522    
   2.97000003       1.42490578    
   2.98000002       1.42952216    
   2.99000001       1.43413496    
   3.00000000       1.43874168    
   3.00999999       1.44334447    
   3.01999998       1.44794428    
   3.02999997       1.45253861    
   3.03999996       1.45712924    
   3.04999995       1.46171582    
   3.05999994       1.46630025    
   3.06999993       1.47087896    
   3.07999992       1.47545433    
   3.08999991       1.48002684    
   3.09999990       1.48459494    
   3.10999990       1.48916209    
   3.11999989       1.49372256    
   3.12999988       1.49827969    
   3.13999987       1.50283635    
   3.14999986       1.50738835    
   3.15999985       1.51193666    
   3.16999984       1.51648271    
   3.17999983       1.52102578    
   3.18999982       1.52556598    
   3.19999981       1.53010225    
   3.21000004       1.53463769    
   3.22000003       1.53916812    
   3.23000002       1.54369700    
   3.24000001       1.54822350    
   3.25000000       1.55274618    
   3.25999999       1.55726743    
   3.26999998       1.56178463    
   3.27999997       1.56630099    
   3.28999996       1.57081497    
   3.29999995       1.57532620    
   3.30999994       1.57983434    
   3.31999993       1.58434069    
   3.32999992       1.58884442    
   3.33999991       1.59334576    
   3.34999990       1.59784555    
   3.35999990       1.60234332    
   3.36999989       1.60683835    
   3.37999988       1.61133206    
   3.38999987       1.61582255    
   3.39999986       1.62031317    
   3.40999985       1.62480116    
   3.41999984       1.62928522    
   3.42999983       1.63376772    
   3.43999982       1.63824916    
   3.44999981       1.64272833    
   3.46000004       1.64720666    
   3.47000003       1.65168202    
   3.48000002       1.65615582    
   3.49000001       1.66062748    
   3.50000000       1.66509831    
   3.50999999       1.66956639    
