   9.99999978E-03   4.32586356E-04
   1.99999996E-02   7.82990712E-04
   2.99999993E-02   1.09538599E-03
   3.99999991E-02   1.23710092E-03
   4.99999970E-02   1.59553392E-03
   5.99999987E-02   1.89302024E-03
   7.00000003E-02   2.00398918E-03
   7.99999982E-02   2.04117247E-03
   8.99999961E-02   2.07842002E-03
   9.99999940E-02   2.14051292E-03
  0.109999999       2.23000813E-03
  0.119999997       2.34340248E-03
  0.129999995       2.47464492E-03
  0.140000001       2.61830655E-03
  0.149999991       2.76989467E-03
  0.159999996       2.92621134E-03
  0.170000002       3.08447890E-03
  0.179999992       3.24298907E-03
  0.189999998       3.40155861E-03
  0.199999988       3.55781219E-03
  0.209999993       3.71580618E-03
  0.219999999       3.87338526E-03
  0.229999989       4.02795104E-03
  0.239999995       4.20371396E-03
  0.250000000       4.36109304E-03
  0.259999990       4.52813879E-03
  0.269999981       4.74169478E-03
  0.280000001       5.01843356E-03
  0.289999992       5.15222503E-03
  0.299999982       5.37087210E-03
  0.310000002       5.68180159E-03
  0.319999993       6.16553659E-03
  0.329999983       6.70375582E-03
  0.340000004       6.76679891E-03
  0.349999994       7.07412045E-03
  0.359999985       7.51799112E-03
  0.370000005       8.16575438E-03
  0.379999995       9.16563440E-03
  0.389999986       1.07450206E-02
  0.399999976       1.13875484E-02
  0.409999996       1.14367865E-02
  0.419999987       1.18730087E-02
  0.429999977       1.25107737E-02
  0.439999998       1.33614773E-02
  0.449999988       1.44908046E-02
  0.459999979       1.60163995E-02
  0.469999999       1.81703977E-02
  0.479999989       2.13685967E-02
  0.489999980       2.61522159E-02
  0.500000000       2.82372609E-02
  0.509999990       2.74058525E-02
  0.519999981       2.76989676E-02
  0.529999971       2.83705462E-02
  0.539999962       2.93030031E-02
  0.550000012       3.04688122E-02
  0.560000002       3.18746716E-02
  0.569999993       3.35494056E-02
  0.579999983       3.55425440E-02
  0.589999974       3.79278474E-02
  0.599999964       4.08166423E-02
  0.610000014       4.43734303E-02
  0.620000005       4.88533676E-02
  0.629999995       5.46655953E-02
  0.639999986       6.24883287E-02
  0.649999976       7.33914524E-02
  0.659999967       8.76277760E-02
  0.669999957       8.93022418E-02
  0.680000007       8.75175893E-02
  0.689999998       8.72223452E-02
  0.699999988       8.75778198E-02
  0.709999979       8.83350223E-02
  0.719999969       8.93840194E-02
  0.729999959       9.06672552E-02
  0.740000010       9.21548754E-02
  0.750000000       9.38296169E-02
  0.759999990       9.56849679E-02
  0.769999981       9.77182016E-02
  0.779999971       9.99327898E-02
  0.789999962      0.102335468    
  0.799999952      0.104937732    
  0.810000002      0.107752882    
  0.819999993      0.110801220    
  0.829999983      0.114101455    
  0.839999974      0.117683791    
  0.849999964      0.121581405    
  0.859999955      0.125833943    
  0.870000005      0.130491033    
  0.879999995      0.135613397    
  0.889999986      0.141276032    
  0.899999976      0.147571847    
  0.909999967      0.154624313    
  0.919999957      0.162583023    
  0.930000007      0.171649680    
  0.939999998      0.182089180    
  0.949999988      0.194261298    
  0.959999979      0.208645061    
  0.969999969      0.225874737    
  0.979999959      0.246668234    
  0.989999950      0.271087557    
   1.00000000      0.292600602    
   1.00999999      0.297988385    
   1.01999998      0.300732166    
   1.02999997      0.302885443    
   1.03999996      0.304860383    
   1.04999995      0.306797266    
   1.05999994      0.308752894    
   1.06999993      0.310751587    
   1.07999992      0.312804341    
   1.09000003      0.314914107    
   1.10000002      0.317082882    
   1.11000001      0.319310069    
   1.12000000      0.321593940    
   1.13000000      0.323932916    
   1.13999999      0.326325685    
   1.14999998      0.328770578    
   1.15999997      0.331266910    
   1.16999996      0.333812147    
   1.17999995      0.336406767    
   1.18999994      0.339048773    
   1.19999993      0.341738343    
   1.20999992      0.344473690    
   1.22000003      0.347255707    
   1.23000002      0.350082695    
   1.24000001      0.352957517    
   1.25000000      0.355876803    
   1.25999999      0.358841658    
   1.26999998      0.361853182    
   1.27999997      0.364910781    
   1.28999996      0.368014753    
   1.29999995      0.371165633    
   1.30999994      0.374363840    
   1.31999993      0.377610207    
   1.32999992      0.380905390    
   1.33999991      0.384250462    
   1.35000002      0.387645572    
   1.36000001      0.391091794    
   1.37000000      0.394590318    
   1.38000000      0.398142189    
   1.38999999      0.401747882    
   1.39999998      0.405409425    
   1.40999997      0.409127712    
   1.41999996      0.412904322    
   1.42999995      0.416740060    
   1.43999994      0.420635819    
   1.44999993      0.424595386    
   1.45999992      0.428619027    
   1.46999991      0.432707965    
   1.48000002      0.436864316    
   1.49000001      0.441090584    
   1.50000000      0.445387989    
   1.50999999      0.449759692    
   1.51999998      0.454206079    
   1.52999997      0.458731264    
   1.53999996      0.463336200    
   1.54999995      0.468025684    
   1.55999994      0.472800016    
   1.56999993      0.477662057    
   1.57999992      0.482616752    
   1.58999991      0.487665057    
   1.59999990      0.492811292    
   1.61000001      0.498058826    
   1.62000000      0.503411353    
   1.63000000      0.508871973    
   1.63999999      0.514445007    
   1.64999998      0.520134509    
   1.65999997      0.525945485    
   1.66999996      0.531881511    
   1.67999995      0.537948251    
   1.68999994      0.544149935    
   1.69999993      0.550493181    
   1.70999992      0.556982875    
   1.71999991      0.563624382    
   1.73000002      0.570424676    
   1.74000001      0.577390850    
   1.75000000      0.584529281    
   1.75999999      0.591848075    
   1.76999998      0.599353552    
   1.77999997      0.607055187    
   1.78999996      0.614961445    
   1.79999995      0.623080134    
   1.80999994      0.631422341    
   1.81999993      0.639996052    
   1.82999992      0.648814142    
   1.83999991      0.657884657    
   1.84999990      0.667220116    
   1.86000001      0.676832914    
   1.87000000      0.686732590    
   1.88000000      0.696932912    
   1.88999999      0.707443893    
   1.89999998      0.718276799    
   1.90999997      0.729443908    
   1.91999996      0.740952432    
   1.92999995      0.752810121    
   1.93999994      0.765022933    
   1.94999993      0.777586401    
   1.95999992      0.790496051    
   1.96999991      0.803733408    
   1.97999990      0.817267776    
   1.99000001      0.831046760    
   2.00000000      0.844990790    
   2.00999999      0.858720541    
   2.01999998      0.871674538    
   2.02999997      0.883837342    
   2.03999996      0.895290673    
   2.04999995      0.906116009    
   2.05999994      0.916390240    
   2.06999993      0.926178992    
   2.07999992      0.935540974    
   2.08999991      0.944524646    
   2.09999990      0.953172088    
   2.10999990      0.961518824    
   2.11999989      0.969595432    
   2.12999988      0.977430940    
   2.13999987      0.985046446    
   2.14999986      0.992463648    
   2.15999985      0.999699354    
   2.16999984       1.00677204    
   2.18000007       1.01369333    
   2.19000006       1.02047598    
   2.20000005       1.02713144    
   2.21000004       1.03367043    
   2.22000003       1.04010141    
   2.23000002       1.04643142    
   2.24000001       1.05266869    
   2.25000000       1.05881989    
   2.25999999       1.06489098    
   2.26999998       1.07088673    
   2.27999997       1.07681274    
   2.28999996       1.08267248    
   2.29999995       1.08847129    
   2.30999994       1.09421217    
   2.31999993       1.09989893    
   2.32999992       1.10553408    
   2.33999991       1.11112344    
   2.34999990       1.11666489    
   2.35999990       1.12216485    
   2.36999989       1.12762356    
   2.37999988       1.13304496    
   2.38999987       1.13842869    
   2.39999986       1.14377832    
   2.40999985       1.14909542    
   2.41999984       1.15438223    
   2.42999983       1.15963840    
   2.44000006       1.16486681    
   2.45000005       1.17006803    
   2.46000004       1.17524314    
   2.47000003       1.18039322    
   2.48000002       1.18552172    
   2.49000001       1.19062757    
   2.50000000       1.19571102    
   2.50999999       1.20077455    
   2.51999998       1.20581710    
   2.52999997       1.21084225    
   2.53999996       1.21584964    
   2.54999995       1.22083855    
   2.55999994       1.22581089    
   2.56999993       1.23076856    
   2.57999992       1.23570907    
   2.58999991       1.24063623    
   2.59999990       1.24554777    
   2.60999990       1.25044823    
   2.61999989       1.25533164    
   2.62999988       1.26020455    
   2.63999987       1.26506543    
   2.64999986       1.26991320    
   2.65999985       1.27475083    
   2.66999984       1.27957618    
   2.67999983       1.28439128    
   2.69000006       1.28919554    
   2.70000005       1.29399061    
   2.71000004       1.29877543    
   2.72000003       1.30355060    
   2.73000002       1.30831623    
   2.74000001       1.31307423    
   2.75000000       1.31782293    
   2.75999999       1.32256448    
   2.76999998       1.32729614    
   2.77999997       1.33201957    
   2.78999996       1.33673799    
   2.79999995       1.34144747    
   2.80999994       1.34615099    
   2.81999993       1.35084617    
   2.82999992       1.35553503    
   2.83999991       1.36021745    
   2.84999990       1.36489284    
   2.85999990       1.36956334    
   2.86999989       1.37422574    
   2.87999988       1.37888432    
   2.88999987       1.38353574    
   2.89999986       1.38818252    
   2.90999985       1.39282322    
   2.91999984       1.39745831    
   2.92999983       1.40208972    
   2.93999982       1.40671289    
   2.95000005       1.41133535    
   2.96000004       1.41595137    
   2.97000003       1.42056060    
   2.98000002       1.42516732    
   2.99000001       1.42976856    
   3.00000000       1.43436599    
   3.00999999       1.43895972    
   3.01999998       1.44354773    
   3.02999997       1.44813287    
   3.03999996       1.45271385    
   3.04999995       1.45728981    
   3.05999994       1.46186292    
   3.06999993       1.46643209    
   3.07999992       1.47099721    
   3.08999991       1.47555947    
   3.09999990       1.48011792    
   3.10999990       1.48467314    
   3.11999989       1.48922431    
   3.12999988       1.49377275    
   3.13999987       1.49831784    
   3.14999986       1.50286067    
   3.15999985       1.50739944    
   3.16999984       1.51193440    
   3.17999983       1.51646638    
   3.18999982       1.52099752    
   3.19999981       1.52552450    
   3.21000004       1.53004837    
   3.22000003       1.53456926    
   3.23000002       1.53908861    
   3.24000001       1.54360449    
   3.25000000       1.54811704    
   3.25999999       1.55262876    
   3.26999998       1.55713511    
   3.27999997       1.56164086    
   3.28999996       1.56614518    
   3.29999995       1.57064593    
   3.30999994       1.57514441    
   3.31999993       1.57964075    
   3.32999992       1.58413494    
   3.33999991       1.58862519    
   3.34999990       1.59311473    
   3.35999990       1.59760201    
   3.36999989       1.60208738    
   3.37999988       1.60657001    
   3.38999987       1.61105299    
   3.39999986       1.61553061    
   3.40999985       1.62000847    
   3.41999984       1.62448180    
   3.42999983       1.62895596    
   3.43999982       1.63342726    
   3.44999981       1.63789546    
   3.46000004       1.64236319    
   3.47000003       1.64682937    
   3.48000002       1.65129244    
   3.49000001       1.65575492    
   3.50000000       1.66021562    
   3.50999999       1.66467428    
