   9.99999978E-03   4.38054063E-04
   1.99999996E-02   7.87457626E-04
   2.99999993E-02   1.10119150E-03
   3.99999991E-02   1.24186755E-03
   4.99999970E-02   1.59606338E-03
   5.99999987E-02   1.90247432E-03
   7.00000003E-02   2.02002656E-03
   7.99999982E-02   2.05813744E-03
   8.99999961E-02   2.09371652E-03
   9.99999940E-02   2.15330464E-03
  0.109999999       2.24041520E-03
  0.119999997       2.35181069E-03
  0.129999995       2.48153089E-03
  0.140000001       2.62411777E-03
  0.149999991       2.77502812E-03
  0.159999996       2.93102255E-03
  0.170000002       3.08927870E-03
  0.179999992       3.24797095E-03
  0.189999998       3.40710394E-03
  0.199999988       3.56403459E-03
  0.209999993       3.72334942E-03
  0.219999999       3.88241839E-03
  0.229999989       4.03888244E-03
  0.239999995       4.21836041E-03
  0.250000000       4.37785545E-03
  0.259999990       4.54880903E-03
  0.269999981       4.76974482E-03
  0.280000001       5.05584246E-03
  0.289999992       5.19155571E-03
  0.299999982       5.41839702E-03
  0.310000002       5.74329542E-03
  0.319999993       6.24973699E-03
  0.329999983       6.80351350E-03
  0.340000004       6.87057432E-03
  0.349999994       7.18870899E-03
  0.359999985       7.65314745E-03
  0.370000005       8.33087228E-03
  0.379999995       9.37823951E-03
  0.389999986       1.10187512E-02
  0.399999976       1.16644297E-02
  0.409999996       1.17173670E-02
  0.419999987       1.21720303E-02
  0.429999977       1.28366407E-02
  0.439999998       1.37233082E-02
  0.449999988       1.49002671E-02
  0.459999979       1.64892282E-02
  0.469999999       1.87296290E-02
  0.479999989       2.20450033E-02
  0.489999980       2.69621145E-02
  0.500000000       2.90414132E-02
  0.509999990       2.81963740E-02
  0.519999981       2.85022538E-02
  0.529999971       2.91976668E-02
  0.539999962       3.01623009E-02
  0.550000012       3.13678533E-02
  0.560000002       3.28214057E-02
  0.569999993       3.45528126E-02
  0.579999983       3.66122499E-02
  0.589999974       3.90763208E-02
  0.599999964       4.20589410E-02
  0.610000014       4.57285456E-02
  0.620000005       5.03457561E-02
  0.629999995       5.63264787E-02
  0.639999986       6.43551648E-02
  0.649999976       7.54930452E-02
  0.659999967       8.98879766E-02
  0.669999957       9.15027559E-02
  0.680000007       8.97058249E-02
  0.689999998       8.94149467E-02
  0.699999988       8.97851437E-02
  0.709999979       9.05641243E-02
  0.719999969       9.16410461E-02
  0.729999959       9.29570347E-02
  0.740000010       9.44818705E-02
  0.750000000       9.61981416E-02
  0.759999990       9.80987996E-02
  0.769999981      0.100181513    
  0.779999971      0.102449536    
  0.789999962      0.104909949    
  0.799999952      0.107574247    
  0.810000002      0.110455997    
  0.819999993      0.113576010    
  0.829999983      0.116953239    
  0.839999974      0.120618261    
  0.849999964      0.124604911    
  0.859999955      0.128953248    
  0.870000005      0.133713931    
  0.879999995      0.138948277    
  0.889999986      0.144732088    
  0.899999976      0.151160672    
  0.909999967      0.158355206    
  0.919999957      0.166469857    
  0.930000007      0.175705954    
  0.939999998      0.186329216    
  0.949999988      0.198699057    
  0.959999979      0.213290095    
  0.969999969      0.230725944    
  0.979999959      0.251695722    
  0.989999950      0.276194453    
   1.00000000      0.297642201    
   1.00999999      0.303091347    
   1.01999998      0.305897564    
   1.02999997      0.308104217    
   1.03999996      0.310126781    
   1.04999995      0.312108129    
   1.05999994      0.314105988    
   1.06999993      0.316145420    
   1.07999992      0.318238556    
   1.09000003      0.320388347    
   1.10000002      0.322596818    
   1.11000001      0.324863940    
   1.12000000      0.327187240    
   1.13000000      0.329566807    
   1.13999999      0.331999838    
   1.14999998      0.334485322    
   1.15999997      0.337022871    
   1.16999996      0.339610040    
   1.17999995      0.342245966    
   1.18999994      0.344930977    
   1.19999993      0.347663224    
   1.20999992      0.350441962    
   1.22000003      0.353268117    
   1.23000002      0.356139094    
   1.24000001      0.359058350    
   1.25000000      0.362022966    
   1.25999999      0.365033567    
   1.26999998      0.368091255    
   1.27999997      0.371195048    
   1.28999996      0.374346107    
   1.29999995      0.377544522    
   1.30999994      0.380791157    
   1.31999993      0.384086370    
   1.32999992      0.387430608    
   1.33999991      0.390825540    
   1.35000002      0.394270450    
   1.36000001      0.397767633    
   1.37000000      0.401317954    
   1.38000000      0.404921353    
   1.38999999      0.408579677    
   1.39999998      0.412294418    
   1.40999997      0.416066498    
   1.41999996      0.419896722    
   1.42999995      0.423787057    
   1.43999994      0.427738428    
   1.44999993      0.431754231    
   1.45999992      0.435834050    
   1.46999991      0.439980030    
   1.48000002      0.444194376    
   1.49000001      0.448479027    
   1.50000000      0.452834338    
   1.50999999      0.457266629    
   1.51999998      0.461773366    
   1.52999997      0.466359407    
   1.53999996      0.471026093    
   1.54999995      0.475777268    
   1.55999994      0.480614215    
   1.56999993      0.485540301    
   1.57999992      0.490558624    
   1.58999991      0.495672017    
   1.59999990      0.500883102    
   1.61000001      0.506197333    
   1.62000000      0.511616230    
   1.63000000      0.517144263    
   1.63999999      0.522785604    
   1.64999998      0.528543830    
   1.65999997      0.534423113    
   1.66999996      0.540429592    
   1.67999995      0.546566129    
   1.68999994      0.552839398    
   1.69999993      0.559253812    
   1.70999992      0.565815151    
   1.71999991      0.572529972    
   1.73000002      0.579402983    
   1.74000001      0.586442590    
   1.75000000      0.593655169    
   1.75999999      0.601047397    
   1.76999998      0.608626842    
   1.77999997      0.616402447    
   1.78999996      0.624382019    
   1.79999995      0.632575214    
   1.80999994      0.640990674    
   1.81999993      0.649637759    
   1.82999992      0.658528090    
   1.83999991      0.667670190    
   1.84999990      0.677077055    
   1.86000001      0.686758339    
   1.87000000      0.696725726    
   1.88000000      0.706990898    
   1.88999999      0.717564821    
   1.89999998      0.728457928    
   1.90999997      0.739680946    
   1.91999996      0.751242757    
   1.92999995      0.763148367    
   1.93999994      0.775403023    
   1.94999993      0.788003206    
   1.95999992      0.800941825    
   1.96999991      0.814200819    
   1.97999990      0.827747703    
   1.99000001      0.841531634    
   2.00000000      0.855470538    
   2.00999999      0.869187474    
   2.01999998      0.882130146    
   2.02999997      0.894286633    
   2.03999996      0.905738890    
   2.04999995      0.916566610    
   2.05999994      0.926847398    
   2.06999993      0.936646044    
   2.07999992      0.946020484    
   2.08999991      0.955019176    
   2.09999990      0.963682830    
   2.10999990      0.972049236    
   2.11999989      0.980146289    
   2.12999988      0.988002360    
   2.13999987      0.995640695    
   2.14999986       1.00308073    
   2.15999985       1.01034117    
   2.16999984       1.01743805    
   2.18000007       1.02438545    
   2.19000006       1.03119385    
   2.20000005       1.03787613    
   2.21000004       1.04444182    
   2.22000003       1.05089939    
   2.23000002       1.05725825    
   2.24000001       1.06352317    
   2.25000000       1.06970203    
   2.25999999       1.07580268    
   2.26999998       1.08182764    
   2.27999997       1.08778095    
   2.28999996       1.09366918    
   2.29999995       1.09949887    
   2.30999994       1.10526884    
   2.31999993       1.11098599    
   2.32999992       1.11665142    
   2.33999991       1.12226784    
   2.34999990       1.12783933    
   2.35999990       1.13337004    
   2.36999989       1.13885927    
   2.37999988       1.14430845    
   2.38999987       1.14972293    
   2.39999986       1.15510297    
   2.40999985       1.16045010    
   2.41999984       1.16576660    
   2.42999983       1.17105246    
   2.44000006       1.17631125    
   2.45000005       1.18154216    
   2.46000004       1.18674779    
   2.47000003       1.19192874    
   2.48000002       1.19708681    
   2.49000001       1.20222330    
   2.50000000       1.20733666    
   2.50999999       1.21243072    
   2.51999998       1.21750510    
   2.52999997       1.22255981    
   2.53999996       1.22759771    
   2.54999995       1.23261678    
   2.55999994       1.23762012    
   2.56999993       1.24260783    
   2.57999992       1.24757910    
   2.58999991       1.25253606    
   2.59999990       1.25747752    
   2.60999990       1.26240754    
   2.61999989       1.26732326    
   2.62999988       1.27222645    
   2.63999987       1.27711678    
   2.64999986       1.28199470    
   2.65999985       1.28686297    
   2.66999984       1.29171860    
   2.67999983       1.29656422    
   2.69000006       1.30139863    
   2.70000005       1.30622482    
   2.71000004       1.31104040    
   2.72000003       1.31584585    
   2.73000002       1.32064211    
   2.74000001       1.32543147    
   2.75000000       1.33021033    
   2.75999999       1.33498096    
   2.76999998       1.33974326    
   2.77999997       1.34449875    
   2.78999996       1.34924841    
   2.79999995       1.35398698    
   2.80999994       1.35871994    
   2.81999993       1.36344755    
   2.82999992       1.36816585    
   2.83999991       1.37287772    
   2.84999990       1.37758505    
   2.85999990       1.38228464    
   2.86999989       1.38697827    
   2.87999988       1.39166760    
   2.88999987       1.39634848    
   2.89999986       1.40102565    
   2.90999985       1.40569711    
   2.91999984       1.41036367    
   2.92999983       1.41502392    
   2.93999982       1.41967940    
   2.95000005       1.42433119    
   2.96000004       1.42897606    
   2.97000003       1.43361652    
   2.98000002       1.43825424    
   2.99000001       1.44288623    
   3.00000000       1.44751406    
   3.00999999       1.45213902    
   3.01999998       1.45675683    
   3.02999997       1.46137249    
   3.03999996       1.46598399    
   3.04999995       1.47059047    
   3.05999994       1.47519314    
   3.06999993       1.47979331    
   3.07999992       1.48438907    
   3.08999991       1.48898196    
   3.09999990       1.49357033    
   3.10999990       1.49815738    
   3.11999989       1.50273871    
   3.12999988       1.50731754    
   3.13999987       1.51189256    
   3.14999986       1.51646459    
   3.15999985       1.52103460    
   3.16999984       1.52560031    
   3.17999983       1.53016257    
   3.18999982       1.53472316    
   3.19999981       1.53928101    
   3.21000004       1.54383528    
   3.22000003       1.54838741    
   3.23000002       1.55293596    
   3.24000001       1.55748248    
   3.25000000       1.56202590    
   3.25999999       1.56656682    
   3.26999998       1.57110476    
   3.27999997       1.57564127    
   3.28999996       1.58017612    
   3.29999995       1.58470738    
   3.30999994       1.58923483    
   3.31999993       1.59376240    
   3.32999992       1.59828603    
   3.33999991       1.60280883    
   3.34999990       1.60732841    
   3.35999990       1.61184728    
   3.36999989       1.61636245    
   3.37999988       1.62087536    
   3.38999987       1.62538707    
   3.39999986       1.62989652    
   3.40999985       1.63440323    
   3.41999984       1.63890874    
   3.42999983       1.64341223    
   3.43999982       1.64791334    
   3.44999981       1.65241325    
   3.46000004       1.65691137    
   3.47000003       1.66140652    
   3.48000002       1.66590071    
   3.49000001       1.67039454    
   3.50000000       1.67488539    
   3.50999999       1.67937362    
