   9.99999978E-03   4.34708054E-04
   1.99999996E-02   7.86579854E-04
   2.99999993E-02   1.09927310E-03
   3.99999991E-02   1.24026532E-03
   4.99999970E-02   1.59645930E-03
   5.99999987E-02   1.89930806E-03
   7.00000003E-02   2.01469194E-03
   7.99999982E-02   2.05239072E-03
   8.99999961E-02   2.08858657E-03
   9.99999940E-02   2.14901241E-03
  0.109999999       2.23694439E-03
  0.119999997       2.34898948E-03
  0.129999995       2.47922493E-03
  0.140000001       2.62216059E-03
  0.149999991       2.77331052E-03
  0.159999996       2.92943045E-03
  0.170000002       3.08769918E-03
  0.179999992       3.24632251E-03
  0.189999998       3.40525503E-03
  0.199999988       3.56196566E-03
  0.209999993       3.72083089E-03
  0.219999999       3.87937436E-03
  0.229999989       4.03522654E-03
  0.239999995       4.21344442E-03
  0.250000000       4.37223585E-03
  0.259999990       4.54184692E-03
  0.269999981       4.76027513E-03
  0.280000001       5.04322955E-03
  0.289999992       5.17828157E-03
  0.299999982       5.40234614E-03
  0.310000002       5.72251249E-03
  0.319999993       6.22126367E-03
  0.329999983       6.76983595E-03
  0.340000004       6.83635380E-03
  0.349999994       7.14999996E-03
  0.359999985       7.60747492E-03
  0.370000005       8.27474240E-03
  0.379999995       9.30640288E-03
  0.389999986       1.09263612E-02
  0.399999976       1.15702925E-02
  0.409999996       1.16227791E-02
  0.419999987       1.20711615E-02
  0.429999977       1.27267074E-02
  0.439999998       1.36012528E-02
  0.449999988       1.47621408E-02
  0.459999979       1.63297411E-02
  0.469999999       1.85410529E-02
  0.479999989       2.18170360E-02
  0.489999980       2.66895276E-02
  0.500000000       2.87714135E-02
  0.509999990       2.79303808E-02
  0.519999981       2.82319728E-02
  0.529999971       2.89193559E-02
  0.539999962       2.98731569E-02
  0.550000012       3.10653634E-02
  0.560000002       3.25028338E-02
  0.569999993       3.42152752E-02
  0.579999983       3.62523533E-02
  0.589999974       3.86899561E-02
  0.599999964       4.16410416E-02
  0.610000014       4.52727824E-02
  0.620000005       4.98439036E-02
  0.629999995       5.57681695E-02
  0.639999986       6.37279078E-02
  0.649999976       7.47874379E-02
  0.659999967       8.91298428E-02
  0.669999957       9.07645449E-02
  0.680000007       8.89716893E-02
  0.689999998       8.86792466E-02
  0.699999988       8.90444517E-02
  0.709999979       8.98161605E-02
  0.719999969       9.08837169E-02
  0.729999959       9.21887085E-02
  0.740000010       9.37010497E-02
  0.750000000       9.54034403E-02
  0.759999990       9.72888246E-02
  0.769999981       9.93550271E-02
  0.779999971      0.101605140    
  0.789999962      0.104046263    
  0.799999952      0.106689699    
  0.810000002      0.109549142    
  0.819999993      0.112645127    
  0.829999983      0.115996569    
  0.839999974      0.119633868    
  0.849999964      0.123590745    
  0.859999955      0.127907023    
  0.870000005      0.132633030    
  0.879999995      0.137829855    
  0.889999986      0.143573225    
  0.899999976      0.149957940    
  0.909999967      0.157104373    
  0.919999957      0.165166855    
  0.930000007      0.174346492    
  0.939999998      0.184908524    
  0.949999988      0.197212249    
  0.959999979      0.211734161    
  0.969999969      0.229101703    
  0.979999959      0.250013113    
  0.989999950      0.274485826    
   1.00000000      0.295956045    
   1.00999999      0.301384032    
   1.01999998      0.304169476    
   1.02999997      0.306358248    
   1.03999996      0.308364898    
   1.04999995      0.310331643    
   1.05999994      0.312315226    
   1.06999993      0.314340919    
   1.07999992      0.316420436    
   1.09000003      0.318557262    
   1.10000002      0.320752352    
   1.11000001      0.323005706    
   1.12000000      0.325316101    
   1.13000000      0.327681988    
   1.13999999      0.330101222    
   1.14999998      0.332573861    
   1.15999997      0.335097104    
   1.16999996      0.337670505    
   1.17999995      0.340292573    
   1.18999994      0.342963159    
   1.19999993      0.345680982    
   1.20999992      0.348445475    
   1.22000003      0.351256490    
   1.23000002      0.354113072    
   1.24000001      0.357017696    
   1.25000000      0.359967232    
   1.25999999      0.362962574    
   1.26999998      0.366004705    
   1.27999997      0.369092613    
   1.28999996      0.372228086    
   1.29999995      0.375410765    
   1.30999994      0.378641129    
   1.31999993      0.381920010    
   1.32999992      0.385248125    
   1.33999991      0.388625860    
   1.35000002      0.392054617    
   1.36000001      0.395534754    
   1.37000000      0.399067551    
   1.38000000      0.402653724    
   1.38999999      0.406294644    
   1.39999998      0.409991264    
   1.40999997      0.413745284    
   1.41999996      0.417558044    
   1.42999995      0.421430051    
   1.43999994      0.425363362    
   1.44999993      0.429359704    
   1.45999992      0.433421165    
   1.46999991      0.437547743    
   1.48000002      0.441742808    
   1.49000001      0.446007878    
   1.50000000      0.450343817    
   1.50999999      0.454755574    
   1.51999998      0.459242970    
   1.52999997      0.463808656    
   1.53999996      0.468454480    
   1.54999995      0.473184735    
   1.55999994      0.478000522    
   1.56999993      0.482906014    
   1.57999992      0.487902761    
   1.58999991      0.492994666    
   1.59999990      0.498183966    
   1.61000001      0.503476083    
   1.62000000      0.508872688    
   1.63000000      0.514378428    
   1.63999999      0.519996822    
   1.64999998      0.525731921    
   1.65999997      0.531589091    
   1.66999996      0.537571728    
   1.67999995      0.543685257    
   1.68999994      0.549934089    
   1.69999993      0.556324840    
   1.70999992      0.562862694    
   1.71999991      0.569552720    
   1.73000002      0.576401770    
   1.74000001      0.583416879    
   1.75000000      0.590605199    
   1.75999999      0.597972989    
   1.76999998      0.605527401    
   1.77999997      0.613278151    
   1.78999996      0.621233642    
   1.79999995      0.629402280    
   1.80999994      0.637792945    
   1.81999993      0.646415770    
   1.82999992      0.655281901    
   1.83999991      0.664400458    
   1.84999990      0.673783362    
   1.86000001      0.683442056    
   1.87000000      0.693386495    
   1.88000000      0.703630328    
   1.88999999      0.714183450    
   1.89999998      0.725057065    
   1.90999997      0.736261249    
   1.91999996      0.747805357    
   1.92999995      0.759695590    
   1.93999994      0.771935761    
   1.94999993      0.784523487    
   1.95999992      0.797453105    
   1.96999991      0.810704589    
   1.97999990      0.824247837    
   1.99000001      0.838029802    
   2.00000000      0.851970255    
   2.00999999      0.865692258    
   2.01999998      0.878637433    
   2.02999997      0.890797198    
   2.03999996      0.902249336    
   2.04999995      0.913076401    
   2.05999994      0.923354268    
   2.06999993      0.933150351    
   2.07999992      0.942520916    
   2.08999991      0.951514661    
   2.09999990      0.960173368    
   2.10999990      0.968533158    
   2.11999989      0.976623058    
   2.12999988      0.984472752    
   2.13999987      0.992103100    
   2.14999986      0.999535322    
   2.15999985       1.00678742    
   2.16999984       1.01387680    
   2.18000007       1.02081478    
   2.19000006       1.02761531    
   2.20000005       1.03428936    
   2.21000004       1.04084480    
   2.22000003       1.04729426    
   2.23000002       1.05364382    
   2.24000001       1.05989921    
   2.25000000       1.06606948    
   2.25999999       1.07215941    
   2.26999998       1.07817435    
   2.27999997       1.08411932    
   2.28999996       1.08999789    
   2.29999995       1.09581780    
   2.30999994       1.10157704    
   2.31999993       1.10728443    
   2.32999992       1.11294007    
   2.33999991       1.11854863    
   2.34999990       1.12410951    
   2.35999990       1.12962890    
   2.36999989       1.13510847    
   2.37999988       1.14054847    
   2.38999987       1.14595282    
   2.39999986       1.15132356    
   2.40999985       1.15666020    
   2.41999984       1.16196477    
   2.42999983       1.16724205    
   2.44000006       1.17249012    
   2.45000005       1.17771077    
   2.46000004       1.18290746    
   2.47000003       1.18807876    
   2.48000002       1.19322646    
   2.49000001       1.19835162    
   2.50000000       1.20345533    
   2.50999999       1.20853877    
   2.51999998       1.21360219    
   2.52999997       1.21864712    
   2.53999996       1.22367442    
   2.54999995       1.22868466    
   2.55999994       1.23367834    
   2.56999993       1.23865545    
   2.57999992       1.24361742    
   2.58999991       1.24856281    
   2.59999990       1.25349700    
   2.60999990       1.25841534    
   2.61999989       1.26332116    
   2.62999988       1.26821375    
   2.63999987       1.27309418    
   2.64999986       1.27796292    
   2.65999985       1.28281963    
   2.66999984       1.28766680    
   2.67999983       1.29250169    
   2.69000006       1.29732740    
   2.70000005       1.30214107    
   2.71000004       1.30694616    
   2.72000003       1.31174254    
   2.73000002       1.31652868    
   2.74000001       1.32130706    
   2.75000000       1.32607567    
   2.75999999       1.33083665    
   2.76999998       1.33558941    
   2.77999997       1.34033406    
   2.78999996       1.34507215    
   2.79999995       1.34980190    
   2.80999994       1.35452425    
   2.81999993       1.35924149    
   2.82999992       1.36394918    
   2.83999991       1.36865342    
   2.84999990       1.37334979    
   2.85999990       1.37803900    
   2.86999989       1.38272262    
   2.87999988       1.38740051    
   2.88999987       1.39207411    
   2.89999986       1.39673960    
   2.90999985       1.40140116    
   2.91999984       1.40605617    
   2.92999983       1.41070795    
   2.93999982       1.41535223    
   2.95000005       1.41999233    
   2.96000004       1.42462850    
   2.97000003       1.42926037    
   2.98000002       1.43388605    
   2.99000001       1.43850923    
   3.00000000       1.44312561    
   3.00999999       1.44774055    
   3.01999998       1.45234776    
   3.02999997       1.45695436    
   3.03999996       1.46155393    
   3.04999995       1.46615255    
   3.05999994       1.47074556    
   3.06999993       1.47533453    
   3.07999992       1.47992086    
   3.08999991       1.48450315    
   3.09999990       1.48908138    
   3.10999990       1.49365604    
   3.11999989       1.49822927    
   3.12999988       1.50279689    
   3.13999987       1.50736165    
   3.14999986       1.51192498    
   3.15999985       1.51648426    
   3.16999984       1.52103972    
   3.17999983       1.52559221    
   3.18999982       1.53014243    
   3.19999981       1.53468943    
   3.21000004       1.53923368    
   3.22000003       1.54377556    
   3.23000002       1.54831529    
   3.24000001       1.55285120    
   3.25000000       1.55738616    
   3.25999999       1.56191504    
   3.26999998       1.56644440    
   3.27999997       1.57097018    
   3.28999996       1.57549441    
   3.29999995       1.58001339    
   3.30999994       1.58453381    
   3.31999993       1.58905089    
   3.32999992       1.59356403    
   3.33999991       1.59807599    
   3.34999990       1.60258639    
   3.35999990       1.60709345    
   3.36999989       1.61159909    
   3.37999988       1.61610198    
   3.38999987       1.62060416    
   3.39999986       1.62510276    
   3.40999985       1.62959981    
   3.41999984       1.63409388    
   3.42999983       1.63858867    
   3.43999982       1.64308143    
   3.44999981       1.64756942    
   3.46000004       1.65205765    
   3.47000003       1.65654302    
   3.48000002       1.66102755    
   3.49000001       1.66550934    
   3.50000000       1.66999018    
   3.50999999       1.67446756    
