   9.99999978E-03   4.42616089E-04
   1.99999996E-02   7.97999441E-04
   2.99999993E-02   1.11582852E-03
   3.99999991E-02   1.25822308E-03
   4.99999970E-02   1.59727619E-03
   5.99999987E-02   1.92857475E-03
   7.00000003E-02   2.06722203E-03
   7.99999982E-02   2.10970733E-03
   8.99999961E-02   2.14069476E-03
   9.99999940E-02   2.19488796E-03
  0.109999999       2.27281940E-03
  0.119999997       2.37797759E-03
  0.129999995       2.50288751E-03
  0.140000001       2.64198543E-03
  0.149999991       2.79065222E-03
  0.159999996       2.94547831E-03
  0.170000002       3.10344948E-03
  0.179999992       3.26276058E-03
  0.189999998       3.42360418E-03
  0.199999988       3.58260912E-03
  0.209999993       3.74629674E-03
  0.219999999       3.90984025E-03
  0.229999989       4.06949874E-03
  0.239999995       4.26469091E-03
  0.250000000       4.43094037E-03
  0.259999990       4.61502234E-03
  0.269999981       4.86100465E-03
  0.280000001       5.17694792E-03
  0.289999992       5.31905843E-03
  0.299999982       5.57324477E-03
  0.310000002       5.94473258E-03
  0.319999993       6.52562873E-03
  0.329999983       7.12730829E-03
  0.340000004       7.20039755E-03
  0.349999994       7.56369159E-03
  0.359999985       8.09448585E-03
  0.370000005       8.87326431E-03
  0.379999995       1.00717312E-02
  0.389999986       1.19050639E-02
  0.399999976       1.25519298E-02
  0.409999996       1.26230577E-02
  0.419999987       1.31374793E-02
  0.429999977       1.39036849E-02
  0.439999998       1.48918247E-02
  0.449999988       1.62221622E-02
  0.459999979       1.80149153E-02
  0.469999999       2.05306597E-02
  0.479999989       2.42156722E-02
  0.489999980       2.95417737E-02
  0.500000000       3.15896794E-02
  0.509999990       3.07096764E-02
  0.519999981       3.10568884E-02
  0.529999971       3.18283476E-02
  0.539999962       3.28951366E-02
  0.550000012       3.42268273E-02
  0.560000002       3.58313173E-02
  0.569999993       3.77412215E-02
  0.579999983       4.00109701E-02
  0.589999974       4.27235551E-02
  0.599999964       4.60012816E-02
  0.610000014       5.00251241E-02
  0.620000005       5.50713763E-02
  0.629999995       6.15759306E-02
  0.639999986       7.02388808E-02
  0.649999976       8.20866227E-02
  0.659999967       9.69371051E-02
  0.669999957       9.83719081E-02
  0.680000007       9.65420008E-02
  0.689999998       9.62668806E-02
  0.699999988       9.66839567E-02
  0.709999979       9.75322425E-02
  0.719999969       9.86961722E-02
  0.729999959      0.100114338    
  0.740000010      0.101755105    
  0.750000000      0.103599958    
  0.759999990      0.105641976    
  0.769999981      0.107878238    
  0.779999971      0.110312141    
  0.789999962      0.112951554    
  0.799999952      0.115808092    
  0.810000002      0.118896410    
  0.819999993      0.122238047    
  0.829999983      0.125853121    
  0.839999974      0.129773706    
  0.849999964      0.134034947    
  0.859999955      0.138676524    
  0.870000005      0.143758386    
  0.879999995      0.149336621    
  0.889999986      0.155492663    
  0.899999976      0.162324637    
  0.909999967      0.169956550    
  0.919999957      0.178546026    
  0.930000007      0.188297287    
  0.939999998      0.199477330    
  0.949999988      0.212440282    
  0.959999979      0.227649584    
  0.969999969      0.245693132    
  0.979999959      0.267170906    
  0.989999950      0.291881591    
   1.00000000      0.313121676    
   1.00999999      0.318762362    
   1.01999998      0.321756691    
   1.02999997      0.324126065    
   1.03999996      0.326295257    
   1.04999995      0.328413129    
   1.05999994      0.330540985    
   1.06999993      0.332706511    
   1.07999992      0.334923536    
   1.09000003      0.337196082    
   1.10000002      0.339527041    
   1.11000001      0.341915786    
   1.12000000      0.344361484    
   1.13000000      0.346864313    
   1.13999999      0.349421412    
   1.14999998      0.352031797    
   1.15999997      0.354694873    
   1.16999996      0.357409120    
   1.17999995      0.360173523    
   1.18999994      0.362988085    
   1.19999993      0.365851074    
   1.20999992      0.368770033    
   1.22000003      0.371721923    
   1.23000002      0.374728233    
   1.24000001      0.377783924    
   1.25000000      0.380886286    
   1.25999999      0.384035975    
   1.26999998      0.387234598    
   1.27999997      0.390480429    
   1.28999996      0.393775195    
   1.29999995      0.397118837    
   1.30999994      0.400512218    
   1.31999993      0.403955430    
   1.32999992      0.407449901    
   1.33999991      0.410995930    
   1.35000002      0.414594471    
   1.36000001      0.418246150    
   1.37000000      0.421952337    
   1.38000000      0.425713271    
   1.38999999      0.429531395    
   1.39999998      0.433407217    
   1.40999997      0.437341839    
   1.41999996      0.441336840    
   1.42999995      0.445393652    
   1.43999994      0.449512988    
   1.44999993      0.453698128    
   1.45999992      0.457949907    
   1.46999991      0.462268800    
   1.48000002      0.466658264    
   1.49000001      0.471119702    
   1.50000000      0.475654334    
   1.50999999      0.480266571    
   1.51999998      0.484956503    
   1.52999997      0.489726335    
   1.53999996      0.494578898    
   1.54999995      0.499518067    
   1.55999994      0.504545271    
   1.56999993      0.509662926    
   1.57999992      0.514875412    
   1.58999991      0.520184040    
   1.59999990      0.525593221    
   1.61000001      0.531106651    
   1.62000000      0.536727309    
   1.63000000      0.542457581    
   1.63999999      0.548303485    
   1.64999998      0.554268420    
   1.65999997      0.560356736    
   1.66999996      0.566572905    
   1.67999995      0.572921038    
   1.68999994      0.579407394    
   1.69999993      0.586036563    
   1.70999992      0.592813790    
   1.71999991      0.599745810    
   1.73000002      0.606837153    
   1.74000001      0.614096224    
   1.75000000      0.621528268    
   1.75999999      0.629141927    
   1.76999998      0.636941612    
   1.77999997      0.644937694    
   1.78999996      0.653138161    
   1.79999995      0.661550224    
   1.80999994      0.670184433    
   1.81999993      0.679048777    
   1.82999992      0.688153088    
   1.83999991      0.697507441    
   1.84999990      0.707122028    
   1.86000001      0.717007279    
   1.87000000      0.727172852    
   1.88000000      0.737630427    
   1.88999999      0.748388529    
   1.89999998      0.759456575    
   1.90999997      0.770844817    
   1.91999996      0.782558978    
   1.92999995      0.794602215    
   1.93999994      0.806978345    
   1.94999993      0.819682181    
   1.95999992      0.832702935    
   1.96999991      0.846021652    
   1.97999990      0.859603822    
   1.99000001      0.873395979    
   2.00000000      0.887318552    
   2.00999999      0.900996327    
   2.01999998      0.913903654    
   2.02999997      0.926041007    
   2.03999996      0.937485278    
   2.04999995      0.948320448    
   2.05999994      0.958618999    
   2.06999993      0.968445420    
   2.07999992      0.977856100    
   2.08999991      0.986897767    
   2.09999990      0.995610595    
   2.10999990       1.00403047    
   2.11999989       1.01218653    
   2.12999988       1.02010524    
   2.13999987       1.02780890    
   2.14999986       1.03531837    
   2.15999985       1.04264939    
   2.16999984       1.04981947    
   2.18000007       1.05684233    
   2.19000006       1.06372774    
   2.20000005       1.07048929    
   2.21000004       1.07713425    
   2.22000003       1.08367336    
   2.23000002       1.09011328    
   2.24000001       1.09646523    
   2.25000000       1.10272491    
   2.25999999       1.10890865    
   2.26999998       1.11501765    
   2.27999997       1.12105787    
   2.28999996       1.12703288    
   2.29999995       1.13294744    
   2.30999994       1.13880539    
   2.31999993       1.14460874    
   2.32999992       1.15036273    
   2.33999991       1.15606797    
   2.34999990       1.16172767    
   2.35999990       1.16734600    
   2.36999989       1.17292345    
   2.37999988       1.17846227    
   2.38999987       1.18396652    
   2.39999986       1.18943596    
   2.40999985       1.19487131    
   2.41999984       1.20027816    
   2.42999983       1.20565426    
   2.44000006       1.21100283    
   2.45000005       1.21632338    
   2.46000004       1.22161841    
   2.47000003       1.22689033    
   2.48000002       1.23213816    
   2.49000001       1.23736489    
   2.50000000       1.24256921    
   2.50999999       1.24775422    
   2.51999998       1.25291753    
   2.52999997       1.25806308    
   2.53999996       1.26319110    
   2.54999995       1.26828921    
   2.55999994       1.27339649    
   2.56999993       1.27847457    
   2.57999992       1.28353643    
   2.58999991       1.28858447    
   2.59999990       1.29361773    
   2.60999990       1.29863787    
   2.61999989       1.30364454    
   2.62999988       1.30863893    
   2.63999987       1.31361938    
   2.64999986       1.31858945    
   2.65999985       1.32354891    
   2.66999984       1.32849431    
   2.67999983       1.33343315    
   2.69000006       1.33835757    
   2.70000005       1.34327328    
   2.71000004       1.34817982    
   2.72000003       1.35307705    
   2.73000002       1.35796523    
   2.74000001       1.36284459    
   2.75000000       1.36771452    
   2.75999999       1.37257576    
   2.76999998       1.37743020    
   2.77999997       1.38227749    
   2.78999996       1.38711584    
   2.79999995       1.39194739    
   2.80999994       1.39677024    
   2.81999993       1.40158856    
   2.82999992       1.40639842    
   2.83999991       1.41120255    
   2.84999990       1.41600084    
   2.85999990       1.42079306    
   2.86999989       1.42557621    
   2.87999988       1.43035555    
   2.88999987       1.43512976    
   2.89999986       1.43989670    
   2.90999985       1.44465971    
   2.91999984       1.44941700    
   2.92999983       1.45416844    
   2.93999982       1.45891583    
   2.95000005       1.46365702    
   2.96000004       1.46839547    
   2.97000003       1.47312593    
   2.98000002       1.47785485    
   2.99000001       1.48257816    
   3.00000000       1.48729694    
   3.00999999       1.49201107    
   3.01999998       1.49672186    
   3.02999997       1.50142944    
   3.03999996       1.50613070    
   3.04999995       1.51082993    
   3.05999994       1.51552355    
   3.06999993       1.52021456    
   3.07999992       1.52490056    
   3.08999991       1.52958393    
   3.09999990       1.53426588    
   3.10999990       1.53894138    
   3.11999989       1.54361391    
   3.12999988       1.54828489    
   3.13999987       1.55295229    
   3.14999986       1.55761504    
   3.15999985       1.56227469    
   3.16999984       1.56693172    
   3.17999983       1.57158685    
   3.18999982       1.57623780    
   3.19999981       1.58088720    
   3.21000004       1.58553255    
   3.22000003       1.59017491    
   3.23000002       1.59481490    
   3.24000001       1.59945285    
   3.25000000       1.60408711    
   3.25999999       1.60871983    
   3.26999998       1.61335063    
   3.27999997       1.61797619    
   3.28999996       1.62260163    
   3.29999995       1.62722480    
   3.30999994       1.63184381    
   3.31999993       1.63646066    
   3.32999992       1.64107776    
   3.33999991       1.64569080    
   3.34999990       1.65030122    
   3.35999990       1.65491021    
   3.36999989       1.65951741    
   3.37999988       1.66412127    
   3.38999987       1.66872275    
   3.39999986       1.67332411    
   3.40999985       1.67792118    
   3.41999984       1.68251812    
   3.42999983       1.68711221    
   3.43999982       1.69170606    
   3.44999981       1.69629824    
   3.46000004       1.70088518    
   3.47000003       1.70547307    
   3.48000002       1.71005905    
   3.49000001       1.71464133    
   3.50000000       1.71922326    
   3.50999999       1.72380376    
