   9.99999978E-03   4.39561205E-04
   1.99999996E-02   7.92669540E-04
   2.99999993E-02   1.10817759E-03
   3.99999991E-02   1.24873733E-03
   4.99999970E-02   1.59674033E-03
   5.99999987E-02   1.91455323E-03
   7.00000003E-02   2.04423000E-03
   7.99999982E-02   2.08078534E-03
   8.99999961E-02   2.11442891E-03
   9.99999940E-02   2.17063609E-03
  0.109999999       2.25461274E-03
  0.119999997       2.36326642E-03
  0.129999995       2.49086623E-03
  0.140000001       2.63197091E-03
  0.149999991       2.78193480E-03
  0.159999996       2.93744565E-03
  0.170000002       3.09559610E-03
  0.179999992       3.25455377E-03
  0.189999998       3.41446279E-03
  0.199999988       3.57228960E-03
  0.209999993       3.73349199E-03
  0.219999999       3.89445294E-03
  0.229999989       4.05365508E-03
  0.239999995       4.23847232E-03
  0.250000000       4.40090196E-03
  0.259999990       4.57741600E-03
  0.269999981       4.80914488E-03
  0.280000001       5.10793505E-03
  0.289999992       5.24637057E-03
  0.299999982       5.48486691E-03
  0.310000002       5.82954800E-03
  0.319999993       6.36787433E-03
  0.329999983       6.94272108E-03
  0.340000004       7.01219914E-03
  0.349999994       7.34819053E-03
  0.359999985       7.84242526E-03
  0.370000005       8.56348500E-03
  0.379999995       9.67583805E-03
  0.389999986       1.14003215E-02
  0.399999976       1.20465411E-02
  0.409999996       1.21077187E-02
  0.419999987       1.25881294E-02
  0.429999977       1.32901492E-02
  0.439999998       1.42268864E-02
  0.449999988       1.54700177E-02
  0.459999979       1.71470307E-02
  0.469999999       1.95067246E-02
  0.479999989       2.29830276E-02
  0.489999980       2.80804057E-02
  0.500000000       3.01474947E-02
  0.509999990       2.92866752E-02
  0.519999981       2.96103433E-02
  0.529999971       3.03386785E-02
  0.539999962       3.13476659E-02
  0.550000012       3.26080360E-02
  0.560000002       3.41271646E-02
  0.569999993       3.59361731E-02
  0.579999983       3.80870588E-02
  0.589999974       4.06594165E-02
  0.599999964       4.37705442E-02
  0.610000014       4.75946702E-02
  0.620000005       5.23993187E-02
  0.629999995       5.86094782E-02
  0.639999986       6.69170991E-02
  0.649999976       7.83695281E-02
  0.659999967       9.29707214E-02
  0.669999957       9.45056006E-02
  0.680000007       9.26933214E-02
  0.689999998       9.24089700E-02
  0.699999988       9.27993804E-02
  0.709999979       9.36085880E-02
  0.719999969       9.47234631E-02
  0.729999959       9.60840955E-02
  0.740000010       9.76597667E-02
  0.750000000       9.94321778E-02
  0.759999990      0.101394974    
  0.769999981      0.103544809    
  0.779999971      0.105885573    
  0.789999962      0.108424410    
  0.799999952      0.111173071    
  0.810000002      0.114145406    
  0.819999993      0.117362633    
  0.829999983      0.120844290    
  0.839999974      0.124621533    
  0.849999964      0.128728837    
  0.859999955      0.133204684    
  0.870000005      0.138108164    
  0.879999995      0.143493637    
  0.889999986      0.149441376    
  0.899999976      0.156047702    
  0.909999967      0.163435131    
  0.919999957      0.171759620    
  0.930000007      0.181223452    
  0.939999998      0.192090631    
  0.949999988      0.204726666    
  0.959999979      0.219593048    
  0.969999969      0.237301171    
  0.979999959      0.258500397    
  0.989999950      0.283098608    
   1.00000000      0.304454476    
   1.00999999      0.309988767    
   1.01999998      0.312878370    
   1.02999997      0.315157056    
   1.03999996      0.317244411    
   1.04999995      0.319285512    
   1.05999994      0.321340621    
   1.06999993      0.323435575    
   1.07999992      0.325583249    
   1.09000003      0.327786982    
   1.10000002      0.330049276    
   1.11000001      0.332369924    
   1.12000000      0.334747165    
   1.13000000      0.337180912    
   1.13999999      0.339668810    
   1.14999998      0.342208922    
   1.15999997      0.344802439    
   1.16999996      0.347445458    
   1.17999995      0.350137830    
   1.18999994      0.352879971    
   1.19999993      0.355669618    
   1.20999992      0.358514667    
   1.22000003      0.361392140    
   1.23000002      0.364322573    
   1.24000001      0.367302239    
   1.25000000      0.370327681    
   1.25999999      0.373399913    
   1.26999998      0.376519471    
   1.27999997      0.379686087    
   1.28999996      0.382900894    
   1.29999995      0.386163354    
   1.30999994      0.389474779    
   1.31999993      0.392835200    
   1.32999992      0.396246105    
   1.33999991      0.399707347    
   1.35000002      0.403220326    
   1.36000001      0.406785697    
   1.37000000      0.410404712    
   1.38000000      0.414078236    
   1.38999999      0.417806774    
   1.39999998      0.421592563    
   1.40999997      0.425436795    
   1.41999996      0.429340005    
   1.42999995      0.433303684    
   1.43999994      0.437329531    
   1.44999993      0.441420108    
   1.45999992      0.445576042    
   1.46999991      0.449798524    
   1.48000002      0.454090387    
   1.49000001      0.458453298    
   1.50000000      0.462894320    
   1.50999999      0.467399508    
   1.51999998      0.471987605    
   1.52999997      0.476655036    
   1.53999996      0.481404305    
   1.54999995      0.486238658    
   1.55999994      0.491159797    
   1.56999993      0.496170908    
   1.57999992      0.501275420    
   1.58999991      0.506474733    
   1.59999990      0.511774123    
   1.61000001      0.517176270    
   1.62000000      0.522684813    
   1.63000000      0.528303206    
   1.63999999      0.534056604    
   1.64999998      0.539884150    
   1.65999997      0.545857787    
   1.66999996      0.551956534    
   1.67999995      0.558187008    
   1.68999994      0.564554691    
   1.69999993      0.571063042    
   1.70999992      0.577722490    
   1.71999991      0.584533632    
   1.73000002      0.591503739    
   1.74000001      0.598641336    
   1.75000000      0.605951369    
   1.75999999      0.613442242    
   1.76999998      0.621119678    
   1.77999997      0.628993332    
   1.78999996      0.637071192    
   1.79999995      0.645362258    
   1.80999994      0.653875649    
   1.81999993      0.662620127    
   1.82999992      0.671605349    
   1.83999991      0.680842221    
   1.84999990      0.690342009    
   1.86000001      0.700115263    
   1.87000000      0.710171521    
   1.88000000      0.720522702    
   1.88999999      0.731179416    
   1.89999998      0.742151856    
   1.90999997      0.753448606    
   1.91999996      0.765078604    
   1.92999995      0.777047157    
   1.93999994      0.789355934    
   1.94999993      0.802003264    
   1.95999992      0.814979911    
   1.96999991      0.828265965    
   1.97999990      0.841829240    
   1.99000001      0.855617344    
   2.00000000      0.869550049    
   2.00999999      0.883248746    
   2.01999998      0.896176279    
   2.02999997      0.908324182    
   2.03999996      0.919773757    
   2.04999995      0.930605352    
   2.05999994      0.940894008    
   2.06999993      0.950705647    
   2.07999992      0.960096538    
   2.08999991      0.969114780    
   2.09999990      0.977800429    
   2.10999990      0.986190856    
   2.11999989      0.994314313    
   2.12999988       1.00219846    
   2.13999987       1.00986552    
   2.14999986       1.01733708    
   2.15999985       1.02462983    
   2.16999984       1.03175962    
   2.18000007       1.03873980    
   2.19000006       1.04558277    
   2.20000005       1.05230081    
   2.21000004       1.05890214    
   2.22000003       1.06539667    
   2.23000002       1.07179224    
   2.24000001       1.07809722    
   2.25000000       1.08431137    
   2.25999999       1.09044755    
   2.26999998       1.09650946    
   2.27999997       1.10250318    
   2.28999996       1.10842967    
   2.29999995       1.11429751    
   2.30999994       1.12010574    
   2.31999993       1.12586212    
   2.32999992       1.13156593    
   2.33999991       1.13722301    
   2.34999990       1.14283431    
   2.35999990       1.14840376    
   2.36999989       1.15393198    
   2.37999988       1.15942144    
   2.38999987       1.16487586    
   2.39999986       1.17029560    
   2.40999985       1.17568183    
   2.41999984       1.18103850    
   2.42999983       1.18636441    
   2.44000006       1.19166315    
   2.45000005       1.19693422    
   2.46000004       1.20218039    
   2.47000003       1.20740247    
   2.48000002       1.21260047    
   2.49000001       1.21777666    
   2.50000000       1.22293115    
   2.50999999       1.22806466    
   2.51999998       1.23317790    
   2.52999997       1.23827374    
   2.53999996       1.24335158    
   2.54999995       1.24841213    
   2.55999994       1.25345540    
   2.56999993       1.25848329    
   2.57999992       1.26349533    
   2.58999991       1.26849282    
   2.59999990       1.27347696    
   2.60999990       1.27844501    
   2.61999989       1.28340185    
   2.62999988       1.28834558    
   2.63999987       1.29327524    
   2.64999986       1.29819560    
   2.65999985       1.30310190    
   2.66999984       1.30799973    
   2.67999983       1.31288636    
   2.69000006       1.31776130    
   2.70000005       1.32262707    
   2.71000004       1.32748342    
   2.72000003       1.33232868    
   2.73000002       1.33716667    
   2.74000001       1.34199524    
   2.75000000       1.34681487    
   2.75999999       1.35162711    
   2.76999998       1.35643053    
   2.77999997       1.36122680    
   2.78999996       1.36601412    
   2.79999995       1.37079489    
   2.80999994       1.37556851    
   2.81999993       1.38033497    
   2.82999992       1.38509572    
   2.83999991       1.38984942    
   2.84999990       1.39459550    
   2.85999990       1.39933503    
   2.86999989       1.40407097    
   2.87999988       1.40879977    
   2.88999987       1.41352212    
   2.89999986       1.41823900    
   2.90999985       1.42295051    
   2.91999984       1.42765796    
   2.92999983       1.43235838    
   2.93999982       1.43705511    
   2.95000005       1.44174552    
   2.96000004       1.44643390    
   2.97000003       1.45111430    
   2.98000002       1.45579195    
   2.99000001       1.46046531    
   3.00000000       1.46513283    
   3.00999999       1.46979749    
   3.01999998       1.47445714    
   3.02999997       1.47911310    
   3.03999996       1.48376405    
   3.04999995       1.48841274    
   3.05999994       1.49305618    
   3.06999993       1.49769521    
   3.07999992       1.50233185    
   3.08999991       1.50696695    
   3.09999990       1.51159513    
   3.10999990       1.51622081    
   3.11999989       1.52084434    
   3.12999988       1.52546263    
   3.13999987       1.53007984    
   3.14999986       1.53469217    
   3.15999985       1.53930116    
   3.16999984       1.54390717    
   3.17999983       1.54851198    
   3.18999982       1.55311275    
   3.19999981       1.55771077    
   3.21000004       1.56230581    
   3.22000003       1.56689882    
   3.23000002       1.57148695    
   3.24000001       1.57607543    
   3.25000000       1.58065903    
   3.25999999       1.58524024    
   3.26999998       1.58981895    
   3.27999997       1.59439611    
   3.28999996       1.59896958    
   3.29999995       1.60354197    
   3.30999994       1.60811126    
   3.31999993       1.61267900    
   3.32999992       1.61724269    
   3.33999991       1.62180638    
   3.34999990       1.62636542    
   3.35999990       1.63092482    
   3.36999989       1.63548040    
   3.37999988       1.64003396    
   3.38999987       1.64458573    
   3.39999986       1.64913523    
   3.40999985       1.65368462    
   3.41999984       1.65822947    
   3.42999983       1.66277289    
   3.43999982       1.66731632    
   3.44999981       1.67185581    
   3.46000004       1.67639554    
   3.47000003       1.68093061    
   3.48000002       1.68546462    
   3.49000001       1.68999898    
   3.50000000       1.69452906    
   3.50999999       1.69905865    
