   9.99999978E-03   4.44867677E-04
   1.99999996E-02   8.04164447E-04
   2.99999993E-02   1.12583593E-03
   3.99999991E-02   1.27762835E-03
   4.99999970E-02   1.59744953E-03
   5.99999987E-02   1.95051520E-03
   7.00000003E-02   2.11284775E-03
   7.99999982E-02   2.16177455E-03
   8.99999961E-02   2.18931213E-03
   9.99999940E-02   2.23446148E-03
  0.109999999       2.30687950E-03
  0.119999997       2.40563042E-03
  0.129999995       2.52531096E-03
  0.140000001       2.66059046E-03
  0.149999991       2.80665024E-03
  0.159999996       2.96001043E-03
  0.170000002       3.11754504E-03
  0.179999992       3.27724428E-03
  0.189999998       3.44007881E-03
  0.199999988       3.60138179E-03
  0.209999993       3.77014419E-03
  0.219999999       3.93857481E-03
  0.229999989       4.10877261E-03
  0.239999995       4.31543402E-03
  0.250000000       4.48957738E-03
  0.259999990       4.68874164E-03
  0.269999981       4.96355630E-03
  0.280000001       5.31330658E-03
  0.289999992       5.46291703E-03
  0.299999982       5.74909663E-03
  0.310000002       6.17507426E-03
  0.319999993       6.84057642E-03
  0.329999983       7.49179907E-03
  0.340000004       7.57287769E-03
  0.349999994       7.98699353E-03
  0.359999985       8.59719049E-03
  0.370000005       9.48901288E-03
  0.379999995       1.08565455E-02
  0.389999986       1.28968116E-02
  0.399999976       1.35403210E-02
  0.409999996       1.36330081E-02
  0.419999987       1.42139476E-02
  0.429999977       1.50625296E-02
  0.439999998       1.61947757E-02
  0.449999988       1.76953338E-02
  0.459999979       1.97130963E-02
  0.469999999       2.25088429E-02
  0.479999989       2.66118720E-02
  0.489999980       3.23580205E-02
  0.500000000       3.43604423E-02
  0.509999990       3.34475860E-02
  0.519999981       3.38410474E-02
  0.529999971       3.46956551E-02
  0.539999962       3.58735695E-02
  0.550000012       3.73421498E-02
  0.560000002       3.91100310E-02
  0.569999993       4.12127674E-02
  0.579999983       4.37091440E-02
  0.589999974       4.66890149E-02
  0.599999964       5.02833240E-02
  0.610000014       5.46852760E-02
  0.620000005       6.01870976E-02
  0.629999995       6.72425032E-02
  0.639999986       7.65628666E-02
  0.649999976       8.91263336E-02
  0.659999967      0.104400717    
  0.669999957      0.105657510    
  0.680000007      0.103797875    
  0.689999998      0.103543311    
  0.699999988      0.104012027    
  0.709999979      0.104933418    
  0.719999969      0.106191248    
  0.729999959      0.107717745    
  0.740000010      0.109481044    
  0.750000000      0.111461617    
  0.759999990      0.113652311    
  0.769999981      0.116049916    
  0.779999971      0.118658185    
  0.789999962      0.121485271    
  0.799999952      0.124543451    
  0.810000002      0.127848059    
  0.819999993      0.131421417    
  0.829999983      0.135284916    
  0.839999974      0.139472023    
  0.849999964      0.144019440    
  0.859999955      0.148970723    
  0.870000005      0.154381081    
  0.879999995      0.160315692    
  0.889999986      0.166856110    
  0.899999976      0.174103245    
  0.909999967      0.182184264    
  0.919999957      0.191259056    
  0.930000007      0.201533616    
  0.939999998      0.213275075    
  0.949999988      0.226832062    
  0.959999979      0.242652997    
  0.969999969      0.261286020    
  0.979999959      0.283240318    
  0.989999950      0.308124304    
   1.00000000      0.329151720    
   1.00999999      0.334981620    
   1.01999998      0.338167459    
   1.02999997      0.340703845    
   1.03999996      0.343024343    
   1.04999995      0.345283270    
   1.05999994      0.347545922    
   1.06999993      0.349842340    
   1.07999992      0.352187395    
   1.09000003      0.354586929    
   1.10000002      0.357043743    
   1.11000001      0.359559029    
   1.12000000      0.362131149    
   1.13000000      0.364761144    
   1.13999999      0.367445737    
   1.14999998      0.370184839    
   1.15999997      0.372978121    
   1.16999996      0.375823021    
   1.17999995      0.378719538    
   1.18999994      0.381667137    
   1.19999993      0.384664208    
   1.20999992      0.387711376    
   1.22000003      0.390808254    
   1.23000002      0.393952936    
   1.24000001      0.397148222    
   1.25000000      0.400392056    
   1.25999999      0.403684467    
   1.26999998      0.407026917    
   1.27999997      0.410418779    
   1.28999996      0.413860649    
   1.29999995      0.417352706    
   1.30999994      0.420896441    
   1.31999993      0.424490929    
   1.32999992      0.428138405    
   1.33999991      0.431839287    
   1.35000002      0.435593456    
   1.36000001      0.439403057    
   1.37000000      0.443268508    
   1.38000000      0.447190791    
   1.38999999      0.451171398    
   1.39999998      0.455211431    
   1.40999997      0.459312022    
   1.41999996      0.463474482    
   1.42999995      0.467700213    
   1.43999994      0.471991181    
   1.44999993      0.476348281    
   1.45999992      0.480774254    
   1.46999991      0.485269278    
   1.48000002      0.489836812    
   1.49000001      0.494477600    
   1.50000000      0.499194145    
   1.50999999      0.503988802    
   1.51999998      0.508863211    
   1.52999997      0.513819635    
   1.53999996      0.518861473    
   1.54999995      0.523990571    
   1.55999994      0.529209852    
   1.56999993      0.534521043    
   1.57999992      0.539928675    
   1.58999991      0.545435429    
   1.59999990      0.551043451    
   1.61000001      0.556757212    
   1.62000000      0.562579811    
   1.63000000      0.568515241    
   1.63999999      0.574567378    
   1.64999998      0.580740333    
   1.65999997      0.587037086    
   1.66999996      0.593463480    
   1.67999995      0.600024402    
   1.68999994      0.606723785    
   1.69999993      0.613567472    
   1.70999992      0.620560825    
   1.71999991      0.627708554    
   1.73000002      0.635018110    
   1.74000001      0.642494977    
   1.75000000      0.650145590    
   1.75999999      0.657976866    
   1.76999998      0.665996730    
   1.77999997      0.674210787    
   1.78999996      0.682628810    
   1.79999995      0.691258132    
   1.80999994      0.700107098    
   1.81999993      0.709184289    
   1.82999992      0.718499005    
   1.83999991      0.728060782    
   1.84999990      0.737878382    
   1.86000001      0.747961283    
   1.87000000      0.758320391    
   1.88000000      0.768962443    
   1.88999999      0.779898047    
   1.89999998      0.791134179    
   1.90999997      0.802679360    
   1.91999996      0.814537823    
   1.92999995      0.826711297    
   1.93999994      0.839201272    
   1.94999993      0.852000296    
   1.95999992      0.865095675    
   1.96999991      0.878466606    
   1.97999990      0.892077923    
   1.99000001      0.905874312    
   2.00000000      0.919776201    
   2.00999999      0.933411896    
   2.01999998      0.946283162    
   2.02999997      0.958397508    
   2.03999996      0.969833612    
   2.04999995      0.980672419    
   2.05999994      0.990987003    
   2.06999993       1.00083840    
   2.07999992       1.01028240    
   2.08999991       1.01936543    
   2.09999990       1.02812493    
   2.10999990       1.03659594    
   2.11999989       1.04480851    
   2.12999988       1.05278707    
   2.13999987       1.06055439    
   2.14999986       1.06813014    
   2.15999985       1.07553077    
   2.16999984       1.08277190    
   2.18000007       1.08986688    
   2.19000006       1.09682822    
   2.20000005       1.10366571    
   2.21000004       1.11038816    
   2.22000003       1.11700630    
   2.23000002       1.12352729    
   2.24000001       1.12995529    
   2.25000000       1.13630140    
   2.25999999       1.14256740    
   2.26999998       1.14876032    
   2.27999997       1.15488410    
   2.28999996       1.16094410    
   2.29999995       1.16694486    
   2.30999994       1.17288804    
   2.31999993       1.17877710    
   2.32999992       1.18461776    
   2.33999991       1.19041061    
   2.34999990       1.19615722    
   2.35999990       1.20186198    
   2.36999989       1.20752668    
   2.37999988       1.21315527    
   2.38999987       1.21874714    
   2.39999986       1.22430432    
   2.40999985       1.22982800    
   2.41999984       1.23532331    
   2.42999983       1.24078941    
   2.44000006       1.24622571    
   2.45000005       1.25163567    
   2.46000004       1.25701988    
   2.47000003       1.26238191    
   2.48000002       1.26771963    
   2.49000001       1.27303433    
   2.50000000       1.27832961    
   2.50999999       1.28360224    
   2.51999998       1.28885734    
   2.52999997       1.29409325    
   2.53999996       1.29930961    
   2.54999995       1.30451083    
   2.55999994       1.30969465    
   2.56999993       1.31486368    
   2.57999992       1.32001531    
   2.58999991       1.32515275    
   2.59999990       1.33027732    
   2.60999990       1.33538854    
   2.61999989       1.34048533    
   2.62999988       1.34556925    
   2.63999987       1.35064125    
   2.64999986       1.35569990    
   2.65999985       1.36074889    
   2.66999984       1.36578703    
   2.67999983       1.37081468    
   2.69000006       1.37583137    
   2.70000005       1.38083744    
   2.71000004       1.38583612    
   2.72000003       1.39082360    
   2.73000002       1.39580071    
   2.74000001       1.40077043    
   2.75000000       1.40573096    
   2.75999999       1.41068363    
   2.76999998       1.41562843    
   2.77999997       1.42056561    
   2.78999996       1.42549431    
   2.79999995       1.43041742    
   2.80999994       1.43533194    
   2.81999993       1.44023585    
   2.82999992       1.44514167    
   2.83999991       1.45003641    
   2.84999990       1.45492375    
   2.85999990       1.45980608    
   2.86999989       1.46468186    
   2.87999988       1.46955073    
   2.88999987       1.47441709    
   2.89999986       1.47927547    
   2.90999985       1.48412752    
   2.91999984       1.48897839    
   2.92999983       1.49381924    
   2.93999982       1.49865711    
   2.95000005       1.50349009    
   2.96000004       1.50831795    
   2.97000003       1.51314175    
   2.98000002       1.51795959    
   2.99000001       1.52277303    
   3.00000000       1.52758312    
   3.00999999       1.53238761    
   3.01999998       1.53718913    
   3.02999997       1.54198670    
   3.03999996       1.54677927    
   3.04999995       1.55156958    
   3.05999994       1.55635524    
   3.06999993       1.56113577    
   3.07999992       1.56591499    
   3.08999991       1.57068872    
   3.09999990       1.57545900    
   3.10999990       1.58022726    
   3.11999989       1.58499110    
   3.12999988       1.58975220    
   3.13999987       1.59451032    
   3.14999986       1.59926403    
   3.15999985       1.60401511    
   3.16999984       1.60876429    
   3.17999983       1.61350763    
   3.18999982       1.61825144    
   3.19999981       1.62299049    
   3.21000004       1.62772393    
   3.22000003       1.63245916    
   3.23000002       1.63719082    
   3.24000001       1.64192033    
   3.25000000       1.64664543    
   3.25999999       1.65137017    
   3.26999998       1.65608823    
   3.27999997       1.66080749    
   3.28999996       1.66552341    
   3.29999995       1.67023647    
   3.30999994       1.67494667    
   3.31999993       1.67965603    
   3.32999992       1.68436110    
   3.33999991       1.68906665    
   3.34999990       1.69376838    
   3.35999990       1.69846678    
   3.36999989       1.70316529    
   3.37999988       1.70786130    
   3.38999987       1.71255398    
   3.39999986       1.71724522    
   3.40999985       1.72193396    
   3.41999984       1.72662222    
   3.42999983       1.73130703    
   3.43999982       1.73599076    
   3.44999981       1.74067247    
   3.46000004       1.74535203    
   3.47000003       1.75003004    
   3.48000002       1.75470686    
   3.49000001       1.75938070    
   3.50000000       1.76405311    
   3.50999999       1.76872373    
