   9.99999978E-03   4.44859266E-04
   1.99999996E-02   8.04483308E-04
   2.99999993E-02   1.12658856E-03
   3.99999991E-02   1.27997505E-03
   4.99999970E-02   1.59744057E-03
   5.99999987E-02   1.95271580E-03
   7.00000003E-02   2.11778027E-03
   7.99999982E-02   2.16757460E-03
   8.99999961E-02   2.19480903E-03
   9.99999940E-02   2.23918282E-03
  0.109999999       2.31078942E-03
  0.119999997       2.40878551E-03
  0.129999995       2.52787559E-03
  0.140000001       2.66270922E-03
  0.149999991       2.80846772E-03
  0.159999996       2.96167098E-03
  0.170000002       3.11911339E-03
  0.179999992       3.27886245E-03
  0.189999998       3.44191073E-03
  0.199999988       3.60346190E-03
  0.209999993       3.77288554E-03
  0.219999999       3.94185679E-03
  0.229999989       4.11296589E-03
  0.239999995       4.32140287E-03
  0.250000000       4.49641887E-03
  0.259999990       4.69747651E-03
  0.269999981       4.97583067E-03
  0.280000001       5.32951672E-03
  0.289999992       5.48006315E-03
  0.299999982       5.77013660E-03
  0.310000002       6.20267633E-03
  0.319999993       6.87824981E-03
  0.329999983       7.53505342E-03
  0.340000004       7.61725241E-03
  0.349999994       8.03741999E-03
  0.359999985       8.65688175E-03
  0.370000005       9.56240389E-03
  0.379999995       1.09480880E-02
  0.389999986       1.30140288E-02
  0.399999976       1.36568043E-02
  0.409999996       1.37518272E-02
  0.419999987       1.43409781E-02
  0.429999977       1.52010163E-02
  0.439999998       1.63485054E-02
  0.449999988       1.78690832E-02
  0.459999979       1.99131966E-02
  0.469999999       2.27651726E-02
  0.479999989       2.68929657E-02
  0.489999980       3.26863825E-02
  0.500000000       3.46828811E-02
  0.509999990       3.37665230E-02
  0.519999981       3.41654532E-02
  0.529999971       3.50298174E-02
  0.539999962       3.62206176E-02
  0.550000012       3.77050862E-02
  0.560000002       3.94919664E-02
  0.569999993       4.16170172E-02
  0.579999983       4.41396981E-02
  0.589999974       4.71504070E-02
  0.599999964       5.07812761E-02
  0.610000014       5.52267246E-02
  0.620000005       6.07808828E-02
  0.629999995       6.78991005E-02
  0.639999986       7.72939399E-02
  0.649999976       8.99373367E-02
  0.659999967      0.105256654    
  0.669999957      0.106493510    
  0.680000007      0.104631260    
  0.689999998      0.104379319    
  0.699999988      0.104854017    
  0.709999979      0.105783954    
  0.719999969      0.107052453    
  0.729999959      0.108591430    
  0.740000010      0.110368654    
  0.750000000      0.112364806    
  0.759999990      0.114572413    
  0.769999981      0.116988465    
  0.779999971      0.119616762    
  0.789999962      0.122465268    
  0.799999952      0.125546128    
  0.810000002      0.128875658    
  0.819999993      0.132475376    
  0.829999983      0.136367276    
  0.839999974      0.140584558    
  0.849999964      0.145164356    
  0.859999955      0.150150731    
  0.870000005      0.155598551    
  0.879999995      0.161606133    
  0.889999986      0.168157384    
  0.899999976      0.175451472    
  0.909999967      0.183582947    
  0.919999957      0.192712232    
  0.930000007      0.203045681    
  0.939999998      0.214849725    
  0.949999988      0.228472680    
  0.959999979      0.244361386    
  0.969999969      0.263058692    
  0.979999959      0.285063773    
  0.989999950      0.309964836    
   1.00000000      0.330968142    
   1.00999999      0.336819023    
   1.01999998      0.340026289    
   1.02999997      0.342581689    
   1.03999996      0.344919354    
   1.04999995      0.347193807    
   1.05999994      0.349472046    
   1.06999993      0.351783156    
   1.07999992      0.354142785    
   1.09000003      0.356556386    
   1.10000002      0.359027833    
   1.11000001      0.361557096    
   1.12000000      0.364143759    
   1.13000000      0.366787761    
   1.13999999      0.369487286    
   1.14999998      0.372240722    
   1.15999997      0.375048786    
   1.16999996      0.377908409    
   1.17999995      0.380819649    
   1.18999994      0.383782178    
   1.19999993      0.386794299    
   1.20999992      0.389857292    
   1.22000003      0.392969400    
   1.23000002      0.396129727    
   1.24000001      0.399340987    
   1.25000000      0.402600646    
   1.25999999      0.405908912    
   1.26999998      0.409267694    
   1.27999997      0.412675411    
   1.28999996      0.416134268    
   1.29999995      0.419643104    
   1.30999994      0.423203081    
   1.31999993      0.426815450    
   1.32999992      0.430480212    
   1.33999991      0.434197992    
   1.35000002      0.437969804    
   1.36000001      0.441797346    
   1.37000000      0.445680737    
   1.38000000      0.449621201    
   1.38999999      0.453619987    
   1.39999998      0.457678258    
   1.40999997      0.461797357    
   1.41999996      0.465978920    
   1.42999995      0.470223606    
   1.43999994      0.474533886    
   1.44999993      0.478909999    
   1.45999992      0.483355582    
   1.46999991      0.487870365    
   1.48000002      0.492457598    
   1.49000001      0.497118384    
   1.50000000      0.501855910    
   1.50999999      0.506670833    
   1.51999998      0.511565685    
   1.52999997      0.516543925    
   1.53999996      0.521605909    
   1.54999995      0.526756287    
   1.55999994      0.531996787    
   1.56999993      0.537330389    
   1.57999992      0.542759418    
   1.58999991      0.548287809    
   1.59999990      0.553918004    
   1.61000001      0.559655070    
   1.62000000      0.565500498    
   1.63000000      0.571458161    
   1.63999999      0.577533722    
   1.64999998      0.583728969    
   1.65999997      0.590049505    
   1.66999996      0.596499324    
   1.67999995      0.603083432    
   1.68999994      0.609807134    
   1.69999993      0.616674364    
   1.70999992      0.623691022    
   1.71999991      0.630863369    
   1.73000002      0.638196707    
   1.74000001      0.645698369    
   1.75000000      0.653372705    
   1.75999999      0.661228359    
   1.76999998      0.669271946    
   1.77999997      0.677511156    
   1.78999996      0.685952604    
   1.79999995      0.694605768    
   1.80999994      0.703478634    
   1.81999993      0.712579310    
   1.82999992      0.721917212    
   1.83999991      0.731501281    
   1.84999990      0.741341770    
   1.86000001      0.751446128    
   1.87000000      0.761825144    
   1.88000000      0.772488296    
   1.88999999      0.783442795    
   1.89999998      0.794697404    
   1.90999997      0.806259811    
   1.91999996      0.818132639    
   1.92999995      0.830321312    
   1.93999994      0.842822969    
   1.94999993      0.855631769    
   1.95999992      0.868736207    
   1.96999991      0.882112205    
   1.97999990      0.895725667    
   1.99000001      0.909522533    
   2.00000000      0.923421443    
   2.00999999      0.937052548    
   2.01999998      0.949919999    
   2.02999997      0.962032020    
   2.03999996      0.973467231    
   2.04999995      0.984306276    
   2.05999994      0.994621992    
   2.06999993       1.00447619    
   2.07999992       1.01392448    
   2.08999991       1.02301133    
   2.09999990       1.03177464    
   2.10999990       1.04025280    
   2.11999989       1.04847050    
   2.12999988       1.05645597    
   2.13999987       1.06423056    
   2.14999986       1.07181275    
   2.15999985       1.07922149    
   2.16999984       1.08647037    
   2.18000007       1.09357393    
   2.19000006       1.10054278    
   2.20000005       1.10738802    
   2.21000004       1.11412108    
   2.22000003       1.12074733    
   2.23000002       1.12727666    
   2.24000001       1.13371456    
   2.25000000       1.14006913    
   2.25999999       1.14634383    
   2.26999998       1.15254676    
   2.27999997       1.15867949    
   2.28999996       1.16474795    
   2.29999995       1.17075813    
   2.30999994       1.17671037    
   2.31999993       1.18260908    
   2.32999992       1.18845797    
   2.33999991       1.19426012    
   2.34999990       1.20001769    
   2.35999990       1.20573258    
   2.36999989       1.21140718    
   2.37999988       1.21704447    
   2.38999987       1.22264564    
   2.39999986       1.22821224    
   2.40999985       1.23374844    
   2.41999984       1.23925173    
   2.42999983       1.24472773    
   2.44000006       1.25017452    
   2.45000005       1.25559449    
   2.46000004       1.26098835    
   2.47000003       1.26635957    
   2.48000002       1.27170658    
   2.49000001       1.27703345    
   2.50000000       1.28233635    
   2.50999999       1.28762090    
   2.51999998       1.29288483    
   2.52999997       1.29813099    
   2.53999996       1.30335772    
   2.54999995       1.30856919    
   2.55999994       1.31376219    
   2.56999993       1.31893933    
   2.57999992       1.32410359    
   2.58999991       1.32925069    
   2.59999990       1.33438420    
   2.60999990       1.33950520    
   2.61999989       1.34461224    
   2.62999988       1.34970641    
   2.63999987       1.35478866    
   2.64999986       1.35985863    
   2.65999985       1.36491656    
   2.66999984       1.36996531    
   2.67999983       1.37500238    
   2.69000006       1.38002896    
   2.70000005       1.38504398    
   2.71000004       1.39005268    
   2.72000003       1.39505064    
   2.73000002       1.40003741    
   2.74000001       1.40501857    
   2.75000000       1.40998936    
   2.75999999       1.41495132    
   2.76999998       1.41990685    
   2.77999997       1.42485416    
   2.78999996       1.42979324    
   2.79999995       1.43472648    
   2.80999994       1.43965030    
   2.81999993       1.44456613    
   2.82999992       1.44947994    
   2.83999991       1.45438373    
   2.84999990       1.45928264    
   2.85999990       1.46417427    
   2.86999989       1.46906018    
   2.87999988       1.47394168    
   2.88999987       1.47881544    
   2.89999986       1.48368251    
   2.90999985       1.48854756    
   2.91999984       1.49340546    
   2.92999983       1.49825728    
   2.93999982       1.50310469    
   2.95000005       1.50794876    
   2.96000004       1.51278615    
   2.97000003       1.51761985    
   2.98000002       1.52244878    
   2.99000001       1.52727342    
   3.00000000       1.53209174    
   3.00999999       1.53690803    
   3.01999998       1.54171896    
   3.02999997       1.54652643    
   3.03999996       1.55132902    
   3.04999995       1.55612838    
   3.05999994       1.56092572    
   3.06999993       1.56571496    
   3.07999992       1.57050383    
   3.08999991       1.57528889    
   3.09999990       1.58006918    
   3.10999990       1.58484793    
   3.11999989       1.58962190    
   3.12999988       1.59439290    
   3.13999987       1.59916055    
   3.14999986       1.60392332    
   3.15999985       1.60868609    
   3.16999984       1.61344397    
   3.17999983       1.61819804    
   3.18999982       1.62295067    
   3.19999981       1.62770104    
   3.21000004       1.63244581    
   3.22000003       1.63719165    
   3.23000002       1.64193249    
   3.24000001       1.64667094    
   3.25000000       1.65140712    
   3.25999999       1.65614033    
   3.26999998       1.66087115    
   3.27999997       1.66560006    
   3.28999996       1.67032480    
   3.29999995       1.67504716    
   3.30999994       1.67976964    
   3.31999993       1.68448794    
   3.32999992       1.68920386    
   3.33999991       1.69391787    
   3.34999990       1.69863081    
   3.35999990       1.70333970    
   3.36999989       1.70804775    
   3.37999988       1.71275282    
   3.38999987       1.71745670    
   3.39999986       1.72215831    
   3.40999985       1.72685742    
   3.41999984       1.73155475    
   3.42999983       1.73625040    
   3.43999982       1.74094486    
   3.44999981       1.74563503    
   3.46000004       1.75032675    
   3.47000003       1.75501311    
   3.48000002       1.75970066    
   3.49000001       1.76438475    
   3.50000000       1.76906681    
   3.50999999       1.77374780    
