   9.99999978E-03   4.44773264E-04
   1.99999996E-02   8.05313466E-04
   2.99999993E-02   1.12942129E-03
   3.99999991E-02   1.28971774E-03
   4.99999970E-02   1.59742462E-03
   5.99999987E-02   1.96093041E-03
   7.00000003E-02   2.13723769E-03
   7.99999982E-02   2.19077873E-03
   8.99999961E-02   2.21699942E-03
   9.99999940E-02   2.25841370E-03
  0.109999999       2.32676324E-03
  0.119999997       2.42163381E-03
  0.129999995       2.53830920E-03
  0.140000001       2.67129182E-03
  0.149999991       2.81577348E-03
  0.159999996       2.96822679E-03
  0.170000002       3.12539167E-03
  0.179999992       3.28536239E-03
  0.189999998       3.44927725E-03
  0.199999988       3.61189852E-03
  0.209999993       3.78384674E-03
  0.219999999       3.95518402E-03
  0.229999989       4.13046405E-03
  0.239999995       4.34601214E-03
  0.250000000       4.52410663E-03
  0.259999990       4.73363651E-03
  0.269999981       5.02680242E-03
  0.280000001       5.39666135E-03
  0.289999992       5.55112911E-03
  0.299999982       5.85749140E-03
  0.310000002       6.31735381E-03
  0.319999993       7.03462912E-03
  0.329999983       7.71398377E-03
  0.340000004       7.80150294E-03
  0.349999994       8.24628863E-03
  0.359999985       8.89877975E-03
  0.370000005       9.86654963E-03
  0.379999995       1.13343988E-02
  0.389999986       1.34974709E-02
  0.399999976       1.41365146E-02
  0.409999996       1.42425066E-02
  0.419999987       1.48644624E-02
  0.429999977       1.57716721E-02
  0.439999998       1.69820357E-02
  0.449999988       1.85828004E-02
  0.459999979       2.07372829E-02
  0.469999999       2.37331651E-02
  0.479999989       2.80476455E-02
  0.489999980       3.40311900E-02
  0.500000000       3.60022821E-02
  0.509999990       3.50722298E-02
  0.519999981       3.54937240E-02
  0.529999971       3.63978893E-02
  0.539999962       3.76415625E-02
  0.550000012       3.91910262E-02
  0.560000002       4.10553887E-02
  0.569999993       4.32714932E-02
  0.579999983       4.59016040E-02
  0.589999974       4.90382165E-02
  0.599999964       5.28179966E-02
  0.610000014       5.74405566E-02
  0.620000005       6.32069483E-02
  0.629999995       7.05800056E-02
  0.639999986       8.02753419E-02
  0.649999976       9.32378471E-02
  0.659999967      0.108733587    
  0.669999957      0.109887995    
  0.680000007      0.108018309    
  0.689999998      0.107777126    
  0.699999988      0.108275212    
  0.709999979      0.109243229    
  0.719999969      0.110553771    
  0.729999959      0.112143226    
  0.740000010      0.113977440    
  0.750000000      0.116036654    
  0.759999990      0.118313007    
  0.769999981      0.120803766    
  0.779999971      0.123512827    
  0.789999962      0.126447991    
  0.799999952      0.129618868    
  0.810000002      0.133051366    
  0.819999993      0.136757895    
  0.829999983      0.140764266    
  0.839999974      0.145104006    
  0.849999964      0.149815336    
  0.859999955      0.154942453    
  0.870000005      0.160541773    
  0.879999995      0.166679412    
  0.889999986      0.173438698    
  0.899999976      0.180921704    
  0.909999967      0.189256892    
  0.919999957      0.198605493    
  0.930000007      0.209174246    
  0.939999998      0.221229300    
  0.949999988      0.235116050    
  0.959999979      0.251265913    
  0.969999969      0.270225346    
  0.979999959      0.292429954    
  0.989999950      0.317394733    
   1.00000000      0.338300884    
   1.00999999      0.344236016    
   1.01999998      0.347528934    
   1.02999997      0.350160211    
   1.03999996      0.352567226    
   1.04999995      0.354906201    
   1.05999994      0.357245564    
   1.06999993      0.359616727    
   1.07999992      0.362035006    
   1.09000003      0.364506990    
   1.10000002      0.367035866    
   1.11000001      0.369622737    
   1.12000000      0.372267246    
   1.13000000      0.374969214    
   1.13999999      0.377726734    
   1.14999998      0.380538821    
   1.15999997      0.383405924    
   1.16999996      0.386324674    
   1.17999995      0.389296263    
   1.18999994      0.392319620    
   1.19999993      0.395384818    
   1.20999992      0.398517132    
   1.22000003      0.401691169    
   1.23000002      0.404914141    
   1.24000001      0.408189356    
   1.25000000      0.411513239    
   1.25999999      0.414885670    
   1.26999998      0.418310195    
   1.27999997      0.421784401    
   1.28999996      0.425309271    
   1.29999995      0.428884834    
   1.30999994      0.432513505    
   1.31999993      0.436194181    
   1.32999992      0.439927906    
   1.33999991      0.443715900    
   1.35000002      0.447558552    
   1.36000001      0.451457113    
   1.37000000      0.455412298    
   1.38000000      0.459425360    
   1.38999999      0.463497400    
   1.39999998      0.467629880    
   1.40999997      0.471824020    
   1.41999996      0.476081163    
   1.42999995      0.480402023    
   1.43999994      0.484789222    
   1.44999993      0.489243209    
   1.45999992      0.493767321    
   1.46999991      0.498361140    
   1.48000002      0.503028750    
   1.49000001      0.507770121    
   1.50000000      0.512588859    
   1.50999999      0.517486393    
   1.51999998      0.522464573    
   1.52999997      0.527525604    
   1.53999996      0.532672942    
   1.54999995      0.537908256    
   1.55999994      0.543235123    
   1.56999993      0.548654914    
   1.57999992      0.554172277    
   1.58999991      0.559788883    
   1.59999990      0.565507829    
   1.61000001      0.571334124    
   1.62000000      0.577270448    
   1.63000000      0.583320141    
   1.63999999      0.589486599    
   1.64999998      0.595774531    
   1.65999997      0.602188408    
   1.66999996      0.608731985    
   1.67999995      0.615410805    
   1.68999994      0.622228444    
   1.69999993      0.629191101    
   1.70999992      0.636304140    
   1.71999991      0.643572390    
   1.73000002      0.651002109    
   1.74000001      0.658599675    
   1.75000000      0.666371346    
   1.75999999      0.674323142    
   1.76999998      0.682463527    
   1.77999997      0.690797567    
   1.78999996      0.699335814    
   1.79999995      0.708083749    
   1.80999994      0.717050314    
   1.81999993      0.726244211    
   1.82999992      0.735674739    
   1.83999991      0.745348215    
   1.84999990      0.755276859    
   1.86000001      0.765467346    
   1.87000000      0.775930762    
   1.88000000      0.786673307    
   1.88999999      0.797703326    
   1.89999998      0.809030890    
   1.90999997      0.820659518    
   1.91999996      0.832594216    
   1.92999995      0.844837725    
   1.93999994      0.857386887    
   1.94999993      0.870235622    
   1.95999992      0.883369327    
   1.96999991      0.896766782    
   1.97999990      0.910390913    
   1.99000001      0.924187124    
   2.00000000      0.938076735    
   2.00999999      0.951687932    
   2.01999998      0.964538157    
   2.02999997      0.976639271    
   2.03999996      0.988070369    
   2.04999995      0.998910010    
   2.05999994       1.00923288    
   2.06999993       1.01909685    
   2.07999992       1.02855957    
   2.08999991       1.03766310    
   2.09999990       1.04644668    
   2.10999990       1.05494595    
   2.11999989       1.06318808    
   2.12999988       1.07119954    
   2.13999987       1.07900095    
   2.14999986       1.08661175    
   2.15999985       1.09405053    
   2.16999984       1.10133147    
   2.18000007       1.10846591    
   2.19000006       1.11546779    
   2.20000005       1.12234569    
   2.21000004       1.12911212    
   2.22000003       1.13577378    
   2.23000002       1.14233768    
   2.24000001       1.14881122    
   2.25000000       1.15520084    
   2.25999999       1.16151273    
   2.26999998       1.16775060    
   2.27999997       1.17392135    
   2.28999996       1.18002629    
   2.29999995       1.18607533    
   2.30999994       1.19206476    
   2.31999993       1.19800138    
   2.32999992       1.20388877    
   2.33999991       1.20972931    
   2.34999990       1.21552467    
   2.35999990       1.22127759    
   2.36999989       1.22699082    
   2.37999988       1.23266685    
   2.38999987       1.23830664    
   2.39999986       1.24391246    
   2.40999985       1.24948633    
   2.41999984       1.25502956    
   2.42999983       1.26054263    
   2.44000006       1.26603007    
   2.45000005       1.27148950    
   2.46000004       1.27692425    
   2.47000003       1.28233290    
   2.48000002       1.28772068    
   2.49000001       1.29308581    
   2.50000000       1.29842925    
   2.50999999       1.30375314    
   2.51999998       1.30905676    
   2.52999997       1.31434214    
   2.53999996       1.31960833    
   2.54999995       1.32485902    
   2.55999994       1.33009303    
   2.56999993       1.33531094    
   2.57999992       1.34051478    
   2.58999991       1.34570122    
   2.59999990       1.35087407    
   2.60999990       1.35603571    
   2.61999989       1.36118162    
   2.62999988       1.36631668    
   2.63999987       1.37143874    
   2.64999986       1.37654877    
   2.65999985       1.38164747    
   2.66999984       1.38673544    
   2.67999983       1.39181101    
   2.69000006       1.39687908    
   2.70000005       1.40193522    
   2.71000004       1.40698254    
   2.72000003       1.41202140    
   2.73000002       1.41704869    
   2.74000001       1.42206907    
   2.75000000       1.42707872    
   2.75999999       1.43208230    
   2.76999998       1.43707752    
   2.77999997       1.44206381    
   2.78999996       1.44704413    
   2.79999995       1.45201755    
   2.80999994       1.45698071    
   2.81999993       1.46193588    
   2.82999992       1.46689141    
   2.83999991       1.47183645    
   2.84999990       1.47677469    
   2.85999990       1.48170638    
   2.86999989       1.48663282    
   2.87999988       1.49155414    
   2.88999987       1.49646783    
   2.89999986       1.50137615    
   2.90999985       1.50627983    
   2.91999984       1.51117980    
   2.92999983       1.51607144    
   2.93999982       1.52095973    
   2.95000005       1.52584291    
   2.96000004       1.53072083    
   2.97000003       1.53559458    
   2.98000002       1.54046321    
   2.99000001       1.54532743    
   3.00000000       1.55018830    
   3.00999999       1.55504465    
   3.01999998       1.55989528    
   3.02999997       1.56474388    
   3.03999996       1.56958735    
   3.04999995       1.57442605    
   3.05999994       1.57926273    
   3.06999993       1.58409297    
   3.07999992       1.58892179    
   3.08999991       1.59374762    
   3.09999990       1.59856975    
   3.10999990       1.60338604    
   3.11999989       1.60819995    
   3.12999988       1.61301172    
   3.13999987       1.61781943    
   3.14999986       1.62262511    
   3.15999985       1.62742662    
   3.16999984       1.63222587    
   3.17999983       1.63701916    
   3.18999982       1.64181280    
   3.19999981       1.64660275    
   3.21000004       1.65138805    
   3.22000003       1.65617383    
   3.23000002       1.66095531    
   3.24000001       1.66573417    
   3.25000000       1.67050982    
   3.25999999       1.67528307    
   3.26999998       1.68005443    
   3.27999997       1.68482304    
   3.28999996       1.68958986    
   3.29999995       1.69435275    
   3.30999994       1.69911456    
   3.31999993       1.70387340    
   3.32999992       1.70863008    
   3.33999991       1.71338451    
   3.34999990       1.71813726    
   3.35999990       1.72288764    
   3.36999989       1.72763407    
   3.37999988       1.73238087    
   3.38999987       1.73712432    
   3.39999986       1.74186611    
   3.40999985       1.74660647    
   3.41999984       1.75134337    
   3.42999983       1.75607920    
   3.43999982       1.76081288    
   3.44999981       1.76554561    
   3.46000004       1.77027559    
   3.47000003       1.77500510    
   3.48000002       1.77973080    
   3.49000001       1.78445518    
   3.50000000       1.78917944    
   3.50999999       1.79390061    
