   9.99999978E-03   4.43904137E-04
   1.99999996E-02   8.05130810E-04
   2.99999993E-02   1.12817576E-03
   3.99999991E-02   1.28477858E-03
   4.99999970E-02   1.59744639E-03
   5.99999987E-02   1.95693271E-03
   7.00000003E-02   2.12756661E-03
   7.99999982E-02   2.17915419E-03
   8.99999961E-02   2.20587384E-03
   9.99999940E-02   2.24875263E-03
  0.109999999       2.31878948E-03
  0.119999997       2.41515622E-03
  0.129999995       2.53307656E-03
  0.140000001       2.66698003E-03
  0.149999991       2.81209568E-03
  0.159999996       2.96493201E-03
  0.170000002       3.12227313E-03
  0.179999992       3.28219961E-03
  0.189999998       3.44558177E-03
  0.199999988       3.60765960E-03
  0.209999993       3.77832563E-03
  0.219999999       3.94846825E-03
  0.229999989       4.12176829E-03
  0.239999995       4.33354033E-03
  0.250000000       4.50985366E-03
  0.259999990       4.71531041E-03
  0.269999981       5.00094611E-03
  0.280000001       5.36262011E-03
  0.289999992       5.51508740E-03
  0.299999982       5.81316696E-03
  0.310000002       6.25913171E-03
  0.319999993       6.95527950E-03
  0.329999983       7.62324268E-03
  0.340000004       7.70835485E-03
  0.349999994       8.14038422E-03
  0.359999985       8.77882820E-03
  0.370000005       9.71230865E-03
  0.379999995       1.11386161E-02
  0.389999986       1.32527603E-02
  0.399999976       1.38938325E-02
  0.409999996       1.39942318E-02
  0.419999987       1.45995785E-02
  0.429999977       1.54829537E-02
  0.439999998       1.66614763E-02
  0.449999988       1.82227641E-02
  0.459999979       2.03204248E-02
  0.469999999       2.32436620E-02
  0.479999989       2.74641048E-02
  0.489999980       3.33523899E-02
  0.500000000       3.53365354E-02
  0.509999990       3.44132371E-02
  0.519999981       3.48233245E-02
  0.529999971       3.57074104E-02
  0.539999962       3.69244032E-02
  0.550000012       3.84411067E-02
  0.560000002       4.02663723E-02
  0.569999993       4.24368493E-02
  0.579999983       4.50055115E-02
  0.589999974       4.80856970E-02
  0.599999964       5.17904572E-02
  0.610000014       5.63238785E-02
  0.620000005       6.19834550E-02
  0.629999995       6.92284703E-02
  0.639999986       7.87730590E-02
  0.649999976       9.15759355E-02
  0.659999967      0.106984198    
  0.669999957      0.108178690    
  0.680000007      0.106313772    
  0.689999998      0.106066979    
  0.699999988      0.106554121    
  0.709999979      0.107502848    
  0.719999969      0.108791590    
  0.729999959      0.110355541    
  0.740000010      0.112161241    
  0.750000000      0.114188716    
  0.759999990      0.116430566    
  0.769999981      0.118883684    
  0.779999971      0.121552110    
  0.789999962      0.124443695    
  0.799999952      0.127567843    
  0.810000002      0.130950272    
  0.819999993      0.134602979    
  0.829999983      0.138551742    
  0.839999974      0.142830148    
  0.849999964      0.147475377    
  0.859999955      0.152531952    
  0.870000005      0.158055067    
  0.879999995      0.164111093    
  0.889999986      0.170782477    
  0.899999976      0.178170606    
  0.909999967      0.186403796    
  0.919999957      0.195642352    
  0.930000007      0.206093311    
  0.939999998      0.218022913    
  0.949999988      0.231777862    
  0.959999979      0.247800887    
  0.969999969      0.266625702    
  0.979999959      0.288731962    
  0.989999950      0.313665330    
   1.00000000      0.334620565    
   1.00999999      0.340513557    
   1.01999998      0.343763292    
   1.02999997      0.346356750    
   1.03999996      0.348728925    
   1.04999995      0.351035744    
   1.05999994      0.353344262    
   1.06999993      0.355685353    
   1.07999992      0.358074337    
   1.09000003      0.360516757    
   1.10000002      0.363017112    
   1.11000001      0.365575194    
   1.12000000      0.368190348    
   1.13000000      0.370863318    
   1.13999999      0.373592228    
   1.14999998      0.376374096    
   1.15999997      0.379211575    
   1.16999996      0.382101059    
   1.17999995      0.385042429    
   1.18999994      0.388034761    
   1.19999993      0.391077578    
   1.20999992      0.394171327    
   1.22000003      0.397314221    
   1.23000002      0.400505543    
   1.24000001      0.403748870    
   1.25000000      0.407040536    
   1.25999999      0.410381079    
   1.26999998      0.413772643    
   1.27999997      0.417213738    
   1.28999996      0.420705050    
   1.29999995      0.424247622    
   1.30999994      0.427841097    
   1.31999993      0.431487858    
   1.32999992      0.435187161    
   1.33999991      0.438939691    
   1.35000002      0.442747116    
   1.36000001      0.446610063    
   1.37000000      0.450529575    
   1.38000000      0.454505801    
   1.38999999      0.458541334    
   1.39999998      0.462636679    
   1.40999997      0.466793150    
   1.41999996      0.471012264    
   1.42999995      0.475295156    
   1.43999994      0.479643583    
   1.44999993      0.484058917    
   1.45999992      0.488543361    
   1.46999991      0.493097693    
   1.48000002      0.497725189    
   1.49000001      0.502426624    
   1.50000000      0.507203817    
   1.50999999      0.512059927    
   1.51999998      0.516996324    
   1.52999997      0.522016287    
   1.53999996      0.527121127    
   1.54999995      0.532314241    
   1.55999994      0.537597358    
   1.56999993      0.542974114    
   1.57999992      0.548447251    
   1.58999991      0.554019332    
   1.59999990      0.559694767    
   1.61000001      0.565475762    
   1.62000000      0.571366489    
   1.63000000      0.577370405    
   1.63999999      0.583491385    
   1.64999998      0.589733303    
   1.65999997      0.596100390    
   1.66999996      0.602597177    
   1.67999995      0.609214962    
   1.68999994      0.615999341    
   1.69999993      0.622913778    
   1.70999992      0.629979491    
   1.71999991      0.637199521    
   1.73000002      0.644580960    
   1.74000001      0.652131081    
   1.75000000      0.659853756    
   1.75999999      0.667757154    
   1.76999998      0.675849557    
   1.77999997      0.684135973    
   1.78999996      0.692626178    
   1.79999995      0.701326728    
   1.80999994      0.710246503    
   1.81999993      0.719393611    
   1.82999992      0.728777766    
   1.83999991      0.738407016    
   1.84999990      0.748291016    
   1.86000001      0.758439064    
   1.87000000      0.768860519    
   1.88000000      0.779563129    
   1.88999999      0.790556133    
   1.89999998      0.801847219    
   1.90999997      0.813443184    
   1.91999996      0.825347126    
   1.92999995      0.837563157    
   1.93999994      0.850088358    
   1.94999993      0.862917006    
   1.95999992      0.876037061    
   1.96999991      0.889424205    
   1.97999990      0.903042793    
   1.99000001      0.916839600    
   2.00000000      0.930733502    
   2.00999999      0.944355190    
   2.01999998      0.957214236    
   2.02999997      0.969320834    
   2.03999996      0.980753720    
   2.04999995      0.991593182    
   2.05999994       1.00191224    
   2.06999993       1.01177168    
   2.07999992       1.02122653    
   2.08999991       1.03032184    
   2.09999990       1.03909647    
   2.10999990       1.04758406    
   2.11999989       1.05581450    
   2.12999988       1.06381238    
   2.13999987       1.07160139    
   2.14999986       1.07919788    
   2.15999985       1.08662140    
   2.16999984       1.09388626    
   2.18000007       1.10100579    
   2.19000006       1.10799146    
   2.20000005       1.11485302    
   2.21000004       1.12160206    
   2.22000003       1.12824643    
   2.23000002       1.13479304    
   2.24000001       1.14124858    
   2.25000000       1.14762044    
   2.25999999       1.15391409    
   2.26999998       1.16013491    
   2.27999997       1.16628635    
   2.28999996       1.17237413    
   2.29999995       1.17840290    
   2.30999994       1.18437397    
   2.31999993       1.19029129    
   2.32999992       1.19616020    
   2.33999991       1.20198071    
   2.34999990       1.20775735    
   2.35999990       1.21349120    
   2.36999989       1.21918607    
   2.37999988       1.22484195    
   2.38999987       1.23046327    
   2.39999986       1.23604846    
   2.40999985       1.24160361    
   2.41999984       1.24712658    
   2.42999983       1.25262070    
   2.44000006       1.25808871    
   2.45000005       1.26352894    
   2.46000004       1.26894295    
   2.47000003       1.27433324    
   2.48000002       1.27970111    
   2.49000001       1.28504741    
   2.50000000       1.29036915    
   2.50999999       1.29567361    
   2.51999998       1.30095720    
   2.52999997       1.30622303    
   2.53999996       1.31146979    
   2.54999995       1.31670105    
   2.55999994       1.32191443    
   2.56999993       1.32711327    
   2.57999992       1.33229482    
   2.58999991       1.33746362    
   2.59999990       1.34261715    
   2.60999990       1.34775662    
   2.61999989       1.35288405    
   2.62999988       1.35799909    
   2.63999987       1.36309969    
   2.64999986       1.36818969    
   2.65999985       1.37326813    
   2.66999984       1.37833738    
   2.67999983       1.38339448    
   2.69000006       1.38843977    
   2.70000005       1.39347696    
   2.71000004       1.39850390    
   2.72000003       1.40352261    
   2.73000002       1.40853071    
   2.74000001       1.41352987    
   2.75000000       1.41852176    
   2.75999999       1.42350483    
   2.76999998       1.42847800    
   2.77999997       1.43344593    
   2.78999996       1.43840647    
   2.79999995       1.44335842    
   2.80999994       1.44830287    
   2.81999993       1.45323801    
   2.82999992       1.45817256    
   2.83999991       1.46309781    
   2.84999990       1.46801698    
   2.85999990       1.47292840    
   2.86999989       1.47783315    
   2.87999988       1.48273396    
   2.88999987       1.48762870    
   2.89999986       1.49251771    
   2.90999985       1.49740100    
   2.91999984       1.50227940    
   2.92999983       1.50715184    
   2.93999982       1.51201904    
   2.95000005       1.51688278    
   2.96000004       1.52174199    
   2.97000003       1.52659333    
   2.98000002       1.53144324    
   2.99000001       1.53628790    
   3.00000000       1.54112697    
   3.00999999       1.54596376    
   3.01999998       1.55079472    
   3.02999997       1.55562305    
   3.03999996       1.56044495    
   3.04999995       1.56526530    
   3.05999994       1.57008040    
   3.06999993       1.57489109    
   3.07999992       1.57970071    
   3.08999991       1.58450568    
   3.09999990       1.58930576    
   3.10999990       1.59410369    
   3.11999989       1.59889865    
   3.12999988       1.60369051    
   3.13999987       1.60847831    
   3.14999986       1.61326158    
   3.15999985       1.61804330    
   3.16999984       1.62282109    
   3.17999983       1.62759709    
   3.18999982       1.63236916    
   3.19999981       1.63713872    
   3.21000004       1.64190340    
   3.22000003       1.64667022    
   3.23000002       1.65143192    
   3.24000001       1.65619051    
   3.25000000       1.66094673    
   3.25999999       1.66569853    
   3.26999998       1.67045009    
   3.27999997       1.67519820    
   3.28999996       1.67994475    
   3.29999995       1.68468845    
   3.30999994       1.68942857    
   3.31999993       1.69416833    
   3.32999992       1.69890428    
   3.33999991       1.70363855    
   3.34999990       1.70837104    
   3.35999990       1.71310043    
   3.36999989       1.71782899    
   3.37999988       1.72255421    
   3.38999987       1.72727799    
   3.39999986       1.73199987    
   3.40999985       1.73671854    
   3.41999984       1.74143767    
   3.42999983       1.74615276    
   3.43999982       1.75086629    
   3.44999981       1.75557756    
   3.46000004       1.76028788    
   3.47000003       1.76499689    
   3.48000002       1.76970291    
   3.49000001       1.77440822    
   3.50000000       1.77910948    
   3.50999999       1.78381145    
