   9.99999978E-03   4.44719160E-04
   1.99999996E-02   8.05420685E-04
   2.99999993E-02   1.12887111E-03
   3.99999991E-02   1.28723215E-03
   4.99999970E-02   1.59741286E-03
   5.99999987E-02   1.95894623E-03
   7.00000003E-02   2.13241600E-03
   7.99999982E-02   2.18501245E-03
   8.99999961E-02   2.21141079E-03
   9.99999940E-02   2.25354871E-03
  0.109999999       2.32274760E-03
  0.119999997       2.41838489E-03
  0.129999995       2.53568124E-03
  0.140000001       2.66913418E-03
  0.149999991       2.81391805E-03
  0.159999996       2.96658534E-03
  0.170000002       3.12382658E-03
  0.179999992       3.28382105E-03
  0.189999998       3.44744488E-03
  0.199999988       3.60976579E-03
  0.209999993       3.78107885E-03
  0.219999999       3.95181216E-03
  0.229999989       4.12609102E-03
  0.239999995       4.33975644E-03
  0.250000000       4.51693125E-03
  0.259999990       4.72440524E-03
  0.269999981       5.01377368E-03
  0.280000001       5.37952036E-03
  0.289999992       5.53297391E-03
  0.299999982       5.83515316E-03
  0.310000002       6.28800783E-03
  0.319999993       6.99464325E-03
  0.329999983       7.66835222E-03
  0.340000004       7.75459455E-03
  0.349999994       8.19294807E-03
  0.359999985       8.84106942E-03
  0.370000005       9.78880934E-03
  0.379999995       1.12358099E-02
  0.389999986       1.33743193E-02
  0.399999976       1.40144192E-02
  0.409999996       1.41175874E-02
  0.419999987       1.47311743E-02
  0.429999977       1.56263504E-02
  0.439999998       1.68207455E-02
  0.449999988       1.84005834E-02
  0.459999979       2.05275677E-02
  0.469999999       2.34869476E-02
  0.479999989       2.77542342E-02
  0.489999980       3.36900949E-02
  0.500000000       3.56677398E-02
  0.509999990       3.47411036E-02
  0.519999981       3.51568386E-02
  0.529999971       3.60508934E-02
  0.539999962       3.72811854E-02
  0.550000012       3.88141759E-02
  0.560000002       4.06588838E-02
  0.569999993       4.28522825E-02
  0.579999983       4.54548560E-02
  0.589999974       4.85596582E-02
  0.599999964       5.23016974E-02
  0.610000014       5.68795912E-02
  0.620000005       6.25923946E-02
  0.629999995       6.99012503E-02
  0.639999986       7.95210078E-02
  0.649999976       9.24037024E-02
  0.659999967      0.107855722    
  0.669999957      0.109030254    
  0.680000007      0.107162960    
  0.689999998      0.106918916    
  0.699999988      0.107412413    
  0.709999979      0.108369887    
  0.719999969      0.109669410    
  0.729999959      0.111246161    
  0.740000010      0.113065936    
  0.750000000      0.115109310    
  0.759999990      0.117368385    
  0.769999981      0.119840369    
  0.779999971      0.122528911    
  0.789999962      0.125442311    
  0.799999952      0.128589690    
  0.810000002      0.131997153    
  0.819999993      0.135676533    
  0.829999983      0.139654145    
  0.839999974      0.143963039    
  0.849999964      0.148641318    
  0.859999955      0.153733104    
  0.870000005      0.159294158    
  0.879999995      0.165390953    
  0.889999986      0.172106221    
  0.899999976      0.179541916    
  0.909999967      0.187825739    
  0.919999957      0.197119415    
  0.930000007      0.207629204    
  0.939999998      0.219621360    
  0.949999988      0.233442247    
  0.959999979      0.249532223    
  0.969999969      0.268421203    
  0.979999959      0.290576696    
  0.989999950      0.315525830    
   1.00000000      0.336456776    
   1.00999999      0.342370421    
   1.01999998      0.345641911    
   1.02999997      0.348254561    
   1.03999996      0.350643873    
   1.04999995      0.352966726    
   1.05999994      0.355290741    
   1.06999993      0.357646763    
   1.07999992      0.360050380    
   1.09000003      0.362507433    
   1.10000002      0.365021974    
   1.11000001      0.367594689    
   1.12000000      0.370224118    
   1.13000000      0.372911632    
   1.13999999      0.375654817    
   1.14999998      0.378451884    
   1.15999997      0.381304175    
   1.16999996      0.384208053    
   1.17999995      0.387157828    
   1.18999994      0.390172839    
   1.19999993      0.393230379    
   1.20999992      0.396339625    
   1.22000003      0.399497926    
   1.23000002      0.402705222    
   1.24000001      0.405964345    
   1.25000000      0.409271836    
   1.25999999      0.412628174    
   1.26999998      0.416036308    
   1.27999997      0.419493765    
   1.28999996      0.423002422    
   1.29999995      0.426561624    
   1.30999994      0.430172741    
   1.31999993      0.433836043    
   1.32999992      0.437552482    
   1.33999991      0.441322714    
   1.35000002      0.445147574    
   1.36000001      0.449028373    
   1.37000000      0.452965319    
   1.38000000      0.456960589    
   1.38999999      0.461014271    
   1.39999998      0.465127915    
   1.40999997      0.469303399    
   1.41999996      0.473541349    
   1.42999995      0.477843195    
   1.43999994      0.482211351    
   1.44999993      0.486645848    
   1.45999992      0.491150171    
   1.46999991      0.495723724    
   1.48000002      0.500371575    
   1.49000001      0.505092978    
   1.50000000      0.509890735    
   1.50999999      0.514767647    
   1.51999998      0.519724905    
   1.52999997      0.524765491    
   1.53999996      0.529891312    
   1.54999995      0.535105705    
   1.55999994      0.540410936    
   1.56999993      0.545808792    
   1.57999992      0.551303983    
   1.58999991      0.556899190    
   1.59999990      0.562595487    
   1.61000001      0.568399727    
   1.62000000      0.574313045    
   1.63000000      0.580339611    
   1.63999999      0.586483896    
   1.64999998      0.592747867    
   1.65999997      0.599138677    
   1.66999996      0.605658650    
   1.67999995      0.612313628    
   1.68999994      0.619108081    
   1.69999993      0.626046896    
   1.70999992      0.633135557    
   1.71999991      0.640380383    
   1.73000002      0.647786200    
   1.74000001      0.655359387    
   1.75000000      0.663107216    
   1.75999999      0.671034038    
   1.76999998      0.679150462    
   1.77999997      0.687461436    
   1.78999996      0.695975482    
   1.79999995      0.704699278    
   1.80999994      0.713642716    
   1.81999993      0.722813487    
   1.82999992      0.732220411    
   1.83999991      0.741871834    
   1.84999990      0.751777947    
   1.86000001      0.761947870    
   1.87000000      0.772389412    
   1.88000000      0.783112347    
   1.88999999      0.794125021    
   1.89999998      0.805433333    
   1.90999997      0.817046165    
   1.91999996      0.828965485    
   1.92999995      0.841194689    
   1.93999994      0.853732109    
   1.94999993      0.866570950    
   1.95999992      0.879698336    
   1.96999991      0.893090546    
   1.97999990      0.906712174    
   1.99000001      0.920508087    
   2.00000000      0.934400260    
   2.00999999      0.948016584    
   2.01999998      0.960871041    
   2.02999997      0.972975075    
   2.03999996      0.984405816    
   2.04999995      0.995246768    
   2.05999994       1.00556779    
   2.06999993       1.01542890    
   2.07999992       1.02488804    
   2.08999991       1.03398728    
   2.09999990       1.04276597    
   2.10999990       1.05126035    
   2.11999989       1.05949712    
   2.12999988       1.06750143    
   2.13999987       1.07529664    
   2.14999986       1.08289993    
   2.15999985       1.09033155    
   2.16999984       1.09760356    
   2.18000007       1.10473084    
   2.19000006       1.11172402    
   2.20000005       1.11859536    
   2.21000004       1.12535262    
   2.22000003       1.13200557    
   2.23000002       1.13855982    
   2.24000001       1.14502537    
   2.25000000       1.15140676    
   2.25999999       1.15770864    
   2.26999998       1.16393828    
   2.27999997       1.17009938    
   2.28999996       1.17619526    
   2.29999995       1.18223238    
   2.30999994       1.18821371    
   2.31999993       1.19414306    
   2.32999992       1.20001900    
   2.33999991       1.20585048    
   2.34999990       1.21163547    
   2.35999990       1.21737957    
   2.36999989       1.22308350    
   2.37999988       1.22874999    
   2.38999987       1.23438025    
   2.39999986       1.23997629    
   2.40999985       1.24554157    
   2.41999984       1.25107431    
   2.42999983       1.25657833    
   2.44000006       1.26205516    
   2.45000005       1.26750517    
   2.46000004       1.27292943    
   2.47000003       1.27832937    
   2.48000002       1.28370607    
   2.49000001       1.28906190    
   2.50000000       1.29439473    
   2.50999999       1.29970777    
   2.51999998       1.30500257    
   2.52999997       1.31027770    
   2.53999996       1.31553459    
   2.54999995       1.32077551    
   2.55999994       1.32599974    
   2.56999993       1.33120799    
   2.57999992       1.33639932    
   2.58999991       1.34157777    
   2.59999990       1.34674156    
   2.60999990       1.35189140    
   2.61999989       1.35702860    
   2.62999988       1.36215365    
   2.63999987       1.36726367    
   2.64999986       1.37236452    
   2.65999985       1.37745285    
   2.66999984       1.38253164    
   2.67999983       1.38759923    
   2.69000006       1.39265513    
   2.70000005       1.39770246    
   2.71000004       1.40273952    
   2.72000003       1.40776730    
   2.73000002       1.41278529    
   2.74000001       1.41779470    
   2.75000000       1.42279565    
   2.75999999       1.42778850    
   2.76999998       1.43277419    
   2.77999997       1.43775153    
   2.78999996       1.44272113    
   2.79999995       1.44768298    
   2.80999994       1.45263803    
   2.81999993       1.45758235    
   2.82999992       1.46252871    
   2.83999991       1.46746159    
   2.84999990       1.47239041    
   2.85999990       1.47731268    
   2.86999989       1.48222911    
   2.87999988       1.48714006    
   2.88999987       1.49204302    
   2.89999986       1.49694312    
   2.90999985       1.50183654    
   2.91999984       1.50672328    
   2.92999983       1.51160812    
   2.93999982       1.51648474    
   2.95000005       1.52135861    
   2.96000004       1.52622652    
   2.97000003       1.53109014    
   2.98000002       1.53594947    
   2.99000001       1.54080200    
   3.00000000       1.54565251    
   3.00999999       1.55049849    
   3.01999998       1.55534041    
   3.02999997       1.56017733    
   3.03999996       1.56501150    
   3.04999995       1.56984091    
   3.05999994       1.57466698    
   3.06999993       1.57948744    
   3.07999992       1.58430660    
   3.08999991       1.58912182    
   3.09999990       1.59393227    
   3.10999990       1.59874094    
   3.11999989       1.60354435    
   3.12999988       1.60834491    
   3.13999987       1.61314392    
   3.14999986       1.61793900    
   3.15999985       1.62273097    
   3.16999984       1.62751865    
   3.17999983       1.63230371    
   3.18999982       1.63708699    
   3.19999981       1.64186645    
   3.21000004       1.64664042    
   3.22000003       1.65141737    
   3.23000002       1.65618861    
   3.24000001       1.66095722    
   3.25000000       1.66572309    
   3.25999999       1.67048669    
   3.26999998       1.67524695    
   3.27999997       1.68000710    
   3.28999996       1.68476355    
   3.29999995       1.68951571    
   3.30999994       1.69426692    
   3.31999993       1.69901514    
   3.32999992       1.70376265    
   3.33999991       1.70850730    
   3.34999990       1.71324885    
   3.35999990       1.71798897    
   3.36999989       1.72272682    
   3.37999988       1.72746348    
   3.38999987       1.73219740    
   3.39999986       1.73692739    
   3.40999985       1.74165785    
   3.41999984       1.74638569    
   3.42999983       1.75111187    
   3.43999982       1.75583518    
   3.44999981       1.76055586    
   3.46000004       1.76527679    
   3.47000003       1.76999545    
   3.48000002       1.77471244    
   3.49000001       1.77942550    
   3.50000000       1.78414083    
   3.50999999       1.78885019    
