   9.99999978E-03   4.43894416E-04
   1.99999996E-02   8.06465629E-04
   2.99999993E-02   1.13339000E-03
   3.99999991E-02   1.31369964E-03
   4.99999970E-02   1.59761019E-03
   5.99999987E-02   1.97655708E-03
   7.00000003E-02   2.17935839E-03
   7.99999982E-02   2.24311021E-03
   8.99999961E-02   2.26787105E-03
   9.99999940E-02   2.30292487E-03
  0.109999999       2.36381963E-03
  0.119999997       2.45175511E-03
  0.129999995       2.56267260E-03
  0.140000001       2.69125705E-03
  0.149999991       2.83261877E-03
  0.159999996       2.98326183E-03
  0.170000002       3.13971424E-03
  0.179999992       3.29992827E-03
  0.189999998       3.46613070E-03
  0.199999988       3.63115943E-03
  0.209999993       3.80937033E-03
  0.219999999       3.98680987E-03
  0.229999989       4.17163828E-03
  0.239999995       4.40621050E-03
  0.250000000       4.59295139E-03
  0.259999990       4.82285349E-03
  0.269999981       5.15456079E-03
  0.280000001       5.56239905E-03
  0.289999992       5.72714489E-03
  0.299999982       6.07451657E-03
  0.310000002       6.60283910E-03
  0.319999993       7.42240762E-03
  0.329999983       8.15319736E-03
  0.340000004       8.25423189E-03
  0.349999994       8.76145437E-03
  0.359999985       9.51460749E-03
  0.370000005       1.06164515E-02
  0.379999995       1.22841317E-02
  0.389999986       1.46756936E-02
  0.399999976       1.53017910E-02
  0.409999996       1.54359704E-02
  0.419999987       1.61381047E-02
  0.429999977       1.71602815E-02
  0.439999998       1.85229760E-02
  0.449999988       2.03228332E-02
  0.459999979       2.27382667E-02
  0.469999999       2.60780435E-02
  0.479999989       3.08326781E-02
  0.489999980       3.72495092E-02
  0.500000000       3.91532145E-02
  0.509999990       3.81945446E-02
  0.519999981       3.86709608E-02
  0.529999971       3.96704786E-02
  0.539999962       4.10403125E-02
  0.550000012       4.27445807E-02
  0.560000002       4.47931960E-02
  0.569999993       4.72260676E-02
  0.579999983       5.01101017E-02
  0.589999974       5.35446741E-02
  0.599999964       5.76758720E-02
  0.610000014       6.27151430E-02
  0.620000005       6.89784214E-02
  0.629999995       7.69438893E-02
  0.639999986       8.73296633E-02
  0.649999976      0.101010986    
  0.659999967      0.116877817    
  0.669999957      0.117854774    
  0.680000007      0.115947194    
  0.689999998      0.115755290    
  0.699999988      0.116314575    
  0.709999979      0.117363937    
  0.719999969      0.118777402    
  0.729999959      0.120484084    
  0.740000010      0.122451544    
  0.750000000      0.124658272    
  0.759999990      0.127094984    
  0.769999981      0.129759923    
  0.779999971      0.132656589    
  0.789999962      0.135793179    
  0.799999952      0.139180645    
  0.810000002      0.142845124    
  0.819999993      0.146799311    
  0.829999983      0.151070789    
  0.839999974      0.155694902    
  0.849999964      0.160709500    
  0.859999955      0.166162729    
  0.870000005      0.172110796    
  0.879999995      0.178600669    
  0.889999986      0.185785681    
  0.899999976      0.193701878    
  0.909999967      0.202502504    
  0.919999957      0.212350696    
  0.930000007      0.223454058    
  0.939999998      0.236075759    
  0.949999988      0.250554144    
  0.959999979      0.267307967    
  0.969999969      0.286817938    
  0.979999959      0.309448302    
  0.989999950      0.334529072    
   1.00000000      0.355215669    
   1.00999999      0.361338496    
   1.01999998      0.364826351    
   1.02999997      0.367631316    
   1.03999996      0.370196342    
   1.04999995      0.372684330    
   1.05999994      0.375165910    
   1.06999993      0.377674252    
   1.07999992      0.380228102    
   1.09000003      0.382833421    
   1.10000002      0.385495007    
   1.11000001      0.388214737    
   1.12000000      0.390991718    
   1.13000000      0.393826962    
   1.13999999      0.396718204    
   1.14999998      0.399664998    
   1.15999997      0.402667493    
   1.16999996      0.405722797    
   1.17999995      0.408832282    
   1.18999994      0.411994219    
   1.19999993      0.415199995    
   1.20999992      0.418473274    
   1.22000003      0.421789974    
   1.23000002      0.425156713    
   1.24000001      0.428577095    
   1.25000000      0.432047278    
   1.25999999      0.435568213    
   1.26999998      0.439141989    
   1.27999997      0.442766935    
   1.28999996      0.446443766    
   1.29999995      0.450173765    
   1.30999994      0.453956872    
   1.31999993      0.457794338    
   1.32999992      0.461686134    
   1.33999991      0.465633631    
   1.35000002      0.469637632    
   1.36000001      0.473698586    
   1.37000000      0.477818429    
   1.38000000      0.481997490    
   1.38999999      0.486236364    
   1.39999998      0.490537852    
   1.40999997      0.494902313    
   1.41999996      0.499331295    
   1.42999995      0.503825963    
   1.43999994      0.508388162    
   1.44999993      0.513019264    
   1.45999992      0.517721653    
   1.46999991      0.522495747    
   1.48000002      0.527344942    
   1.49000001      0.532270312    
   1.50000000      0.537273347    
   1.50999999      0.542357564    
   1.51999998      0.547523856    
   1.52999997      0.552775085    
   1.53999996      0.558114588    
   1.54999995      0.563543260    
   1.55999994      0.569065154    
   1.56999993      0.574682295    
   1.57999992      0.580396831    
   1.58999991      0.586213708    
   1.59999990      0.592134416    
   1.61000001      0.598163366    
   1.62000000      0.604303956    
   1.63000000      0.610558629    
   1.63999999      0.616932929    
   1.64999998      0.623429418    
   1.65999997      0.630052865    
   1.66999996      0.636807621    
   1.67999995      0.643698156    
   1.68999994      0.650729418    
   1.69999993      0.657906234    
   1.70999992      0.665233731    
   1.71999991      0.672717214    
   1.73000002      0.680363059    
   1.74000001      0.688177168    
   1.75000000      0.696163774    
   1.75999999      0.704331756    
   1.76999998      0.712686241    
   1.77999997      0.721236110    
   1.78999996      0.729986131    
   1.79999995      0.738945663    
   1.80999994      0.748121262    
   1.81999993      0.757521451    
   1.82999992      0.767155349    
   1.83999991      0.777027845    
   1.84999990      0.787151933    
   1.86000001      0.797531366    
   1.87000000      0.808176041    
   1.88000000      0.819094598    
   1.88999999      0.830291867    
   1.89999998      0.841775715    
   1.90999997      0.853549838    
   1.91999996      0.865616977    
   1.92999995      0.877977967    
   1.93999994      0.890628934    
   1.94999993      0.903560460    
   1.95999992      0.916758299    
   1.96999991      0.930198014    
   1.97999990      0.943840981    
   1.99000001      0.957633615    
   2.00000000      0.971496761    
   2.00999999      0.985063851    
   2.01999998      0.997875869    
   2.02999997       1.00995171    
   2.03999996       1.02137005    
   2.04999995       1.03221154    
   2.05999994       1.04254615    
   2.06999993       1.05243266    
   2.07999992       1.06192374    
   2.08999991       1.07106447    
   2.09999990       1.07989097    
   2.10999990       1.08843768    
   2.11999989       1.09673238    
   2.12999988       1.10480022    
   2.13999987       1.11266172    
   2.14999986       1.12033653    
   2.15999985       1.12784004    
   2.16999984       1.13518798    
   2.18000007       1.14239383    
   2.19000006       1.14946723    
   2.20000005       1.15641963    
   2.21000004       1.16326070    
   2.22000003       1.16999793    
   2.23000002       1.17664003    
   2.24000001       1.18319142    
   2.25000000       1.18966079    
   2.25999999       1.19605386    
   2.26999998       1.20237422    
   2.27999997       1.20862615    
   2.28999996       1.21481454    
   2.29999995       1.22094369    
   2.30999994       1.22701836    
   2.31999993       1.23303926    
   2.32999992       1.23901069    
   2.33999991       1.24493539    
   2.34999990       1.25081611    
   2.35999990       1.25665545    
   2.36999989       1.26245475    
   2.37999988       1.26821697    
   2.38999987       1.27394354    
   2.39999986       1.27963603    
   2.40999985       1.28529704    
   2.41999984       1.29092729    
   2.42999983       1.29652846    
   2.44000006       1.30210292    
   2.45000005       1.30765092    
   2.46000004       1.31317174    
   2.47000003       1.31867099    
   2.48000002       1.32414520    
   2.49000001       1.32959759    
   2.50000000       1.33503056    
   2.50999999       1.34044206    
   2.51999998       1.34583449    
   2.52999997       1.35120881    
   2.53999996       1.35656500    
   2.54999995       1.36190474    
   2.55999994       1.36722732    
   2.56999993       1.37253392    
   2.57999992       1.37782621    
   2.58999991       1.38310218    
   2.59999990       1.38836634    
   2.60999990       1.39361537    
   2.61999989       1.39885247    
   2.62999988       1.40407526    
   2.63999987       1.40928686    
   2.64999986       1.41448593    
   2.65999985       1.41967487    
   2.66999984       1.42485225    
   2.67999983       1.43001890    
   2.69000006       1.43517494    
   2.70000005       1.44032300    
   2.71000004       1.44545877    
   2.72000003       1.45058680    
   2.73000002       1.45570433    
   2.74000001       1.46081471    
   2.75000000       1.46591496    
   2.75999999       1.47100878    
   2.76999998       1.47609341    
   2.77999997       1.48117125    
   2.78999996       1.48624134    
   2.79999995       1.49130166    
   2.80999994       1.49635673    
   2.81999993       1.50140536    
   2.82999992       1.50644875    
   2.83999991       1.51148212    
   2.84999990       1.51651192    
   2.85999990       1.52153301    
   2.86999989       1.52654922    
   2.87999988       1.53156090    
   2.88999987       1.53656578    
   2.89999986       1.54156387    
   2.90999985       1.54655862    
   2.91999984       1.55154693    
   2.92999983       1.55653048    
   2.93999982       1.56150818    
   2.95000005       1.56648171    
   2.96000004       1.57145178    
   2.97000003       1.57641470    
   2.98000002       1.58137357    
   2.99000001       1.58632779    
   3.00000000       1.59127879    
   3.00999999       1.59622598    
   3.01999998       1.60116625    
   3.02999997       1.60610461    
   3.03999996       1.61103857    
   3.04999995       1.61596942    
   3.05999994       1.62089479    
   3.06999993       1.62581694    
   3.07999992       1.63073659    
   3.08999991       1.63565207    
   3.09999990       1.64056313    
   3.10999990       1.64547157    
   3.11999989       1.65037632    
   3.12999988       1.65527868    
   3.13999987       1.66017747    
   3.14999986       1.66507232    
   3.15999985       1.66996408    
   3.16999984       1.67485332    
   3.17999983       1.67973769    
   3.18999982       1.68462098    
   3.19999981       1.68950248    
   3.21000004       1.69437790    
   3.22000003       1.69925499    
   3.23000002       1.70412648    
   3.24000001       1.70899594    
   3.25000000       1.71386254    
   3.25999999       1.71872771    
   3.26999998       1.72358894    
   3.27999997       1.72844815    
   3.28999996       1.73330498    
   3.29999995       1.73815846    
   3.30999994       1.74301016    
   3.31999993       1.74785924    
   3.32999992       1.75270736    
   3.33999991       1.75755310    
   3.34999990       1.76239431    
   3.35999990       1.76723516    
   3.36999989       1.77207458    
   3.37999988       1.77691042    
   3.38999987       1.78174520    
   3.39999986       1.78657758    
   3.40999985       1.79140759    
   3.41999984       1.79623663    
   3.42999983       1.80106223    
   3.43999982       1.80588663    
   3.44999981       1.81070960    
   3.46000004       1.81553030    
   3.47000003       1.82034981    
   3.48000002       1.82516801    
   3.49000001       1.82998228    
   3.50000000       1.83479524    
   3.50999999       1.83960915    
