   9.99999978E-03   4.45232901E-04
   1.99999996E-02   8.06390948E-04
   2.99999993E-02   1.13270793E-03
   3.99999991E-02   1.30811322E-03
   4.99999970E-02   1.59753393E-03
   5.99999987E-02   1.97344553E-03
   7.00000003E-02   2.17023981E-03
   7.99999982E-02   2.23151548E-03
   8.99999961E-02   2.25647655E-03
   9.99999940E-02   2.29283981E-03
  0.109999999       2.35542958E-03
  0.119999997       2.44492618E-03
  0.129999995       2.55714357E-03
  0.140000001       2.68672244E-03
  0.149999991       2.82882922E-03
  0.159999996       2.97986064E-03
  0.170000002       3.13650188E-03
  0.179999992       3.29663139E-03
  0.189999998       3.46232066E-03
  0.199999988       3.62689747E-03
  0.209999993       3.80347227E-03
  0.219999999       3.97954974E-03
  0.229999989       4.16202843E-03
  0.239999995       4.39219223E-03
  0.250000000       4.57695220E-03
  0.259999990       4.80197230E-03
  0.269999981       5.12384297E-03
  0.280000001       5.52370818E-03
  0.289999992       5.68599626E-03
  0.299999982       6.02367101E-03
  0.310000002       6.53589936E-03
  0.319999993       7.33171450E-03
  0.329999983       8.05092882E-03
  0.340000004       8.14862177E-03
  0.349999994       8.64125043E-03
  0.359999985       9.37218033E-03
  0.370000005       1.04415491E-02
  0.379999995       1.20630460E-02
  0.389999986       1.44030266E-02
  0.399999976       1.50321228E-02
  0.409999996       1.51596032E-02
  0.419999987       1.58431046E-02
  0.429999977       1.68387126E-02
  0.439999998       1.81647222E-02
  0.449999988       1.99201498E-02
  0.459999979       2.22753920E-02
  0.469999999       2.55362671E-02
  0.479999989       3.01906429E-02
  0.489999980       3.65106463E-02
  0.500000000       3.84305194E-02
  0.509999990       3.74779440E-02
  0.519999981       3.79416123E-02
  0.529999971       3.89192291E-02
  0.539999962       4.02600989E-02
  0.550000012       4.19289619E-02
  0.560000002       4.39354330E-02
  0.569999993       4.63186987E-02
  0.579999983       4.91447449E-02
  0.589999974       5.25112972E-02
  0.599999964       5.65624423E-02
  0.610000014       6.15069047E-02
  0.620000005       6.76574484E-02
  0.629999995       7.54890442E-02
  0.639999986       8.57197046E-02
  0.649999976       9.92413312E-02
  0.659999967      0.115028612    
  0.669999957      0.116044849    
  0.680000007      0.114161156    
  0.689999998      0.113941684    
  0.699999988      0.114487290    
  0.709999979      0.115517683    
  0.719999969      0.116907917    
  0.729999959      0.118587852    
  0.740000010      0.120524935    
  0.750000000      0.122697875    
  0.759999990      0.125098765    
  0.769999981      0.127724290    
  0.779999971      0.130578533    
  0.789999962      0.133669823    
  0.799999952      0.137007982    
  0.810000002      0.140620127    
  0.819999993      0.144518301    
  0.829999983      0.148729995    
  0.839999974      0.153289571    
  0.849999964      0.158236206    
  0.859999955      0.163616031    
  0.870000005      0.169485375    
  0.879999995      0.175913870    
  0.889999986      0.182985306    
  0.899999976      0.190804377    
  0.909999967      0.199500605    
  0.919999957      0.209237322    
  0.930000007      0.220221177    
  0.939999998      0.232716903    
  0.949999988      0.247063965    
  0.959999979      0.263685942    
  0.969999969      0.283073872    
  0.979999959      0.305612564    
  0.989999950      0.330670685    
   1.00000000      0.351406306    
   1.00999999      0.357487261    
   1.01999998      0.360932082    
   1.02999997      0.363698155    
   1.03999996      0.366227478    
   1.04999995      0.368682027    
   1.05999994      0.371131569    
   1.06999993      0.373609215    
   1.07999992      0.376132369    
   1.09000003      0.378707856    
   1.10000002      0.381339818    
   1.11000001      0.384028971    
   1.12000000      0.386776507    
   1.13000000      0.389581680    
   1.13999999      0.392442852    
   1.14999998      0.395359248    
   1.15999997      0.398331553    
   1.16999996      0.401356220    
   1.17999995      0.404434890    
   1.18999994      0.407565117    
   1.19999993      0.410739422    
   1.20999992      0.413981587    
   1.22000003      0.417266428    
   1.23000002      0.420600533    
   1.24000001      0.423988044    
   1.25000000      0.427425802    
   1.25999999      0.430913031    
   1.26999998      0.434453368    
   1.27999997      0.438044608    
   1.28999996      0.441687375    
   1.29999995      0.445383221    
   1.30999994      0.449131489    
   1.31999993      0.452933937    
   1.32999992      0.456790090    
   1.33999991      0.460701734    
   1.35000002      0.464669526    
   1.36000001      0.468694568    
   1.37000000      0.472777307    
   1.38000000      0.476919413    
   1.38999999      0.481121153    
   1.39999998      0.485384762    
   1.40999997      0.489710659    
   1.41999996      0.494101346    
   1.42999995      0.498557508    
   1.43999994      0.503080785    
   1.44999993      0.507672071    
   1.45999992      0.512334526    
   1.46999991      0.517068565    
   1.48000002      0.521877110    
   1.49000001      0.526761055    
   1.50000000      0.531723380    
   1.50999999      0.536765218    
   1.51999998      0.541890264    
   1.52999997      0.547097027    
   1.53999996      0.552395761    
   1.54999995      0.557780743    
   1.55999994      0.563259125    
   1.56999993      0.568832040    
   1.57999992      0.574502885    
   1.58999991      0.580275297    
   1.59999990      0.586150646    
   1.61000001      0.592135131    
   1.62000000      0.598229885    
   1.63000000      0.604439259    
   1.63999999      0.610766947    
   1.64999998      0.617217064    
   1.65999997      0.623794556    
   1.66999996      0.630501509    
   1.67999995      0.637345612    
   1.68999994      0.644329011    
   1.69999993      0.651458263    
   1.70999992      0.658737838    
   1.71999991      0.666173756    
   1.73000002      0.673771679    
   1.74000001      0.681537986    
   1.75000000      0.689477026    
   1.75999999      0.697597146    
   1.76999998      0.705904484    
   1.77999997      0.714406192    
   1.78999996      0.723109722    
   1.79999995      0.732022524    
   1.80999994      0.741151810    
   1.81999993      0.750507057    
   1.82999992      0.760096014    
   1.83999991      0.769925117    
   1.84999990      0.780005276    
   1.86000001      0.790343702    
   1.87000000      0.800948679    
   1.88000000      0.811828077    
   1.88999999      0.822989643    
   1.89999998      0.834438860    
   1.90999997      0.846181333    
   1.91999996      0.858219862    
   1.92999995      0.870555460    
   1.93999994      0.883184135    
   1.94999993      0.896098793    
   1.95999992      0.909282982    
   1.96999991      0.922713339    
   1.97999990      0.936352909    
   1.99000001      0.950146735    
   2.00000000      0.964015782    
   2.00999999      0.977593005    
   2.01999998      0.990412951    
   2.02999997       1.00249541    
   2.03999996       1.01391697    
   2.04999995       1.02475786    
   2.05999994       1.03508997    
   2.06999993       1.04497170    
   2.07999992       1.05445647    
   2.08999991       1.06358874    
   2.09999990       1.07240582    
   2.10999990       1.08094251    
   2.11999989       1.08922577    
   2.12999988       1.09728169    
   2.13999987       1.10512972    
   2.14999986       1.11279082    
   2.15999985       1.12027991    
   2.16999984       1.12761319    
   2.18000007       1.13480318    
   2.19000006       1.14186096    
   2.20000005       1.14879751    
   2.21000004       1.15562153    
   2.22000003       1.16234303    
   2.23000002       1.16896713    
   2.24000001       1.17550135    
   2.25000000       1.18195391    
   2.25999999       1.18832815    
   2.26999998       1.19462991    
   2.27999997       1.20086432    
   2.28999996       1.20703351    
   2.29999995       1.21314681    
   2.30999994       1.21920240    
   2.31999993       1.22520351    
   2.32999992       1.23115695    
   2.33999991       1.23706269    
   2.34999990       1.24292386    
   2.35999990       1.24874473    
   2.36999989       1.25452423    
   2.37999988       1.26026857    
   2.38999987       1.26597524    
   2.39999986       1.27164960    
   2.40999985       1.27729082    
   2.41999984       1.28290212    
   2.42999983       1.28848422    
   2.44000006       1.29403782    
   2.45000005       1.29956651    
   2.46000004       1.30506909    
   2.47000003       1.31054807    
   2.48000002       1.31600320    
   2.49000001       1.32143712    
   2.50000000       1.32685065    
   2.50999999       1.33224273    
   2.51999998       1.33761418    
   2.52999997       1.34296966    
   2.53999996       1.34830558    
   2.54999995       1.35362446    
   2.55999994       1.35892773    
   2.56999993       1.36421621    
   2.57999992       1.36948669    
   2.58999991       1.37474525    
   2.59999990       1.37998796    
   2.60999990       1.38521707    
   2.61999989       1.39043355    
   2.62999988       1.39563882    
   2.63999987       1.40083003    
   2.64999986       1.40600967    
   2.65999985       1.41117907    
   2.66999984       1.41633487    
   2.67999983       1.42148066    
   2.69000006       1.42661893    
   2.70000005       1.43174434    
   2.71000004       1.43686211    
   2.72000003       1.44196963    
   2.73000002       1.44706845    
   2.74000001       1.45215821    
   2.75000000       1.45723963    
   2.75999999       1.46231115    
   2.76999998       1.46737647    
   2.77999997       1.47243333    
   2.78999996       1.47748280    
   2.79999995       1.48252630    
   2.80999994       1.48756135    
   2.81999993       1.49258864    
   2.82999992       1.49760985    
   2.83999991       1.50262630    
   2.84999990       1.50763512    
   2.85999990       1.51263809    
   2.86999989       1.51763403    
   2.87999988       1.52262318    
   2.88999987       1.52760875    
   2.89999986       1.53258801    
   2.90999985       1.53756237    
   2.91999984       1.54252994    
   2.92999983       1.54749274    
   2.93999982       1.55245173    
   2.95000005       1.55740428    
   2.96000004       1.56235492    
   2.97000003       1.56729758    
   2.98000002       1.57223701    
   2.99000001       1.57717156    
   3.00000000       1.58210206    
   3.00999999       1.58702815    
   3.01999998       1.59194958    
   3.02999997       1.59686828    
   3.03999996       1.60178220    
   3.04999995       1.60669184    
   3.05999994       1.61159647    
   3.06999993       1.61649883    
   3.07999992       1.62139940    
   3.08999991       1.62629473    
   3.09999990       1.63118613    
   3.10999990       1.63607323    
   3.11999989       1.64095879    
   3.12999988       1.64584088    
   3.13999987       1.65071833    
   3.14999986       1.65559268    
   3.15999985       1.66046643    
   3.16999984       1.66533518    
   3.17999983       1.67020106    
   3.18999982       1.67506361    
   3.19999981       1.67992306    
   3.21000004       1.68477881    
   3.22000003       1.68963635    
   3.23000002       1.69448841    
   3.24000001       1.69933677    
   3.25000000       1.70418334    
   3.25999999       1.70902967    
   3.26999998       1.71386862    
   3.27999997       1.71870685    
   3.28999996       1.72354662    
   3.29999995       1.72838056    
   3.30999994       1.73321056    
   3.31999993       1.73803961    
   3.32999992       1.74286771    
   3.33999991       1.74769199    
   3.34999990       1.75251412    
   3.35999990       1.75733471    
   3.36999989       1.76215291    
   3.37999988       1.76696837    
   3.38999987       1.77178442    
   3.39999986       1.77659595    
   3.40999985       1.78140593    
   3.41999984       1.78621531    
   3.42999983       1.79102087    
   3.43999982       1.79582584    
   3.44999981       1.80062926    
   3.46000004       1.80542862    
   3.47000003       1.81022823    
   3.48000002       1.81502426    
   3.49000001       1.81982088    
   3.50000000       1.82461536    
   3.50999999       1.82940555    
