   9.99999978E-03   4.45771060E-04
   1.99999996E-02   8.06324591E-04
   2.99999993E-02   1.13355601E-03
   3.99999991E-02   1.31647557E-03
   4.99999970E-02   1.59740855E-03
   5.99999987E-02   1.97805185E-03
   7.00000003E-02   2.18395889E-03
   7.99999982E-02   2.24891212E-03
   8.99999961E-02   2.27358332E-03
   9.99999940E-02   2.27300241E-03
  0.109999999       2.36802804E-03
  0.119999997       2.45521544E-03
  0.129999995       2.56547239E-03
  0.140000001       2.69353203E-03
  0.149999991       2.83452356E-03
  0.159999996       2.98495800E-03
  0.170000002       3.14132357E-03
  0.179999992       3.30157718E-03
  0.189999998       3.46805505E-03
  0.199999988       3.63336969E-03
  0.209999993       3.81236663E-03
  0.219999999       3.99049465E-03
  0.229999989       4.17653425E-03
  0.239999995       4.41338867E-03
  0.250000000       4.60114097E-03
  0.259999990       4.83359955E-03
  0.269999981       5.16978977E-03
  0.280000001       5.58219012E-03
  0.289999992       5.74819371E-03
  0.299999982       6.10054284E-03
  0.310000002       6.63711084E-03
  0.319999993       7.46881822E-03
  0.329999983       8.20539333E-03
  0.340000004       8.30815453E-03
  0.349999994       8.82284530E-03
  0.359999985       9.58741177E-03
  0.370000005       1.07057560E-02
  0.379999995       1.23969931E-02
  0.389999986       1.48147857E-02
  0.399999976       1.54390410E-02
  0.409999996       1.55766914E-02
  0.419999987       1.62883047E-02
  0.429999977       1.73240267E-02
  0.439999998       1.87046546E-02
  0.449999988       2.05278564E-02
  0.459999979       2.29738150E-02
  0.469999999       2.63536014E-02
  0.479999989       3.11588682E-02
  0.489999980       3.76242138E-02
  0.500000000       3.95196006E-02
  0.509999990       3.85581441E-02
  0.519999981       3.90408859E-02
  0.529999971       4.00514789E-02
  0.539999962       4.14359570E-02
  0.550000012       4.31581885E-02
  0.560000002       4.52281944E-02
  0.569999993       4.76860926E-02
  0.579999983       5.05995564E-02
  0.589999974       5.40684871E-02
  0.599999964       5.82401492E-02
  0.610000014       6.33272305E-02
  0.620000005       6.96474463E-02
  0.629999995       7.76803941E-02
  0.639999986       8.81441012E-02
  0.649999976      0.101908639    
  0.659999967      0.117811151    
  0.669999957      0.118768647    
  0.680000007      0.116859533    
  0.689999998      0.116671063    
  0.699999988      0.117237441    
  0.709999979      0.118296407    
  0.719999969      0.119721435    
  0.729999959      0.121441834    
  0.740000010      0.123424307    
  0.750000000      0.125648037    
  0.759999990      0.128103092    
  0.769999981      0.130787954    
  0.779999971      0.133705944    
  0.789999962      0.136865899    
  0.799999952      0.140277639    
  0.810000002      0.143968478    
  0.819999993      0.147950962    
  0.829999983      0.152252540    
  0.839999974      0.156908810    
  0.849999964      0.161957994    
  0.859999955      0.167447984    
  0.870000005      0.173435569    
  0.879999995      0.179990694    
  0.889999986      0.187198341    
  0.899999976      0.195163235    
  0.909999967      0.204016209    
  0.919999957      0.213920549    
  0.930000007      0.225083485    
  0.939999998      0.237768710    
  0.949999988      0.252312541    
  0.959999979      0.269131988    
  0.969999969      0.288702458    
  0.979999959      0.311377645    
  0.989999950      0.336469829    
   1.00000000      0.357131720    
   1.00999999      0.363275021    
   1.01999998      0.366784900    
   1.02999997      0.369609445    
   1.03999996      0.372192293    
   1.04999995      0.374696940    
   1.05999994      0.377194405    
   1.06999993      0.379718602    
   1.07999992      0.382287651    
   1.09000003      0.384908080    
   1.10000002      0.387585074    
   1.11000001      0.390319377    
   1.12000000      0.393111885    
   1.13000000      0.395961732    
   1.13999999      0.398868322    
   1.14999998      0.401830167    
   1.15999997      0.404847831    
   1.16999996      0.407918870    
   1.17999995      0.411043495    
   1.18999994      0.414221227    
   1.19999993      0.417442799    
   1.20999992      0.420732290    
   1.22000003      0.424064666    
   1.23000002      0.427448958    
   1.24000001      0.430884451    
   1.25000000      0.434371084    
   1.25999999      0.437908560    
   1.26999998      0.441499561    
   1.27999997      0.445141137    
   1.28999996      0.448835343    
   1.29999995      0.452582687    
   1.30999994      0.456383765    
   1.31999993      0.460237920    
   1.32999992      0.464147419    
   1.33999991      0.468113124    
   1.35000002      0.472135067    
   1.36000001      0.476214409    
   1.37000000      0.480352491    
   1.38000000      0.484549850    
   1.38999999      0.488808095    
   1.39999998      0.493128240    
   1.40999997      0.497512072    
   1.41999996      0.501960456    
   1.42999995      0.506474495    
   1.43999994      0.511056364    
   1.44999993      0.515707374    
   1.45999992      0.520429969    
   1.46999991      0.525224388    
   1.48000002      0.530093908    
   1.49000001      0.535039485    
   1.50000000      0.540063679    
   1.50999999      0.545167923    
   1.51999998      0.550355434    
   1.52999997      0.555628121    
   1.53999996      0.560988724    
   1.54999995      0.566439569    
   1.55999994      0.571982741    
   1.56999993      0.577621281    
   1.57999992      0.583358228    
   1.58999991      0.589197695    
   1.59999990      0.595140994    
   1.61000001      0.601192832    
   1.62000000      0.607355654    
   1.63000000      0.613628149    
   1.63999999      0.620031059    
   1.64999998      0.626550138    
   1.65999997      0.633197248    
   1.66999996      0.639975667    
   1.67999995      0.646889925    
   1.68999994      0.653944552    
   1.69999993      0.661145210    
   1.70999992      0.668496668    
   1.71999991      0.676004112    
   1.73000002      0.683673501    
   1.74000001      0.691511571    
   1.75000000      0.699521959    
   1.75999999      0.707714021    
   1.76999998      0.716092706    
   1.77999997      0.724665523    
   1.78999996      0.733439684    
   1.79999995      0.742421806    
   1.80999994      0.751621008    
   1.81999993      0.761043847    
   1.82999992      0.770699620    
   1.83999991      0.780595064    
   1.84999990      0.790739298    
   1.86000001      0.801139593    
   1.87000000      0.811805010    
   1.88000000      0.822742105    
   1.88999999      0.833957493    
   1.89999998      0.845457852    
   1.90999997      0.857246637    
   1.91999996      0.869328976    
   1.92999995      0.881702602    
   1.93999994      0.894364119    
   1.94999993      0.907304883    
   1.95999992      0.920509517    
   1.96999991      0.933953106    
   1.97999990      0.947598100    
   1.99000001      0.961390376    
   2.00000000      0.975249887    
   2.00999999      0.988812208    
   2.01999998       1.00161970    
   2.02999997       1.01369214    
   2.03999996       1.02510929    
   2.04999995       1.03595173    
   2.05999994       1.04628658    
   2.06999993       1.05617499    
   2.07999992       1.06566966    
   2.08999991       1.07481432    
   2.09999990       1.08364570    
   2.10999990       1.09219742    
   2.11999989       1.10049880    
   2.12999988       1.10857177    
   2.13999987       1.11644018    
   2.14999986       1.12412119    
   2.15999985       1.13163245    
   2.16999984       1.13898754    
   2.18000007       1.14620054    
   2.19000006       1.15328157    
   2.20000005       1.16024292    
   2.21000004       1.16709161    
   2.22000003       1.17383850    
   2.23000002       1.18048692    
   2.24000001       1.18704855    
   2.25000000       1.19352758    
   2.25999999       1.19992828    
   2.26999998       1.20625699    
   2.27999997       1.21251845    
   2.28999996       1.21871483    
   2.29999995       1.22485495    
   2.30999994       1.23093724    
   2.31999993       1.23696840    
   2.32999992       1.24294877    
   2.33999991       1.24888372    
   2.34999990       1.25477362    
   2.35999990       1.26062214    
   2.36999989       1.26643026    
   2.37999988       1.27220201    
   2.38999987       1.27793837    
   2.39999986       1.28364074    
   2.40999985       1.28931177    
   2.41999984       1.29495203    
   2.42999983       1.30056238    
   2.44000006       1.30614603    
   2.45000005       1.31170249    
   2.46000004       1.31723499    
   2.47000003       1.32274175    
   2.48000002       1.32822931    
   2.49000001       1.33369088    
   2.50000000       1.33913314    
   2.50999999       1.34455550    
   2.51999998       1.34995687    
   2.52999997       1.35534179    
   2.53999996       1.36070752    
   2.54999995       1.36605561    
   2.55999994       1.37138748    
   2.56999993       1.37670541    
   2.57999992       1.38200676    
   2.58999991       1.38729417    
   2.59999990       1.39256680    
   2.60999990       1.39782631    
   2.61999989       1.40307200    
   2.62999988       1.40830553    
   2.63999987       1.41352737    
   2.64999986       1.41873729    
   2.65999985       1.42393410    
   2.66999984       1.42912221    
   2.67999983       1.43429935    
   2.69000006       1.43946445    
   2.70000005       1.44462192    
   2.71000004       1.44976771    
   2.72000003       1.45490611    
   2.73000002       1.46003449    
   2.74000001       1.46515489    
   2.75000000       1.47026491    
   2.75999999       1.47536790    
   2.76999998       1.48046315    
   2.77999997       1.48555076    
   2.78999996       1.49062848    
   2.79999995       1.49570119    
   2.80999994       1.50076628    
   2.81999993       1.50582552    
   2.82999992       1.51087689    
   2.83999991       1.51592231    
   2.84999990       1.52096081    
   2.85999990       1.52599299    
   2.86999989       1.53101969    
   2.87999988       1.53603947    
   2.88999987       1.54105461    
   2.89999986       1.54606521    
   2.90999985       1.55106854    
   2.91999984       1.55606747    
   2.92999983       1.56105947    
   2.93999982       1.56604719    
   2.95000005       1.57103229    
   2.96000004       1.57601058    
   2.97000003       1.58098364    
   2.98000002       1.58595324    
   2.99000001       1.59091675    
   3.00000000       1.59587848    
   3.00999999       1.60083461    
   3.01999998       1.60578668    
   3.02999997       1.61073494    
   3.03999996       1.61567903    
   3.04999995       1.62061810    
   3.05999994       1.62555504    
   3.06999993       1.63048625    
   3.07999992       1.63541591    
   3.08999991       1.64034140    
   3.09999990       1.64526236    
   3.10999990       1.65018082    
   3.11999989       1.65509653    
   3.12999988       1.66000819    
   3.13999987       1.66491628    
   3.14999986       1.66982174    
   3.15999985       1.67472470    
   3.16999984       1.67962420    
   3.17999983       1.68451798    
   3.18999982       1.68941212    
   3.19999981       1.69430315    
   3.21000004       1.69918942    
   3.22000003       1.70407641    
   3.23000002       1.70895684    
   3.24000001       1.71383691    
   3.25000000       1.71871257    
   3.25999999       1.72358739    
   3.26999998       1.72845924    
   3.27999997       1.73332953    
   3.28999996       1.73819530    
   3.29999995       1.74305868    
   3.30999994       1.74792147    
   3.31999993       1.75277972    
   3.32999992       1.75763834    
   3.33999991       1.76249385    
   3.34999990       1.76734602    
   3.35999990       1.77219677    
   3.36999989       1.77704489    
   3.37999988       1.78189194    
   3.38999987       1.78673565    
   3.39999986       1.79157913    
   3.40999985       1.79641807    
   3.41999984       1.80125749    
   3.42999983       1.80609429    
   3.43999982       1.81092870    
   3.44999981       1.81576335    
   3.46000004       1.82059181    
   3.47000003       1.82542253    
   3.48000002       1.83024871    
   3.49000001       1.83507478    
   3.50000000       1.83989823    
   3.50999999       1.84472013    
