   9.99999978E-03   4.45040554E-04
   1.99999996E-02   8.06286116E-04
   2.99999993E-02   1.13192492E-03
   3.99999991E-02   1.30267162E-03
   4.99999970E-02   1.59731018E-03
   5.99999987E-02   1.96994538E-03
   7.00000003E-02   2.16093147E-03
   7.99999982E-02   2.21989583E-03
   8.99999961E-02   2.24490021E-03
   9.99999940E-02   2.28288444E-03
  0.109999999       2.34710239E-03
  0.119999997       2.43817200E-03
  0.129999995       2.55167950E-03
  0.140000001       2.68225837E-03
  0.149999991       2.82504340E-03
  0.159999996       2.97652301E-03
  0.170000002       3.13332048E-03
  0.179999992       3.29339015E-03
  0.189999998       3.45861004E-03
  0.199999988       3.62255424E-03
  0.209999993       3.79747641E-03
  0.219999999       3.97239160E-03
  0.229999989       4.15265188E-03
  0.239999995       4.37853346E-03
  0.250000000       4.56135254E-03
  0.259999990       4.78173140E-03
  0.269999981       5.09503577E-03
  0.280000001       5.48609486E-03
  0.289999992       5.64605510E-03
  0.299999982       5.97436819E-03
  0.310000002       6.47101412E-03
  0.319999993       7.24365562E-03
  0.329999983       7.95137789E-03
  0.340000004       8.04600958E-03
  0.349999994       8.52440577E-03
  0.359999985       9.23372619E-03
  0.370000005       1.02714803E-02
  0.379999995       1.18477307E-02
  0.389999986       1.41360303E-02
  0.399999976       1.47686834E-02
  0.409999996       1.48897143E-02
  0.419999987       1.55550875E-02
  0.429999977       1.65246855E-02
  0.439999998       1.78176835E-02
  0.449999988       1.95267517E-02
  0.459999979       2.18230858E-02
  0.469999999       2.50064712E-02
  0.479999989       2.95620281E-02
  0.489999980       3.57854888E-02
  0.500000000       3.77208218E-02
  0.509999990       3.67744938E-02
  0.519999981       3.72258052E-02
  0.529999971       3.81818637E-02
  0.539999962       3.94943804E-02
  0.550000012       4.11283486E-02
  0.560000002       4.30933572E-02
  0.569999993       4.54278998E-02
  0.579999983       4.81968150E-02
  0.589999974       5.14965244E-02
  0.599999964       5.54685816E-02
  0.610000014       6.03195429E-02
  0.620000005       6.63586706E-02
  0.629999995       7.40576982E-02
  0.639999986       8.41341093E-02
  0.649999976       9.74960104E-02
  0.659999967      0.113202199    
  0.669999957      0.114257723    
  0.680000007      0.112377636    
  0.689999998      0.112151511    
  0.699999988      0.112683646    
  0.709999979      0.113695517    
  0.719999969      0.115061849    
  0.729999959      0.116716161    
  0.740000010      0.118623510    
  0.750000000      0.120763503    
  0.759999990      0.123128287    
  0.769999981      0.125714809    
  0.779999971      0.128526881    
  0.789999962      0.131573126    
  0.799999952      0.134862810    
  0.810000002      0.138423026    
  0.819999993      0.142265826    
  0.829999983      0.146418154    
  0.839999974      0.150914311    
  0.849999964      0.155793071    
  0.859999955      0.161100000    
  0.870000005      0.166891396    
  0.879999995      0.173236027    
  0.889999986      0.180217639    
  0.899999976      0.187939942    
  0.909999967      0.196532369    
  0.919999957      0.206157580    
  0.930000007      0.217022583    
  0.939999998      0.229392201    
  0.949999988      0.243607998    
  0.959999979      0.260097891    
  0.969999969      0.279362708    
  0.979999959      0.301807463    
  0.989999950      0.326841354    
   1.00000000      0.347626090    
   1.00999999      0.353665084    
   1.01999998      0.357066721    
   1.02999997      0.359794050    
   1.03999996      0.362288415    
   1.04999995      0.364709198    
   1.05999994      0.367127150    
   1.06999993      0.369574070    
   1.07999992      0.372066885    
   1.09000003      0.374612212    
   1.10000002      0.377214551    
   1.11000001      0.379874855    
   1.12000000      0.382592320    
   1.13000000      0.385367572    
   1.13999999      0.388199031    
   1.14999998      0.391085446    
   1.15999997      0.394027025    
   1.16999996      0.397021890    
   1.17999995      0.400069624    
   1.18999994      0.403169215    
   1.19999993      0.406311899    
   1.20999992      0.409522414    
   1.22000003      0.412775308    
   1.23000002      0.416077614    
   1.24000001      0.419432789    
   1.25000000      0.422837555    
   1.25999999      0.426292002    
   1.26999998      0.429798841    
   1.27999997      0.433356881    
   1.28999996      0.436965674    
   1.29999995      0.440627068    
   1.30999994      0.444336981    
   1.31999993      0.448108315    
   1.32999992      0.451929182    
   1.33999991      0.455805361    
   1.35000002      0.459737390    
   1.36000001      0.463725597    
   1.37000000      0.467771679    
   1.38000000      0.471876651    
   1.38999999      0.476041347    
   1.39999998      0.480267286    
   1.40999997      0.484555900    
   1.41999996      0.488907784    
   1.42999995      0.493324965    
   1.43999994      0.497809142    
   1.44999993      0.502361357    
   1.45999992      0.506983936    
   1.46999991      0.511677563    
   1.48000002      0.516445816    
   1.49000001      0.521289110    
   1.50000000      0.526210070    
   1.50999999      0.531210780    
   1.51999998      0.536293268    
   1.52999997      0.541459799    
   1.53999996      0.546714067    
   1.54999995      0.552056313    
   1.55999994      0.557490647    
   1.56999993      0.563019991    
   1.57999992      0.568647146    
   1.58999991      0.574374557    
   1.59999990      0.580205500    
   1.61000001      0.586144626    
   1.62000000      0.592194200    
   1.63000000      0.598357201    
   1.63999999      0.604639351    
   1.64999998      0.611043453    
   1.65999997      0.617573500    
   1.66999996      0.624234617    
   1.67999995      0.631030321    
   1.68999994      0.637966871    
   1.69999993      0.645049334    
   1.70999992      0.652280927    
   1.71999991      0.659669161    
   1.73000002      0.667219162    
   1.74000001      0.674937069    
   1.75000000      0.682828605    
   1.75999999      0.690900087    
   1.76999998      0.699160039    
   1.77999997      0.707614362    
   1.78999996      0.716270387    
   1.79999995      0.725136399    
   1.80999994      0.734219670    
   1.81999993      0.743528485    
   1.82999992      0.753072202    
   1.83999991      0.762857974    
   1.84999990      0.772894740    
   1.86000001      0.783191860    
   1.87000000      0.793756545    
   1.88000000      0.804597795    
   1.88999999      0.815722108    
   1.89999998      0.827136219    
   1.90999997      0.838847280    
   1.91999996      0.850856841    
   1.92999995      0.863165796    
   1.93999994      0.875772119    
   1.94999993      0.888668358    
   1.95999992      0.901839018    
   1.96999991      0.915259957    
   1.97999990      0.928895772    
   1.99000001      0.942691088    
   2.00000000      0.956565320    
   2.00999999      0.970153451    
   2.01999998      0.982981682    
   2.02999997      0.995069206    
   2.03999996       1.00649381    
   2.04999995       1.01733518    
   2.05999994       1.02766466    
   2.06999993       1.03754091    
   2.07999992       1.04701984    
   2.08999991       1.05614352    
   2.09999990       1.06495178    
   2.10999990       1.07347763    
   2.11999989       1.08174932    
   2.12999988       1.08979166    
   2.13999987       1.09762800    
   2.14999986       1.10527468    
   2.15999985       1.11274922    
   2.16999984       1.12006748    
   2.18000007       1.12724137    
   2.19000006       1.13428283    
   2.20000005       1.14120448    
   2.21000004       1.14801037    
   2.22000003       1.15471435    
   2.23000002       1.16132283    
   2.24000001       1.16784000    
   2.25000000       1.17427433    
   2.25999999       1.18063033    
   2.26999998       1.18691421    
   2.27999997       1.19313109    
   2.28999996       1.19928205    
   2.29999995       1.20537698    
   2.30999994       1.21141171    
   2.31999993       1.21739721    
   2.32999992       1.22333109    
   2.33999991       1.22921765    
   2.34999990       1.23506093    
   2.35999990       1.24086142    
   2.36999989       1.24662375    
   2.37999988       1.25234652    
   2.38999987       1.25803518    
   2.39999986       1.26368928    
   2.40999985       1.26931274    
   2.41999984       1.27490461    
   2.42999983       1.28046715    
   2.44000006       1.28600144    
   2.45000005       1.29150975    
   2.46000004       1.29699397    
   2.47000003       1.30245173    
   2.48000002       1.30788791    
   2.49000001       1.31330287    
   2.50000000       1.31869507    
   2.50999999       1.32406795    
   2.51999998       1.32942057    
   2.52999997       1.33475626    
   2.53999996       1.34007323    
   2.54999995       1.34537268    
   2.55999994       1.35065663    
   2.56999993       1.35592353    
   2.57999992       1.36117518    
   2.58999991       1.36641288    
   2.59999990       1.37163711    
   2.60999990       1.37684548    
   2.61999989       1.38204265    
   2.62999988       1.38722706    
   2.63999987       1.39239848    
   2.64999986       1.39755857    
   2.65999985       1.40270782    
   2.66999984       1.40784335    
   2.67999983       1.41297114    
   2.69000006       1.41808856    
   2.70000005       1.42319477    
   2.71000004       1.42829168    
   2.72000003       1.43337989    
   2.73000002       1.43845797    
   2.74000001       1.44352770    
   2.75000000       1.44858873    
   2.75999999       1.45364165    
   2.76999998       1.45868504    
   2.77999997       1.46372497    
   2.78999996       1.46875381    
   2.79999995       1.47377527    
   2.80999994       1.47879052    
   2.81999993       1.48379922    
   2.82999992       1.48880041    
   2.83999991       1.49379575    
   2.84999990       1.49878418    
   2.85999990       1.50376666    
   2.86999989       1.50874281    
   2.87999988       1.51371372    
   2.88999987       1.51867926    
   2.89999986       1.52363694    
   2.90999985       1.52859116    
   2.91999984       1.53354013    
   2.92999983       1.53848338    
   2.93999982       1.54342175    
   2.95000005       1.54835427    
   2.96000004       1.55328357    
   2.97000003       1.55820584    
   2.98000002       1.56312561    
   2.99000001       1.56803906    
   3.00000000       1.57295108    
   3.00999999       1.57785738    
   3.01999998       1.58275902    
   3.02999997       1.58765721    
   3.03999996       1.59255064    
   3.04999995       1.59744024    
   3.05999994       1.60232699    
   3.06999993       1.60720778    
   3.07999992       1.61208725    
   3.08999991       1.61696255    
   3.09999990       1.62183309    
   3.10999990       1.62670231    
   3.11999989       1.63156545    
   3.12999988       1.63642776    
   3.13999987       1.64128625    
   3.14999986       1.64614129    
   3.15999985       1.65099275    
   3.16999984       1.65584254    
   3.17999983       1.66068661    
   3.18999982       1.66553175    
   3.19999981       1.67037153    
   3.21000004       1.67520618    
   3.22000003       1.68004286    
   3.23000002       1.68487442    
   3.24000001       1.68970287    
   3.25000000       1.69453061    
   3.25999999       1.69935441    
   3.26999998       1.70417571    
   3.27999997       1.70899463    
   3.28999996       1.71381152    
   3.29999995       1.71862435    
   3.30999994       1.72343659    
   3.31999993       1.72824514    
   3.32999992       1.73305249    
   3.33999991       1.73785913    
   3.34999990       1.74266028    
   3.35999990       1.74746096    
   3.36999989       1.75225890    
   3.37999988       1.75705469    
   3.38999987       1.76184928    
   3.39999986       1.76664042    
   3.40999985       1.77143133    
   3.41999984       1.77622056    
   3.42999983       1.78100586    
   3.43999982       1.78579009    
   3.44999981       1.79057312    
   3.46000004       1.79535282    
   3.47000003       1.80013108    
   3.48000002       1.80490804    
   3.49000001       1.80968416    
   3.50000000       1.81445849    
   3.50999999       1.81922913    
