   9.99999978E-03   4.45526966E-04
   1.99999996E-02   8.06416327E-04
   2.99999993E-02   1.13306532E-03
   3.99999991E-02   1.31086900E-03
   4.99999970E-02   1.59756036E-03
   5.99999987E-02   1.97502552E-03
   7.00000003E-02   2.17480934E-03
   7.99999982E-02   2.23731576E-03
   8.99999961E-02   2.26212479E-03
   9.99999940E-02   2.29785731E-03
  0.109999999       2.35961704E-03
  0.119999997       2.44832900E-03
  0.129999995       2.55992217E-03
  0.140000001       2.68898113E-03
  0.149999991       2.83072796E-03
  0.159999996       2.98157940E-03
  0.170000002       3.13809724E-03
  0.179999992       3.29829589E-03
  0.189999998       3.46421660E-03
  0.199999988       3.62895289E-03
  0.209999993       3.80640570E-03
  0.219999999       3.98316141E-03
  0.229999989       4.16680751E-03
  0.239999995       4.39915620E-03
  0.250000000       4.58490988E-03
  0.259999990       4.81234305E-03
  0.269999981       5.13853831E-03
  0.280000001       5.54292230E-03
  0.289999992       5.70642343E-03
  0.299999982       6.04890613E-03
  0.310000002       6.56911824E-03
  0.319999993       7.37675233E-03
  0.329999983       8.10173899E-03
  0.340000004       8.20105430E-03
  0.349999994       8.70094262E-03
  0.359999985       9.44290590E-03
  0.370000005       1.05284015E-02
  0.379999995       1.21729104E-02
  0.389999986       1.45383580E-02
  0.399999976       1.51662072E-02
  0.409999996       1.52970022E-02
  0.419999987       1.59897767E-02
  0.429999977       1.69985965E-02
  0.439999998       1.83435678E-02
  0.449999988       2.01204363E-02
  0.459999979       2.25055572E-02
  0.469999999       2.58057173E-02
  0.479999989       3.05100642E-02
  0.489999980       3.68784554E-02
  0.500000000       3.87903340E-02
  0.509999990       3.78346965E-02
  0.519999981       3.83046977E-02
  0.529999971       3.92932147E-02
  0.539999962       4.06485088E-02
  0.550000012       4.23349962E-02
  0.560000002       4.43624631E-02
  0.569999993       4.67704237E-02
  0.579999983       4.96253893E-02
  0.589999974       5.30258454E-02
  0.599999964       5.71168363E-02
  0.610000014       6.21085651E-02
  0.620000005       6.83153570E-02
  0.629999995       7.62136951E-02
  0.639999986       8.65218788E-02
  0.649999976      0.100123420    
  0.659999967      0.115950651    
  0.669999957      0.116947219    
  0.680000007      0.115041278    
  0.689999998      0.114845797    
  0.699999988      0.115398251    
  0.709999979      0.116438150    
  0.719999969      0.117839977    
  0.729999959      0.119533159    
  0.740000010      0.121485412    
  0.750000000      0.123675540    
  0.759999990      0.126093969    
  0.769999981      0.128739208    
  0.779999971      0.131614491    
  0.789999962      0.134728745    
  0.799999952      0.138091147    
  0.810000002      0.141729414    
  0.819999993      0.145655602    
  0.829999983      0.149897188    
  0.839999974      0.154488817    
  0.849999964      0.159469426    
  0.859999955      0.164885834    
  0.870000005      0.170794621    
  0.879999995      0.177265212    
  0.889999986      0.184381902    
  0.899999976      0.192249343    
  0.909999967      0.200997740    
  0.919999957      0.210790247    
  0.930000007      0.221833736    
  0.939999998      0.234392598    
  0.949999988      0.248805344    
  0.959999979      0.265493155    
  0.969999969      0.284942329    
  0.979999959      0.307526886    
  0.989999950      0.332596749    
   1.00000000      0.353307873    
   1.00999999      0.359409660    
   1.01999998      0.362876117    
   1.02999997      0.365661681    
   1.03999996      0.368209034    
   1.04999995      0.370680004    
   1.05999994      0.373145401    
   1.06999993      0.375638604    
   1.07999992      0.378176928    
   1.09000003      0.380767465    
   1.10000002      0.383413851    
   1.11000001      0.386118829    
   1.12000000      0.388880849    
   1.13000000      0.391700894    
   1.13999999      0.394577622    
   1.14999998      0.397508919    
   1.15999997      0.400495708    
   1.16999996      0.403536320    
   1.17999995      0.406629950    
   1.18999994      0.409776539    
   1.19999993      0.412966132    
   1.20999992      0.416224152    
   1.22000003      0.419524431    
   1.23000002      0.422875017    
   1.24000001      0.426279128    
   1.25000000      0.429732710    
   1.25999999      0.433237106    
   1.26999998      0.436794281    
   1.27999997      0.440402418    
   1.28999996      0.444062203    
   1.29999995      0.447775155    
   1.30999994      0.451540589    
   1.31999993      0.455360502    
   1.32999992      0.459234595    
   1.33999991      0.463164121    
   1.35000002      0.467150152    
   1.36000001      0.471192896    
   1.37000000      0.475293964    
   1.38000000      0.479454309    
   1.38999999      0.483674824    
   1.39999998      0.487957448    
   1.40999997      0.492302656    
   1.41999996      0.496712387    
   1.42999995      0.501187980    
   1.43999994      0.505730689    
   1.44999993      0.510341585    
   1.45999992      0.515024185    
   1.46999991      0.519778728    
   1.48000002      0.524607241    
   1.49000001      0.529511571    
   1.50000000      0.534494460    
   1.50999999      0.539557457    
   1.51999998      0.544702947    
   1.52999997      0.549931407    
   1.53999996      0.555251181    
   1.54999995      0.560658336    
   1.55999994      0.566157877    
   1.56999993      0.571753323    
   1.57999992      0.577445865    
   1.58999991      0.583240688    
   1.59999990      0.589138210    
   1.61000001      0.595145643    
   1.62000000      0.601262689    
   1.63000000      0.607495129    
   1.63999999      0.613846064    
   1.64999998      0.620318830    
   1.65999997      0.626919687    
   1.66999996      0.633651495    
   1.67999995      0.640517354    
   1.68999994      0.647525668    
   1.69999993      0.654678762    
   1.70999992      0.661982000    
   1.71999991      0.669441581    
   1.73000002      0.677064240    
   1.74000001      0.684853673    
   1.75000000      0.692817032    
   1.75999999      0.700960338    
   1.76999998      0.709292293    
   1.77999997      0.717817485    
   1.78999996      0.726544023    
   1.79999995      0.735479951    
   1.80999994      0.744633377    
   1.81999993      0.754011393    
   1.82999992      0.763621628    
   1.83999991      0.773473442    
   1.84999990      0.783575118    
   1.86000001      0.793934524    
   1.87000000      0.804559886    
   1.88000000      0.815458357    
   1.88999999      0.826637805    
   1.89999998      0.838104367    
   1.90999997      0.849862456    
   1.91999996      0.861915588    
   1.92999995      0.874263585    
   1.93999994      0.886903882    
   1.94999993      0.899826169    
   1.95999992      0.913017690    
   1.96999991      0.926452637    
   1.97999990      0.940093756    
   1.99000001      0.953887343    
   2.00000000      0.967753410    
   2.00999999      0.981325448    
   2.01999998      0.994141698    
   2.02999997       1.00622046    
   2.03999996       1.01764107    
   2.04999995       1.02848232    
   2.05999994       1.03881550    
   2.06999993       1.04869938    
   2.07999992       1.05818653    
   2.08999991       1.06732392    
   2.09999990       1.07614565    
   2.10999990       1.08468795    
   2.11999989       1.09297633    
   2.12999988       1.10103798    
   2.13999987       1.10889351    
   2.14999986       1.11656070    
   2.15999985       1.12405694    
   2.16999984       1.13139820    
   2.18000007       1.13859558    
   2.19000006       1.14566064    
   2.20000005       1.15260518    
   2.21000004       1.15943813    
   2.22000003       1.16616750    
   2.23000002       1.17280006    
   2.24000001       1.17934430    
   2.25000000       1.18580616    
   2.25999999       1.19218814    
   2.26999998       1.19849873    
   2.27999997       1.20474219    
   2.28999996       1.21092057    
   2.29999995       1.21704292    
   2.30999994       1.22310758    
   2.31999993       1.22911906    
   2.32999992       1.23508084    
   2.33999991       1.24099648    
   2.34999990       1.24686766    
   2.35999990       1.25269794    
   2.36999989       1.25848722    
   2.37999988       1.26424038    
   2.38999987       1.26995742    
   2.39999986       1.27564013    
   2.40999985       1.28129232    
   2.41999984       1.28691208    
   2.42999983       1.29250360    
   2.44000006       1.29806793    
   2.45000005       1.30360794    
   2.46000004       1.30911839    
   2.47000003       1.31460571    
   2.48000002       1.32007277    
   2.49000001       1.32551551    
   2.50000000       1.33093870    
   2.50999999       1.33633971    
   2.51999998       1.34172201    
   2.52999997       1.34708810    
   2.53999996       1.35243464    
   2.54999995       1.35776198    
   2.55999994       1.36307454    
   2.56999993       1.36837232    
   2.57999992       1.37365437    
   2.58999991       1.37892115    
   2.59999990       1.38417280    
   2.60999990       1.38941300    
   2.61999989       1.39464128    
   2.62999988       1.39985490    
   2.63999987       1.40505648    
   2.64999986       1.41024542    
   2.65999985       1.41542375    
   2.66999984       1.42059100    
   2.67999983       1.42574930    
   2.69000006       1.43089557    
   2.70000005       1.43603110    
   2.71000004       1.44115818    
   2.72000003       1.44627559    
   2.73000002       1.45138431    
   2.74000001       1.45648491    
   2.75000000       1.46157610    
   2.75999999       1.46665776    
   2.76999998       1.47173381    
   2.77999997       1.47680092    
   2.78999996       1.48186064    
   2.79999995       1.48691285    
   2.80999994       1.49195814    
   2.81999993       1.49699593    
   2.82999992       1.50202858    
   2.83999991       1.50705206    
   2.84999990       1.51207185    
   2.85999990       1.51708341    
   2.86999989       1.52208865    
   2.87999988       1.52709055    
   2.88999987       1.53208625    
   2.89999986       1.53707409    
   2.90999985       1.54205883    
   2.91999984       1.54703784    
   2.92999983       1.55200982    
   2.93999982       1.55697870    
   2.95000005       1.56194234    
   2.96000004       1.56690013    
   2.97000003       1.57185423    
   2.98000002       1.57680273    
   2.99000001       1.58174825    
   3.00000000       1.58668745    
   3.00999999       1.59162378    
   3.01999998       1.59655631    
   3.02999997       1.60148430    
   3.03999996       1.60640883    
   3.04999995       1.61132824    
   3.05999994       1.61624479    
   3.06999993       1.62115550    
   3.07999992       1.62606585    
   3.08999991       1.63097000    
   3.09999990       1.63587356    
   3.10999990       1.64077020    
   3.11999989       1.64566541    
   3.12999988       1.65055692    
   3.13999987       1.65544641    
   3.14999986       1.66033161    
   3.15999985       1.66521347    
   3.16999984       1.67009211    
   3.17999983       1.67496896    
   3.18999982       1.67984092    
   3.19999981       1.68471146    
   3.21000004       1.68957508    
   3.22000003       1.69444370    
   3.23000002       1.69930482    
   3.24000001       1.70416343    
   3.25000000       1.70902061    
   3.25999999       1.71387577    
   3.26999998       1.71872652    
   3.27999997       1.72357655    
   3.28999996       1.72842300    
   3.29999995       1.73326623    
   3.30999994       1.73810875    
   3.31999993       1.74294674    
   3.32999992       1.74778593    
   3.33999991       1.75262082    
   3.34999990       1.75745296    
   3.35999990       1.76228404    
   3.36999989       1.76711273    
   3.37999988       1.77193701    
   3.38999987       1.77676272    
   3.39999986       1.78158510    
   3.40999985       1.78640544    
   3.41999984       1.79122341    
   3.42999983       1.79603982    
   3.43999982       1.80085397    
   3.44999981       1.80566788    
   3.46000004       1.81047797    
   3.47000003       1.81528687    
   3.48000002       1.82009423    
   3.49000001       1.82487428    
   3.50000000       1.82970345    
   3.50999999       1.83450425    
