   9.99999978E-03   4.48765553E-04
   1.99999996E-02   8.05964111E-04
   2.99999993E-02   1.13422738E-03
   3.99999991E-02   1.33367919E-03
   4.99999970E-02   1.59788551E-03
   5.99999987E-02   1.98632642E-03
   7.00000003E-02   2.21002405E-03
   7.99999982E-02   2.28372100E-03
   8.99999961E-02   2.30827508E-03
   9.99999940E-02   2.33880361E-03
  0.109999999       2.39397283E-03
  0.119999997       2.47634202E-03
  0.129999995       2.58257985E-03
  0.140000001       2.70586065E-03
  0.149999991       2.84624891E-03
  0.159999996       2.99528870E-03
  0.170000002       3.15110339E-03
  0.179999992       3.31159099E-03
  0.189999998       3.47987190E-03
  0.199999988       3.64695583E-03
  0.209999993       3.83101613E-03
  0.219999999       4.01347410E-03
  0.229999989       4.20731073E-03
  0.239999995       4.45862254E-03
  0.250000000       4.65272181E-03
  0.259999990       4.90112370E-03
  0.269999981       5.26625616E-03
  0.280000001       5.70715312E-03
  0.289999992       5.88135142E-03
  0.299999982       6.26544608E-03
  0.310000002       6.85438514E-03
  0.319999993       7.76225049E-03
  0.329999983       8.53366684E-03
  0.340000004       8.64789076E-03
  0.349999994       9.20987315E-03
  0.359999985       1.00460229E-02
  0.370000005       1.12703852E-02
  0.379999995       1.31067131E-02
  0.389999986       1.56852566E-02
  0.399999976       1.62968002E-02
  0.409999996       1.64565947E-02
  0.419999987       1.72276646E-02
  0.429999977       1.83481015E-02
  0.439999998       1.98406018E-02
  0.449999988       2.18095500E-02
  0.459999979       2.44450103E-02
  0.469999999       2.80728899E-02
  0.479999989       3.31886224E-02
  0.489999980       3.99464741E-02
  0.500000000       4.17882949E-02
  0.509999990       4.08088677E-02
  0.519999981       4.13331427E-02
  0.529999971       4.24125791E-02
  0.539999962       4.38877977E-02
  0.550000012       4.57210615E-02
  0.560000002       4.79229055E-02
  0.569999993       5.05356193E-02
  0.579999983       5.36299981E-02
  0.589999974       5.73107526E-02
  0.599999964       6.17313460E-02
  0.610000014       6.71121702E-02
  0.620000005       7.37804472E-02
  0.629999995       8.22247267E-02
  0.639999986       9.31606516E-02
  0.649999976      0.107399687    
  0.659999967      0.123530895    
  0.669999957      0.124372445    
  0.680000007      0.122455910    
  0.689999998      0.122290410    
  0.699999988      0.122900046    
  0.709999979      0.124018110    
  0.719999969      0.125513628    
  0.729999959      0.127318516    
  0.740000010      0.129394248    
  0.750000000      0.131720811    
  0.759999990      0.134287968    
  0.769999981      0.137094229    
  0.779999971      0.140143007    
  0.789999962      0.143443480    
  0.799999952      0.147008732    
  0.810000002      0.150857180    
  0.819999993      0.155011356    
  0.829999983      0.159496620    
  0.839999974      0.164347649    
  0.849999964      0.169608057    
  0.859999955      0.175322205    
  0.870000005      0.181550115    
  0.879999995      0.188362449    
  0.889999986      0.195845738    
  0.899999976      0.204106212    
  0.909999967      0.213275596    
  0.919999957      0.223518148    
  0.930000007      0.235040948    
  0.939999998      0.248104751    
  0.949999988      0.263040781    
  0.959999979      0.280250490    
  0.969999969      0.300178617    
  0.979999959      0.323116153    
  0.989999950      0.348264545    
   1.00000000      0.368777961    
   1.00999999      0.375044763    
   1.01999998      0.378686607    
   1.02999997      0.381629914    
   1.03999996      0.384321094    
   1.04999995      0.386927426    
   1.05999994      0.389522433    
   1.06999993      0.392141730    
   1.07999992      0.394803286    
   1.09000003      0.397515625    
   1.10000002      0.400283605    
   1.11000001      0.403109163    
   1.12000000      0.405992359    
   1.13000000      0.408933610    
   1.13999999      0.411931813    
   1.14999998      0.414986640    
   1.15999997      0.418096304    
   1.16999996      0.421260357    
   1.17999995      0.424479663    
   1.18999994      0.427752048    
   1.19999993      0.431077242    
   1.20999992      0.434455007    
   1.22000003      0.437884927    
   1.23000002      0.441366911    
   1.24000001      0.444901675    
   1.25000000      0.448488474    
   1.25999999      0.452126205    
   1.26999998      0.455818594    
   1.27999997      0.459563404    
   1.28999996      0.463361144    
   1.29999995      0.467212707    
   1.30999994      0.471118808    
   1.31999993      0.475080162    
   1.32999992      0.479096889    
   1.33999991      0.483170927    
   1.35000002      0.487302512    
   1.36000001      0.491492033    
   1.37000000      0.495741367    
   1.38000000      0.500051320    
   1.38999999      0.504422247    
   1.39999998      0.508857131    
   1.40999997      0.513356388    
   1.41999996      0.517921329    
   1.42999995      0.522552788    
   1.43999994      0.527252853    
   1.44999993      0.532023430    
   1.45999992      0.536866486    
   1.46999991      0.541782618    
   1.48000002      0.546774983    
   1.49000001      0.551844180    
   1.50000000      0.556993365    
   1.50999999      0.562223792    
   1.51999998      0.567538381    
   1.52999997      0.572941124    
   1.53999996      0.578429163    
   1.54999995      0.584009171    
   1.55999994      0.589683294    
   1.56999993      0.595455110    
   1.57999992      0.601325095    
   1.58999991      0.607297301    
   1.59999990      0.613376737    
   1.61000001      0.619564533    
   1.62000000      0.625863850    
   1.63000000      0.632279515    
   1.63999999      0.638815284    
   1.64999998      0.645474017    
   1.65999997      0.652260900    
   1.66999996      0.659179866    
   1.67999995      0.666235387    
   1.68999994      0.673431993    
   1.69999993      0.680774987    
   1.70999992      0.688268661    
   1.71999991      0.695918977    
   1.73000002      0.703731656    
   1.74000001      0.711712182    
   1.75000000      0.719866157    
   1.75999999      0.728199184    
   1.76999998      0.736720204    
   1.77999997      0.745434225    
   1.78999996      0.754347861    
   1.79999995      0.763469040    
   1.80999994      0.772804976    
   1.81999993      0.782362759    
   1.82999992      0.792150736    
   1.83999991      0.802176118    
   1.84999990      0.812446713    
   1.86000001      0.822968900    
   1.87000000      0.833751738    
   1.88000000      0.844801784    
   1.88999999      0.856124401    
   1.89999998      0.867724001    
   1.90999997      0.879605889    
   1.91999996      0.891771019    
   1.92999995      0.904218078    
   1.93999994      0.916942477    
   1.94999993      0.929934680    
   1.95999992      0.943176806    
   1.96999991      0.956644833    
   1.97999990      0.970298767    
   1.99000001      0.984085679    
   2.00000000      0.997925699    
   2.00999999       1.01145720    
   2.01999998       1.02423716    
   2.02999997       1.03629279    
   2.03999996       1.04770136    
   2.04999995       1.05854261    
   2.05999994       1.06888342    
   2.06999993       1.07878470    
   2.07999992       1.08829820    
   2.08999991       1.09746587    
   2.09999990       1.10632432    
   2.10999990       1.11490595    
   2.11999989       1.12324166    
   2.12999988       1.13135111    
   2.13999987       1.13925779    
   2.14999986       1.14697945    
   2.15999985       1.15453374    
   2.16999984       1.16193306    
   2.18000007       1.16919100    
   2.19000006       1.17631948    
   2.20000005       1.18332827    
   2.21000004       1.19022644    
   2.22000003       1.19702244    
   2.23000002       1.20372319    
   2.24000001       1.21033525    
   2.25000000       1.21686578    
   2.25999999       1.22331882    
   2.26999998       1.22970128    
   2.27999997       1.23601675    
   2.28999996       1.24226689    
   2.29999995       1.24846184    
   2.30999994       1.25459969    
   2.31999993       1.26068449    
   2.32999992       1.26672268    
   2.33999991       1.27271283    
   2.34999990       1.27865803    
   2.35999990       1.28456211    
   2.36999989       1.29042804    
   2.37999988       1.29625714    
   2.38999987       1.30205035    
   2.39999986       1.30781078    
   2.40999985       1.31353748    
   2.41999984       1.31923592    
   2.42999983       1.32490480    
   2.44000006       1.33054638    
   2.45000005       1.33616221    
   2.46000004       1.34175074    
   2.47000003       1.34731770    
   2.48000002       1.35286069    
   2.49000001       1.35838139    
   2.50000000       1.36388159    
   2.50999999       1.36936259    
   2.51999998       1.37482309    
   2.52999997       1.38026595    
   2.53999996       1.38568985    
   2.54999995       1.39109921    
   2.55999994       1.39648986    
   2.56999993       1.40186584    
   2.57999992       1.40722692    
   2.58999991       1.41257358    
   2.59999990       1.41790366    
   2.60999990       1.42322266    
   2.61999989       1.42853010    
   2.62999988       1.43382192    
   2.63999987       1.43910301    
   2.64999986       1.44437122    
   2.65999985       1.44962883    
   2.66999984       1.45487535    
   2.67999983       1.46011209    
   2.69000006       1.46533799    
   2.70000005       1.47055519    
   2.71000004       1.47576010    
   2.72000003       1.48095751    
   2.73000002       1.48614562    
   2.74000001       1.49132454    
   2.75000000       1.49649501    
   2.75999999       1.50165701    
   2.76999998       1.50681078    
   2.77999997       1.51195943    
   2.78999996       1.51710081    
   2.79999995       1.52223003    
   2.80999994       1.52735603    
   2.81999993       1.53247297    
   2.82999992       1.53758502    
   2.83999991       1.54268992    
   2.84999990       1.54778802    
   2.85999990       1.55288208    
   2.86999989       1.55796778    
   2.87999988       1.56304777    
   2.88999987       1.56812215    
   2.89999986       1.57319212    
   2.90999985       1.57825541    
   2.91999984       1.58331370    
   2.92999983       1.58836603    
   2.93999982       1.59341609    
   2.95000005       1.59845901    
   2.96000004       1.60349810    
   2.97000003       1.60853088    
   2.98000002       1.61356068    
   2.99000001       1.61858606    
   3.00000000       1.62360597    
   3.00999999       1.62862206    
   3.01999998       1.63363457    
   3.02999997       1.63864231    
   3.03999996       1.64364731    
   3.04999995       1.64864659    
   3.05999994       1.65364361    
   3.06999993       1.65863597    
   3.07999992       1.66362453    
   3.08999991       1.66860986    
   3.09999990       1.67359233    
   3.10999990       1.67857134    
   3.11999989       1.68354654    
   3.12999988       1.68851721    
   3.13999987       1.69348657    
   3.14999986       1.69845152    
   3.15999985       1.70341420    
   3.16999984       1.70837712    
   3.17999983       1.71332943    
   3.18999982       1.71828294    
   3.19999981       1.72323430    
   3.21000004       1.72818160    
   3.22000003       1.73312724    
   3.23000002       1.73806882    
   3.24000001       1.74300921    
   3.25000000       1.74794602    
   3.25999999       1.75287974    
   3.26999998       1.75781202    
   3.27999997       1.76274025    
   3.28999996       1.76766849    
   3.29999995       1.77259207    
   3.30999994       1.77751529    
   3.31999993       1.78243470    
   3.32999992       1.78735220    
   3.33999991       1.79226780    
   3.34999990       1.79718006    
   3.35999990       1.80209064    
   3.36999989       1.80700064    
   3.37999988       1.81190646    
   3.38999987       1.81681263    
   3.39999986       1.82171440    
   3.40999985       1.82661510    
   3.41999984       1.83151436    
   3.42999983       1.83641064    
   3.43999982       1.84130609    
   3.44999981       1.84619856    
   3.46000004       1.85109091    
   3.47000003       1.85597992    
   3.48000002       1.86086786    
   3.49000001       1.86575258    
   3.50000000       1.87063634    
   3.50999999       1.87551904    
