   9.99999978E-03   4.46548365E-04
   1.99999996E-02   8.06219759E-04
   2.99999993E-02   1.13360654E-03
   3.99999991E-02   1.32224767E-03
   4.99999970E-02   1.59756502E-03
   5.99999987E-02   1.98123325E-03
   7.00000003E-02   2.19285907E-03
   7.99999982E-02   2.26066075E-03
   8.99999961E-02   2.28500413E-03
   9.99999940E-02   2.31818226E-03
  0.109999999       2.37657689E-03
  0.119999997       2.46216031E-03
  0.129999995       2.57110852E-03
  0.140000001       2.69814185E-03
  0.149999991       2.83838925E-03
  0.159999996       2.98836664E-03
  0.170000002       3.14456993E-03
  0.179999992       3.30494298E-03
  0.189999998       3.47195892E-03
  0.199999988       3.63782770E-03
  0.209999993       3.81845399E-03
  0.219999999       3.99799272E-03
  0.229999989       4.18650825E-03
  0.239999995       4.42804396E-03
  0.250000000       4.61785123E-03
  0.259999990       4.85533150E-03
  0.269999981       5.19992178E-03
  0.280000001       5.62263979E-03
  0.289999992       5.79124084E-03
  0.299999982       6.15356443E-03
  0.310000002       6.70786062E-03
  0.319999993       7.56372930E-03
  0.329999983       8.31187237E-03
  0.340000004       8.41824804E-03
  0.349999994       8.94824602E-03
  0.359999985       9.73600522E-03
  0.370000005       1.08890655E-02
  0.379999995       1.26272598E-02
  0.389999986       1.50979804E-02
  0.399999976       1.57183297E-02
  0.409999996       1.58630926E-02
  0.419999987       1.65940188E-02
  0.429999977       1.76573191E-02
  0.439999998       1.90744121E-02
  0.449999988       2.09450778E-02
  0.459999979       2.34529898E-02
  0.469999999       2.69138645E-02
  0.479999989       3.18213962E-02
  0.489999980       3.83840427E-02
  0.500000000       4.02622484E-02
  0.509999990       3.93074825E-02
  0.519999981       3.97908241E-02
  0.529999971       4.08239737E-02
  0.539999962       4.22382094E-02
  0.550000012       4.39967774E-02
  0.560000002       4.61100265E-02
  0.569999993       4.86186855E-02
  0.579999983       5.15915193E-02
  0.589999974       5.51301464E-02
  0.599999964       5.93835302E-02
  0.610000014       6.45672381E-02
  0.620000005       7.10021555E-02
  0.629999995       7.91709647E-02
  0.639999986       8.97911862E-02
  0.649999976      0.103711739    
  0.659999967      0.119694583    
  0.669999957      0.120613173    
  0.680000007      0.118701249    
  0.689999998      0.118520126    
  0.699999988      0.119100615    
  0.709999979      0.120178975    
  0.719999969      0.121626347    
  0.729999959      0.123375446    
  0.740000010      0.125388682    
  0.750000000      0.127646208    
  0.759999990      0.130138218    
  0.769999981      0.132863104    
  0.779999971      0.135823250    
  0.789999962      0.139030755    
  0.799999952      0.142491966    
  0.810000002      0.146235988    
  0.819999993      0.150275126    
  0.829999983      0.154637471    
  0.839999974      0.159358606    
  0.849999964      0.164477170    
  0.859999955      0.170041353    
  0.870000005      0.176108479    
  0.879999995      0.182748809    
  0.889999986      0.190047801    
  0.899999976      0.198110655    
  0.909999967      0.207068682    
  0.919999957      0.217085361    
  0.930000007      0.228367999    
  0.939999998      0.241178975    
  0.949999988      0.255853891    
  0.959999979      0.272803992    
  0.969999969      0.292495161    
  0.979999959      0.315259606    
  0.989999950      0.340371877    
   1.00000000      0.360984206    
   1.00999999      0.367169052    
   1.01999998      0.370722890    
   1.02999997      0.373586833    
   1.03999996      0.376205832    
   1.04999995      0.378744125    
   1.05999994      0.381273925    
   1.06999993      0.383829027    
   1.07999992      0.386428565    
   1.09000003      0.389079899    
   1.10000002      0.391786814    
   1.11000001      0.394551367    
   1.12000000      0.397373378    
   1.13000000      0.400253981    
   1.13999999      0.403190583    
   1.14999998      0.406183213    
   1.15999997      0.409231544    
   1.16999996      0.412333578    
   1.17999995      0.415489972    
   1.18999994      0.418698549    
   1.19999993      0.421951860    
   1.20999992      0.425273240    
   1.22000003      0.428638369    
   1.23000002      0.432054818    
   1.24000001      0.435522944    
   1.25000000      0.439042747    
   1.25999999      0.442613512    
   1.26999998      0.446238399    
   1.27999997      0.449914217    
   1.28999996      0.453642815    
   1.29999995      0.457424879    
   1.30999994      0.461260438    
   1.31999993      0.465150535    
   1.32999992      0.469095588    
   1.33999991      0.473097116    
   1.35000002      0.477155507    
   1.36000001      0.481271714    
   1.37000000      0.485446244    
   1.38000000      0.489681244    
   1.38999999      0.493976802    
   1.39999998      0.498335391    
   1.40999997      0.502756894    
   1.41999996      0.507244229    
   1.42999995      0.511797607    
   1.43999994      0.516418874    
   1.44999993      0.521108747    
   1.45999992      0.525871038    
   1.46999991      0.530706346    
   1.48000002      0.535616875    
   1.49000001      0.540603399    
   1.50000000      0.545669377    
   1.50999999      0.550815880    
   1.51999998      0.556045890    
   1.52999997      0.561362505    
   1.53999996      0.566763937    
   1.54999995      0.572258174    
   1.55999994      0.577845275    
   1.56999993      0.583527982    
   1.57999992      0.589309573    
   1.58999991      0.595192432    
   1.59999990      0.601181388    
   1.61000001      0.607278287    
   1.62000000      0.613486409    
   1.63000000      0.619810998    
   1.63999999      0.626254261    
   1.64999998      0.632820129    
   1.65999997      0.639514327    
   1.66999996      0.646338940    
   1.67999995      0.653300643    
   1.68999994      0.660402358    
   1.69999993      0.667650640    
   1.70999992      0.675049305    
   1.71999991      0.682604194    
   1.73000002      0.690321684    
   1.74000001      0.698206663    
   1.75000000      0.706265628    
   1.75999999      0.714504898    
   1.76999998      0.722931087    
   1.77999997      0.731551051    
   1.78999996      0.740371585    
   1.79999995      0.749400496    
   1.80999994      0.758645594    
   1.81999993      0.768113554    
   1.82999992      0.777813852    
   1.83999991      0.787752271    
   1.84999990      0.797938943    
   1.86000001      0.808379948    
   1.87000000      0.819085062    
   1.88000000      0.830060244    
   1.88999999      0.841311812    
   1.89999998      0.852845311    
   1.90999997      0.864661872    
   1.91999996      0.876775861    
   1.92999995      0.889174640    
   1.93999994      0.901857853    
   1.94999993      0.914815903    
   1.95999992      0.928033292    
   1.96999991      0.941484928    
   1.97999990      0.955133855    
   1.99000001      0.968923688    
   2.00000000      0.982777536    
   2.00999999      0.996329188    
   2.01999998       1.00912726    
   2.02999997       1.02119493    
   2.03999996       1.03260958    
   2.04999995       1.04345119    
   2.05999994       1.05378914    
   2.06999993       1.06368136    
   2.07999992       1.07318199    
   2.08999991       1.08233321    
   2.09999990       1.09117484    
   2.10999990       1.09973752    
   2.11999989       1.10804915    
   2.12999988       1.11613488    
   2.13999987       1.12401605    
   2.14999986       1.13171089    
   2.15999985       1.13923681    
   2.16999984       1.14660645    
   2.18000007       1.15383422    
   2.19000006       1.16093147    
   2.20000005       1.16790938    
   2.21000004       1.17477381    
   2.22000003       1.18153727    
   2.23000002       1.18820429    
   2.24000001       1.19478190    
   2.25000000       1.20127797    
   2.25999999       1.20769584    
   2.26999998       1.21404254    
   2.27999997       1.22032201    
   2.28999996       1.22653711    
   2.29999995       1.23269463    
   2.30999994       1.23879778    
   2.31999993       1.24484575    
   2.32999992       1.25084579    
   2.33999991       1.25679791    
   2.34999990       1.26270616    
   2.35999990       1.26857412    
   2.36999989       1.27440214    
   2.37999988       1.28019273    
   2.38999987       1.28594768    
   2.39999986       1.29167020    
   2.40999985       1.29736018    
   2.41999984       1.30301845    
   2.42999983       1.30864894    
   2.44000006       1.31425190    
   2.45000005       1.31982839    
   2.46000004       1.32538009    
   2.47000003       1.33090675    
   2.48000002       1.33641160    
   2.49000001       1.34189308    
   2.50000000       1.34735608    
   2.50999999       1.35279596    
   2.51999998       1.35821807    
   2.52999997       1.36362255    
   2.53999996       1.36900842    
   2.54999995       1.37437594    
   2.55999994       1.37972844    
   2.56999993       1.38506567    
   2.57999992       1.39038765    
   2.58999991       1.39569283    
   2.59999990       1.40098536    
   2.60999990       1.40626490    
   2.61999989       1.41153014    
   2.62999988       1.41678464    
   2.63999987       1.42202616    
   2.64999986       1.42725456    
   2.65999985       1.43247199    
   2.66999984       1.43767953    
   2.67999983       1.44287682    
   2.69000006       1.44806325    
   2.70000005       1.45323908    
   2.71000004       1.45840561    
   2.72000003       1.46356297    
   2.73000002       1.46871138    
   2.74000001       1.47385097    
   2.75000000       1.47898161    
   2.75999999       1.48410428    
   2.76999998       1.48921943    
   2.77999997       1.49432695    
   2.78999996       1.49942672    
   2.79999995       1.50451791    
   2.80999994       1.50960445    
   2.81999993       1.51468241    
   2.82999992       1.51975322    
   2.83999991       1.52481902    
   2.84999990       1.52987599    
   2.85999990       1.53492951    
   2.86999989       1.53997481    
   2.87999988       1.54501534    
   2.88999987       1.55005050    
   2.89999986       1.55507982    
   2.90999985       1.56010425    
   2.91999984       1.56512117    
   2.92999983       1.57013547    
   2.93999982       1.57514310    
   2.95000005       1.58014774    
   2.96000004       1.58514631    
   2.97000003       1.59014094    
   2.98000002       1.59512973    
   2.99000001       1.60011435    
   3.00000000       1.60509515    
   3.00999999       1.61007154    
   3.01999998       1.61504376    
   3.02999997       1.62001097    
   3.03999996       1.62497663    
   3.04999995       1.62993550    
   3.05999994       1.63489199    
   3.06999993       1.63984275    
   3.07999992       1.64479375    
   3.08999991       1.64973891    
   3.09999990       1.65468049    
   3.10999990       1.65961957    
   3.11999989       1.66455340    
   3.12999988       1.66948581    
   3.13999987       1.67441392    
   3.14999986       1.67933905    
   3.15999985       1.68426108    
   3.16999984       1.68918133    
   3.17999983       1.69409716    
   3.18999982       1.69900942    
   3.19999981       1.70392132    
   3.21000004       1.70882809    
   3.22000003       1.71373236    
   3.23000002       1.71863484    
   3.24000001       1.72353375    
   3.25000000       1.72843111    
   3.25999999       1.73332500    
   3.26999998       1.73821747    
   3.27999997       1.74310684    
   3.28999996       1.74799395    
   3.29999995       1.75287819    
   3.30999994       1.75775921    
   3.31999993       1.76263785    
   3.32999992       1.76751685    
   3.33999991       1.77239096    
   3.34999990       1.77726543    
   3.35999990       1.78213489    
   3.36999989       1.78700399    
   3.37999988       1.79187107    
   3.38999987       1.79673588    
   3.39999986       1.80159819    
   3.40999985       1.80645919    
   3.41999984       1.81131732    
   3.42999983       1.81617367    
   3.43999982       1.82102740    
   3.44999981       1.82588208    
   3.46000004       1.83073294    
   3.47000003       1.83558190    
   3.48000002       1.84043002    
   3.49000001       1.84527516    
   3.50000000       1.85011840    
   3.50999999       1.85496020    
