   9.99999978E-03   4.56875918E-04
   1.99999996E-02   8.06422555E-04
   2.99999993E-02   1.13408256E-03
   3.99999991E-02   1.36235903E-03
   4.99999970E-02   1.59985293E-03
   5.99999987E-02   1.99525827E-03
   7.00000003E-02   2.24674516E-03
   7.99999982E-02   2.33507901E-03
   8.99999961E-02   2.36104918E-03
   9.99999940E-02   2.38652295E-03
  0.109999999       2.43437872E-03
  0.119999997       2.50954251E-03
  0.129999995       2.60949484E-03
  0.140000001       2.72940984E-03
  0.149999991       2.86451844E-03
  0.159999996       3.01135727E-03
  0.170000002       3.16629955E-03
  0.179999992       3.32707982E-03
  0.189999998       3.49842175E-03
  0.199999988       3.66854761E-03
  0.209999993       3.86146386E-03
  0.219999999       4.05132072E-03
  0.229999989       4.25865222E-03
  0.239999995       4.53466084E-03
  0.250000000       4.73921979E-03
  0.259999990       5.01550175E-03
  0.269999981       5.42931538E-03
  0.280000001       5.91685344E-03
  0.289999992       6.10554917E-03
  0.299999982       6.54382957E-03
  0.310000002       7.22118653E-03
  0.319999993       8.25533271E-03
  0.329999983       9.07876343E-03
  0.340000004       9.21355654E-03
  0.349999994       9.85541567E-03
  0.359999985       1.08109731E-02
  0.370000005       1.22087812E-02
  0.379999995       1.42835565E-02
  0.389999986       1.71138272E-02
  0.399999976       1.77008249E-02
  0.409999996       1.78989675E-02
  0.419999987       1.87677704E-02
  0.429999977       2.00268459E-02
  0.439999998       2.17018854E-02
  0.449999988       2.39070877E-02
  0.459999979       2.68493183E-02
  0.469999999       3.08731440E-02
  0.479999989       3.64789404E-02
  0.489999980       4.36784104E-02
  0.500000000       4.54287603E-02
  0.509999990       4.44280542E-02
  0.519999981       4.50178459E-02
  0.529999971       4.62081656E-02
  0.539999962       4.78286929E-02
  0.550000012       4.98392507E-02
  0.560000002       5.22513427E-02
  0.569999993       5.51104620E-02
  0.579999983       5.84923550E-02
  0.589999974       6.25088811E-02
  0.599999964       6.73224255E-02
  0.610000014       7.31654689E-02
  0.620000005       8.03783461E-02
  0.629999995       8.94605741E-02
  0.639999986      0.101118766    
  0.649999976      0.116070122    
  0.659999967      0.132509619    
  0.669999957      0.133181795    
  0.680000007      0.131281987    
  0.689999998      0.131134063    
  0.699999988      0.131813675    
  0.709999979      0.133025452    
  0.719999969      0.134634167    
  0.729999959      0.136569515    
  0.740000010      0.138791293    
  0.750000000      0.141278476    
  0.759999990      0.144020766    
  0.769999981      0.147016302    
  0.779999971      0.150268853    
  0.789999962      0.153787792    
  0.799999952      0.157586396    
  0.810000002      0.161684513    
  0.819999993      0.166105121    
  0.829999983      0.170874909    
  0.839999974      0.176030859    
  0.849999964      0.181613773    
  0.859999955      0.187674388    
  0.870000005      0.194271848    
  0.879999995      0.201478601    
  0.889999986      0.209385291    
  0.899999976      0.218097240    
  0.909999967      0.227748826    
  0.919999957      0.238504559    
  0.930000007      0.250570387    
  0.939999998      0.264202744    
  0.949999988      0.279721916    
  0.959999979      0.297505587    
  0.969999969      0.317950875    
  0.979999959      0.341253638    
  0.989999950      0.366458327    
   1.00000000      0.386746824    
   1.00999999      0.393199086    
   1.01999998      0.397040129    
   1.02999997      0.400164038    
   1.03999996      0.403021395    
   1.04999995      0.405784220    
   1.05999994      0.408529311    
   1.06999993      0.411293894    
   1.07999992      0.414098293    
   1.09000003      0.416952282    
   1.10000002      0.419860870    
   1.11000001      0.422826499    
   1.12000000      0.425849110    
   1.13000000      0.428930670    
   1.13999999      0.432069421    
   1.14999998      0.435265511    
   1.15999997      0.438517630    
   1.16999996      0.441825360    
   1.17999995      0.445188284    
   1.18999994      0.448606133    
   1.19999993      0.452077210    
   1.20999992      0.455602884    
   1.22000003      0.459181607    
   1.23000002      0.462814212    
   1.24000001      0.466499835    
   1.25000000      0.470239043    
   1.25999999      0.474030823    
   1.26999998      0.477879256    
   1.27999997      0.481780618    
   1.28999996      0.485736370    
   1.29999995      0.489747286    
   1.30999994      0.493813872    
   1.31999993      0.497937620    
   1.32999992      0.502118349    
   1.33999991      0.506357133    
   1.35000002      0.510655284    
   1.36000001      0.515012980    
   1.37000000      0.519431770    
   1.38000000      0.523912668    
   1.38999999      0.528456211    
   1.39999998      0.533064723    
   1.40999997      0.537739456    
   1.41999996      0.542480886    
   1.42999995      0.547291696    
   1.43999994      0.552172005    
   1.44999993      0.557122827    
   1.45999992      0.562149048    
   1.46999991      0.567249596    
   1.48000002      0.572428226    
   1.49000001      0.577684999    
   1.50000000      0.583023071    
   1.50999999      0.588444173    
   1.51999998      0.593950391    
   1.52999997      0.599546552    
   1.53999996      0.605229616    
   1.54999995      0.611006677    
   1.55999994      0.616879582    
   1.56999993      0.622850060    
   1.57999992      0.628920257    
   1.58999991      0.635095179    
   1.59999990      0.641377449    
   1.61000001      0.647768974    
   1.62000000      0.654274404    
   1.63000000      0.660897851    
   1.63999999      0.667641819    
   1.64999998      0.674509645    
   1.65999997      0.681506574    
   1.66999996      0.688637137    
   1.67999995      0.695903361    
   1.68999994      0.703312218    
   1.69999993      0.710867822    
   1.70999992      0.718574703    
   1.71999991      0.726438046    
   1.73000002      0.734464049    
   1.74000001      0.742657781    
   1.75000000      0.751023114    
   1.75999999      0.759568274    
   1.76999998      0.768299222    
   1.77999997      0.777221799    
   1.78999996      0.786342502    
   1.79999995      0.795668185    
   1.80999994      0.805205822    
   1.81999993      0.814961851    
   1.82999992      0.824944496    
   1.83999991      0.835157871    
   1.84999990      0.845615268    
   1.86000001      0.856315851    
   1.87000000      0.867270350    
   1.88000000      0.878483534    
   1.88999999      0.889959991    
   1.89999998      0.901703775    
   1.90999997      0.913717270    
   1.91999996      0.926000774    
   1.92999995      0.938552797    
   1.93999994      0.951365173    
   1.94999993      0.964426935    
   1.95999992      0.977720320    
   1.96999991      0.991219163    
   1.97999990       1.00488245    
   1.99000001       1.01865721    
   2.00000000       1.03246641    
   2.00999999       1.04594898    
   2.01999998       1.05868804    
   2.02999997       1.07071519    
   2.03999996       1.08210719    
   2.04999995       1.09294820    
   2.05999994       1.10329866    
   2.06999993       1.11321592    
   2.07999992       1.12275434    
   2.08999991       1.13195431    
   2.09999990       1.14085245    
   2.10999990       1.14947915    
   2.11999989       1.15786314    
   2.12999988       1.16602457    
   2.13999987       1.17398798    
   2.14999986       1.18176913    
   2.15999985       1.18938470    
   2.16999984       1.19684947    
   2.18000007       1.20417476    
   2.19000006       1.21137178    
   2.20000005       1.21845126    
   2.21000004       1.22542059    
   2.22000003       1.23228979    
   2.23000002       1.23906565    
   2.24000001       1.24575293    
   2.25000000       1.25236166    
   2.25999999       1.25889158    
   2.26999998       1.26535308    
   2.27999997       1.27174664    
   2.28999996       1.27807891    
   2.29999995       1.28435469    
   2.30999994       1.29057252    
   2.31999993       1.29674089    
   2.32999992       1.30286014    
   2.33999991       1.30893266    
   2.34999990       1.31496227    
   2.35999990       1.32095098    
   2.36999989       1.32690084    
   2.37999988       1.33281434    
   2.38999987       1.33869219    
   2.39999986       1.34453797    
   2.40999985       1.35035098    
   2.41999984       1.35613382    
   2.42999983       1.36188710    
   2.44000006       1.36761522    
   2.45000005       1.37331641    
   2.46000004       1.37899268    
   2.47000003       1.38464630    
   2.48000002       1.39027643    
   2.49000001       1.39588380    
   2.50000000       1.40147102    
   2.50999999       1.40703928    
   2.51999998       1.41258788    
   2.52999997       1.41811824    
   2.53999996       1.42363095    
   2.54999995       1.42912614    
   2.55999994       1.43460655    
   2.56999993       1.44006968    
   2.57999992       1.44551802    
   2.58999991       1.45095289    
   2.59999990       1.45637202    
   2.60999990       1.46177971    
   2.61999989       1.46717370    
   2.62999988       1.47255433    
   2.63999987       1.47792423    
   2.64999986       1.48328078    
   2.65999985       1.48862815    
   2.66999984       1.49396372    
   2.67999983       1.49928939    
   2.69000006       1.50460291    
   2.70000005       1.50990856    
   2.71000004       1.51520395    
   2.72000003       1.52048945    
   2.73000002       1.52576673    
   2.74000001       1.53103542    
   2.75000000       1.53629386    
   2.75999999       1.54154575    
   2.76999998       1.54679060    
   2.77999997       1.55202627    
   2.78999996       1.55725551    
   2.79999995       1.56247663    
   2.80999994       1.56769049    
   2.81999993       1.57289851    
   2.82999992       1.57809901    
   2.83999991       1.58329415    
   2.84999990       1.58848262    
   2.85999990       1.59366322    
   2.86999989       1.59883988    
   2.87999988       1.60400891    
   2.88999987       1.60917342    
   2.89999986       1.61433280    
   2.90999985       1.61948621    
   2.91999984       1.62463403    
   2.92999983       1.62977719    
   2.93999982       1.63491631    
   2.95000005       1.64004898    
   2.96000004       1.64517653    
   2.97000003       1.65030050    
   2.98000002       1.65541983    
   2.99000001       1.66053438    
   3.00000000       1.66564524    
   3.00999999       1.67075062    
   3.01999998       1.67585385    
   3.02999997       1.68095124    
   3.03999996       1.68604600    
   3.04999995       1.69113445    
   3.05999994       1.69622195    
   3.06999993       1.70129716    
   3.07999992       1.70638251    
   3.08999991       1.71145797    
   3.09999990       1.71652937    
   3.10999990       1.72159839    
   3.11999989       1.72666359    
   3.12999988       1.73172522    
   3.13999987       1.73678589    
   3.14999986       1.74184000    
   3.15999985       1.74689150    
   3.16999984       1.75194132    
   3.17999983       1.75698733    
   3.18999982       1.76203203    
   3.19999981       1.76707232    
   3.21000004       1.77210999    
   3.22000003       1.77714479    
   3.23000002       1.78217709    
   3.24000001       1.78720784    
   3.25000000       1.79223466    
   3.25999999       1.79725945    
   3.26999998       1.80228031    
   3.27999997       1.80730045    
   3.28999996       1.81231725    
   3.29999995       1.81733179    
   3.30999994       1.82234514    
   3.31999993       1.82735395    
   3.32999992       1.83236229    
   3.33999991       1.83736765    
   3.34999990       1.84237254    
   3.35999990       1.84737384    
   3.36999989       1.85237193    
   3.37999988       1.85737026    
   3.38999987       1.86236477    
   3.39999986       1.86735737    
   3.40999985       1.87234986    
   3.41999984       1.87733686    
   3.42999983       1.88232446    
   3.43999982       1.88730979    
   3.44999981       1.89229381    
   3.46000004       1.89727473    
   3.47000003       1.90225434    
   3.48000002       1.90723240    
   3.49000001       1.91220927    
   3.50000000       1.91718388    
   3.50999999       1.92215562    
