   9.99999978E-03   4.59202012E-04
   1.99999996E-02   8.06793163E-04
   2.99999993E-02   1.13384216E-03
   3.99999991E-02   1.36892707E-03
   4.99999970E-02   1.60024432E-03
   5.99999987E-02   1.99676305E-03
   7.00000003E-02   2.25444767E-03
   7.99999982E-02   2.34641414E-03
   8.99999961E-02   2.37295660E-03
   9.99999940E-02   2.35897233E-03
  0.109999999       2.44363188E-03
  0.119999997       2.51714676E-03
  0.129999995       2.61567417E-03
  0.140000001       2.73447437E-03
  0.149999991       2.86870264E-03
  0.159999996       3.01502435E-03
  0.170000002       3.16979084E-03
  0.179999992       3.33065283E-03
  0.189999998       3.50273424E-03
  0.199999988       3.67361377E-03
  0.209999993       3.86872469E-03
  0.219999999       4.06018225E-03
  0.229999989       4.27102298E-03
  0.239999995       4.55308426E-03
  0.250000000       4.76017641E-03
  0.259999990       5.04328264E-03
  0.269999981       5.46919787E-03
  0.280000001       5.96798770E-03
  0.289999992       6.15976797E-03
  0.299999982       6.61127735E-03
  0.310000002       7.31005520E-03
  0.319999993       8.37333407E-03
  0.329999983       9.20918398E-03
  0.340000004       9.35004745E-03
  0.349999994       1.00101614E-02
  0.359999985       1.09945564E-02
  0.370000005       1.24323480E-02
  0.379999995       1.45646250E-02
  0.389999986       1.74525790E-02
  0.399999976       1.80331729E-02
  0.409999996       1.82407424E-02
  0.419999987       1.91327650E-02
  0.429999977       2.04246398E-02
  0.439999998       2.21427400E-02
  0.449999988       2.44035982E-02
  0.459999979       2.74176840E-02
  0.469999999       3.15338075E-02
  0.479999989       3.72521207E-02
  0.489999980       4.45499755E-02
  0.500000000       4.62782644E-02
  0.509999990       4.52732146E-02
  0.519999981       4.58786935E-02
  0.529999971       4.70947027E-02
  0.539999962       4.87492271E-02
  0.550000012       5.08010685E-02
  0.560000002       5.32620437E-02
  0.569999993       5.61783239E-02
  0.579999983       5.96267954E-02
  0.589999974       6.37208745E-02
  0.599999964       6.86251074E-02
  0.610000014       7.45743662E-02
  0.620000005       8.19118693E-02
  0.629999995       9.11391601E-02
  0.639999986      0.102960005    
  0.649999976      0.118068606    
  0.659999967      0.134573117    
  0.669999957      0.135207012    
  0.680000007      0.133307397    
  0.689999998      0.133168936    
  0.699999988      0.133864909    
  0.709999979      0.135098323    
  0.719999969      0.136733308    
  0.729999959      0.138698444    
  0.740000010      0.140953749    
  0.750000000      0.143477842    
  0.759999990      0.146260113    
  0.769999981      0.149298877    
  0.779999971      0.152597919    
  0.789999962      0.156166598    
  0.799999952      0.160018668    
  0.810000002      0.164173469    
  0.819999993      0.168658525    
  0.829999983      0.173489153    
  0.839999974      0.178713962    
  0.849999964      0.184370771    
  0.859999955      0.190509483    
  0.870000005      0.197190672    
  0.879999995      0.204486951    
  0.889999986      0.212488785    
  0.899999976      0.221302405    
  0.909999967      0.231062293    
  0.919999957      0.241932973    
  0.930000007      0.254119962    
  0.939999998      0.267878711    
  0.949999988      0.283526331    
  0.959999979      0.301435620    
  0.969999969      0.321991950    
  0.979999959      0.345371664    
  0.989999950      0.370584548    
   1.00000000      0.390822977    
   1.00999999      0.397315979    
   1.01999998      0.401201934    
   1.02999997      0.404366314    
   1.03999996      0.407261103    
   1.04999995      0.410059720    
   1.05999994      0.412838787    
   1.06999993      0.415636122    
   1.07999992      0.418472856    
   1.09000003      0.421358913    
   1.10000002      0.424299002    
   1.11000001      0.427295893    
   1.12000000      0.430350572    
   1.13000000      0.433464020    
   1.13999999      0.436634690    
   1.14999998      0.439862549    
   1.15999997      0.443146706    
   1.16999996      0.446486771    
   1.17999995      0.449882329    
   1.18999994      0.453332752    
   1.19999993      0.456837118    
   1.20999992      0.460395813    
   1.22000003      0.464008451    
   1.23000002      0.467674464    
   1.24000001      0.471394181    
   1.25000000      0.475167751    
   1.25999999      0.478994787    
   1.26999998      0.482877731    
   1.27999997      0.486813873    
   1.28999996      0.490805179    
   1.29999995      0.494852364    
   1.30999994      0.498955280    
   1.31999993      0.503115535    
   1.32999992      0.507332802    
   1.33999991      0.511609077    
   1.35000002      0.515944242    
   1.36000001      0.520339906    
   1.37000000      0.524796426    
   1.38000000      0.529315948    
   1.38999999      0.533898890    
   1.39999998      0.538546562    
   1.40999997      0.543259859    
   1.41999996      0.548041165    
   1.42999995      0.552891493    
   1.43999994      0.557812572    
   1.44999993      0.562804401    
   1.45999992      0.567870915    
   1.46999991      0.573013484    
   1.48000002      0.578232944    
   1.49000001      0.583532155    
   1.50000000      0.588912547    
   1.50999999      0.594376087    
   1.51999998      0.599926233    
   1.52999997      0.605564713    
   1.53999996      0.611291587    
   1.54999995      0.617112458    
   1.55999994      0.623028338    
   1.56999993      0.629043221    
   1.57999992      0.635158539    
   1.58999991      0.641379356    
   1.59999990      0.647706747    
   1.61000001      0.654144168    
   1.62000000      0.660694420    
   1.63000000      0.667365193    
   1.63999999      0.674154878    
   1.64999998      0.681069255    
   1.65999997      0.688112855    
   1.66999996      0.695289612    
   1.67999995      0.702603579    
   1.68999994      0.710059822    
   1.69999993      0.717662215    
   1.70999992      0.725416362    
   1.71999991      0.733327329    
   1.73000002      0.741400123    
   1.74000001      0.749640107    
   1.75000000      0.758052707    
   1.75999999      0.766644180    
   1.76999998      0.775421560    
   1.77999997      0.784389973    
   1.78999996      0.793556571    
   1.79999995      0.802927256    
   1.80999994      0.812508881    
   1.81999993      0.822308838    
   1.82999992      0.832333982    
   1.83999991      0.842588365    
   1.84999990      0.853085518    
   1.86000001      0.863825977    
   1.87000000      0.874816537    
   1.88000000      0.886065066    
   1.88999999      0.897575259    
   1.89999998      0.909349978    
   1.90999997      0.921391666    
   1.91999996      0.933701038    
   1.92999995      0.946274519    
   1.93999994      0.959105372    
   1.94999993      0.972181916    
   1.95999992      0.985485911    
   1.96999991      0.998990536    
   1.97999990       1.01265574    
   1.99000001       1.02642763    
   2.00000000       1.04022825    
   2.00999999       1.05370069    
   2.01999998       1.06643021    
   2.02999997       1.07844973    
   2.03999996       1.08984077    
   2.04999995       1.10067940    
   2.05999994       1.11102962    
   2.06999993       1.12095332    
   2.07999992       1.13049734    
   2.08999991       1.13970411    
   2.09999990       1.14860952    
   2.10999990       1.15724623    
   2.11999989       1.16563940    
   2.12999988       1.17381394    
   2.13999987       1.18178928    
   2.14999986       1.18958318    
   2.15999985       1.19721258    
   2.16999984       1.20469069    
   2.18000007       1.21203053    
   2.19000006       1.21924281    
   2.20000005       1.22633696    
   2.21000004       1.23332345    
   2.22000003       1.24020875    
   2.23000002       1.24699986    
   2.24000001       1.25370467    
   2.25000000       1.26032948    
   2.25999999       1.26687682    
   2.26999998       1.27335596    
   2.27999997       1.27976835    
   2.28999996       1.28611612    
   2.29999995       1.29240966    
   2.30999994       1.29864645    
   2.31999993       1.30483270    
   2.32999992       1.31096935    
   2.33999991       1.31706083    
   2.34999990       1.32310939    
   2.35999990       1.32911658    
   2.36999989       1.33508492    
   2.37999988       1.34101629    
   2.38999987       1.34691370    
   2.39999986       1.35277581    
   2.40999985       1.35860884    
   2.41999984       1.36441004    
   2.42999983       1.37018514    
   2.44000006       1.37593079    
   2.45000005       1.38165259    
   2.46000004       1.38734686    
   2.47000003       1.39301956    
   2.48000002       1.39866865    
   2.49000001       1.40429616    
   2.50000000       1.40990210    
   2.50999999       1.41548991    
   2.51999998       1.42105627    
   2.52999997       1.42660630    
   2.53999996       1.43213904    
   2.54999995       1.43765366    
   2.55999994       1.44315279    
   2.56999993       1.44863665    
   2.57999992       1.45410395    
   2.58999991       1.45955765    
   2.59999990       1.46499741    
   2.60999990       1.47042465    
   2.61999989       1.47583675    
   2.62999988       1.48123872    
   2.63999987       1.48662770    
   2.64999986       1.49200463    
   2.65999985       1.49737084    
   2.66999984       1.50272572    
   2.67999983       1.50807023    
   2.69000006       1.51340508    
   2.70000005       1.51872897    
   2.71000004       1.52404463    
   2.72000003       1.52934992    
   2.73000002       1.53464770    
   2.74000001       1.53993583    
   2.75000000       1.54521513    
   2.75999999       1.55048561    
   2.76999998       1.55575037    
   2.77999997       1.56100512    
   2.78999996       1.56625438    
   2.79999995       1.57149482    
   2.80999994       1.57672894    
   2.81999993       1.58195829    
   2.82999992       1.58717823    
   2.83999991       1.59239280    
   2.84999990       1.59759974    
   2.85999990       1.60280335    
   2.86999989       1.60799742    
   2.87999988       1.61318731    
   2.88999987       1.61837137    
   2.89999986       1.62354970    
   2.90999985       1.62872291    
   2.91999984       1.63389146    
   2.92999983       1.63905513    
   2.93999982       1.64421141    
   2.95000005       1.64936566    
   2.96000004       1.65451419    
   2.97000003       1.65965736    
   2.98000002       1.66479540    
   2.99000001       1.66993153    
   3.00000000       1.67506170    
   3.00999999       1.68018699    
   3.01999998       1.68530905    
   3.02999997       1.69042754    
   3.03999996       1.69554031    
   3.04999995       1.70065045    
   3.05999994       1.70575655    
   3.06999993       1.71085358    
   3.07999992       1.71595788    
   3.08999991       1.72105300    
   3.09999990       1.72614574    
   3.10999990       1.73123467    
   3.11999989       1.73631978    
   3.12999988       1.74140084    
   3.13999987       1.74648035    
   3.14999986       1.75155461    
   3.15999985       1.75662696    
   3.16999984       1.76169682    
   3.17999983       1.76676393    
   3.18999982       1.77182698    
   3.19999981       1.77688754    
   3.21000004       1.78194535    
   3.22000003       1.78700006    
   3.23000002       1.79205251    
   3.24000001       1.79710376    
   3.25000000       1.80215037    
   3.25999999       1.80719399    
   3.26999998       1.81223571    
   3.27999997       1.81727576    
   3.28999996       1.82231474    
   3.29999995       1.82734871    
   3.30999994       1.83237994    
   3.31999993       1.83740938    
   3.32999992       1.84243846    
   3.33999991       1.84746480    
   3.34999990       1.85248733    
   3.35999990       1.85750890    
   3.36999989       1.86252761    
   3.37999988       1.86754537    
   3.38999987       1.87256074    
   3.39999986       1.87757242    
   3.40999985       1.88258386    
   3.41999984       1.88759458    
   3.42999983       1.89260030    
   3.43999982       1.89760494    
   3.44999981       1.90260971    
   3.46000004       1.90761232    
   3.47000003       1.91261041    
   3.48000002       1.91760778    
   3.49000001       1.92260516    
   3.50000000       1.92759848    
   3.50999999       1.93259180    
