   9.99999978E-03   4.61535848E-04
   1.99999996E-02   8.07335367E-04
   2.99999993E-02   1.13357860E-03
   3.99999991E-02   1.37557241E-03
   4.99999970E-02   1.60094444E-03
   5.99999987E-02   1.99778238E-03
   7.00000003E-02   2.26199348E-03
   7.99999982E-02   2.35767593E-03
   8.99999961E-02   2.38483096E-03
   9.99999940E-02   2.40826420E-03
  0.109999999       2.45296559E-03
  0.119999997       2.52503040E-03
  0.129999995       2.62195803E-03
  0.140000001       2.73952493E-03
  0.149999991       2.87294551E-03
  0.159999996       3.01872892E-03
  0.170000002       3.17331287E-03
  0.179999992       3.33424192E-03
  0.189999998       3.50714428E-03
  0.199999988       3.67881078E-03
  0.209999993       3.87622835E-03
  0.219999999       4.06941073E-03
  0.229999989       4.28380352E-03
  0.239999995       4.57210559E-03
  0.250000000       4.78177471E-03
  0.259999990       5.07196505E-03
  0.269999981       5.51044242E-03
  0.280000001       6.01959089E-03
  0.289999992       6.21564360E-03
  0.299999982       6.68090815E-03
  0.310000002       7.40178628E-03
  0.319999993       8.49558040E-03
  0.329999983       9.34318081E-03
  0.340000004       9.48975515E-03
  0.349999994       1.01696830E-02
  0.359999985       1.11833354E-02
  0.370000005       1.26632741E-02
  0.379999995       1.48532186E-02
  0.389999986       1.77993905E-02
  0.399999976       1.83732696E-02
  0.409999996       1.85906105E-02
  0.419999987       1.95064005E-02
  0.429999977       2.08318364E-02
  0.439999998       2.25939397E-02
  0.449999988       2.49116179E-02
  0.459999979       2.79989168E-02
  0.469999999       3.22089382E-02
  0.479999989       3.80410738E-02
  0.489999980       4.54373658E-02
  0.500000000       4.71429676E-02
  0.509999990       4.61337753E-02
  0.519999981       4.67552617E-02
  0.529999971       4.79979999E-02
  0.539999962       4.96865846E-02
  0.550000012       5.17805144E-02
  0.560000002       5.42910658E-02
  0.569999993       5.72653711E-02
  0.579999983       6.07813708E-02
  0.589999974       6.49541840E-02
  0.599999964       6.99502602E-02
  0.610000014       7.60070458E-02
  0.620000005       8.34705383E-02
  0.629999995       9.28441137E-02
  0.639999986      0.104828238    
  0.649999976      0.120093703    
  0.659999967      0.136658475    
  0.669999957      0.137257397    
  0.680000007      0.135358289    
  0.689999998      0.135229781    
  0.699999988      0.135942355    
  0.709999979      0.137197733    
  0.719999969      0.138859063    
  0.729999959      0.140853286    
  0.740000010      0.143143609    
  0.750000000      0.145704925    
  0.759999990      0.148527786    
  0.769999981      0.151610300    
  0.779999971      0.154956236    
  0.789999962      0.158575028    
  0.799999952      0.162480831    
  0.810000002      0.166693106    
  0.819999993      0.171239361    
  0.829999983      0.176135346    
  0.839999974      0.181429535    
  0.849999964      0.187160313    
  0.859999955      0.193378076    
  0.870000005      0.200143531    
  0.879999995      0.207529426    
  0.889999986      0.215627417    
  0.899999976      0.224543184    
  0.909999967      0.234411657    
  0.919999957      0.245397434    
  0.930000007      0.257705688    
  0.939999998      0.271590620    
  0.949999988      0.287366629    
  0.959999979      0.305400521    
  0.969999969      0.326067418    
  0.979999959      0.349522084    
  0.989999950      0.374741316    
   1.00000000      0.394929588    
   1.00999999      0.401463717    
   1.01999998      0.405394018    
   1.02999997      0.408599168    
   1.03999996      0.411531657    
   1.04999995      0.414365649    
   1.05999994      0.417178571    
   1.06999993      0.420009822    
   1.07999992      0.422879219    
   1.09000003      0.425797105    
   1.10000002      0.428769678    
   1.11000001      0.431798100    
   1.12000000      0.434884906    
   1.13000000      0.438029855    
   1.13999999      0.441232651    
   1.14999998      0.444492519    
   1.15999997      0.447808832    
   1.16999996      0.451181561    
   1.17999995      0.454609632    
   1.18999994      0.458096355    
   1.19999993      0.461630791    
   1.20999992      0.465222955    
   1.22000003      0.468869239    
   1.23000002      0.472569317    
   1.24000001      0.476323456    
   1.25000000      0.480131894    
   1.25999999      0.483993441    
   1.26999998      0.487911254    
   1.27999997      0.491883129    
   1.28999996      0.495910376    
   1.29999995      0.499993145    
   1.30999994      0.504132509    
   1.31999993      0.508329272    
   1.32999992      0.512583494    
   1.33999991      0.516897261    
   1.35000002      0.521270037    
   1.36000001      0.525703251    
   1.37000000      0.530198097    
   1.38000000      0.534756184    
   1.38999999      0.539377153    
   1.39999998      0.544064045    
   1.40999997      0.548817873    
   1.41999996      0.553638697    
   1.42999995      0.558528483    
   1.43999994      0.563489795    
   1.44999993      0.568523705    
   1.45999992      0.573631883    
   1.46999991      0.578815699    
   1.48000002      0.584076166    
   1.49000001      0.589417577    
   1.50000000      0.594839871    
   1.50999999      0.600346386    
   1.51999998      0.605938911    
   1.52999997      0.611620128    
   1.53999996      0.617391825    
   1.54999995      0.623256803    
   1.55999994      0.629217029    
   1.56999993      0.635276377    
   1.57999992      0.641437054    
   1.58999991      0.647701740    
   1.59999990      0.654074788    
   1.61000001      0.660558283    
   1.62000000      0.667154968    
   1.63000000      0.673870504    
   1.63999999      0.680707037    
   1.64999998      0.687668025    
   1.65999997      0.694758415    
   1.66999996      0.701981425    
   1.67999995      0.709342718    
   1.68999994      0.716846287    
   1.69999993      0.724495649    
   1.70999992      0.732295811    
   1.71999991      0.740254521    
   1.73000002      0.748373330    
   1.74000001      0.756661177    
   1.75000000      0.765120089    
   1.75999999      0.773758113    
   1.76999998      0.782581925    
   1.77999997      0.791596472    
   1.78999996      0.800808132    
   1.79999995      0.810222924    
   1.80999994      0.819849133    
   1.81999993      0.829692066    
   1.82999992      0.839759886    
   1.83999991      0.850057065    
   1.84999990      0.860591948    
   1.86000001      0.871371269    
   1.87000000      0.882398188    
   1.88000000      0.893682897    
   1.88999999      0.905224621    
   1.89999998      0.917030632    
   1.90999997      0.929100454    
   1.91999996      0.941434622    
   1.92999995      0.954030335    
   1.93999994      0.966879785    
   1.94999993      0.979969859    
   1.95999992      0.993283749    
   1.96999991       1.00679493    
   1.97999990       1.02046013    
   1.99000001       1.03422832    
   2.00000000       1.04802227    
   2.00999999       1.06148350    
   2.01999998       1.07420349    
   2.02999997       1.08621752    
   2.03999996       1.09760439    
   2.04999995       1.10844040    
   2.05999994       1.11879408    
   2.06999993       1.12872040    
   2.07999992       1.13776112    
   2.08999991       1.14748335    
   2.09999990       1.15639722    
   2.10999990       1.16504323    
   2.11999989       1.17344773    
   2.12999988       1.18163335    
   2.13999987       1.18962002    
   2.14999986       1.19742680    
   2.15999985       1.20506978    
   2.16999984       1.21256244    
   2.18000007       1.21991563    
   2.19000006       1.22714365    
   2.20000005       1.23425353    
   2.21000004       1.24125493    
   2.22000003       1.24815536    
   2.23000002       1.25496519    
   2.24000001       1.26168680    
   2.25000000       1.26832676    
   2.25999999       1.27489281    
   2.26999998       1.28138745    
   2.27999997       1.28781724    
   2.28999996       1.29418385    
   2.29999995       1.30049503    
   2.30999994       1.30674946    
   2.31999993       1.31295300    
   2.32999992       1.31910908    
   2.33999991       1.32521915    
   2.34999990       1.33128524    
   2.35999990       1.33730924    
   2.36999989       1.34329700    
   2.37999988       1.34924722    
   2.38999987       1.35516286    
   2.39999986       1.36104465    
   2.40999985       1.36689579    
   2.41999984       1.37271643    
   2.42999983       1.37850893    
   2.44000006       1.38427496    
   2.45000005       1.39001477    
   2.46000004       1.39572930    
   2.47000003       1.40141869    
   2.48000002       1.40708756    
   2.49000001       1.41273499    
   2.50000000       1.41836083    
   2.50999999       1.42396772    
   2.51999998       1.42955387    
   2.52999997       1.43512321    
   2.53999996       1.44067609    
   2.54999995       1.44620860    
   2.55999994       1.45172656    
   2.56999993       1.45722902    
   2.57999992       1.46271765    
   2.58999991       1.46818995    
   2.59999990       1.47365034    
   2.60999990       1.47909641    
   2.61999989       1.48452926    
   2.62999988       1.48994899    
   2.63999987       1.49535811    
   2.64999986       1.50075519    
   2.65999985       1.50614130    
   2.66999984       1.51151395    
   2.67999983       1.51687920    
   2.69000006       1.52223372    
   2.70000005       1.52757788    
   2.71000004       1.53291261    
   2.72000003       1.53823793    
   2.73000002       1.54355454    
   2.74000001       1.54886174    
   2.75000000       1.55416250    
   2.75999999       1.55945301    
   2.76999998       1.56473660    
   2.77999997       1.57001162    
   2.78999996       1.57528079    
   2.79999995       1.58054209    
   2.80999994       1.58579481    
   2.81999993       1.59104323    
   2.82999992       1.59628284    
   2.83999991       1.60151672    
   2.84999990       1.60674560    
   2.85999990       1.61196601    
   2.86999989       1.61718225    
   2.87999988       1.62239265    
   2.88999987       1.62759614    
   2.89999986       1.63279355    
   2.90999985       1.63798738    
   2.91999984       1.64317513    
   2.92999983       1.64835835    
   2.93999982       1.65353537    
   2.95000005       1.65870869    
   2.96000004       1.66387665    
   2.97000003       1.66904068    
   2.98000002       1.67419839    
   2.99000001       1.67935371    
   3.00000000       1.68450487    
   3.00999999       1.68965089    
   3.01999998       1.69479191    
   3.02999997       1.69992983    
   3.03999996       1.70506370    
   3.04999995       1.71019292    
   3.05999994       1.71531999    
   3.06999993       1.72043526    
   3.07999992       1.72556245    
   3.08999991       1.73067629    
   3.09999990       1.73578906    
   3.10999990       1.74089694    
   3.11999989       1.74600148    
   3.12999988       1.75110352    
   3.13999987       1.75620317    
   3.14999986       1.76129818    
   3.15999985       1.76638985    
   3.16999984       1.77147961    
   3.17999983       1.77656627    
   3.18999982       1.78164899    
   3.19999981       1.78672957    
   3.21000004       1.79180813    
   3.22000003       1.79688370    
   3.23000002       1.80195558    
   3.24000001       1.80702400    
   3.25000000       1.81209302    
   3.25999999       1.81715763    
   3.26999998       1.82221997    
   3.27999997       1.82727873    
   3.28999996       1.83233488    
   3.29999995       1.83739018    
   3.30999994       1.84244204    
   3.31999993       1.84749293    
   3.32999992       1.85254133    
   3.33999991       1.85758638    
   3.34999990       1.86263013    
   3.35999990       1.86767125    
   3.36999989       1.87271094    
   3.37999988       1.87774682    
   3.38999987       1.88278151    
   3.39999986       1.88781583    
   3.40999985       1.89284575    
   3.41999984       1.89787507    
   3.42999983       1.90290248    
   3.43999982       1.90792799    
   3.44999981       1.91295254    
   3.46000004       1.91797316    
   3.47000003       1.92299223    
   3.48000002       1.92801142    
   3.49000001       1.93302715    
   3.50000000       1.93804181    
   3.50999999       1.94305480    
