   9.99999978E-03   4.71579959E-04
   1.99999996E-02   8.10709200E-04
   2.99999993E-02   1.13322446E-03
   3.99999991E-02   1.40278321E-03
   4.99999970E-02   1.60461420E-03
   5.99999987E-02   2.00172700E-03
   7.00000003E-02   2.29024282E-03
   7.99999982E-02   2.40198849E-03
   8.99999961E-02   2.43265624E-03
   9.99999940E-02   2.45266221E-03
  0.109999999       2.49125599E-03
  0.119999997       2.55656266E-03
  0.129999995       2.64779152E-03
  0.140000001       2.76057888E-03
  0.149999991       2.89041246E-03
  0.159999996       3.03408317E-03
  0.170000002       3.18789436E-03
  0.179999992       3.34923738E-03
  0.189999998       3.52577004E-03
  0.199999988       3.70081677E-03
  0.209999993       3.90836969E-03
  0.219999999       4.10915632E-03
  0.229999989       4.33941791E-03
  0.239999995       4.65480331E-03
  0.250000000       4.87550721E-03
  0.259999990       5.19762747E-03
  0.269999981       5.69009176E-03
  0.280000001       6.24496350E-03
  0.289999992       6.45807153E-03
  0.299999982       6.98283222E-03
  0.310000002       7.79914716E-03
  0.319999993       9.02236626E-03
  0.329999983       9.91700869E-03
  0.340000004       1.00891311E-02
  0.349999994       1.08538857E-02
  0.359999985       1.19936494E-02
  0.370000005       1.36532867E-02
  0.379999995       1.60860978E-02
  0.389999986       1.92707870E-02
  0.399999976       1.98145900E-02
  0.409999996       2.00745724E-02
  0.419999987       2.10917331E-02
  0.429999977       2.25586798E-02
  0.439999998       2.45068632E-02
  0.449999988       2.70638522E-02
  0.459999979       3.04583423E-02
  0.469999999       3.50594521E-02
  0.479999989       4.13602404E-02
  0.489999980       4.91501465E-02
  0.500000000       5.07877059E-02
  0.509999990       4.97354940E-02
  0.519999981       5.04250452E-02
  0.529999971       5.17784357E-02
  0.539999962       5.36106452E-02
  0.550000012       5.58792278E-02
  0.560000002       5.85962646E-02
  0.569999993       6.18117116E-02
  0.579999983       6.56081289E-02
  0.589999974       7.01068118E-02
  0.599999964       7.54825175E-02
  0.610000014       8.19824040E-02
  0.620000005       8.99628177E-02
  0.629999995       9.99329016E-02
  0.639999986      0.112577014    
  0.649999976      0.128464624    
  0.659999967      0.145258322    
  0.669999957      0.145715147    
  0.680000007      0.143822625    
  0.689999998      0.143736571    
  0.699999988      0.144519076    
  0.709999979      0.145865753    
  0.719999969      0.147636384    
  0.729999959      0.149756551    
  0.740000010      0.152185038    
  0.750000000      0.154898897    
  0.759999990      0.157887593    
  0.769999981      0.161149234    
  0.779999971      0.164687619    
  0.789999962      0.168512508    
  0.799999952      0.172638088    
  0.810000002      0.177084833    
  0.819999993      0.181877553    
  0.829999983      0.187043130    
  0.839999974      0.192620829    
  0.849999964      0.198653325    
  0.859999955      0.205193266    
  0.870000005      0.212300196    
  0.879999995      0.220051482    
  0.889999986      0.228536963    
  0.899999976      0.237865791    
  0.909999967      0.248172581    
  0.919999957      0.259621710    
  0.930000007      0.272416383    
  0.939999998      0.286804885    
  0.949999988      0.303089738    
  0.959999979      0.321614712    
  0.969999969      0.342709690    
  0.979999959      0.366446704    
  0.989999950      0.391677439    
   1.00000000      0.411665320    
   1.00999999      0.418361723    
   1.01999998      0.422470808    
   1.02999997      0.425840914    
   1.03999996      0.428926915    
   1.04999995      0.431905657    
   1.05999994      0.434857696    
   1.06999993      0.437823355    
   1.07999992      0.440825343    
   1.09000003      0.443874300    
   1.10000002      0.446976185    
   1.11000001      0.450134277    
   1.12000000      0.453350544    
   1.13000000      0.456624925    
   1.13999999      0.459957570    
   1.14999998      0.463347822    
   1.15999997      0.466795653    
   1.16999996      0.470299721    
   1.17999995      0.473860741    
   1.18999994      0.477477610    
   1.19999993      0.481150031    
   1.20999992      0.484877557    
   1.22000003      0.488655210    
   1.23000002      0.492498338    
   1.24000001      0.496390969    
   1.25000000      0.500339568    
   1.25999999      0.504341662    
   1.26999998      0.508401811    
   1.27999997      0.512517095    
   1.28999996      0.516689003    
   1.29999995      0.520917296    
   1.30999994      0.525203645    
   1.31999993      0.529548466    
   1.32999992      0.533952177    
   1.33999991      0.538415909    
   1.35000002      0.542940557    
   1.36000001      0.547526658    
   1.37000000      0.552176416    
   1.38000000      0.556889236    
   1.38999999      0.561667085    
   1.39999998      0.566512227    
   1.40999997      0.571425021    
   1.41999996      0.576406181    
   1.42999995      0.581458390    
   1.43999994      0.586582303    
   1.44999993      0.591779947    
   1.45999992      0.597053707    
   1.46999991      0.602404356    
   1.48000002      0.607833564    
   1.49000001      0.613344073    
   1.50000000      0.618936956    
   1.50999999      0.624615371    
   1.51999998      0.630380988    
   1.52999997      0.636236191    
   1.53999996      0.642182529    
   1.54999995      0.648224235    
   1.55999994      0.654362559    
   1.56999993      0.660600603    
   1.57999992      0.666941285    
   1.58999991      0.673387110    
   1.59999990      0.679910839    
   1.61000001      0.686607242    
   1.62000000      0.693387568    
   1.63000000      0.700287282    
   1.63999999      0.707309127    
   1.64999998      0.714456141    
   1.65999997      0.721732914    
   1.66999996      0.729143441    
   1.67999995      0.736692071    
   1.68999994      0.744382262    
   1.69999993      0.752219677    
   1.70999992      0.760207713    
   1.71999991      0.768352628    
   1.73000002      0.776659966    
   1.74000001      0.785129666    
   1.75000000      0.793778300    
   1.75999999      0.802601337    
   1.76999998      0.811607838    
   1.77999997      0.820803165    
   1.78999996      0.830193698    
   1.79999995      0.839786172    
   1.80999994      0.849586189    
   1.81999993      0.859599650    
   1.82999992      0.869833112    
   1.83999991      0.880293071    
   1.84999990      0.890982389    
   1.86000001      0.901914537    
   1.87000000      0.913087368    
   1.88000000      0.924506903    
   1.88999999      0.936177969    
   1.89999998      0.948101521    
   1.90999997      0.960280418    
   1.91999996      0.972710311    
   1.92999995      0.985389054    
   1.93999994      0.998306751    
   1.94999993       1.01145208    
   1.95999992       1.02480352    
   1.96999991       1.03833342    
   1.97999990       1.05200052    
   1.99000001       1.06575322    
   2.00000000       1.07951427    
   2.00999999       1.09293115    
   2.01999998       1.10561311    
   2.02999997       1.11760044    
   2.03999996       1.12897193    
   2.04999995       1.13980436    
   2.05999994       1.15016222    
   2.06999993       1.16010225    
   2.07999992       1.16967118    
   2.08999991       1.17891157    
   2.09999990       1.18785810    
   2.10999990       1.19654119    
   2.11999989       1.20498455    
   2.12999988       1.21321487    
   2.13999987       1.22125101    
   2.14999986       1.22910738    
   2.15999985       1.23680270    
   2.16999984       1.24435031    
   2.18000007       1.25176251    
   2.19000006       1.25904834    
   2.20000005       1.26621795    
   2.21000004       1.27328181    
   2.22000003       1.28024685    
   2.23000002       1.28711975    
   2.24000001       1.29390740    
   2.25000000       1.30061531    
   2.25999999       1.30724847    
   2.26999998       1.31381059    
   2.27999997       1.32030916    
   2.28999996       1.32674575    
   2.29999995       1.33312654    
   2.30999994       1.33945239    
   2.31999993       1.34572732    
   2.32999992       1.35195494    
   2.33999991       1.35813630    
   2.34999990       1.36427653    
   2.35999990       1.37037480    
   2.36999989       1.37643540    
   2.37999988       1.38245964    
   2.38999987       1.38844860    
   2.39999986       1.39440596    
   2.40999985       1.40033197    
   2.41999984       1.40622842    
   2.42999983       1.41209519    
   2.44000006       1.41793716    
   2.45000005       1.42375171    
   2.46000004       1.42954302    
   2.47000003       1.43530846    
   2.48000002       1.44105387    
   2.49000001       1.44677687    
   2.50000000       1.45248067    
   2.50999999       1.45816219    
   2.51999998       1.46382713    
   2.52999997       1.46947265    
   2.53999996       1.47510171    
   2.54999995       1.48071206    
   2.55999994       1.48630786    
   2.56999993       1.49188757    
   2.57999992       1.49745393    
   2.58999991       1.50300479    
   2.59999990       1.50853825    
   2.60999990       1.51406455    
   2.61999989       1.51957619    
   2.62999988       1.52507412    
   2.63999987       1.53056157    
   2.64999986       1.53603661    
   2.65999985       1.54150033    
   2.66999984       1.54695237    
   2.67999983       1.55239534    
   2.69000006       1.55782866    
   2.70000005       1.56325161    
   2.71000004       1.56866372    
   2.72000003       1.57406747    
   2.73000002       1.57946360    
   2.74000001       1.58485150    
   2.75000000       1.59022796    
   2.75999999       1.59559691    
   2.76999998       1.60096085    
   2.77999997       1.60631514    
   2.78999996       1.61166143    
   2.79999995       1.61700249    
   2.80999994       1.62233496    
   2.81999993       1.62766087    
   2.82999992       1.63298082    
   2.83999991       1.63829350    
   2.84999990       1.64360142    
   2.85999990       1.64890027    
   2.86999989       1.65419590    
   2.87999988       1.65948510    
   2.88999987       1.66476810    
   2.89999986       1.67004550    
   2.90999985       1.67531800    
   2.91999984       1.68058515    
   2.92999983       1.68584824    
   2.93999982       1.69110489    
   2.95000005       1.69635761    
   2.96000004       1.70160508    
   2.97000003       1.70684767    
   2.98000002       1.71208644    
   2.99000001       1.71732020    
   3.00000000       1.72255397    
   3.00999999       1.72777629    
   3.01999998       1.73299730    
   3.02999997       1.73821461    
   3.03999996       1.74342704    
   3.04999995       1.74863660    
   3.05999994       1.75384319    
   3.06999993       1.75904465    
   3.07999992       1.76424408    
   3.08999991       1.76943946    
   3.09999990       1.77462995    
   3.10999990       1.77981818    
   3.11999989       1.78500330    
   3.12999988       1.79018331    
   3.13999987       1.79536450    
   3.14999986       1.80053723    
   3.15999985       1.80570948    
   3.16999984       1.81087887    
   3.17999983       1.81604600    
   3.18999982       1.82120883    
   3.19999981       1.82636952    
   3.21000004       1.83152735    
   3.22000003       1.83668172    
   3.23000002       1.84183407    
   3.24000001       1.84698415    
   3.25000000       1.85213101    
   3.25999999       1.85727489    
   3.26999998       1.86241770    
   3.27999997       1.86755693    
   3.28999996       1.87269473    
   3.29999995       1.87782860    
   3.30999994       1.88296103    
   3.31999993       1.88809133    
   3.32999992       1.89321959    
   3.33999991       1.89834499    
   3.34999990       1.90346718    
   3.35999990       1.90858972    
   3.36999989       1.91370833    
   3.37999988       1.91882694    
   3.38999987       1.92394161    
   3.39999986       1.92905390    
   3.40999985       1.93416548    
   3.41999984       1.93927562    
   3.42999983       1.94438243    
   3.43999982       1.94948733    
   3.44999981       1.95458889    
   3.46000004       1.95969176    
   3.47000003       1.96479237    
   3.48000002       1.96989071    
   3.49000001       1.97498631    
   3.50000000       1.98008037    
   3.50999999       1.98517370    
