   9.99999978E-03   4.73315537E-04
   1.99999996E-02   8.12048267E-04
   2.99999993E-02   1.13315368E-03
   3.99999991E-02   1.40980585E-03
   4.99999970E-02   1.60576624E-03
   5.99999987E-02   2.00240128E-03
   7.00000003E-02   2.29684706E-03
   7.99999982E-02   2.41291733E-03
   8.99999961E-02   2.44480348E-03
   9.99999940E-02   2.46391981E-03
  0.109999999       2.50103115E-03
  0.119999997       2.56473618E-03
  0.129999995       2.65443744E-03
  0.140000001       2.76600872E-03
  0.149999991       2.89492682E-03
  0.159999996       3.03809671E-03
  0.170000002       3.19168554E-03
  0.179999992       3.35314381E-03
  0.189999998       3.53078055E-03
  0.199999988       3.70668247E-03
  0.209999993       3.91706498E-03
  0.219999999       4.11989260E-03
  0.229999989       4.35455330E-03
  0.239999995       4.67728870E-03
  0.250000000       4.90095140E-03
  0.259999990       5.23173856E-03
  0.269999981       5.73894801E-03
  0.280000001       6.30574208E-03
  0.289999992       6.52361987E-03
  0.299999982       7.06455763E-03
  0.310000002       7.90660921E-03
  0.319999993       9.16407071E-03
  0.329999983       1.00704618E-02
  0.340000004       1.02497963E-02
  0.349999994       1.10372780E-02
  0.359999985       1.22110480E-02
  0.370000005       1.39181558E-02
  0.379999995       1.64148510E-02
  0.389999986       1.96606182E-02
  0.399999976       2.01960504E-02
  0.409999996       2.04676259E-02
  0.419999987       2.15116013E-02
  0.429999977       2.30162721E-02
  0.439999998       2.50133611E-02
  0.449999988       2.76331287E-02
  0.459999979       3.11055463E-02
  0.469999999       3.58108953E-02
  0.479999989       4.22321334E-02
  0.489999980       5.01202904E-02
  0.500000000       5.17032221E-02
  0.509999990       5.06770313E-02
  0.519999981       5.13845421E-02
  0.529999971       5.27667515E-02
  0.539999962       5.46365380E-02
  0.550000012       5.69505617E-02
  0.560000002       5.97213022E-02
  0.569999993       6.29993081E-02
  0.579999983       6.68683574E-02
  0.589999974       7.14513734E-02
  0.599999964       7.69250765E-02
  0.610000014       8.35389495E-02
  0.620000005       9.16518643E-02
  0.629999995      0.101773895    
  0.639999986      0.114584401    
  0.649999976      0.130626142    
  0.659999967      0.147472784    
  0.669999957      0.147895098    
  0.680000007      0.146005034    
  0.689999998      0.145930514    
  0.699999988      0.146731377    
  0.709999979      0.148101687    
  0.719999969      0.149900377    
  0.729999959      0.152052805    
  0.740000010      0.154516920    
  0.750000000      0.157270148    
  0.759999990      0.160301298    
  0.769999981      0.163609028    
  0.779999971      0.167196497    
  0.789999962      0.171074048    
  0.799999952      0.175255626    
  0.810000002      0.179762632    
  0.819999993      0.184618965    
  0.829999983      0.189852506    
  0.839999974      0.195502445    
  0.849999964      0.201611489    
  0.859999955      0.208233282    
  0.870000005      0.215427250    
  0.879999995      0.223271102    
  0.889999986      0.231854543    
  0.899999976      0.241287664    
  0.909999967      0.251704842    
  0.919999957      0.263270289    
  0.930000007      0.276186854    
  0.939999998      0.290700793    
  0.949999988      0.307111710    
  0.959999979      0.325757593    
  0.969999969      0.346956283    
  0.979999959      0.370759547    
  0.989999950      0.395989805    
   1.00000000      0.415927351    
   1.00999999      0.422663867    
   1.01999998      0.426818997    
   1.02999997      0.430230051    
   1.03999996      0.433354944    
   1.04999995      0.436370105    
   1.05999994      0.439357430    
   1.06999993      0.442357481    
   1.07999992      0.445393473    
   1.09000003      0.448475391    
   1.10000002      0.451609761    
   1.11000001      0.454801530    
   1.12000000      0.458050072    
   1.13000000      0.461357594    
   1.13999999      0.464723021    
   1.14999998      0.468146354    
   1.15999997      0.471627086    
   1.16999996      0.475165069    
   1.17999995      0.478759378    
   1.18999994      0.482410252    
   1.19999993      0.486116529    
   1.20999992      0.489878625    
   1.22000003      0.493696004    
   1.23000002      0.497568220    
   1.24000001      0.501496673    
   1.25000000      0.505480170    
   1.25999999      0.509518385    
   1.26999998      0.513614416    
   1.27999997      0.517765820    
   1.28999996      0.521973550    
   1.29999995      0.526238739    
   1.30999994      0.530562460    
   1.31999993      0.534945250    
   1.32999992      0.539386213    
   1.33999991      0.543887794    
   1.35000002      0.548450887    
   1.36000001      0.553075373    
   1.37000000      0.557763994    
   1.38000000      0.562516451    
   1.38999999      0.567333937    
   1.39999998      0.572218776    
   1.40999997      0.577171147    
   1.41999996      0.582194030    
   1.42999995      0.587286174    
   1.43999994      0.592451453    
   1.44999993      0.597695291    
   1.45999992      0.603005111    
   1.46999991      0.608397543    
   1.48000002      0.613869786    
   1.49000001      0.619422078    
   1.50000000      0.625058591    
   1.50999999      0.630780220    
   1.51999998      0.636589170    
   1.52999997      0.642487466    
   1.53999996      0.648478329    
   1.54999995      0.654564440    
   1.55999994      0.660746694    
   1.56999993      0.667029917    
   1.57999992      0.673415542    
   1.58999991      0.679906189    
   1.59999990      0.686506331    
   1.61000001      0.693218529    
   1.62000000      0.700045466    
   1.63000000      0.706990540    
   1.63999999      0.714058399    
   1.64999998      0.721251965    
   1.65999997      0.728575289    
   1.66999996      0.736032128    
   1.67999995      0.743627429    
   1.68999994      0.751365066    
   1.69999993      0.759249032    
   1.70999992      0.767284214    
   1.71999991      0.775475800    
   1.73000002      0.783829510    
   1.74000001      0.792349279    
   1.75000000      0.801039696    
   1.75999999      0.809908390    
   1.76999998      0.818960309    
   1.77999997      0.828200698    
   1.78999996      0.837635040    
   1.79999995      0.847272098    
   1.80999994      0.857113898    
   1.81999993      0.867169619    
   1.82999992      0.877444625    
   1.83999991      0.887944698    
   1.84999990      0.898674905    
   1.86000001      0.909641027    
   1.87000000      0.920849264    
   1.88000000      0.932302833    
   1.88999999      0.944004476    
   1.89999998      0.955957174    
   1.90999997      0.968161404    
   1.91999996      0.980615079    
   1.92999995      0.993313670    
   1.93999994       1.00624740    
   1.94999993       1.01940513    
   1.95999992       1.03276539    
   1.96999991       1.04629946    
   1.97999990       1.05996740    
   1.99000001       1.07371569    
   2.00000000       1.08746779    
   2.00999999       1.10087287    
   2.01999998       1.11354494    
   2.02999997       1.12552536    
   2.03999996       1.13689399    
   2.04999995       1.14772487    
   2.05999994       1.15808284    
   2.06999993       1.16802585    
   2.07999992       1.17760074    
   2.08999991       1.18684697    
   2.09999990       1.19580114    
   2.10999990       1.20449221    
   2.11999989       1.21294689    
   2.12999988       1.22118700    
   2.13999987       1.22923374    
   2.14999986       1.23710358    
   2.15999985       1.24481225    
   2.16999984       1.25237381    
   2.18000007       1.25979865    
   2.19000006       1.26709926    
   2.20000005       1.27428555    
   2.21000004       1.28136384    
   2.22000003       1.28834569    
   2.23000002       1.29523408    
   2.24000001       1.30203664    
   2.25000000       1.30876100    
   2.25999999       1.31540930    
   2.26999998       1.32199061    
   2.27999997       1.32850623    
   2.28999996       1.33495939    
   2.29999995       1.34135854    
   2.30999994       1.34770155    
   2.31999993       1.35399425    
   2.32999992       1.36023974    
   2.33999991       1.36644065    
   2.34999990       1.37259793    
   2.35999990       1.37871456    
   2.36999989       1.38479447    
   2.37999988       1.39083600    
   2.38999987       1.39684403    
   2.39999986       1.40281904    
   2.40999985       1.40876281    
   2.41999984       1.41467869    
   2.42999983       1.42056453    
   2.44000006       1.42642367    
   2.45000005       1.43225741    
   2.46000004       1.43806720    
   2.47000003       1.44385314    
   2.48000002       1.44961679    
   2.49000001       1.45535910    
   2.50000000       1.46108043    
   2.50999999       1.46677554    
   2.51999998       1.47246623    
   2.52999997       1.47813201    
   2.53999996       1.48377919    
   2.54999995       1.48940921    
   2.55999994       1.49502420    
   2.56999993       1.50062382    
   2.57999992       1.50620818    
   2.58999991       1.51177907    
   2.59999990       1.51733589    
   2.60999990       1.52287865    
   2.61999989       1.52840912    
   2.62999988       1.53392637    
   2.63999987       1.53943229    
   2.64999986       1.54492664    
   2.65999985       1.55040967    
   2.66999984       1.55588293    
   2.67999983       1.56134498    
   2.69000006       1.56679785    
   2.70000005       1.57223928    
   2.71000004       1.57767153    
   2.72000003       1.58309615    
   2.73000002       1.58851063    
   2.74000001       1.59391773    
   2.75000000       1.59931540    
   2.75999999       1.60470366    
   2.76999998       1.61008620    
   2.77999997       1.61545968    
   2.78999996       1.62082744    
   2.79999995       1.62618709    
   2.80999994       1.63153899    
   2.81999993       1.63688493    
   2.82999992       1.64222372    
   2.83999991       1.64755797    
   2.84999990       1.65288389    
   2.85999990       1.65820420    
   2.86999989       1.66351914    
   2.87999988       1.66882753    
   2.88999987       1.67413008    
   2.89999986       1.67942762    
   2.90999985       1.68471992    
   2.91999984       1.69000661    
   2.92999983       1.69528937    
   2.93999982       1.70056665    
   2.95000005       1.70583892    
   2.96000004       1.71110654    
   2.97000003       1.71636891    
   2.98000002       1.72162676    
   2.99000001       1.72688162    
   3.00000000       1.73213398    
   3.00999999       1.73737609    
   3.01999998       1.74261785    
   3.02999997       1.74785459    
   3.03999996       1.75308776    
   3.04999995       1.75831699    
   3.05999994       1.76354253    
   3.06999993       1.76876545    
   3.07999992       1.77398396    
   3.08999991       1.77919757    
   3.09999990       1.78440964    
   3.10999990       1.78961790    
   3.11999989       1.79482150    
   3.12999988       1.80002284    
   3.13999987       1.80522180    
   3.14999986       1.81041634    
   3.15999985       1.81560910    
   3.16999984       1.82079875    
   3.17999983       1.82598341    
   3.18999982       1.83116734    
   3.19999981       1.83634722    
   3.21000004       1.84152472    
   3.22000003       1.84669888    
   3.23000002       1.85187137    
   3.24000001       1.85704160    
   3.25000000       1.86220849    
   3.25999999       1.86737359    
   3.26999998       1.87253582    
   3.27999997       1.87769485    
   3.28999996       1.88285232    
   3.29999995       1.88800550    
   3.30999994       1.89315844    
   3.31999993       1.89830852    
   3.32999992       1.90345669    
   3.33999991       1.90860295    
   3.34999990       1.91374457    
   3.35999990       1.91888690    
   3.36999989       1.92402601    
   3.37999988       1.92916310    
   3.38999987       1.93429816    
   3.39999986       1.93943119    
   3.40999985       1.94456303    
   3.41999984       1.94969082    
   3.42999983       1.95481861    
   3.43999982       1.95994401    
   3.44999981       1.96506739    
   3.46000004       1.97018969    
   3.47000003       1.97530890    
   3.48000002       1.98042798    
   3.49000001       1.98554361    
   3.50000000       1.99065948    
   3.50999999       1.99577188    
