   9.99999978E-03   4.63999953E-04
   1.99999996E-02   8.07754870E-04
   2.99999993E-02   1.13364332E-03
   3.99999991E-02   1.38227339E-03
   4.99999970E-02   1.60172395E-03
   5.99999987E-02   1.99898332E-03
   7.00000003E-02   2.26931507E-03
   7.99999982E-02   2.36874563E-03
   8.99999961E-02   2.39675352E-03
   9.99999940E-02   2.41926149E-03
  0.109999999       2.46237987E-03
  0.119999997       2.53262999E-03
  0.129999995       2.62828218E-03
  0.140000001       2.74468446E-03
  0.149999991       2.87722214E-03
  0.159999996       3.02249519E-03
  0.170000002       3.17685911E-03
  0.179999992       3.33789759E-03
  0.189999998       3.51166329E-03
  0.199999988       3.68410931E-03
  0.209999993       3.88388103E-03
  0.219999999       4.07889578E-03
  0.229999989       4.29701386E-03
  0.239999995       4.59176535E-03
  0.250000000       4.80407057E-03
  0.259999990       5.10211103E-03
  0.269999981       5.55309048E-03
  0.280000001       6.07346976E-03
  0.289999992       6.27339166E-03
  0.299999982       6.75281975E-03
  0.310000002       7.49646453E-03
  0.319999993       8.62148777E-03
  0.329999983       9.48086195E-03
  0.340000004       9.63341072E-03
  0.349999994       1.03335865E-02
  0.359999985       1.13774948E-02
  0.370000005       1.29006961E-02
  0.379999995       1.51494928E-02
  0.389999986       1.81544796E-02
  0.399999976       1.87212676E-02
  0.409999996       1.89487413E-02
  0.419999987       1.98889002E-02
  0.429999977       2.12486628E-02
  0.439999998       2.30557397E-02
  0.449999988       2.54314374E-02
  0.459999979       2.85933893E-02
  0.469999999       3.28988172E-02
  0.479999989       3.88461165E-02
  0.489999980       4.63408902E-02
  0.500000000       4.80231196E-02
  0.509999990       4.70100269E-02
  0.519999981       4.76479866E-02
  0.529999971       4.89175804E-02
  0.539999962       5.06412387E-02
  0.550000012       5.27777486E-02
  0.560000002       5.53387590E-02
  0.569999993       5.83719537E-02
  0.579999983       6.19565584E-02
  0.589999974       6.62091076E-02
  0.599999964       7.12982789E-02
  0.610000014       7.74638876E-02
  0.620000005       8.50546956E-02
  0.629999995       9.45756957E-02
  0.639999986      0.106723651    
  0.649999976      0.122145608    
  0.659999967      0.138770327    
  0.669999957      0.139333233    
  0.680000007      0.137435094    
  0.689999998      0.137316585    
  0.699999988      0.138045833    
  0.709999979      0.139323920    
  0.719999969      0.141012087    
  0.729999959      0.143038228    
  0.740000010      0.145361662    
  0.750000000      0.147960410    
  0.759999990      0.150823995    
  0.769999981      0.153950632    
  0.779999971      0.157343969    
  0.789999962      0.161013722    
  0.799999952      0.164973676    
  0.810000002      0.169243813    
  0.819999993      0.173851773    
  0.829999983      0.178813368    
  0.839999974      0.184176862    
  0.849999964      0.189983055    
  0.859999955      0.196280465    
  0.870000005      0.203130588    
  0.879999995      0.210607007    
  0.889999986      0.218801171    
  0.899999976      0.227819502    
  0.909999967      0.237797067    
  0.919999957      0.248898402    
  0.930000007      0.261328340    
  0.939999998      0.275339007    
  0.949999988      0.291242868    
  0.959999979      0.309401095    
  0.969999969      0.330176711    
  0.979999959      0.353704333    
  0.989999950      0.378929138    
   1.00000000      0.399067223    
   1.00999999      0.405641705    
   1.01999998      0.409617037    
   1.02999997      0.412862480    
   1.03999996      0.415833533    
   1.04999995      0.418703109    
   1.05999994      0.421551108    
   1.06999993      0.424415410    
   1.07999992      0.427317500    
   1.09000003      0.430267900    
   1.10000002      0.433265448    
   1.11000001      0.436332881    
   1.12000000      0.439451635    
   1.13000000      0.442629099    
   1.13999999      0.445863634    
   1.14999998      0.449156165    
   1.15999997      0.452504635    
   1.16999996      0.455910087    
   1.17999995      0.459371358    
   1.18999994      0.462887764    
   1.19999993      0.466458827    
   1.20999992      0.470084637    
   1.22000003      0.473764479    
   1.23000002      0.477498710    
   1.24000001      0.481287867    
   1.25000000      0.485130429    
   1.25999999      0.489027023    
   1.26999998      0.492980093    
   1.27999997      0.496987879    
   1.28999996      0.501050830    
   1.29999995      0.505169988    
   1.30999994      0.509345770    
   1.31999993      0.513579667    
   1.32999992      0.517870784    
   1.33999991      0.522222042    
   1.35000002      0.526632488    
   1.36000001      0.531103671    
   1.37000000      0.535637319    
   1.38000000      0.540233552    
   1.38999999      0.544893444    
   1.39999998      0.549620092    
   1.40999997      0.554412842    
   1.41999996      0.559273720    
   1.42999995      0.564204097    
   1.43999994      0.569206059    
   1.44999993      0.574279964    
   1.45999992      0.579430103    
   1.46999991      0.584654808    
   1.48000002      0.589957952    
   1.49000001      0.595341206    
   1.50000000      0.600806475    
   1.50999999      0.606355548    
   1.51999998      0.611991107    
   1.52999997      0.617715597    
   1.53999996      0.623531044    
   1.54999995      0.629440010    
   1.55999994      0.635444522    
   1.56999993      0.641549289    
   1.57999992      0.647754192    
   1.58999991      0.654064476    
   1.59999990      0.660482407    
   1.61000001      0.667011082    
   1.62000000      0.673654199    
   1.63000000      0.680416107    
   1.63999999      0.687297821    
   1.64999998      0.694305718    
   1.65999997      0.701443017    
   1.66999996      0.708712637    
   1.67999995      0.716120958    
   1.68999994      0.723671377    
   1.69999993      0.731367528    
   1.70999992      0.739215195    
   1.71999991      0.747220457    
   1.73000002      0.755386710    
   1.74000001      0.763720691    
   1.75000000      0.772226751    
   1.75999999      0.780911803    
   1.76999998      0.789780974    
   1.77999997      0.798840404    
   1.78999996      0.808097184    
   1.79999995      0.817557156    
   1.80999994      0.827227116    
   1.81999993      0.837112427    
   1.82999992      0.847222567    
   1.83999991      0.857560813    
   1.84999990      0.868135333    
   1.86000001      0.878952801    
   1.87000000      0.890016854    
   1.88000000      0.901335478    
   1.88999999      0.912909925    
   1.89999998      0.924746215    
   1.90999997      0.936844110    
   1.91999996      0.949202836    
   1.92999995      0.961819410    
   1.93999994      0.974686086    
   1.94999993      0.987791181    
   1.95999992       1.00111485    
   1.96999991       1.01463032    
   1.97999990       1.02829754    
   1.99000001       1.04206192    
   2.00000000       1.05584705    
   2.00999999       1.06929743    
   2.01999998       1.08200824    
   2.02999997       1.09401572    
   2.03999996       1.10539985    
   2.04999995       1.11623573    
   2.05999994       1.12658954    
   2.06999993       1.13651979    
   2.07999992       1.14607310    
   2.08999991       1.15529323    
   2.09999990       1.16421604    
   2.10999990       1.17287183    
   2.11999989       1.18128526    
   2.12999988       1.18948293    
   2.13999987       1.19748116    
   2.14999986       1.20530069    
   2.15999985       1.21295714    
   2.16999984       1.22046387    
   2.18000007       1.22783279    
   2.19000006       1.23507452    
   2.20000005       1.24219894    
   2.21000004       1.24921656    
   2.22000003       1.25613403    
   2.23000002       1.26295877    
   2.24000001       1.26969624    
   2.25000000       1.27635491    
   2.25999999       1.28293681    
   2.26999998       1.28944945    
   2.27999997       1.29589629    
   2.28999996       1.30228055    
   2.29999995       1.30860794    
   2.30999994       1.31488180    
   2.31999993       1.32110333    
   2.32999992       1.32727659    
   2.33999991       1.33340359    
   2.34999990       1.33948863    
   2.35999990       1.34553421    
   2.36999989       1.35153806    
   2.37999988       1.35750699    
   2.38999987       1.36344147    
   2.39999986       1.36934149    
   2.40999985       1.37521100    
   2.41999984       1.38105142    
   2.42999983       1.38686335    
   2.44000006       1.39264619    
   2.45000005       1.39840710    
   2.46000004       1.40413904    
   2.47000003       1.40984941    
   2.48000002       1.41553760    
   2.49000001       1.42120326    
   2.50000000       1.42684817    
   2.50999999       1.43247294    
   2.51999998       1.43808043    
   2.52999997       1.44366813    
   2.53999996       1.44923937    
   2.54999995       1.45479357    
   2.55999994       1.46033072    
   2.56999993       1.46585226    
   2.57999992       1.47135973    
   2.58999991       1.47685218    
   2.59999990       1.48233092    
   2.60999990       1.48779655    
   2.61999989       1.49324822    
   2.62999988       1.49868906    
   2.63999987       1.50411654    
   2.64999986       1.50953281    
   2.65999985       1.51493800    
   2.66999984       1.52033138    
   2.67999983       1.52571607    
   2.69000006       1.53108990    
   2.70000005       1.53645539    
   2.71000004       1.54180825    
   2.72000003       1.54715288    
   2.73000002       1.55248833    
   2.74000001       1.55781686    
   2.75000000       1.56313646    
   2.75999999       1.56844759    
   2.76999998       1.57375073    
   2.77999997       1.57904565    
   2.78999996       1.58433449    
   2.79999995       1.58961535    
   2.80999994       1.59488857    
   2.81999993       1.60015619    
   2.82999992       1.60541594    
   2.83999991       1.61067021    
   2.84999990       1.61591780    
   2.85999990       1.62115943    
   2.86999989       1.62639380    
   2.87999988       1.63162279    
   2.88999987       1.63684773    
   2.89999986       1.64206684    
   2.90999985       1.64727902    
   2.91999984       1.65248680    
   2.92999983       1.65768933    
   2.93999982       1.66288626    
   2.95000005       1.66807973    
   2.96000004       1.67326868    
   2.97000003       1.67845070    
   2.98000002       1.68363106    
   2.99000001       1.68880415    
   3.00000000       1.69397545    
   3.00999999       1.69913995    
   3.01999998       1.70430183    
   3.02999997       1.70945954    
   3.03999996       1.71461451    
   3.04999995       1.71976280    
   3.05999994       1.72491002    
   3.06999993       1.73004532    
   3.07999992       1.73519027    
   3.08999991       1.74032629    
   3.09999990       1.74545836    
   3.10999990       1.75058603    
   3.11999989       1.75571036    
   3.12999988       1.76083291    
   3.13999987       1.76595306    
   3.14999986       1.77106690    
   3.15999985       1.77617919    
   3.16999984       1.78128815    
   3.17999983       1.78639531    
   3.18999982       1.79149830    
   3.19999981       1.79659986    
   3.21000004       1.80169773    
   3.22000003       1.80679202    
   3.23000002       1.81188476    
   3.24000001       1.81697404    
   3.25000000       1.82206261    
   3.25999999       1.82714593    
   3.26999998       1.83222854    
   3.27999997       1.83730733    
   3.28999996       1.84238601    
   3.29999995       1.84746015    
   3.30999994       1.85253131    
   3.31999993       1.85760152    
   3.32999992       1.86266911    
   3.33999991       1.86773551    
   3.34999990       1.87279797    
   3.35999990       1.87786007    
   3.36999989       1.88291848    
   3.37999988       1.88797581    
   3.38999987       1.89303124    
   3.39999986       1.89808524    
   3.40999985       1.90313506    
   3.41999984       1.90818536    
   3.42999983       1.91323316    
   3.43999982       1.91827857    
   3.44999981       1.92332101    
   3.46000004       1.92836308    
   3.47000003       1.93340421    
   3.48000002       1.93844080    
   3.49000001       1.94347525    
   3.50000000       1.94851041    
   3.50999999       1.95354378    
