   9.99999978E-03   4.81301831E-04
   1.99999996E-02   8.21649737E-04
   2.99999993E-02   1.13443215E-03
   3.99999991E-02   1.44317001E-03
   4.99999970E-02   1.61345466E-03
   5.99999987E-02   2.00413074E-03
   7.00000003E-02   2.32695369E-03
   7.99999982E-02   2.46644625E-03
   8.99999961E-02   2.49691075E-03
   9.99999940E-02   2.52148253E-03
  0.109999999       2.55138823E-03
  0.119999997       2.60692975E-03
  0.129999995       2.68900814E-03
  0.140000001       2.79422849E-03
  0.149999991       2.91850977E-03
  0.159999996       3.05878790E-03
  0.170000002       3.21167987E-03
  0.179999992       3.37403500E-03
  0.189999998       3.55751696E-03
  0.199999988       3.73872020E-03
  0.209999993       3.96509236E-03
  0.219999999       4.17909306E-03
  0.229999989       4.43888735E-03
  0.239999995       4.80207382E-03
  0.250000000       5.04199043E-03
  0.259999990       5.42139541E-03
  0.269999981       6.00965833E-03
  0.280000001       6.63941307E-03
  0.289999992       6.88471738E-03
  0.299999982       7.51513056E-03
  0.310000002       8.49796459E-03
  0.319999993       9.93847102E-03
  0.329999983       1.09031964E-02
  0.340000004       1.11240437E-02
  0.349999994       1.20354444E-02
  0.359999985       1.33919902E-02
  0.370000005       1.53619070E-02
  0.379999995       1.81916505E-02
  0.389999986       2.17506364E-02
  0.399999976       2.22391915E-02
  0.409999996       2.25750934E-02
  0.419999987       2.37651747E-02
  0.429999977       2.54680868E-02
  0.439999998       2.77261939E-02
  0.449999988       3.06797400E-02
  0.459999979       3.45797651E-02
  0.469999999       3.98156755E-02
  0.479999989       4.68582101E-02
  0.489999980       5.52349612E-02
  0.500000000       5.66809028E-02
  0.509999990       5.56444749E-02
  0.519999981       5.64481728E-02
  0.529999971       5.79827391E-02
  0.539999962       6.00494519E-02
  0.550000012       6.26019388E-02
  0.560000002       6.56536147E-02
  0.569999993       6.92587644E-02
  0.579999983       7.35069066E-02
  0.589999974       7.85288811E-02
  0.599999964       8.45111534E-02
  0.610000014       9.17146876E-02
  0.620000005      0.100509159    
  0.629999995      0.111407094    
  0.639999986      0.125057369    
  0.649999976      0.141858697    
  0.659999967      0.158942401    
  0.669999957      0.159199059    
  0.680000007      0.157329261    
  0.689999998      0.157317653    
  0.699999988      0.158214808    
  0.709999979      0.159708619    
  0.719999969      0.161653638    
  0.729999959      0.163972154    
  0.740000010      0.166621223    
  0.750000000      0.169576660    
  0.759999990      0.172827199    
  0.769999981      0.176370934    
  0.779999971      0.180211529    
  0.789999962      0.184356600    
  0.799999952      0.188830286    
  0.810000002      0.193643987    
  0.819999993      0.198826835    
  0.829999983      0.204407781    
  0.839999974      0.210426614    
  0.849999964      0.216927782    
  0.859999955      0.223965064    
  0.870000005      0.231602401    
  0.879999995      0.239915475    
  0.889999986      0.248997018    
  0.899999976      0.258957744    
  0.909999967      0.269931585    
  0.919999957      0.282082260    
  0.930000007      0.295607239    
  0.939999998      0.310745895    
  0.949999988      0.327780217    
  0.959999979      0.347015291    
  0.969999969      0.368712306    
  0.979999959      0.392822444    
  0.989999950      0.418027937    
   1.00000000      0.437714338    
   1.00999999      0.444651693    
   1.01999998      0.449033052    
   1.02999997      0.452655077    
   1.03999996      0.455976218    
   1.04999995      0.459178150    
   1.05999994      0.462344855    
   1.06999993      0.465519547    
   1.07999992      0.468726903    
   1.09000003      0.471978277    
   1.10000002      0.475281060    
   1.11000001      0.478639305    
   1.12000000      0.482055843    
   1.13000000      0.485530168    
   1.13999999      0.489062816    
   1.14999998      0.492654502    
   1.15999997      0.496304303    
   1.16999996      0.500011981    
   1.17999995      0.503777206    
   1.18999994      0.507599890    
   1.19999993      0.511479318    
   1.20999992      0.515415490    
   1.22000003      0.519408047    
   1.23000002      0.523457527    
   1.24000001      0.527563453    
   1.25000000      0.531726420    
   1.25999999      0.535944998    
   1.26999998      0.540222883    
   1.27999997      0.544558525    
   1.28999996      0.548951268    
   1.29999995      0.553403020    
   1.30999994      0.557914019    
   1.31999993      0.562485099    
   1.32999992      0.567117572    
   1.33999991      0.571811020    
   1.35000002      0.576567590    
   1.36000001      0.581388354    
   1.37000000      0.586272836    
   1.38000000      0.591223359    
   1.38999999      0.596239984    
   1.39999998      0.601325572    
   1.40999997      0.606481016    
   1.41999996      0.611707389    
   1.42999995      0.617005408    
   1.43999994      0.622377455    
   1.44999993      0.627825022    
   1.45999992      0.633350074    
   1.46999991      0.638953269    
   1.48000002      0.644638121    
   1.49000001      0.650404632    
   1.50000000      0.656256914    
   1.50999999      0.662195325    
   1.51999998      0.668222427    
   1.52999997      0.674341321    
   1.53999996      0.680553496    
   1.54999995      0.686861813    
   1.55999994      0.693267405    
   1.56999993      0.699775100    
   1.57999992      0.706386864    
   1.58999991      0.713104367    
   1.59999990      0.719932914    
   1.61000001      0.726873696    
   1.62000000      0.733930111    
   1.63000000      0.741106212    
   1.63999999      0.748406053    
   1.64999998      0.755830884    
   1.65999997      0.763384938    
   1.66999996      0.771076441    
   1.67999995      0.778904200    
   1.68999994      0.786874592    
   1.69999993      0.794990420    
   1.70999992      0.803258300    
   1.71999991      0.811682105    
   1.73000002      0.820266545    
   1.74000001      0.829015374    
   1.75000000      0.837934434    
   1.75999999      0.847029388    
   1.76999998      0.856304944    
   1.77999997      0.865767241    
   1.78999996      0.875421405    
   1.79999995      0.885272086    
   1.80999994      0.895326138    
   1.81999993      0.905586720    
   1.82999992      0.916063070    
   1.83999991      0.926757216    
   1.84999990      0.937675655    
   1.86000001      0.948822439    
   1.87000000      0.960201561    
   1.88000000      0.971816480    
   1.88999999      0.983668447    
   1.89999998      0.995760322    
   1.90999997       1.00808954    
   1.91999996       1.02065265    
   1.92999995       1.03344548    
   1.93999994       1.04645658    
   1.94999993       1.05967164    
   1.95999992       1.07306957    
   1.96999991       1.08662069    
   1.97999990       1.10028481    
   1.99000001       1.11400735    
   2.00000000       1.12771559    
   2.00999999       1.14106357    
   2.01999998       1.15368521    
   2.02999997       1.16562986    
   2.03999996       1.17697740    
   2.04999995       1.18779945    
   2.05999994       1.19816279    
   2.06999993       1.20811820    
   2.07999992       1.21771705    
   2.08999991       1.22699356    
   2.09999990       1.23598588    
   2.10999990       1.24471927    
   2.11999989       1.25322270    
   2.12999988       1.26151550    
   2.13999987       1.26962006    
   2.14999986       1.27754915    
   2.15999985       1.28532314    
   2.16999984       1.29295123    
   2.18000007       1.30044544    
   2.19000006       1.30781758    
   2.20000005       1.31507599    
   2.21000004       1.32223105    
   2.22000003       1.32928777    
   2.23000002       1.33625555    
   2.24000001       1.34313977    
   2.25000000       1.34994602    
   2.25999999       1.35667634    
   2.26999998       1.36334097    
   2.27999997       1.36994183    
   2.28999996       1.37647998    
   2.29999995       1.38296497    
   2.30999994       1.38939559    
   2.31999993       1.39577639    
   2.32999992       1.40210915    
   2.33999991       1.40839851    
   2.34999990       1.41464674    
   2.35999990       1.42085409    
   2.36999989       1.42702258    
   2.37999988       1.43315673    
   2.38999987       1.43925607    
   2.39999986       1.44532335    
   2.40999985       1.45135975    
   2.41999984       1.45736837    
   2.42999983       1.46334648    
   2.44000006       1.46930051    
   2.45000005       1.47522724    
   2.46000004       1.48113251    
   2.47000003       1.48701155    
   2.48000002       1.49286938    
   2.49000001       1.49870586    
   2.50000000       1.50452232    
   2.50999999       1.51031959    
   2.51999998       1.51609564    
   2.52999997       1.52185762    
   2.53999996       1.52760124    
   2.54999995       1.53332722    
   2.55999994       1.53903913    
   2.56999993       1.54473352    
   2.57999992       1.55041325    
   2.58999991       1.55608141    
   2.59999990       1.56173396    
   2.60999990       1.56737435    
   2.61999989       1.57299995    
   2.62999988       1.57861412    
   2.63999987       1.58421814    
   2.64999986       1.58980989    
   2.65999985       1.59538925    
   2.66999984       1.60096049    
   2.67999983       1.60651886    
   2.69000006       1.61206746    
   2.70000005       1.61760843    
   2.71000004       1.62313807    
   2.72000003       1.62865937    
   2.73000002       1.63417208    
   2.74000001       1.63967657    
   2.75000000       1.64517283    
   2.75999999       1.65065861    
   2.76999998       1.65613782    
   2.77999997       1.66161168    
   2.78999996       1.66707480    
   2.79999995       1.67253482    
   2.80999994       1.67798567    
   2.81999993       1.68342805    
   2.82999992       1.68886673    
   2.83999991       1.69429851    
   2.84999990       1.69972312    
   2.85999990       1.70514250    
   2.86999989       1.71055400    
   2.87999988       1.71596181    
   2.88999987       1.72136366    
   2.89999986       1.72676039    
   2.90999985       1.73215008    
   2.91999984       1.73753691    
   2.92999983       1.74291813    
   2.93999982       1.74829233    
   2.95000005       1.75366390    
   2.96000004       1.75903082    
   2.97000003       1.76439273    
   2.98000002       1.76975000    
   2.99000001       1.77510130    
   3.00000000       1.78045130    
   3.00999999       1.78579438    
   3.01999998       1.79113400    
   3.02999997       1.79647112    
   3.03999996       1.80180395    
   3.04999995       1.80713260    
   3.05999994       1.81245756    
   3.06999993       1.81777799    
   3.07999992       1.82309699    
   3.08999991       1.82841063    
   3.09999990       1.83372080    
   3.10999990       1.83902800    
   3.11999989       1.84433329    
   3.12999988       1.84963310    
   3.13999987       1.85493064    
   3.14999986       1.86022508    
   3.15999985       1.86551762    
   3.16999984       1.87080550    
   3.17999983       1.87609100    
   3.18999982       1.88137257    
   3.19999981       1.88665342    
   3.21000004       1.89193058    
   3.22000003       1.89720428    
   3.23000002       1.90247750    
   3.24000001       1.90774572    
   3.25000000       1.91301322    
   3.25999999       1.91827619    
   3.26999998       1.92353857    
   3.27999997       1.92879713    
   3.28999996       1.93405533    
   3.29999995       1.93930769    
   3.30999994       1.94456041    
   3.31999993       1.94981027    
   3.32999992       1.95505798    
   3.33999991       1.96030366    
   3.34999990       1.96554565    
   3.35999990       1.97078693    
   3.36999989       1.97602677    
   3.37999988       1.98126304    
   3.38999987       1.98649764    
   3.39999986       1.99173105    
   3.40999985       1.99696267    
   3.41999984       2.00218940    
   3.42999983       2.00741839    
   3.43999982       2.01264310    
   3.44999981       2.01786637    
   3.46000004       2.02308679    
   3.47000003       2.02830672    
   3.48000002       2.03352618    
   3.49000001       2.03874207    
   3.50000000       2.04395628    
   3.50999999       2.04916883    
