   9.99999978E-03   4.76404006E-04
   1.99999996E-02   8.13809864E-04
   2.99999993E-02   1.13477581E-03
   3.99999991E-02   1.42015587E-03
   4.99999970E-02   1.60767592E-03
   5.99999987E-02   2.00318731E-03
   7.00000003E-02   2.30637589E-03
   7.99999982E-02   2.42916634E-03
   8.99999961E-02   2.46298825E-03
   9.99999940E-02   2.48101423E-03
  0.109999999       2.51593278E-03
  0.119999997       2.57714279E-03
  0.129999995       2.66458816E-03
  0.140000001       2.77425512E-03
  0.149999991       2.90182349E-03
  0.159999996       3.04410723E-03
  0.170000002       3.19749839E-03
  0.179999992       3.35918716E-03
  0.189999998       3.53835081E-03
  0.199999988       3.71579640E-03
  0.209999993       3.93064460E-03
  0.219999999       4.13660659E-03
  0.229999989       4.37827362E-03
  0.239999995       4.71246801E-03
  0.250000000       4.94076498E-03
  0.259999990       5.28517924E-03
  0.269999981       5.81544451E-03
  0.280000001       6.40048459E-03
  0.289999992       6.62597828E-03
  0.299999982       7.19218142E-03
  0.310000002       8.07433389E-03
  0.319999993       9.38462280E-03
  0.329999983       1.03085721E-02
  0.340000004       1.04993861E-02
  0.349999994       1.13222245E-02
  0.359999985       1.25483191E-02
  0.370000005       1.43285301E-02
  0.379999995       1.69231165E-02
  0.389999986       2.02627312E-02
  0.399999976       2.07848605E-02
  0.409999996       2.10745968E-02
  0.419999987       2.21595392E-02
  0.429999977       2.37225275E-02
  0.439999998       2.57950798E-02
  0.449999988       2.85116192E-02
  0.459999979       3.21100131E-02
  0.469999999       3.69685218E-02
  0.479999989       4.35728021E-02
  0.489999980       5.16080856E-02
  0.500000000       5.31513356E-02
  0.509999990       5.21213561E-02
  0.519999981       5.28566167E-02
  0.529999971       5.42832054E-02
  0.539999962       5.62102869E-02
  0.550000012       5.85934930E-02
  0.560000002       6.14466742E-02
  0.569999993       6.48203567E-02
  0.579999983       6.88003898E-02
  0.589999974       7.35049546E-02
  0.599999964       7.91350380E-02
  0.610000014       8.59225169E-02
  0.620000005       9.42364484E-02
  0.629999995      0.104588509    
  0.639999986      0.117649630    
  0.649999976      0.133921355    
  0.659999967      0.150843620    
  0.669999957      0.151215136    
  0.680000007      0.149329886    
  0.689999998      0.149273276    
  0.699999988      0.150102139    
  0.709999979      0.151508719    
  0.719999969      0.153350219    
  0.729999959      0.155551553    
  0.740000010      0.158070132    
  0.750000000      0.160882995    
  0.759999990      0.163978860    
  0.769999981      0.167356059    
  0.779999971      0.171018437    
  0.789999962      0.174975842    
  0.799999952      0.179241389    
  0.810000002      0.183840364    
  0.819999993      0.188793451    
  0.829999983      0.194129646    
  0.839999974      0.199889004    
  0.849999964      0.206114382    
  0.859999955      0.212859735    
  0.870000005      0.220185012    
  0.879999995      0.228168160    
  0.889999986      0.236900061    
  0.899999976      0.246490344    
  0.909999967      0.257073939    
  0.919999957      0.268807918    
  0.930000007      0.281913221    
  0.939999998      0.296615303    
  0.949999988      0.313215077    
  0.959999979      0.332039833    
  0.969999969      0.353391796    
  0.979999959      0.377291799    
  0.989999950      0.402518034    
   1.00000000      0.422380209    
   1.00999999      0.429177135    
   1.01999998      0.433399945    
   1.02999997      0.436873913    
   1.03999996      0.440057069    
   1.04999995      0.443127513    
   1.05999994      0.446168572    
   1.06999993      0.449220151    
   1.07999992      0.452306867    
   1.09000003      0.455439329    
   1.10000002      0.458623618    
   1.11000001      0.461864799    
   1.12000000      0.465163469    
   1.13000000      0.468520343    
   1.13999999      0.471935332    
   1.14999998      0.475408822    
   1.15999997      0.478939772    
   1.16999996      0.482527971    
   1.17999995      0.486173570    
   1.18999994      0.489875346    
   1.19999993      0.493633091    
   1.20999992      0.497446895    
   1.22000003      0.501316369    
   1.23000002      0.505241573    
   1.24000001      0.509222388    
   1.25000000      0.513259172    
   1.25999999      0.517351151    
   1.26999998      0.521501601    
   1.27999997      0.525707781    
   1.28999996      0.529970646    
   1.29999995      0.534291923    
   1.30999994      0.538671374    
   1.31999993      0.543109894    
   1.32999992      0.547607720    
   1.33999991      0.552167416    
   1.35000002      0.556787789    
   1.36000001      0.561471343    
   1.37000000      0.566217303    
   1.38000000      0.571029186    
   1.38999999      0.575905800    
   1.39999998      0.580850959    
   1.40999997      0.585864067    
   1.41999996      0.590947747    
   1.42999995      0.596100569    
   1.43999994      0.601328015    
   1.44999993      0.606629074    
   1.45999992      0.612006664    
   1.46999991      0.617463171    
   1.48000002      0.622997701    
   1.49000001      0.628614306    
   1.50000000      0.634314895    
   1.50999999      0.640100896    
   1.51999998      0.645975888    
   1.52999997      0.651939809    
   1.53999996      0.657997429    
   1.54999995      0.664149642    
   1.55999994      0.670399368    
   1.56999993      0.676749706    
   1.57999992      0.683202565    
   1.58999991      0.689762235    
   1.59999990      0.696430027    
   1.61000001      0.703210294    
   1.62000000      0.710106373    
   1.63000000      0.717121601    
   1.63999999      0.724258721    
   1.64999998      0.731521904    
   1.65999997      0.738915086    
   1.66999996      0.746441722    
   1.67999995      0.754106760    
   1.68999994      0.761913776    
   1.69999993      0.769867957    
   1.70999992      0.777973831    
   1.71999991      0.786234796    
   1.73000002      0.794657111    
   1.74000001      0.803247154    
   1.75000000      0.812006354    
   1.75999999      0.820942879    
   1.76999998      0.830062807    
   1.77999997      0.839370072    
   1.78999996      0.848871589    
   1.79999995      0.858572423    
   1.80999994      0.868478298    
   1.81999993      0.878597558    
   1.82999992      0.888932824    
   1.83999991      0.899491906    
   1.84999990      0.910279751    
   1.86000001      0.921301126    
   1.87000000      0.932560980    
   1.88000000      0.944063067    
   1.88999999      0.955811501    
   1.89999998      0.967806399    
   1.90999997      0.980048895    
   1.91999996      0.992536962    
   1.92999995       1.00526440    
   1.93999994       1.01822293    
   1.94999993       1.03139853    
   1.95999992       1.04477084    
   1.96999991       1.05831087    
   1.97999990       1.07197785    
   1.99000001       1.08571899    
   2.00000000       1.09945858    
   2.00999999       1.11284697    
   2.01999998       1.12550449    
   2.02999997       1.13747406    
   2.03999996       1.14883614    
   2.04999995       1.15966439    
   2.05999994       1.17002535    
   2.06999993       1.17997241    
   2.07999992       1.18955326    
   2.08999991       1.19880950    
   2.09999990       1.20777369    
   2.10999990       1.21647775    
   2.11999989       1.22494876    
   2.12999988       1.23320627    
   2.13999987       1.24126971    
   2.14999986       1.24915695    
   2.15999985       1.25688589    
   2.16999984       1.26446640    
   2.18000007       1.27191436    
   2.19000006       1.27923667    
   2.20000005       1.28644264    
   2.21000004       1.29354525    
   2.22000003       1.30054915    
   2.23000002       1.30746090    
   2.24000001       1.31428969    
   2.25000000       1.32103670    
   2.25999999       1.32771134    
   2.26999998       1.33431768    
   2.27999997       1.34085846    
   2.28999996       1.34733820    
   2.29999995       1.35376287    
   2.30999994       1.36013365    
   2.31999993       1.36645269    
   2.32999992       1.37272441    
   2.33999991       1.37895095    
   2.34999990       1.38513601    
   2.35999990       1.39127898    
   2.36999989       1.39738572    
   2.37999988       1.40345538    
   2.38999987       1.40949094    
   2.39999986       1.41549492    
   2.40999985       1.42146695    
   2.41999984       1.42741013    
   2.42999983       1.43332314    
   2.44000006       1.43921113    
   2.45000005       1.44507289    
   2.46000004       1.45091140    
   2.47000003       1.45672524    
   2.48000002       1.46251798    
   2.49000001       1.46828771    
   2.50000000       1.47403800    
   2.50999999       1.47976816    
   2.51999998       1.48547935    
   2.52999997       1.49117529    
   2.53999996       1.49685097    
   2.54999995       1.50250971    
   2.55999994       1.50815427    
   2.56999993       1.51378274    
   2.57999992       1.51939535    
   2.58999991       1.52499533    
   2.59999990       1.53057945    
   2.60999990       1.53615332    
   2.61999989       1.54171276    
   2.62999988       1.54725885    
   2.63999987       1.55279422    
   2.64999986       1.55831826    
   2.65999985       1.56383085    
   2.66999984       1.56933284    
   2.67999983       1.57482338    
   2.69000006       1.58030450    
   2.70000005       1.58577669    
   2.71000004       1.59123838    
   2.72000003       1.59669220    
   2.73000002       1.60213602    
   2.74000001       1.60757101    
   2.75000000       1.61299741    
   2.75999999       1.61841774    
   2.76999998       1.62382913    
   2.77999997       1.62923253    
   2.78999996       1.63462842    
   2.79999995       1.64001834    
   2.80999994       1.64540017    
   2.81999993       1.65077424    
   2.82999992       1.65614414    
   2.83999991       1.66150737    
   2.84999990       1.66686392    
   2.85999990       1.67221236    
   2.86999989       1.67755651    
   2.87999988       1.68289566    
   2.88999987       1.68822849    
   2.89999986       1.69355500    
   2.90999985       1.69887769    
   2.91999984       1.70419407    
   2.92999983       1.70950520    
   2.93999982       1.71481121    
   2.95000005       1.72011375    
   2.96000004       1.72541058    
   2.97000003       1.73070431    
   2.98000002       1.73599136    
   2.99000001       1.74127352    
   3.00000000       1.74655497    
   3.00999999       1.75182843    
   3.01999998       1.75709999    
   3.02999997       1.76236725    
   3.03999996       1.76763022    
   3.04999995       1.77288902    
   3.05999994       1.77814436    
   3.06999993       1.78339684    
   3.07999992       1.78864527    
   3.08999991       1.79388916    
   3.09999990       1.79913151    
   3.10999990       1.80436850    
   3.11999989       1.80960321    
   3.12999988       1.81483459    
   3.13999987       1.82006299    
   3.14999986       1.82528830    
   3.15999985       1.83050907    
   3.16999984       1.83572900    
   3.17999983       1.84094501    
   3.18999982       1.84615731    
   3.19999981       1.85136759    
   3.21000004       1.85657609    
   3.22000003       1.86178029    
   3.23000002       1.86698258    
   3.24000001       1.87218153    
   3.25000000       1.87737834    
   3.25999999       1.88257337    
   3.26999998       1.88776529    
   3.27999997       1.89295447    
   3.28999996       1.89814293    
   3.29999995       1.90332532    
   3.30999994       1.90850770    
   3.31999993       1.91368794    
   3.32999992       1.91886640    
   3.33999991       1.92404175    
   3.34999990       1.92921424    
   3.35999990       1.93438482    
   3.36999989       1.93955529    
   3.37999988       1.94472218    
   3.38999987       1.94988656    
   3.39999986       1.95504951    
   3.40999985       1.96021056    
   3.41999984       1.96536934    
   3.42999983       1.97052765    
   3.43999982       1.97568393    
   3.44999981       1.98083639    
   3.46000004       1.98598778    
   3.47000003       1.99113786    
   3.48000002       1.99628603    
   3.49000001       2.00143242    
   3.50000000       2.00657606    
   3.50999999       2.01172042    
