   9.99999978E-03   4.79112990E-04
   1.99999996E-02   8.17160821E-04
   2.99999993E-02   1.13389967E-03
   3.99999991E-02   1.43068167E-03
   4.99999970E-02   1.60994777E-03
   5.99999987E-02   2.00379384E-03
   7.00000003E-02   2.31546303E-03
   7.99999982E-02   2.44519999E-03
   8.99999961E-02   2.48263171E-03
   9.99999940E-02   2.49823043E-03
  0.109999999       2.53096386E-03
  0.119999997       2.58975965E-03
  0.129999995       2.67490535E-03
  0.140000001       2.78268731E-03
  0.149999991       2.90887547E-03
  0.159999996       3.05305375E-03
  0.170000002       3.20345210E-03
  0.179999992       3.36538488E-03
  0.189999998       3.54633876E-03
  0.199999988       3.72531125E-03
  0.209999993       3.94487754E-03
  0.219999999       4.15421231E-03
  0.229999989       4.40329406E-03
  0.239999995       4.74953465E-03
  0.250000000       4.98264935E-03
  0.259999990       5.34148701E-03
  0.269999981       5.89597411E-03
  0.280000001       6.49971981E-03
  0.289999992       6.73330808E-03
  0.299999982       7.32611259E-03
  0.310000002       8.25016946E-03
  0.319999993       9.61504783E-03
  0.329999983       1.05565144E-02
  0.340000004       1.07596191E-02
  0.349999994       1.16193620E-02
  0.359999985       1.28998756E-02
  0.370000005       1.47571443E-02
  0.379999995       1.74534936E-02
  0.389999986       2.08857656E-02
  0.399999976       2.13940218E-02
  0.409999996       2.17028428E-02
  0.419999987       2.28307825E-02
  0.429999977       2.44534481E-02
  0.439999998       2.66038682E-02
  0.449999988       2.94201225E-02
  0.459999979       3.31453681E-02
  0.469999999       3.81631069E-02
  0.479999989       4.49534059E-02
  0.489999980       5.31353094E-02
  0.500000000       5.46376929E-02
  0.509999990       5.36044762E-02
  0.519999981       5.43684103E-02
  0.529999971       5.58404215E-02
  0.539999962       5.78263775E-02
  0.550000012       6.02812953E-02
  0.560000002       6.32180199E-02
  0.569999993       6.66894242E-02
  0.579999983       7.07827881E-02
  0.589999974       7.56256655E-02
  0.599999964       8.14006478E-02
  0.610000014       8.83645341E-02
  0.620000005       9.68824551E-02
  0.629999995      0.107466891    
  0.639999986      0.120779842    
  0.649999976      0.137279749    
  0.659999967      0.154273912    
  0.669999957      0.154595479    
  0.680000007      0.152716115    
  0.689999998      0.152678207    
  0.699999988      0.153535739    
  0.709999979      0.154979244    
  0.719999969      0.156864583    
  0.729999959      0.159115613    
  0.740000010      0.161689460    
  0.750000000      0.164562777    
  0.759999990      0.167724252    
  0.769999981      0.171172112    
  0.779999971      0.174910247    
  0.789999962      0.178948671    
  0.799999952      0.183302283    
  0.810000002      0.187991574    
  0.819999993      0.193042189    
  0.829999983      0.198482677    
  0.839999974      0.204352200    
  0.849999964      0.210695222    
  0.859999955      0.217564389    
  0.870000005      0.225022808    
  0.879999995      0.233147025    
  0.889999986      0.242028132    
  0.899999976      0.251776248    
  0.909999967      0.262526929    
  0.919999957      0.274442792    
  0.930000007      0.287724555    
  0.939999998      0.302613616    
  0.949999988      0.319400311    
  0.959999979      0.338402778    
  0.969999969      0.359904647    
  0.979999959      0.383897454    
  0.989999950      0.409116417    
   1.00000000      0.428903461    
   1.00999999      0.435761005    
   1.01999998      0.440051317    
   1.02999997      0.443588465    
   1.03999996      0.446830362    
   1.04999995      0.449957222    
   1.05999994      0.453051209    
   1.06999993      0.456155747    
   1.07999992      0.459293902    
   1.09000003      0.462476581    
   1.10000002      0.465712011    
   1.11000001      0.469002306    
   1.12000000      0.472351283    
   1.13000000      0.475758195    
   1.13999999      0.479222059    
   1.14999998      0.482747525    
   1.15999997      0.486328900    
   1.16999996      0.489968389    
   1.17999995      0.493664712    
   1.18999994      0.497417986    
   1.19999993      0.501227736    
   1.20999992      0.505093992    
   1.22000003      0.509015739    
   1.23000002      0.512993574    
   1.24000001      0.517027617    
   1.25000000      0.521118224    
   1.25999999      0.525264800    
   1.26999998      0.529469967    
   1.27999997      0.533730865    
   1.28999996      0.538049042    
   1.29999995      0.542426109    
   1.30999994      0.546862185    
   1.31999993      0.551356852    
   1.32999992      0.555912435    
   1.33999991      0.560528636    
   1.35000002      0.565207839    
   1.36000001      0.569948971    
   1.37000000      0.574754655    
   1.38000000      0.579625607    
   1.38999999      0.584562659    
   1.39999998      0.589567482    
   1.40999997      0.594641268    
   1.41999996      0.599785566    
   1.42999995      0.605000615    
   1.43999994      0.610289752    
   1.44999993      0.615653872    
   1.45999992      0.621094167    
   1.46999991      0.626613259    
   1.48000002      0.632211924    
   1.49000001      0.637893558    
   1.50000000      0.643658698    
   1.50999999      0.649510145    
   1.51999998      0.655449867    
   1.52999997      0.661480308    
   1.53999996      0.667603731    
   1.54999995      0.673822522    
   1.55999994      0.680139363    
   1.56999993      0.686557174    
   1.57999992      0.693077862    
   1.58999991      0.699704945    
   1.59999990      0.706441879    
   1.61000001      0.713291049    
   1.62000000      0.720252514    
   1.63000000      0.727339745    
   1.63999999      0.734546661    
   1.64999998      0.741879046    
   1.65999997      0.749342680    
   1.66999996      0.756938398    
   1.67999995      0.764673889    
   1.68999994      0.772551715    
   1.69999993      0.780574620    
   1.70999992      0.788749516    
   1.71999991      0.797080874    
   1.73000002      0.805572927    
   1.74000001      0.814229965    
   1.75000000      0.823059201    
   1.75999999      0.832064211    
   1.76999998      0.841250658    
   1.77999997      0.850624800    
   1.78999996      0.860191226    
   1.79999995      0.869957209    
   1.80999994      0.879927278    
   1.81999993      0.890107214    
   1.82999992      0.900503218    
   1.83999991      0.911120415    
   1.84999990      0.921965420    
   1.86000001      0.933040082    
   1.87000000      0.944351912    
   1.88000000      0.955903232    
   1.88999999      0.967696667    
   1.89999998      0.979733348    
   1.90999997      0.992013812    
   1.91999996       1.00453448    
   1.92999995       1.01729012    
   1.93999994       1.03027141    
   1.94999993       1.04346526    
   1.95999992       1.05684876    
   1.96999991       1.07039344    
   1.97999990       1.08406031    
   1.99000001       1.09779274    
   2.00000000       1.11151946    
   2.00999999       1.12489057    
   2.01999998       1.13753331    
   2.02999997       1.14949203    
   2.03999996       1.16084790    
   2.04999995       1.17167449    
   2.05999994       1.18203568    
   2.06999993       1.19198596    
   2.07999992       1.20157444    
   2.08999991       1.21084070    
   2.09999990       1.21981657    
   2.10999990       1.22853374    
   2.11999989       1.23701823    
   2.12999988       1.24529135    
   2.13999987       1.25337243    
   2.14999986       1.26127803    
   2.15999985       1.26902592    
   2.16999984       1.27662694    
   2.18000007       1.28409374    
   2.19000006       1.29143870    
   2.20000005       1.29866815    
   2.21000004       1.30579174    
   2.22000003       1.31281888    
   2.23000002       1.31975484    
   2.24000001       1.32660818    
   2.25000000       1.33338022    
   2.25999999       1.34008098    
   2.26999998       1.34671080    
   2.27999997       1.35327709    
   2.28999996       1.35978246    
   2.29999995       1.36623132    
   2.30999994       1.37262905    
   2.31999993       1.37897491    
   2.32999992       1.38527310    
   2.33999991       1.39152551    
   2.34999990       1.39773715    
   2.35999990       1.40390885    
   2.36999989       1.41004288    
   2.37999988       1.41614044    
   2.38999987       1.42220283    
   2.39999986       1.42823279    
   2.40999985       1.43423271    
   2.41999984       1.44020438    
   2.42999983       1.44614530    
   2.44000006       1.45206165    
   2.45000005       1.45795155    
   2.46000004       1.46381760    
   2.47000003       1.46965957    
   2.48000002       1.47548056    
   2.49000001       1.48127997    
   2.50000000       1.48705864    
   2.50999999       1.49281740    
   2.51999998       1.49855816    
   2.52999997       1.50427973    
   2.53999996       1.50998509    
   2.54999995       1.51567388    
   2.55999994       1.52134669    
   2.56999993       1.52700329    
   2.57999992       1.53264534    
   2.58999991       1.53827369    
   2.59999990       1.54388797    
   2.60999990       1.54948962    
   2.61999989       1.55507720    
   2.62999988       1.56065261    
   2.63999987       1.56621790    
   2.64999986       1.57176971    
   2.65999985       1.57731283    
   2.66999984       1.58284259    
   2.67999983       1.58836257    
   2.69000006       1.59387374    
   2.70000005       1.59937441    
   2.71000004       1.60486639    
   2.72000003       1.61034858    
   2.73000002       1.61582232    
   2.74000001       1.62128675    
   2.75000000       1.62674439    
   2.75999999       1.63219142    
   2.76999998       1.63763261    
   2.77999997       1.64306521    
   2.78999996       1.64849102    
   2.79999995       1.65390980    
   2.80999994       1.65932143    
   2.81999993       1.66472590    
   2.82999992       1.67012513    
   2.83999991       1.67551708    
   2.84999990       1.68090260    
   2.85999990       1.68628204    
   2.86999989       1.69165516    
   2.87999988       1.69702327    
   2.88999987       1.70238519    
   2.89999986       1.70774198    
   2.90999985       1.71309388    
   2.91999984       1.71843934    
   2.92999983       1.72378147    
   2.93999982       1.72911704    
   2.95000005       1.73444891    
   2.96000004       1.73977637    
   2.97000003       1.74509811    
   2.98000002       1.75041628    
   2.99000001       1.75572944    
   3.00000000       1.76103890    
   3.00999999       1.76634336    
   3.01999998       1.77164423    
   3.02999997       1.77694070    
   3.03999996       1.78223240    
   3.04999995       1.78752136    
   3.05999994       1.79280722    
   3.06999993       1.79808891    
   3.07999992       1.80336642    
   3.08999991       1.80864203    
   3.09999990       1.81391072    
   3.10999990       1.81918001    
   3.11999989       1.82444406    
   3.12999988       1.82970524    
   3.13999987       1.83496344    
   3.14999986       1.84021807    
   3.15999985       1.84547043    
   3.16999984       1.85071933    
   3.17999983       1.85596502    
   3.18999982       1.86120713    
   3.19999981       1.86644757    
   3.21000004       1.87168574    
   3.22000003       1.87691939    
   3.23000002       1.88215113    
   3.24000001       1.88738143    
   3.25000000       1.89260697    
   3.25999999       1.89783180    
   3.26999998       1.90305412    
   3.27999997       1.90827298    
   3.28999996       1.91349030    
   3.29999995       1.91870403    
   3.30999994       1.92391741    
   3.31999993       1.92912579    
   3.32999992       1.93433404    
   3.33999991       1.93953991    
   3.34999990       1.94474220    
   3.35999990       1.94994414    
   3.36999989       1.95514345    
   3.37999988       1.96034193    
   3.38999987       1.96553648    
   3.39999986       1.97072685    
   3.40999985       1.97591877    
   3.41999984       1.98110867    
   3.42999983       1.98629558    
   3.43999982       1.99148035    
   3.44999981       1.99666405    
   3.46000004       2.00184512    
   3.47000003       2.00702572    
   3.48000002       2.01220465    
   3.49000001       2.01737881    
   3.50000000       2.02255464    
   3.50999999       2.02772665    
