   9.99999978E-03   4.82723321E-04
   1.99999996E-02   8.19307053E-04
   2.99999993E-02   1.13534764E-03
   3.99999991E-02   1.45534123E-03
   4.99999970E-02   1.61626865E-03
   5.99999987E-02   2.00407184E-03
   7.00000003E-02   2.33507319E-03
   7.99999982E-02   2.48197257E-03
   8.99999961E-02   2.52338452E-03
   9.99999940E-02   2.53903563E-03
  0.109999999       2.56692339E-03
  0.119999997       2.62003881E-03
  0.129999995       2.69979588E-03
  0.140000001       2.80309026E-03
  0.149999991       2.92588118E-03
  0.159999996       3.06535489E-03
  0.170000002       3.21805105E-03
  0.179999992       3.38078965E-03
  0.189999998       3.56633170E-03
  0.199999988       3.74931889E-03
  0.209999993       3.98120610E-03
  0.219999999       4.19895677E-03
  0.229999989       4.46734345E-03
  0.239999995       4.84398101E-03
  0.250000000       5.08956332E-03
  0.259999990       5.48475748E-03
  0.269999981       6.10049115E-03
  0.280000001       6.74961787E-03
  0.289999992       7.00485054E-03
  0.299999982       7.66507257E-03
  0.310000002       8.69436469E-03
  0.319999993       1.01937270E-02
  0.329999983       1.11800628E-02
  0.340000004       1.14110401E-02
  0.349999994       1.23631237E-02
  0.359999985       1.37793906E-02
  0.370000005       1.58325471E-02
  0.379999995       1.87705271E-02
  0.389999986       2.24257894E-02
  0.399999976       2.28988230E-02
  0.409999996       2.32561026E-02
  0.419999987       2.44928058E-02
  0.429999977       2.62601487E-02
  0.439999998       2.86019892E-02
  0.449999988       3.16623077E-02
  0.459999979       3.56974378E-02
  0.469999999       4.11011986E-02
  0.479999989       4.83362302E-02
  0.489999980       5.68584092E-02
  0.500000000       5.82607016E-02
  0.509999990       5.72226644E-02
  0.519999981       5.80572560E-02
  0.529999971       5.96403033E-02
  0.539999962       6.17692694E-02
  0.550000012       6.43968210E-02
  0.560000002       6.75372183E-02
  0.569999993       7.12452158E-02
  0.579999983       7.56124333E-02
  0.589999974       8.07708874E-02
  0.599999964       8.69127661E-02
  0.610000014       9.42995995E-02
  0.620000005      0.103304684    
  0.629999995      0.114440434    
  0.639999986      0.128344730    
  0.649999976      0.145369992    
  0.659999967      0.162516296    
  0.669999957      0.162725762    
  0.680000007      0.160863996    
  0.689999998      0.160872981    
  0.699999988      0.161800936    
  0.709999979      0.163333640    
  0.719999969      0.165324241    
  0.729999959      0.167694733    
  0.740000010      0.170400769    
  0.750000000      0.173419222    
  0.759999990      0.176737592    
  0.769999981      0.180354461    
  0.779999971      0.184273392    
  0.789999962      0.188501760    
  0.799999952      0.193064600    
  0.810000002      0.197972655    
  0.819999993      0.203256249    
  0.829999983      0.208943859    
  0.839999974      0.215076089    
  0.849999964      0.221697599    
  0.859999955      0.228862315    
  0.870000005      0.236634359    
  0.879999995      0.245090902    
  0.889999986      0.254324019    
  0.899999976      0.264444500    
  0.909999967      0.275586993    
  0.919999957      0.287913680    
  0.930000007      0.301621616    
  0.939999998      0.316946357    
  0.949999988      0.334164590    
  0.959999979      0.353572249    
  0.969999969      0.375412375    
  0.979999959      0.399606317    
  0.989999950      0.424797207    
   1.00000000      0.444408983    
   1.00999999      0.451405704    
   1.01999998      0.455855727    
   1.02999997      0.459541649    
   1.03999996      0.462922186    
   1.04999995      0.466181278    
   1.05999994      0.469403118    
   1.06999993      0.472631305    
   1.07999992      0.475890785    
   1.09000003      0.479193985    
   1.10000002      0.482548237    
   1.11000001      0.485958040    
   1.12000000      0.489425153    
   1.13000000      0.492950708    
   1.13999999      0.496535152    
   1.14999998      0.500177979    
   1.15999997      0.503879189    
   1.16999996      0.507638395    
   1.17999995      0.511456013    
   1.18999994      0.515331030    
   1.19999993      0.519263566    
   1.20999992      0.523252428    
   1.22000003      0.527298450    
   1.23000002      0.531402051    
   1.24000001      0.535561919    
   1.25000000      0.539779723    
   1.25999999      0.544053078    
   1.26999998      0.548387408    
   1.27999997      0.552777946    
   1.28999996      0.557226479    
   1.29999995      0.561734915    
   1.30999994      0.566302896    
   1.31999993      0.570932269    
   1.32999992      0.575621784    
   1.33999991      0.580373287    
   1.35000002      0.585189641    
   1.36000001      0.590068400    
   1.37000000      0.595012844    
   1.38000000      0.600023746    
   1.38999999      0.605101049    
   1.39999998      0.610248148    
   1.40999997      0.615464628    
   1.41999996      0.620752990    
   1.42999995      0.626112521    
   1.43999994      0.631546974    
   1.44999993      0.637058318    
   1.45999992      0.642646194    
   1.46999991      0.648313940    
   1.48000002      0.654062510    
   1.49000001      0.659894228    
   1.50000000      0.665811539    
   1.50999999      0.671814978    
   1.51999998      0.677908123    
   1.52999997      0.684093833    
   1.53999996      0.690372169    
   1.54999995      0.696747184    
   1.55999994      0.703220963    
   1.56999993      0.709795654    
   1.57999992      0.716474652    
   1.58999991      0.723261535    
   1.59999990      0.730158269    
   1.61000001      0.737167597    
   1.62000000      0.744293809    
   1.63000000      0.751538932    
   1.63999999      0.758907080    
   1.64999998      0.766402066    
   1.65999997      0.774027407    
   1.66999996      0.781786263    
   1.67999995      0.789684176    
   1.68999994      0.797724247    
   1.69999993      0.805910051    
   1.70999992      0.814245641    
   1.71999991      0.822738409    
   1.73000002      0.831390977    
   1.74000001      0.840208292    
   1.75000000      0.849196017    
   1.75999999      0.858357191    
   1.76999998      0.867700160    
   1.77999997      0.877227664    
   1.78999996      0.886945963    
   1.79999995      0.896860242    
   1.80999994      0.906975806    
   1.81999993      0.917298436    
   1.82999992      0.927833319    
   1.83999991      0.938584387    
   1.84999990      0.949557841    
   1.86000001      0.960756183    
   1.87000000      0.972185671    
   1.88000000      0.983846962    
   1.88999999      0.995743573    
   1.89999998       1.00787377    
   1.90999997       1.02023923    
   1.91999996       1.03282821    
   1.92999995       1.04565346    
   1.93999994       1.05868685    
   1.94999993       1.07191670    
   1.95999992       1.08532417    
   1.96999991       1.09887886    
   1.97999990       1.11253989    
   1.99000001       1.12625468    
   2.00000000       1.13994861    
   2.00999999       1.15327907    
   2.01999998       1.16588604    
   2.02999997       1.17782032    
   2.03999996       1.18915963    
   2.04999995       1.19998145    
   2.05999994       1.21034348    
   2.06999993       1.22030365    
   2.07999992       1.22990668    
   2.08999991       1.23919356    
   2.09999990       1.24819541    
   2.10999990       1.25694132    
   2.11999989       1.26545966    
   2.12999988       1.27376914    
   2.13999987       1.28188884    
   2.14999986       1.28983688    
   2.15999985       1.29762948    
   2.16999984       1.30527675    
   2.18000007       1.31279159    
   2.19000006       1.32018411    
   2.20000005       1.32746398    
   2.21000004       1.33464313    
   2.22000003       1.34172237    
   2.23000002       1.34871328    
   2.24000001       1.35562062    
   2.25000000       1.36244893    
   2.25999999       1.36920667    
   2.26999998       1.37589586    
   2.27999997       1.38252020    
   2.28999996       1.38908565    
   2.29999995       1.39559519    
   2.30999994       1.40205276    
   2.31999993       1.40846014    
   2.32999992       1.41481924    
   2.33999991       1.42113400    
   2.34999990       1.42740822    
   2.35999990       1.43364024    
   2.36999989       1.43983769    
   2.37999988       1.44599938    
   2.38999987       1.45212555    
   2.39999986       1.45822048    
   2.40999985       1.46428549    
   2.41999984       1.47032070    
   2.42999983       1.47632718    
   2.44000006       1.48230803    
   2.45000005       1.48826265    
   2.46000004       1.49419415    
   2.47000003       1.50010228    
   2.48000002       1.50598860    
   2.49000001       1.51185417    
   2.50000000       1.51769769    
   2.50999999       1.52352428    
   2.51999998       1.52932990    
   2.52999997       1.53512013    
   2.53999996       1.54089153    
   2.54999995       1.54664564    
   2.55999994       1.55238640    
   2.56999993       1.55811036    
   2.57999992       1.56381834    
   2.58999991       1.56951427    
   2.59999990       1.57519603    
   2.60999990       1.58086514    
   2.61999989       1.58652079    
   2.62999988       1.59216273    
   2.63999987       1.59779549    
   2.64999986       1.60341573    
   2.65999985       1.60902596    
   2.66999984       1.61462414    
   2.67999983       1.62021327    
   2.69000006       1.62579191    
   2.70000005       1.63136053    
   2.71000004       1.63691962    
   2.72000003       1.64247167    
   2.73000002       1.64801228    
   2.74000001       1.65354443    
   2.75000000       1.65907037    
   2.75999999       1.66458714    
   2.76999998       1.67009592    
   2.77999997       1.67559814    
   2.78999996       1.68109298    
   2.79999995       1.68657923    
   2.80999994       1.69205880    
   2.81999993       1.69753242    
   2.82999992       1.70299959    
   2.83999991       1.70846045    
   2.84999990       1.71391475    
   2.85999990       1.71936262    
   2.86999989       1.72480571    
   2.87999988       1.73024333    
   2.88999987       1.73567343    
   2.89999986       1.74109983    
   2.90999985       1.74651837    
   2.91999984       1.75193572    
   2.92999983       1.75734580    
   2.93999982       1.76275086    
   2.95000005       1.76815224    
   2.96000004       1.77354705    
   2.97000003       1.77893877    
   2.98000002       1.78432477    
   2.99000001       1.78970778    
   3.00000000       1.79508567    
   3.00999999       1.80045974    
   3.01999998       1.80583024    
   3.02999997       1.81119430    
   3.03999996       1.81655860    
   3.04999995       1.82191634    
   3.05999994       1.82727051    
   3.06999993       1.83262122    
   3.07999992       1.83796918    
   3.08999991       1.84331298    
   3.09999990       1.84865344    
   3.10999990       1.85399008    
   3.11999989       1.85932374    
   3.12999988       1.86465383    
   3.13999987       1.86998284    
   3.14999986       1.87530708    
   3.15999985       1.88062811    
   3.16999984       1.88594615    
   3.17999983       1.89126158    
   3.18999982       1.89657366    
   3.19999981       1.90188396    
   3.21000004       1.90719068    
   3.22000003       1.91249382    
   3.23000002       1.91779494    
   3.24000001       1.92309487    
   3.25000000       1.92839134    
   3.25999999       1.93368483    
   3.26999998       1.93897665    
   3.27999997       1.94426572    
   3.28999996       1.94955385    
   3.29999995       1.95483577    
   3.30999994       1.96011674    
   3.31999993       1.96539879    
   3.32999992       1.97067511    
   3.33999991       1.97595143    
   3.34999990       1.98122406    
   3.35999990       1.98649502    
   3.36999989       1.99176323    
   3.37999988       1.99703074    
   3.38999987       2.00229478    
   3.39999986       2.00755596    
   3.40999985       2.01282001    
   3.41999984       2.01807618    
   3.42999983       2.02333426    
   3.43999982       2.02858996    
   3.44999981       2.03384280    
   3.46000004       2.03909588    
   3.47000003       2.04434443    
   3.48000002       2.04959178    
   3.49000001       2.05483723    
   3.50000000       2.06008267    
   3.50999999       2.06532550    
