   9.99999978E-03   4.82922565E-04
   1.99999996E-02   8.28337797E-04
   2.99999993E-02   1.13613892E-03
   3.99999991E-02   1.46231859E-03
   4.99999970E-02   1.61836192E-03
   5.99999987E-02   2.00398616E-03
   7.00000003E-02   2.34016241E-03
   7.99999982E-02   2.49220058E-03
   8.99999961E-02   2.53548473E-03
   9.99999940E-02   2.55083852E-03
  0.109999999       2.57738191E-03
  0.119999997       2.62892409E-03
  0.129999995       2.70713237E-03
  0.140000001       2.80910474E-03
  0.149999991       2.93089193E-03
  0.159999996       3.06980498E-03
  0.170000002       3.22242850E-03
  0.179999992       3.38541134E-03
  0.189999998       3.57241347E-03
  0.199999988       3.75670218E-03
  0.209999993       3.99245182E-03
  0.219999999       4.21273522E-03
  0.229999989       4.48722579E-03
  0.239999995       4.87317191E-03
  0.250000000       5.12249023E-03
  0.259999990       5.52920438E-03
  0.269999981       6.16366882E-03
  0.280000001       6.82626059E-03
  0.289999992       7.08821416E-03
  0.299999982       7.76929874E-03
  0.310000002       8.83049238E-03
  0.319999993       1.03701120E-02
  0.329999983       1.13637308E-02
  0.340000004       1.16090504E-02
  0.349999994       1.25892237E-02
  0.359999985       1.40465889E-02
  0.370000005       1.61507335E-02
  0.379999995       1.91686805E-02
  0.389999986       2.28886791E-02
  0.399999976       2.33509652E-02
  0.409999996       2.37230975E-02
  0.419999987       2.49889959E-02
  0.429999977       2.68032383E-02
  0.439999998       2.92022284E-02
  0.449999988       3.23355012E-02
  0.459999979       3.64626311E-02
  0.469999999       4.19803374E-02
  0.479999989       4.93451580E-02
  0.489999980       5.79638369E-02
  0.500000000       5.93364500E-02
  0.509999990       5.82977012E-02
  0.519999981       5.91535084E-02
  0.529999971       6.07695878E-02
  0.539999962       6.29408658E-02
  0.550000012       6.56194836E-02
  0.560000002       6.88200966E-02
  0.569999993       7.25978538E-02
  0.579999983       7.70456269E-02
  0.589999974       8.22980106E-02
  0.599999964       8.85464326E-02
  0.610000014       9.60569978E-02
  0.620000005      0.105204083    
  0.629999995      0.116499528    
  0.639999986      0.130573720    
  0.649999976      0.147746906    
  0.659999967      0.164932385    
  0.669999957      0.165111184    
  0.680000007      0.163255766    
  0.689999998      0.163278744    
  0.699999988      0.164227813    
  0.709999979      0.165786803    
  0.719999969      0.167808339    
  0.729999959      0.170213714    
  0.740000010      0.172958598    
  0.750000000      0.176018983    
  0.759999990      0.179383472    
  0.769999981      0.183049425    
  0.779999971      0.187021151    
  0.789999962      0.191305831    
  0.799999952      0.195928633    
  0.810000002      0.200900495    
  0.819999993      0.206251577    
  0.829999983      0.212011054    
  0.839999974      0.218219459    
  0.849999964      0.224921465    
  0.859999955      0.232171893    
  0.870000005      0.240034699    
  0.879999995      0.248587444    
  0.889999986      0.257921904    
  0.899999976      0.268149436    
  0.909999967      0.279404700    
  0.919999957      0.291849107    
  0.930000007      0.305678219    
  0.939999998      0.321126431    
  0.949999988      0.338467091    
  0.959999979      0.357988060    
  0.969999969      0.379921645    
  0.979999959      0.404169232    
  0.989999950      0.429348975    
   1.00000000      0.448911101    
   1.00999999      0.455947697    
   1.01999998      0.460443020    
   1.02999997      0.464172006    
   1.03999996      0.467592746    
   1.04999995      0.470889658    
   1.05999994      0.474148303    
   1.06999993      0.477412462    
   1.07999992      0.480707318    
   1.09000003      0.484045267    
   1.10000002      0.487433910    
   1.11000001      0.490878254    
   1.12000000      0.494379610    
   1.13000000      0.497939289    
   1.13999999      0.501557708    
   1.14999998      0.505235732    
   1.15999997      0.508971095    
   1.16999996      0.512765765    
   1.17999995      0.516617835    
   1.18999994      0.520528018    
   1.19999993      0.524495900    
   1.20999992      0.528520525    
   1.22000003      0.532602489    
   1.23000002      0.536741912    
   1.24000001      0.540937901    
   1.25000000      0.545192242    
   1.25999999      0.549503088    
   1.26999998      0.553873897    
   1.27999997      0.558302104    
   1.28999996      0.562788606    
   1.29999995      0.567335069    
   1.30999994      0.571941197    
   1.31999993      0.576608658    
   1.32999992      0.581337392    
   1.33999991      0.586127341    
   1.35000002      0.590983331    
   1.36000001      0.595901906    
   1.37000000      0.600886166    
   1.38000000      0.605936766    
   1.38999999      0.611055195    
   1.39999998      0.616242111    
   1.40999997      0.621500194    
   1.41999996      0.626829624    
   1.42999995      0.632230759    
   1.43999994      0.637707710    
   1.44999993      0.643260837    
   1.45999992      0.648890734    
   1.46999991      0.654601395    
   1.48000002      0.660392761    
   1.49000001      0.666267931    
   1.50000000      0.672228694    
   1.50999999      0.678276181    
   1.51999998      0.684413791    
   1.52999997      0.690642238    
   1.53999996      0.696965933    
   1.54999995      0.703385174    
   1.55999994      0.709903657    
   1.56999993      0.716524363    
   1.57999992      0.723248780    
   1.58999991      0.730080605    
   1.59999990      0.737023175    
   1.61000001      0.744078219    
   1.62000000      0.751249671    
   1.63000000      0.758541226    
   1.63999999      0.765955865    
   1.64999998      0.773496747    
   1.65999997      0.781168103    
   1.66999996      0.788974404    
   1.67999995      0.796917081    
   1.68999994      0.805004358    
   1.69999993      0.813236237    
   1.70999992      0.821618974    
   1.71999991      0.830156684    
   1.73000002      0.838854074    
   1.74000001      0.847718179    
   1.75000000      0.856749833    
   1.75999999      0.865956664    
   1.76999998      0.875342846    
   1.77999997      0.884913623    
   1.78999996      0.894675136    
   1.79999995      0.904630721    
   1.80999994      0.914788127    
   1.81999993      0.925150752    
   1.82999992      0.935723960    
   1.83999991      0.946513295    
   1.84999990      0.957522631    
   1.86000001      0.968756199    
   1.87000000      0.980217695    
   1.88000000      0.991910160    
   1.88999999       1.00383425    
   1.89999998       1.01599109    
   1.90999997       1.02837968    
   1.91999996       1.04099488    
   1.92999995       1.05383182    
   1.93999994       1.06687868    
   1.94999993       1.08011854    
   1.95999992       1.09353328    
   1.96999991       1.10708904    
   1.97999990       1.12074912    
   1.99000001       1.13445675    
   2.00000000       1.14814234    
   2.00999999       1.16145992    
   2.01999998       1.17405677    
   2.02999997       1.18598318    
   2.03999996       1.19731963    
   2.04999995       1.20813847    
   2.05999994       1.21850169    
   2.06999993       1.22846425    
   2.07999992       1.23807156    
   2.08999991       1.24736321    
   2.09999990       1.25637233    
   2.10999990       1.26512790    
   2.11999989       1.27365422    
   2.12999988       1.28197300    
   2.13999987       1.29010463    
   2.14999986       1.29806471    
   2.15999985       1.30586886    
   2.16999984       1.31352890    
   2.18000007       1.32105720    
   2.19000006       1.32846475    
   2.20000005       1.33575976    
   2.21000004       1.34295201    
   2.22000003       1.35004735    
   2.23000002       1.35705304    
   2.24000001       1.36397648    
   2.25000000       1.37082160    
   2.25999999       1.37759399    
   2.26999998       1.38429999    
   2.27999997       1.39094126    
   2.28999996       1.39752400    
   2.29999995       1.40404975    
   2.30999994       1.41052401    
   2.31999993       1.41695011    
   2.32999992       1.42332602    
   2.33999991       1.42965853    
   2.34999990       1.43595099    
   2.35999990       1.44220233    
   2.36999989       1.44841564    
   2.37999988       1.45459473    
   2.38999987       1.46074009    
   2.39999986       1.46685266    
   2.40999985       1.47293496    
   2.41999984       1.47898889    
   2.42999983       1.48501468    
   2.44000006       1.49101329    
   2.45000005       1.49698770    
   2.46000004       1.50293624    
   2.47000003       1.50886333    
   2.48000002       1.51476943    
   2.49000001       1.52065253    
   2.50000000       1.52651644    
   2.50999999       1.53235960    
   2.51999998       1.53818548    
   2.52999997       1.54399407    
   2.53999996       1.54978526    
   2.54999995       1.55555809    
   2.55999994       1.56131649    
   2.56999993       1.56705976    
   2.57999992       1.57278848    
   2.58999991       1.57850349    
   2.59999990       1.58420336    
   2.60999990       1.58989120    
   2.61999989       1.59556651    
   2.62999988       1.60122943    
   2.63999987       1.60688066    
   2.64999986       1.61252034    
   2.65999985       1.61814892    
   2.66999984       1.62376690    
   2.67999983       1.62937522    
   2.69000006       1.63497281    
   2.70000005       1.64055979    
   2.71000004       1.64614093    
   2.72000003       1.65170968    
   2.73000002       1.65727139    
   2.74000001       1.66282451    
   2.75000000       1.66836810    
   2.75999999       1.67390525    
   2.76999998       1.67943323    
   2.77999997       1.68495452    
   2.78999996       1.69046783    
   2.79999995       1.69597471    
   2.80999994       1.70147431    
   2.81999993       1.70696700    
   2.82999992       1.71245444    
   2.83999991       1.71793389    
   2.84999990       1.72340846    
   2.85999990       1.72887635    
   2.86999989       1.73433793    
   2.87999988       1.73979568    
   2.88999987       1.74524593    
   2.89999986       1.75069106    
   2.90999985       1.75613105    
   2.91999984       1.76156747    
   2.92999983       1.76699698    
   2.93999982       1.77242064    
   2.95000005       1.77784073    
   2.96000004       1.78325713    
   2.97000003       1.78866947    
   2.98000002       1.79407537    
   2.99000001       1.79947686    
   3.00000000       1.80487418    
   3.00999999       1.81026816    
   3.01999998       1.81565738    
   3.02999997       1.82104385    
   3.03999996       1.82642543    
   3.04999995       1.83180261    
   3.05999994       1.83717763    
   3.06999993       1.84254813    
   3.07999992       1.84791625    
   3.08999991       1.85327971    
   3.09999990       1.85864007    
   3.10999990       1.86399627    
   3.11999989       1.86934984    
   3.12999988       1.87469971    
   3.13999987       1.88004911    
   3.14999986       1.88539207    
   3.15999985       1.89073455    
   3.16999984       1.89607048    
   3.17999983       1.90140557    
   3.18999982       1.90673804    
   3.19999981       1.91206801    
   3.21000004       1.91739476    
   3.22000003       1.92271960    
   3.23000002       1.92803991    
   3.24000001       1.93335915    
   3.25000000       1.93867660    
   3.25999999       1.94398904    
   3.26999998       1.94930077    
   3.27999997       1.95460951    
   3.28999996       1.95991731    
   3.29999995       1.96521878    
   3.30999994       1.97052073    
   3.31999993       1.97582006    
   3.32999992       1.98111880    
   3.33999991       1.98641431    
   3.34999990       1.99170601    
   3.35999990       1.99699688    
   3.36999989       2.00228596    
   3.37999988       2.00757289    
   3.38999987       2.01285720    
   3.39999986       2.01813984    
   3.40999985       2.02342105    
   3.41999984       2.02870011    
   3.42999983       2.03397560    
   3.43999982       2.03925300    
   3.44999981       2.04452562    
   3.46000004       2.04979658    
   3.47000003       2.05506754    
   3.48000002       2.06033254    
   3.49000001       2.06559968    
   3.50000000       2.07086301    
   3.50999999       2.07612658    
