   9.99999978E-03   4.82670701E-04
   1.99999996E-02   8.27253622E-04
   2.99999993E-02   1.13567919E-03
   3.99999991E-02   1.45880471E-03
   4.99999970E-02   1.61729124E-03
   5.99999987E-02   2.00404786E-03
   7.00000003E-02   2.33765063E-03
   7.99999982E-02   2.48711277E-03
   8.99999961E-02   2.52945698E-03
   9.99999940E-02   2.54491880E-03
  0.109999999       2.57216115E-03
  0.119999997       2.62442743E-03
  0.129999995       2.70344177E-03
  0.140000001       2.80608679E-03
  0.149999991       2.92837969E-03
  0.159999996       3.06756841E-03
  0.170000002       3.22022918E-03
  0.179999992       3.38308420E-03
  0.189999998       3.56934802E-03
  0.199999988       3.75298341E-03
  0.209999993       3.98678519E-03
  0.219999999       4.20801714E-03
  0.229999989       4.47718147E-03
  0.239999995       4.85844817E-03
  0.250000000       5.10587171E-03
  0.259999990       5.50678512E-03
  0.269999981       6.13180129E-03
  0.280000001       6.78765355E-03
  0.289999992       7.04620639E-03
  0.299999982       7.71686062E-03
  0.310000002       8.76189303E-03
  0.319999993       1.02812825E-02
  0.329999983       1.12691447E-02
  0.340000004       1.15093561E-02
  0.349999994       1.24753816E-02
  0.359999985       1.39120650E-02
  0.370000005       1.59936268E-02
  0.379999995       1.89683493E-02
  0.389999986       2.26559248E-02
  0.399999976       2.31234692E-02
  0.409999996       2.34882645E-02
  0.419999987       2.47394741E-02
  0.429999977       2.65301429E-02
  0.439999998       2.89003663E-02
  0.449999988       3.19970660E-02
  0.459999979       3.60779800E-02
  0.469999999       4.15384769E-02
  0.479999989       4.88382801E-02
  0.489999980       5.74087538E-02
  0.500000000       5.87962307E-02
  0.509999990       5.77578135E-02
  0.519999981       5.86029366E-02
  0.529999971       6.02024421E-02
  0.539999962       6.23524822E-02
  0.550000012       6.50054887E-02
  0.560000002       6.81758896E-02
  0.569999993       7.19185844E-02
  0.579999983       7.63259605E-02
  0.589999974       8.15317258E-02
  0.599999964       8.77262503E-02
  0.610000014       9.51747745E-02
  0.620000005      0.104250699    
  0.629999995      0.115466177    
  0.639999986      0.129455507    
  0.649999976      0.146554321    
  0.659999967      0.163720757    
  0.669999957      0.163915008    
  0.680000007      0.162056282    
  0.689999998      0.162072256    
  0.699999988      0.163010553    
  0.709999979      0.164556429    
  0.719999969      0.166562483    
  0.729999959      0.168950379    
  0.740000010      0.171675935    
  0.750000000      0.174714193    
  0.759999990      0.178056598    
  0.769999981      0.181697875    
  0.779999971      0.185643166    
  0.789999962      0.189899519    
  0.799999952      0.194492295    
  0.810000002      0.199432284    
  0.819999993      0.204749569    
  0.829999983      0.210473001    
  0.839999974      0.216643259    
  0.849999964      0.223305032    
  0.859999955      0.230512366    
  0.870000005      0.238329813    
  0.879999995      0.246834278    
  0.889999986      0.256118119    
  0.899999976      0.266292155    
  0.909999967      0.277490973    
  0.919999957      0.289876491    
  0.930000007      0.303644717    
  0.939999998      0.319031686    
  0.949999988      0.336310953    
  0.959999979      0.355775625    
  0.969999969      0.377662420    
  0.979999959      0.401883632    
  0.989999950      0.427068919    
   1.00000000      0.446655750    
   1.00999999      0.453672647    
   1.01999998      0.458145350    
   1.02999997      0.461852789    
   1.03999996      0.465253532    
   1.04999995      0.468531311    
   1.05999994      0.471771479    
   1.06999993      0.475017935    
   1.07999992      0.478294909    
   1.09000003      0.481615633    
   1.10000002      0.484986812    
   1.11000001      0.488413930    
   1.12000000      0.491897911    
   1.13000000      0.495440573    
   1.13999999      0.499042094    
   1.14999998      0.502702057    
   1.15999997      0.506420910    
   1.16999996      0.510197818    
   1.17999995      0.514032304    
   1.18999994      0.517925084    
   1.19999993      0.521874607    
   1.20999992      0.525881767    
   1.22000003      0.529945970    
   1.23000002      0.534067094    
   1.24000001      0.538245201    
   1.25000000      0.542481184    
   1.25999999      0.546773493    
   1.26999998      0.551125169    
   1.27999997      0.555535376    
   1.28999996      0.560003519    
   1.29999995      0.564530373    
   1.30999994      0.569117308    
   1.31999993      0.573766232    
   1.32999992      0.578475296    
   1.33999991      0.583245456    
   1.35000002      0.588081360    
   1.36000001      0.592980444    
   1.37000000      0.597944856    
   1.38000000      0.602975905    
   1.38999999      0.608073294    
   1.39999998      0.613240242    
   1.40999997      0.618476868    
   1.41999996      0.623786449    
   1.42999995      0.629166842    
   1.43999994      0.634621978    
   1.44999993      0.640154481    
   1.45999992      0.645763516    
   1.46999991      0.651452541    
   1.48000002      0.657222748    
   1.49000001      0.663076341    
   1.50000000      0.669015169    
   1.50999999      0.675040781    
   1.51999998      0.681155503    
   1.52999997      0.687363088    
   1.53999996      0.693663597    
   1.54999995      0.700061500    
   1.55999994      0.706556797    
   1.56999993      0.713154554    
   1.57999992      0.719856381    
   1.58999991      0.726665616    
   1.59999990      0.733585775    
   1.61000001      0.740618050    
   1.62000000      0.747767270    
   1.63000000      0.755034745    
   1.63999999      0.762426376    
   1.64999998      0.769944787    
   1.65999997      0.777593255    
   1.66999996      0.785375178    
   1.67999995      0.793295920    
   1.68999994      0.801359534    
   1.69999993      0.809567809    
   1.70999992      0.817928135    
   1.71999991      0.826443315    
   1.73000002      0.835117400    
   1.74000001      0.843958020    
   1.75000000      0.852967918    
   1.75999999      0.862152398    
   1.76999998      0.871516943    
   1.77999997      0.881066322    
   1.78999996      0.890806019    
   1.79999995      0.900741041    
   1.80999994      0.910876989    
   1.81999993      0.921219468    
   1.82999992      0.931774020    
   1.83999991      0.942544281    
   1.84999990      0.953535318    
   1.86000001      0.964751959    
   1.87000000      0.976197064    
   1.88000000      0.987873793    
   1.88999999      0.999784350    
   1.89999998       1.01192832    
   1.90999997       1.02430475    
   1.91999996       1.03690493    
   1.92999995       1.04973805    
   1.93999994       1.06277776    
   1.94999993       1.07601428    
   1.95999992       1.08942389    
   1.96999991       1.10298002    
   1.97999990       1.11664009    
   1.99000001       1.13035142    
   2.00000000       1.14404106    
   2.00999999       1.15736616    
   2.01999998       1.16996789    
   2.02999997       1.18189728    
   2.03999996       1.19323516    
   2.04999995       1.20405602    
   2.05999994       1.21441936    
   2.06999993       1.22437942    
   2.07999992       1.23398626    
   2.08999991       1.24327421    
   2.09999990       1.25227916    
   2.10999990       1.26103103    
   2.11999989       1.26955295    
   2.12999988       1.27786648    
   2.13999987       1.28599286    
   2.14999986       1.29394650    
   2.15999985       1.30174410    
   2.16999984       1.30939829    
   2.18000007       1.31692028    
   2.19000006       1.32432055    
   2.20000005       1.33160841    
   2.21000004       1.33879244    
   2.22000003       1.34588075    
   2.23000002       1.35287869    
   2.24000001       1.35979390    
   2.25000000       1.36663151    
   2.25999999       1.37339544    
   2.26999998       1.38009369    
   2.27999997       1.38672662    
   2.28999996       1.39330065    
   2.29999995       1.39981914    
   2.30999994       1.40628421    
   2.31999993       1.41270101    
   2.32999992       1.41906881    
   2.33999991       1.42539370    
   2.34999990       1.43167496    
   2.35999990       1.43791783    
   2.36999989       1.44412363    
   2.37999988       1.45029330    
   2.38999987       1.45642889    
   2.39999986       1.46253252    
   2.40999985       1.46860540    
   2.41999984       1.47464979    
   2.42999983       1.48066700    
   2.44000006       1.48665631    
   2.45000005       1.49262118    
   2.46000004       1.49856257    
   2.47000003       1.50447893    
   2.48000002       1.51037514    
   2.49000001       1.51624966    
   2.50000000       1.52210402    
   2.50999999       1.52793801    
   2.51999998       1.53375459    
   2.52999997       1.53955305    
   2.53999996       1.54533470    
   2.54999995       1.55109978    
   2.55999994       1.55684733    
   2.56999993       1.56258118    
   2.57999992       1.56830060    
   2.58999991       1.57400477    
   2.59999990       1.57969654    
   2.60999990       1.58537340    
   2.61999989       1.59103954    
   2.62999988       1.59669352    
   2.63999987       1.60233486    
   2.64999986       1.60796523    
   2.65999985       1.61358416    
   2.66999984       1.61919200    
   2.67999983       1.62479126    
   2.69000006       1.63037848    
   2.70000005       1.63595760    
   2.71000004       1.64152682    
   2.72000003       1.64708877    
   2.73000002       1.65263832    
   2.74000001       1.65818071    
   2.75000000       1.66371620    
   2.75999999       1.66924226    
   2.76999998       1.67476213    
   2.77999997       1.68027186    
   2.78999996       1.68577647    
   2.79999995       1.69127309    
   2.80999994       1.69676352    
   2.81999993       1.70224667    
   2.82999992       1.70772302    
   2.83999991       1.71319282    
   2.84999990       1.71865821    
   2.85999990       1.72411656    
   2.86999989       1.72956884    
   2.87999988       1.73501503    
   2.88999987       1.74045694    
   2.89999986       1.74589026    
   2.90999985       1.75132155    
   2.91999984       1.75674701    
   2.92999983       1.76216781    
   2.93999982       1.76758194    
   2.95000005       1.77299261    
   2.96000004       1.77839804    
   2.97000003       1.78379881    
   2.98000002       1.78919613    
   2.99000001       1.79458809    
   3.00000000       1.79997718    
   3.00999999       1.80536020    
   3.01999998       1.81074071    
   3.02999997       1.81611621    
   3.03999996       1.82148850    
   3.04999995       1.82685590    
   3.05999994       1.83222091    
   3.06999993       1.83758163    
   3.07999992       1.84293890    
   3.08999991       1.84829199    
   3.09999990       1.85364354    
   3.10999990       1.85899007    
   3.11999989       1.86433363    
   3.12999988       1.86967337    
   3.13999987       1.87501109    
   3.14999986       1.88034427    
   3.15999985       1.88567567    
   3.16999984       1.89100480    
   3.17999983       1.89633071    
   3.18999982       1.90165353    
   3.19999981       1.90697253    
   3.21000004       1.91228855    
   3.22000003       1.91760373    
   3.23000002       1.92291605    
   3.24000001       1.92822349    
   3.25000000       1.93353069    
   3.25999999       1.93883395    
   3.26999998       1.94413459    
   3.27999997       1.94943321    
   3.28999996       1.95473051    
   3.29999995       1.96002483    
   3.30999994       1.96531713    
   3.31999993       1.97060609    
   3.32999992       1.97589397    
   3.33999991       1.98117876    
   3.34999990       1.98646128    
   3.35999990       1.99174261    
   3.36999989       1.99702215    
   3.37999988       2.00229597    
   3.38999987       2.00757313    
   3.39999986       2.01284552    
   3.40999985       2.01811695    
   3.41999984       2.02338481    
   3.42999983       2.02865243    
   3.43999982       2.03391743    
   3.44999981       2.03918099    
   3.46000004       2.04444289    
   3.47000003       2.04970145    
   3.48000002       2.05496001    
   3.49000001       2.06021643    
   3.50000000       2.06546950    
   3.50999999       2.07072282    
