   9.99999978E-03   4.85540193E-04
   1.99999996E-02   8.70920718E-04
   2.99999993E-02   1.15671114E-03
   3.99999991E-02   1.53857365E-03
   4.99999970E-02   1.65294122E-03
   5.99999987E-02   1.99962198E-03
   7.00000003E-02   2.38492596E-03
   7.99999982E-02   2.60059116E-03
   8.99999961E-02   2.67331558E-03
   9.99999940E-02   2.69006053E-03
  0.109999999       2.70371116E-03
  0.119999997       2.73754634E-03
  0.129999995       2.79779709E-03
  0.140000001       2.88424152E-03
  0.149999991       2.99442071E-03
  0.159999996       3.12759937E-03
  0.170000002       3.28114023E-03
  0.179999992       3.44916689E-03
  0.189999998       3.65961716E-03
  0.199999988       3.86389554E-03
  0.209999993       4.15777368E-03
  0.219999999       4.41460870E-03
  0.229999989       4.78039775E-03
  0.239999995       5.29664429E-03
  0.250000000       5.59946429E-03
  0.259999990       6.17459090E-03
  0.269999981       7.07097165E-03
  0.280000001       7.90350605E-03
  0.289999992       8.26771650E-03
  0.299999982       9.24076140E-03
  0.310000002       1.07441880E-02
  0.319999993       1.28087560E-02
  0.329999983       1.39312642E-02
  0.340000004       1.43284062E-02
  0.349999994       1.56934075E-02
  0.359999985       1.77069437E-02
  0.370000005       2.05709692E-02
  0.379999995       2.45395657E-02
  0.389999986       2.90314034E-02
  0.399999976       2.93487608E-02
  0.409999996       2.99301539E-02
  0.419999987       3.16196159E-02
  0.429999977       3.40151675E-02
  0.439999998       3.71621624E-02
  0.449999988       4.12390754E-02
  0.459999979       4.65434007E-02
  0.469999999       5.34921736E-02
  0.479999989       6.24315776E-02
  0.489999980       7.21296221E-02
  0.500000000       7.31287450E-02
  0.509999990       7.21079484E-02
  0.519999981       7.32417330E-02
  0.529999971       7.52805695E-02
  0.539999962       7.79909268E-02
  0.550000012       8.13168958E-02
  0.560000002       8.52748230E-02
  0.569999993       8.99292678E-02
  0.579999983       9.53855142E-02
  0.589999974      0.101795249    
  0.599999964      0.109370276    
  0.610000014      0.118397087    
  0.620000005      0.129261613    
  0.629999995      0.142449155    
  0.639999986      0.158498198    
  0.649999976      0.177302569    
  0.659999967      0.194816485    
  0.669999957      0.194684744    
  0.680000007      0.192935646    
  0.689999998      0.193151280    
  0.699999988      0.194368109    
  0.709999979      0.196257085    
  0.719999969      0.198661879    
  0.729999959      0.201498687    
  0.740000010      0.204719484    
  0.750000000      0.208297759    
  0.759999990      0.212216884    
  0.769999981      0.216521323    
  0.779999971      0.221099406    
  0.789999962      0.226069599    
  0.799999952      0.231414258    
  0.810000002      0.237155437    
  0.819999993      0.243320644    
  0.829999983      0.249943525    
  0.839999974      0.257064819    
  0.849999964      0.264731914    
  0.859999955      0.273002118    
  0.870000005      0.281941921    
  0.879999995      0.291628033    
  0.889999986      0.302156806    
  0.899999976      0.313637257    
  0.909999967      0.326200575    
  0.919999957      0.340001166    
  0.930000007      0.355219245    
  0.939999998      0.372052252    
  0.949999988      0.390755415    
  0.959999979      0.411507100    
  0.969999969      0.434410989    
  0.979999959      0.459158272    
  0.989999950      0.484122068    
   1.00000000      0.503117025    
   1.00999999      0.510604143    
   1.01999998      0.515627325    
   1.02999997      0.519857585    
   1.03999996      0.523753762    
   1.04999995      0.527504504    
   1.05999994      0.531201303    
   1.06999993      0.534892559    
   1.07999992      0.538607299    
   1.09000003      0.542360246    
   1.10000002      0.546159744    
   1.11000001      0.550013661    
   1.12000000      0.553923070    
   1.13000000      0.557891190    
   1.13999999      0.561918974    
   1.14999998      0.566005409    
   1.15999997      0.570153117    
   1.16999996      0.574360609    
   1.17999995      0.578627288    
   1.18999994      0.582954288    
   1.19999993      0.587341368    
   1.20999992      0.591787338    
   1.22000003      0.596293569    
   1.23000002      0.600859702    
   1.24000001      0.605485916    
   1.25000000      0.610172093    
   1.25999999      0.614917397    
   1.26999998      0.619726777    
   1.27999997      0.624595761    
   1.28999996      0.629526436    
   1.29999995      0.634519100    
   1.30999994      0.639575362    
   1.31999993      0.644695401    
   1.32999992      0.649880111    
   1.33999991      0.655130446    
   1.35000002      0.660447001    
   1.36000001      0.665830195    
   1.37000000      0.671282053    
   1.38000000      0.676804483    
   1.38999999      0.682395160    
   1.39999998      0.688060820    
   1.40999997      0.693798006    
   1.41999996      0.699609935    
   1.42999995      0.705497801    
   1.43999994      0.711463809    
   1.44999993      0.717508137    
   1.45999992      0.723632991    
   1.46999991      0.729840875    
   1.48000002      0.736131847    
   1.49000001      0.742510259    
   1.50000000      0.748976469    
   1.50999999      0.755531549    
   1.51999998      0.762179017    
   1.52999997      0.768920660    
   1.53999996      0.775758862    
   1.54999995      0.782695711    
   1.55999994      0.789733171    
   1.56999993      0.796875000    
   1.57999992      0.804122269    
   1.58999991      0.811478078    
   1.59999990      0.818946540    
   1.61000001      0.826528490    
   1.62000000      0.834227383    
   1.63000000      0.842046976    
   1.63999999      0.849990308    
   1.64999998      0.858059764    
   1.65999997      0.866261184    
   1.66999996      0.874593854    
   1.67999995      0.883064508    
   1.68999994      0.891675651    
   1.69999993      0.900431573    
   1.70999992      0.909335077    
   1.71999991      0.918391764    
   1.73000002      0.927604437    
   1.74000001      0.936977029    
   1.75000000      0.946513951    
   1.75999999      0.956219673    
   1.76999998      0.966098905    
   1.77999997      0.976153255    
   1.78999996      0.986390114    
   1.79999995      0.996812224    
   1.80999994       1.00742328    
   1.81999993       1.01822770    
   1.82999992       1.02922797    
   1.83999991       1.04042852    
   1.84999990       1.05183184    
   1.86000001       1.06344008    
   1.87000000       1.07525349    
   1.88000000       1.08727467    
   1.88999999       1.09950185    
   1.89999998       1.11193311    
   1.90999997       1.12456417    
   1.91999996       1.13738930    
   1.92999995       1.15039945    
   1.93999994       1.16357946    
   1.94999993       1.17691362    
   1.95999992       1.19037688    
   1.96999991       1.20394027    
   1.97999990       1.21756244    
   1.99000001       1.23118985    
   2.00000000       1.24475658    
   2.00999999       1.25793242    
   2.01999998       1.27040744    
   2.02999997       1.28224599    
   2.03999996       1.29352593    
   2.04999995       1.30431736    
   2.05999994       1.31467903    
   2.06999993       1.32466340    
   2.07999992       1.33431244    
   2.08999991       1.34366500    
   2.09999990       1.35274947    
   2.10999990       1.36159265    
   2.11999989       1.37021935    
   2.12999988       1.37864625    
   2.13999987       1.38690245    
   2.14999986       1.39499223    
   2.15999985       1.40293205    
   2.16999984       1.41073716    
   2.18000007       1.41841519    
   2.19000006       1.42597711    
   2.20000005       1.43343270    
   2.21000004       1.44078934    
   2.22000003       1.44805479    
   2.23000002       1.45523322    
   2.24000001       1.46233225    
   2.25000000       1.46935689    
   2.25999999       1.47631192    
   2.26999998       1.48320365    
   2.27999997       1.49003267    
   2.28999996       1.49680448    
   2.29999995       1.50352263    
   2.30999994       1.51019120    
   2.31999993       1.51681054    
   2.32999992       1.52338493    
   2.33999991       1.52991724    
   2.34999990       1.53640926    
   2.35999990       1.54286182    
   2.36999989       1.54928017    
   2.37999988       1.55566323    
   2.38999987       1.56201339    
   2.39999986       1.56833231    
   2.40999985       1.57462287    
   2.41999984       1.58088386    
   2.42999983       1.58711815    
   2.44000006       1.59332764    
   2.45000005       1.59951198    
   2.46000004       1.60567296    
   2.47000003       1.61181200    
   2.48000002       1.61793017    
   2.49000001       1.62402666    
   2.50000000       1.63010478    
   2.50999999       1.63616347    
   2.51999998       1.64220440    
   2.52999997       1.64822936    
   2.53999996       1.65423501    
   2.54999995       1.66022611    
   2.55999994       1.66620088    
   2.56999993       1.67216158    
   2.57999992       1.67810774    
   2.58999991       1.68403983    
   2.59999990       1.68995976    
   2.60999990       1.69586599    
   2.61999989       1.70176077    
   2.62999988       1.70764410    
   2.63999987       1.71351469    
   2.64999986       1.71937442    
   2.65999985       1.72522461    
   2.66999984       1.73106277    
   2.67999983       1.73689115    
   2.69000006       1.74271083    
   2.70000005       1.74852037    
   2.71000004       1.75432050    
   2.72000003       1.76011240    
   2.73000002       1.76589501    
   2.74000001       1.77167094    
   2.75000000       1.77743840    
   2.75999999       1.78319633    
   2.76999998       1.78894937    
   2.77999997       1.79469264    
   2.78999996       1.80043030    
   2.79999995       1.80615997    
   2.80999994       1.81188345    
   2.81999993       1.81760049    
   2.82999992       1.82331192    
   2.83999991       1.82901680    
   2.84999990       1.83471453    
   2.85999990       1.84040606    
   2.86999989       1.84609365    
   2.87999988       1.85177481    
   2.88999987       1.85744894    
   2.89999986       1.86312056    
   2.90999985       1.86878550    
   2.91999984       1.87444568    
   2.92999983       1.88010061    
   2.93999982       1.88575196    
   2.95000005       1.89139760    
   2.96000004       1.89703870    
   2.97000003       1.90267587    
   2.98000002       1.90830743    
   2.99000001       1.91393554    
   3.00000000       1.91956091    
   3.00999999       1.92518079    
   3.01999998       1.93079507    
   3.02999997       1.93640709    
   3.03999996       1.94201589    
   3.04999995       1.94762039    
   3.05999994       1.95322096    
   3.06999993       1.95881844    
   3.07999992       1.96441245    
   3.08999991       1.97000325    
   3.09999990       1.97558963    
   3.10999990       1.98117447    
   3.11999989       1.98675430    
   3.12999988       1.99233162    
   3.13999987       1.99790776    
   3.14999986       2.00347877    
   3.15999985       2.00904632    
   3.16999984       2.01461291    
   3.17999983       2.02017403    
   3.18999982       2.02573490    
   3.19999981       2.03129268    
   3.21000004       2.03684688    
   3.22000003       2.04239893    
   3.23000002       2.04794621    
   3.24000001       2.05349207    
   3.25000000       2.05903721    
   3.25999999       2.06457949    
   3.26999998       2.07011747    
   3.27999997       2.07565641    
   3.28999996       2.08119082    
   3.29999995       2.08672047    
   3.30999994       2.09225178    
   3.31999993       2.09777713    
   3.32999992       2.10330486    
   3.33999991       2.10882902    
   3.34999990       2.11434984    
   3.35999990       2.11986923    
   3.36999989       2.12538528    
   3.37999988       2.13089943    
   3.38999987       2.13641453    
   3.39999986       2.14192462    
   3.40999985       2.14743304    
   3.41999984       2.15294194    
   3.42999983       2.15844679    
   3.43999982       2.16395164    
   3.44999981       2.16945171    
   3.46000004       2.17495322    
   3.47000003       2.18045020    
   3.48000002       2.18594885    
   3.49000001       2.19144225    
   3.50000000       2.19693661    
   3.50999999       2.20242810    
