   9.99999978E-03   4.87386773E-04
   1.99999996E-02   8.77089624E-04
   2.99999993E-02   1.16127892E-03
   3.99999991E-02   1.54750689E-03
   4.99999970E-02   1.65888167E-03
   5.99999987E-02   1.99894398E-03
   7.00000003E-02   2.38879398E-03
   7.99999982E-02   2.61337939E-03
   8.99999961E-02   2.69095576E-03
   9.99999940E-02   2.70857639E-03
  0.109999999       2.72114435E-03
  0.119999997       2.75262538E-03
  0.129999995       2.81052873E-03
  0.140000001       2.89496779E-03
  0.149999991       3.00370133E-03
  0.159999996       3.13633122E-03
  0.170000002       3.29033658E-03
  0.179999992       3.45930993E-03
  0.189999998       3.67477210E-03
  0.199999988       3.88173969E-03
  0.209999993       4.18540603E-03
  0.219999999       4.44812654E-03
  0.229999989       4.82939137E-03
  0.239999995       5.36609814E-03
  0.250000000       5.67763718E-03
  0.259999990       6.28037471E-03
  0.269999981       7.21796975E-03
  0.280000001       8.07630271E-03
  0.289999992       8.45637079E-03
  0.299999982       9.47591197E-03
  0.310000002       1.10479100E-02
  0.319999993       1.31896567E-02
  0.329999983       1.43284034E-02
  0.340000004       1.47508467E-02
  0.349999994       1.61754470E-02
  0.359999985       1.82751678E-02
  0.370000005       2.12522876E-02
  0.379999995       2.53587663E-02
  0.389999986       2.99542286E-02
  0.399999976       3.02511882E-02
  0.409999996       3.08646616E-02
  0.419999987       3.26176658E-02
  0.429999977       3.50997038E-02
  0.439999998       3.83572131E-02
  0.449999988       4.25723530E-02
  0.459999979       4.80470285E-02
  0.469999999       5.51988669E-02
  0.479999989       6.43538311E-02
  0.489999980       7.41872415E-02
  0.500000000       7.51340315E-02
  0.509999990       7.41206184E-02
  0.519999981       7.52945766E-02
  0.529999971       7.73947835E-02
  0.539999962       8.01827237E-02
  0.550000012       8.36016685E-02
  0.560000002       8.76677036E-02
  0.569999993       9.24468189E-02
  0.579999983       9.80458260E-02
  0.589999974      0.104618847    
  0.599999964      0.112379014    
  0.610000014      0.121616140    
  0.620000005      0.132716492    
  0.629999995      0.146168560    
  0.639999986      0.162464797    
  0.649999976      0.181469977    
  0.659999967      0.199010715    
  0.669999957      0.198844895    
  0.680000007      0.197114900    
  0.689999998      0.197359875    
  0.699999988      0.198615223    
  0.709999979      0.200551286    
  0.719999969      0.203010112    
  0.729999959      0.205907196    
  0.740000010      0.209194273    
  0.750000000      0.212844402    
  0.759999990      0.216840848    
  0.769999981      0.221193835    
  0.779999971      0.225894406    
  0.789999962      0.230958521    
  0.799999952      0.236402392    
  0.810000002      0.242248729    
  0.819999993      0.248525232    
  0.829999983      0.255265653    
  0.839999974      0.262510628    
  0.849999964      0.270308614    
  0.859999955      0.278715879    
  0.870000005      0.287799746    
  0.879999995      0.297638834    
  0.889999986      0.308326513    
  0.899999976      0.319972813    
  0.909999967      0.332708091    
  0.919999957      0.346684784    
  0.930000007      0.362082273    
  0.939999998      0.379102170    
  0.949999988      0.397964239    
  0.959999979      0.418864995    
  0.969999969      0.441881746    
  0.979999959      0.466678560    
  0.989999950      0.491602540    
   1.00000000      0.510524869    
   1.00999999      0.518069565    
   1.01999998      0.523161888    
   1.02999997      0.527459681    
   1.03999996      0.531418860    
   1.04999995      0.535230100    
   1.05999994      0.538986325    
   1.06999993      0.542735875    
   1.07999992      0.546507001    
   1.09000003      0.550315857    
   1.10000002      0.554171205    
   1.11000001      0.558080375    
   1.12000000      0.562045097    
   1.13000000      0.566068411    
   1.13999999      0.570151031    
   1.14999998      0.574293196    
   1.15999997      0.578495681    
   1.16999996      0.582758546    
   1.17999995      0.587081254    
   1.18999994      0.591464639    
   1.19999993      0.595907152    
   1.20999992      0.600409627    
   1.22000003      0.604973733    
   1.23000002      0.609596968    
   1.24000001      0.614280343    
   1.25000000      0.619024515    
   1.25999999      0.623828948    
   1.26999998      0.628695786    
   1.27999997      0.633624017    
   1.28999996      0.638613939    
   1.29999995      0.643666923    
   1.30999994      0.648782909    
   1.31999993      0.653963268    
   1.32999992      0.659208834    
   1.33999991      0.664520144    
   1.35000002      0.669897556    
   1.36000001      0.675343573    
   1.37000000      0.680857718    
   1.38000000      0.686442852    
   1.38999999      0.692095637    
   1.39999998      0.697824836    
   1.40999997      0.703626812    
   1.41999996      0.709502041    
   1.42999995      0.715454102    
   1.43999994      0.721484721    
   1.44999993      0.727593184    
   1.45999992      0.733783782    
   1.46999991      0.740057349    
   1.48000002      0.746414661    
   1.49000001      0.752859473    
   1.50000000      0.759391069    
   1.50999999      0.766013682    
   1.51999998      0.772728324    
   1.52999997      0.779536724    
   1.53999996      0.786443770    
   1.54999995      0.793447614    
   1.55999994      0.800553322    
   1.56999993      0.807762921    
   1.57999992      0.815077841    
   1.58999991      0.822496057    
   1.59999990      0.830039501    
   1.61000001      0.837689877    
   1.62000000      0.845457137    
   1.63000000      0.853345275    
   1.63999999      0.861357152    
   1.64999998      0.869495571    
   1.65999997      0.877764881    
   1.66999996      0.886165917    
   1.67999995      0.894704819    
   1.68999994      0.903382957    
   1.69999993      0.912205935    
   1.70999992      0.921176374    
   1.71999991      0.930298746    
   1.73000002      0.939577520    
   1.74000001      0.949015319    
   1.75000000      0.958616674    
   1.75999999      0.968385875    
   1.76999998      0.978326261    
   1.77999997      0.988442481    
   1.78999996      0.998739064    
   1.79999995       1.00921941    
   1.80999994       1.01988637    
   1.81999993       1.03074622    
   1.82999992       1.04179955    
   1.83999991       1.05305016    
   1.84999990       1.06450129    
   1.86000001       1.07615471    
   1.87000000       1.08801293    
   1.88000000       1.10007286    
   1.88999999       1.11233640    
   1.89999998       1.12480044    
   1.90999997       1.13745904    
   1.91999996       1.15030932    
   1.92999995       1.16333747    
   1.93999994       1.17653155    
   1.94999993       1.18987501    
   1.95999992       1.20334268    
   1.96999991       1.21690345    
   1.97999990       1.23051715    
   1.99000001       1.24413371    
   2.00000000       1.25768459    
   2.00999999       1.27084053    
   2.01999998       1.28329968    
   2.02999997       1.29512525    
   2.03999996       1.30639756    
   2.04999995       1.31718433    
   2.05999994       1.32754600    
   2.06999993       1.33753288    
   2.07999992       1.34718704    
   2.08999991       1.35654533    
   2.09999990       1.36563921    
   2.10999990       1.37449241    
   2.11999989       1.38313198    
   2.12999988       1.39157617    
   2.13999987       1.39984369    
   2.14999986       1.40794933    
   2.15999985       1.41590667    
   2.16999984       1.42372990    
   2.18000007       1.43142712    
   2.19000006       1.43900883    
   2.20000005       1.44648397    
   2.21000004       1.45386183    
   2.22000003       1.46114874    
   2.23000002       1.46834946    
   2.24000001       1.47547019    
   2.25000000       1.48251832    
   2.25999999       1.48949802    
   2.26999998       1.49641168    
   2.27999997       1.50326455    
   2.28999996       1.51006043    
   2.29999995       1.51680446    
   2.30999994       1.52349675    
   2.31999993       1.53014159    
   2.32999992       1.53674138    
   2.33999991       1.54329848    
   2.34999990       1.54981577    
   2.35999990       1.55629504    
   2.36999989       1.56273806    
   2.37999988       1.56914937    
   2.38999987       1.57552421    
   2.39999986       1.58187008    
   2.40999985       1.58818769    
   2.41999984       1.59447622    
   2.42999983       1.60073590    
   2.44000006       1.60697281    
   2.45000005       1.61318445    
   2.46000004       1.61937392    
   2.47000003       1.62553906    
   2.48000002       1.63168502    
   2.49000001       1.63780963    
   2.50000000       1.64391541    
   2.50999999       1.65000057    
   2.51999998       1.65607023    
   2.52999997       1.66212130    
   2.53999996       1.66815674    
   2.54999995       1.67417502    
   2.55999994       1.68017805    
   2.56999993       1.68616712    
   2.57999992       1.69214201    
   2.58999991       1.69810188    
   2.59999990       1.70404983    
   2.60999990       1.70998490    
   2.61999989       1.71590734    
   2.62999988       1.72181880    
   2.63999987       1.72771788    
   2.64999986       1.73360682    
   2.65999985       1.73948431    
   2.66999984       1.74535227    
   2.67999983       1.75120926    
   2.69000006       1.75705683    
   2.70000005       1.76289427    
   2.71000004       1.76872432    
   2.72000003       1.77454567    
   2.73000002       1.78035688    
   2.74000001       1.78616190    
   2.75000000       1.79195642    
   2.75999999       1.79774570    
   2.76999998       1.80352676    
   2.77999997       1.80929971    
   2.78999996       1.81506491    
   2.79999995       1.82082474    
   2.80999994       1.82657647    
   2.81999993       1.83232307    
   2.82999992       1.83806241    
   2.83999991       1.84379590    
   2.84999990       1.84952390    
   2.85999990       1.85524487    
   2.86999989       1.86096144    
   2.87999988       1.86667109    
   2.88999987       1.87237597    
   2.89999986       1.87807536    
   2.90999985       1.88376951    
   2.91999984       1.88945985    
   2.92999983       1.89514351    
   2.93999982       1.90082347    
   2.95000005       1.90649843    
   2.96000004       1.91216922    
   2.97000003       1.91783524    
   2.98000002       1.92349744    
   2.99000001       1.92915416    
   3.00000000       1.93480849    
   3.00999999       1.94045758    
   3.01999998       1.94610274    
   3.02999997       1.95174444    
   3.03999996       1.95738268    
   3.04999995       1.96301603    
   3.05999994       1.96864593    
   3.06999993       1.97427261    
   3.07999992       1.97989702    
   3.08999991       1.98551643    
   3.09999990       1.99113274    
   3.10999990       1.99674726    
   3.11999989       2.00235510    
   3.12999988       2.00796485    
   3.13999987       2.01356816    
   3.14999986       2.01916790    
   3.15999985       2.02476454    
   3.16999984       2.03036165    
   3.17999983       2.03595352    
   3.18999982       2.04154372    
   3.19999981       2.04713058    
   3.21000004       2.05271363    
   3.22000003       2.05829549    
   3.23000002       2.06387353    
   3.24000001       2.06944799    
   3.25000000       2.07502413    
   3.25999999       2.08059549    
   3.26999998       2.08616495    
   3.27999997       2.09173012    
   3.28999996       2.09729433    
   3.29999995       2.10285640    
   3.30999994       2.10841560    
   3.31999993       2.11397195    
   3.32999992       2.11952829    
   3.33999991       2.12508178    
   3.34999990       2.13063192    
   3.35999990       2.13617992    
   3.36999989       2.14172864    
   3.37999988       2.14727426    
   3.38999987       2.15281653    
   3.39999986       2.15835762    
   3.40999985       2.16389418    
   3.41999984       2.16943288    
   3.42999983       2.17496657    
   3.43999982       2.18050122    
   3.44999981       2.18603206    
   3.46000004       2.19156337    
   3.47000003       2.19709063    
   3.48000002       2.20261669    
   3.49000001       2.20814109    
   3.50000000       2.21366429    
   3.50999999       2.21918607    
