   9.99999978E-03   4.88326128E-04
   1.99999996E-02   8.79181607E-04
   2.99999993E-02   1.16285542E-03
   3.99999991E-02   1.55043742E-03
   4.99999970E-02   1.66090298E-03
   5.99999987E-02   1.99860614E-03
   7.00000003E-02   2.39004102E-03
   7.99999982E-02   2.61752168E-03
   8.99999961E-02   2.69679702E-03
   9.99999940E-02   2.71474570E-03
  0.109999999       2.72694556E-03
  0.119999997       2.75767338E-03
  0.129999995       2.81485380E-03
  0.140000001       2.89860996E-03
  0.149999991       3.00684851E-03
  0.159999996       3.13925813E-03
  0.170000002       3.29347258E-03
  0.179999992       3.46282986E-03
  0.189999998       3.67971626E-03
  0.199999988       3.88793182E-03
  0.209999993       4.19497536E-03
  0.219999999       4.45975317E-03
  0.229999989       4.84637311E-03
  0.239999995       5.39009599E-03
  0.250000000       5.70464926E-03
  0.259999990       6.31693657E-03
  0.269999981       7.26864068E-03
  0.280000001       8.13517068E-03
  0.289999992       8.52128211E-03
  0.299999982       9.55679081E-03
  0.310000002       1.11522535E-02
  0.319999993       1.33201741E-02
  0.329999983       1.44643057E-02
  0.340000004       1.48955043E-02
  0.349999994       1.63404681E-02
  0.359999985       1.84679329E-02
  0.370000005       2.14851443E-02
  0.379999995       2.56384127E-02
  0.389999986       3.02685127E-02
  0.399999976       3.05582825E-02
  0.409999996       3.11830062E-02
  0.419999987       3.29577066E-02
  0.429999977       3.54691632E-02
  0.439999998       3.87640856E-02
  0.449999988       4.30262014E-02
  0.459999979       4.85587381E-02
  0.469999999       5.57788573E-02
  0.479999989       6.50061518E-02
  0.489999980       7.48843327E-02
  0.500000000       7.58135989E-02
  0.509999990       7.48024210E-02
  0.519999981       7.59904906E-02
  0.529999971       7.81115144E-02
  0.539999962       8.09257105E-02
  0.550000012       8.43759105E-02
  0.560000002       8.84786397E-02
  0.569999993       9.32998434E-02
  0.579999983       9.89469513E-02
  0.589999974      0.105574913    
  0.599999964      0.113397554    
  0.610000014      0.122705236    
  0.620000005      0.133884504    
  0.629999995      0.147422120    
  0.639999986      0.163803697    
  0.649999976      0.182875469    
  0.659999967      0.200424045    
  0.669999957      0.200247303    
  0.680000007      0.198522449    
  0.689999998      0.198778868    
  0.699999988      0.200047538    
  0.709999979      0.201999426    
  0.719999969      0.204476371    
  0.729999959      0.207393721    
  0.740000010      0.210703060    
  0.750000000      0.214377582    
  0.759999990      0.218399957    
  0.769999981      0.222780645    
  0.779999971      0.227510914    
  0.789999962      0.232606515    
  0.799999952      0.238083899    
  0.810000002      0.243965328    
  0.819999993      0.250279158    
  0.829999983      0.257058948    
  0.839999974      0.264346004    
  0.849999964      0.272187352    
  0.859999955      0.280640662    
  0.870000005      0.289772898    
  0.879999995      0.299662530    
  0.889999986      0.310403377    
  0.899999976      0.322104841    
  0.909999967      0.334897310    
  0.919999957      0.348933131    
  0.930000007      0.364389986    
  0.939999998      0.381469131    
  0.949999988      0.400386989    
  0.959999979      0.421336949    
  0.969999969      0.444390655    
  0.979999959      0.469202548    
  0.989999950      0.494113207    
   1.00000000      0.513010979    
   1.00999999      0.520575106    
   1.01999998      0.525690556    
   1.02999997      0.530009866    
   1.03999996      0.533990860    
   1.04999995      0.537823141    
   1.05999994      0.541598499    
   1.06999993      0.545367479    
   1.07999992      0.549157619    
   1.09000003      0.552984536    
   1.10000002      0.556859314    
   1.11000001      0.560786366    
   1.12000000      0.564770281    
   1.13000000      0.568811536    
   1.13999999      0.572912693    
   1.14999998      0.577073812    
   1.15999997      0.581294417    
   1.16999996      0.585575938    
   1.17999995      0.589917243    
   1.18999994      0.594319344    
   1.19999993      0.598781526    
   1.20999992      0.603302836    
   1.22000003      0.607885420    
   1.23000002      0.612527668    
   1.24000001      0.617230773    
   1.25000000      0.621994019    
   1.25999999      0.626817763    
   1.26999998      0.631704926    
   1.27999997      0.636652112    
   1.28999996      0.641662240    
   1.29999995      0.646734715    
   1.30999994      0.651870906    
   1.31999993      0.657071710    
   1.32999992      0.662337720    
   1.33999991      0.667669177    
   1.35000002      0.673067570    
   1.36000001      0.678534389    
   1.37000000      0.684069097    
   1.38000000      0.689674914    
   1.38999999      0.695349216    
   1.39999998      0.701098919    
   1.40999997      0.706921458    
   1.41999996      0.712818801    
   1.42999995      0.718791962    
   1.43999994      0.724844098    
   1.44999993      0.730975449    
   1.45999992      0.737187803    
   1.46999991      0.743482590    
   1.48000002      0.749862373    
   1.49000001      0.756328642    
   1.50000000      0.762883246    
   1.50999999      0.769527197    
   1.51999998      0.776264727    
   1.52999997      0.783096611    
   1.53999996      0.790024579    
   1.54999995      0.797051072    
   1.55999994      0.804179251    
   1.56999993      0.811411798    
   1.57999992      0.818750143    
   1.58999991      0.826190650    
   1.59999990      0.833756924    
   1.61000001      0.841430366    
   1.62000000      0.849221468    
   1.63000000      0.857131720    
   1.63999999      0.865166187    
   1.64999998      0.873326600    
   1.65999997      0.881619036    
   1.66999996      0.890042663    
   1.67999995      0.898604035    
   1.68999994      0.907304823    
   1.69999993      0.916150570    
   1.70999992      0.925143719    
   1.71999991      0.934287667    
   1.73000002      0.943587780    
   1.74000001      0.953046620    
   1.75000000      0.962670088    
   1.75999999      0.972459435    
   1.76999998      0.982421398    
   1.77999997      0.992557764    
   1.78999996       1.00287378    
   1.79999995       1.01337337    
   1.80999994       1.02405953    
   1.81999993       1.03493690    
   1.82999992       1.04600823    
   1.83999991       1.05727506    
   1.84999990       1.06874299    
   1.86000001       1.08041167    
   1.87000000       1.09228241    
   1.88000000       1.10435677    
   1.88999999       1.11663175    
   1.89999998       1.12910569    
   1.90999997       1.14177465    
   1.91999996       1.15463150    
   1.92999995       1.16766512    
   1.93999994       1.18086600    
   1.94999993       1.19421089    
   1.95999992       1.20767987    
   1.96999991       1.22124028    
   1.97999990       1.23485112    
   1.99000001       1.24846387    
   2.00000000       1.26200938    
   2.00999999       1.27515864    
   2.01999998       1.28761184    
   2.02999997       1.29943454    
   2.03999996       1.31070316    
   2.04999995       1.32148921    
   2.05999994       1.33185041    
   2.06999993       1.34183753    
   2.07999992       1.35149324    
   2.08999991       1.36085415    
   2.09999990       1.36995018    
   2.10999990       1.37880850    
   2.11999989       1.38745189    
   2.12999988       1.39590025    
   2.13999987       1.40417325    
   2.14999986       1.41228449    
   2.15999985       1.42024767    
   2.16999984       1.42807460    
   2.18000007       1.43577933    
   2.19000006       1.44336832    
   2.20000005       1.45085001    
   2.21000004       1.45823431    
   2.22000003       1.46552861    
   2.23000002       1.47273600    
   2.24000001       1.47986507    
   2.25000000       1.48692036    
   2.25999999       1.49390650    
   2.26999998       1.50082898    
   2.27999997       1.50769043    
   2.28999996       1.51449311    
   2.29999995       1.52124572    
   2.30999994       1.52794480    
   2.31999993       1.53459942    
   2.32999992       1.54120719    
   2.33999991       1.54777288    
   2.34999990       1.55429864    
   2.35999990       1.56078792    
   2.36999989       1.56723940    
   2.37999988       1.57365727    
   2.38999987       1.58004415    
   2.39999986       1.58639848    
   2.40999985       1.59272277    
   2.41999984       1.59902024    
   2.42999983       1.60529053    
   2.44000006       1.61153519    
   2.45000005       1.61775661    
   2.46000004       1.62395465    
   2.47000003       1.63012981    
   2.48000002       1.63628435    
   2.49000001       1.64241803    
   2.50000000       1.64853263    
   2.50999999       1.65462852    
   2.51999998       1.66070533    
   2.52999997       1.66676652    
   2.53999996       1.67281044    
   2.54999995       1.67883849    
   2.55999994       1.68485200    
   2.56999993       1.69084954    
   2.57999992       1.69683325    
   2.58999991       1.70280337    
   2.59999990       1.70876181    
   2.60999990       1.71470487    
   2.61999989       1.72063732    
   2.62999988       1.72655761    
   2.63999987       1.73246753    
   2.64999986       1.73836458    
   2.65999985       1.74425161    
   2.66999984       1.75012934    
   2.67999983       1.75599575    
   2.69000006       1.76185369    
   2.70000005       1.76770043    
   2.71000004       1.77353942    
   2.72000003       1.77937067    
   2.73000002       1.78519201    
   2.74000001       1.79100573    
   2.75000000       1.79681098    
   2.75999999       1.80260825    
   2.76999998       1.80839908    
   2.77999997       1.81418073    
   2.78999996       1.81995678    
   2.79999995       1.82572579    
   2.80999994       1.83148956    
   2.81999993       1.83724463    
   2.82999992       1.84299326    
   2.83999991       1.84873605    
   2.84999990       1.85447443    
   2.85999990       1.86020422    
   2.86999989       1.86593115    
   2.87999988       1.87164998    
   2.88999987       1.87736440    
   2.89999986       1.88307393    
   2.90999985       1.88877797    
   2.91999984       1.89447820    
   2.92999983       1.90017116    
   2.93999982       1.90586221    
   2.95000005       1.91154635    
   2.96000004       1.91722584    
   2.97000003       1.92290342    
   2.98000002       1.92857397    
   2.99000001       1.93424082    
   3.00000000       1.93990469    
   3.00999999       1.94556332    
   3.01999998       1.95121908    
   3.02999997       1.95686924    
   3.03999996       1.96251762    
   3.04999995       1.96816194    
   3.05999994       1.97380197    
   3.06999993       1.97943759    
   3.07999992       1.98507094    
   3.08999991       1.99070048    
   3.09999990       1.99632788    
   3.10999990       2.00195003    
   3.11999989       2.00757027    
   3.12999988       2.01318574    
   3.13999987       2.01880097    
   3.14999986       2.02440953    
   3.15999985       2.03002024    
   3.16999984       2.03562522    
   3.17999983       2.04122615    
   3.18999982       2.04682636    
   3.19999981       2.05242229    
   3.21000004       2.05801678    
   3.22000003       2.06360674    
   3.23000002       2.06919575    
   3.24000001       2.07478166    
   3.25000000       2.08036566    
   3.25999999       2.08594704    
   3.26999998       2.09152579    
   3.27999997       2.09710073    
   3.28999996       2.10267782    
   3.29999995       2.10824680    
   3.30999994       2.11381650    
   3.31999993       2.11938548    
   3.32999992       2.12494779    
   3.33999991       2.13051271    
   3.34999990       2.13607478    
   3.35999990       2.14163208    
   3.36999989       2.14718914    
   3.37999988       2.15274405    
   3.38999987       2.15829587    
   3.39999986       2.16384649    
   3.40999985       2.16939473    
   3.41999984       2.17494321    
   3.42999983       2.18048835    
   3.43999982       2.18603063    
   3.44999981       2.19157314    
   3.46000004       2.19711375    
   3.47000003       2.20265174    
   3.48000002       2.20818734    
   3.49000001       2.21372318    
   3.50000000       2.21925449    
   3.50999999       2.22478795    
