   9.99999978E-03   4.93875938E-04
   1.99999996E-02   8.91047821E-04
   2.99999993E-02   1.17319520E-03
   3.99999991E-02   1.56696013E-03
   4.99999970E-02   1.67411112E-03
   5.99999987E-02   1.99745479E-03
   7.00000003E-02   2.39643757E-03
   7.99999982E-02   2.64155190E-03
   8.99999961E-02   2.73149740E-03
   9.99999940E-02   2.75216461E-03
  0.109999999       2.76207202E-03
  0.119999997       2.78861891E-03
  0.129999995       2.84118694E-03
  0.140000001       2.92091677E-03
  0.149999991       3.02627403E-03
  0.159999996       3.15761217E-03
  0.170000002       3.31328250E-03
  0.179999992       3.48517997E-03
  0.189999998       3.71152721E-03
  0.199999988       3.92786041E-03
  0.209999993       4.25677514E-03
  0.219999999       4.53453232E-03
  0.229999989       4.95612854E-03
  0.239999995       5.54366736E-03
  0.250000000       5.87760704E-03
  0.259999990       6.55078795E-03
  0.269999981       7.59157818E-03
  0.280000001       8.50663800E-03
  0.289999992       8.92475061E-03
  0.299999982       1.00702262E-02
  0.310000002       1.18131684E-02
  0.319999993       1.41429985E-02
  0.329999983       1.53190531E-02
  0.340000004       1.58062894E-02
  0.349999994       1.73793565E-02
  0.359999985       1.96883883E-02
  0.370000005       2.29474213E-02
  0.379999995       2.73893010E-02
  0.389999986       3.22283320E-02
  0.399999976       3.24739292E-02
  0.409999996       3.31697166E-02
  0.419999987       3.50794867E-02
  0.429999977       3.77737284E-02
  0.439999998       4.13015746E-02
  0.449999988       4.58538830E-02
  0.459999979       5.17417230E-02
  0.469999999       5.93816675E-02
  0.479999989       6.90477267E-02
  0.489999980       7.91907981E-02
  0.500000000       8.00132081E-02
  0.509999990       7.90171176E-02
  0.519999981       8.02934915E-02
  0.529999971       8.25432613E-02
  0.539999962       8.55190605E-02
  0.550000012       8.91624019E-02
  0.560000002       9.34897214E-02
  0.569999993       9.85692590E-02
  0.579999983      0.104511708    
  0.589999974      0.111475937    
  0.599999964      0.119680114    
  0.610000014      0.129418150    
  0.620000005      0.141076609    
  0.629999995      0.155130550    
  0.639999986      0.172024131    
  0.649999976      0.191486076    
  0.659999967      0.209075540    
  0.669999957      0.208836943    
  0.680000007      0.207156450    
  0.689999998      0.207473785    
  0.699999988      0.208823696    
  0.709999979      0.210872412    
  0.719999969      0.213460788    
  0.729999959      0.216502503    
  0.740000010      0.219947711    
  0.750000000      0.223769605    
  0.759999990      0.227955058    
  0.769999981      0.232500613    
  0.779999971      0.237411335    
  0.789999962      0.242698625    
  0.799999952      0.248378664    
  0.810000002      0.254474968    
  0.819999993      0.261015147    
  0.829999983      0.268033922    
  0.839999974      0.275572389    
  0.849999964      0.283678859    
  0.859999955      0.292411119    
  0.870000005      0.301835626    
  0.879999995      0.312031716    
  0.889999986      0.323092610    
  0.899999976      0.335127026    
  0.909999967      0.348263681    
  0.919999957      0.362651557    
  0.930000007      0.378463835    
  0.939999998      0.395892769    
  0.949999988      0.415141761    
  0.959999979      0.436380267    
  0.969999969      0.459645271    
  0.979999959      0.484543025    
  0.989999950      0.509366155    
   1.00000000      0.528119087    
   1.00999999      0.535798490    
   1.01999998      0.541053057    
   1.02999997      0.545506537    
   1.03999996      0.549615681    
   1.04999995      0.553571820    
   1.05999994      0.557466924    
   1.06999993      0.561352491    
   1.07999992      0.565258324    
   1.09000003      0.569199264    
   1.10000002      0.573186100    
   1.11000001      0.577225029    
   1.12000000      0.581321239    
   1.13000000      0.585473895    
   1.13999999      0.589686811    
   1.14999998      0.593960285    
   1.15999997      0.598292410    
   1.16999996      0.602686942    
   1.17999995      0.607141674    
   1.18999994      0.611656785    
   1.19999993      0.616232991    
   1.20999992      0.620868981    
   1.22000003      0.625566423    
   1.23000002      0.630324960    
   1.24000001      0.635143757    
   1.25000000      0.640024602    
   1.25999999      0.644966125    
   1.26999998      0.649971187    
   1.27999997      0.655037940    
   1.28999996      0.660167754    
   1.29999995      0.665360928    
   1.30999994      0.670618534    
   1.31999993      0.675941348    
   1.32999992      0.681329131    
   1.33999991      0.686784208    
   1.35000002      0.692306578    
   1.36000001      0.697897613    
   1.37000000      0.703557968    
   1.38000000      0.709289432    
   1.38999999      0.715090215    
   1.39999998      0.720968008    
   1.40999997      0.726918757    
   1.41999996      0.732944787    
   1.42999995      0.739047110    
   1.43999994      0.745229304    
   1.44999993      0.751491427    
   1.45999992      0.757834256    
   1.46999991      0.764261663    
   1.48000002      0.770772994    
   1.49000001      0.777372837    
   1.50000000      0.784061134    
   1.50999999      0.790839255    
   1.51999998      0.797711194    
   1.52999997      0.804677427    
   1.53999996      0.811740458    
   1.54999995      0.818903208    
   1.55999994      0.826166928    
   1.56999993      0.833535969    
   1.57999992      0.841010153    
   1.58999991      0.848594308    
   1.59999990      0.856290042    
   1.61000001      0.864100814    
   1.62000000      0.872028053    
   1.63000000      0.880075574    
   1.63999999      0.888247013    
   1.64999998      0.896544278    
   1.65999997      0.904972553    
   1.66999996      0.913530767    
   1.67999995      0.922226727    
   1.68999994      0.931063056    
   1.69999993      0.940041661    
   1.70999992      0.949166417    
   1.71999991      0.958441973    
   1.73000002      0.967872500    
   1.74000001      0.977459908    
   1.75000000      0.987208903    
   1.75999999      0.997124672    
   1.76999998       1.00720727    
   1.77999997       1.01746404    
   1.78999996       1.02789807    
   1.79999995       1.03851116    
   1.80999994       1.04930902    
   1.81999993       1.06029356    
   1.82999992       1.07146764    
   1.83999991       1.08283496    
   1.84999990       1.09439588    
   1.86000001       1.10615265    
   1.87000000       1.11810732    
   1.88000000       1.13025630    
   1.88999999       1.14260125    
   1.89999998       1.15513742    
   1.90999997       1.16785955    
   1.91999996       1.18076015    
   1.92999995       1.19383109    
   1.93999994       1.20705700    
   1.94999993       1.22041857    
   1.95999992       1.23389256    
   1.96999991       1.24744809    
   1.97999990       1.26104367    
   1.99000001       1.27463007    
   2.00000000       1.28814101    
   2.00999999       1.30125272    
   2.01999998       1.31367326    
   2.02999997       1.32547033    
   2.03999996       1.33672333    
   2.04999995       1.34749937    
   2.05999994       1.35785818    
   2.06999993       1.36784923    
   2.07999992       1.37751472    
   2.08999991       1.38688815    
   2.09999990       1.39600217    
   2.10999990       1.40488076    
   2.11999989       1.41354811    
   2.12999988       1.42202437    
   2.13999987       1.43032670    
   2.14999986       1.43846929    
   2.15999985       1.44646549    
   2.16999984       1.45432973    
   2.18000007       1.46207058    
   2.19000006       1.46969831    
   2.20000005       1.47721994    
   2.21000004       1.48464513    
   2.22000003       1.49198103    
   2.23000002       1.49923229    
   2.24000001       1.50640500    
   2.25000000       1.51350546    
   2.25999999       1.52053857    
   2.26999998       1.52750754    
   2.27999997       1.53441763    
   2.28999996       1.54126835    
   2.29999995       1.54806912    
   2.30999994       1.55481744    
   2.31999993       1.56152308    
   2.32999992       1.56818032    
   2.33999991       1.57479727    
   2.34999990       1.58137333    
   2.35999990       1.58791316    
   2.36999989       1.59441662    
   2.37999988       1.60088706    
   2.38999987       1.60732472    
   2.39999986       1.61373210    
   2.40999985       1.62011051    
   2.41999984       1.62646091    
   2.42999983       1.63278365    
   2.44000006       1.63908434    
   2.45000005       1.64535952    
   2.46000004       1.65161061    
   2.47000003       1.65784132    
   2.48000002       1.66405022    
   2.49000001       1.67023826    
   2.50000000       1.67640817    
   2.50999999       1.68255854    
   2.51999998       1.68869185    
   2.52999997       1.69480729    
   2.53999996       1.70090711    
   2.54999995       1.70699143    
   2.55999994       1.71306014    
   2.56999993       1.71911430    
   2.57999992       1.72515368    
   2.58999991       1.73118091    
   2.59999990       1.73719335    
   2.60999990       1.74319553    
   2.61999989       1.74918354    
   2.62999988       1.75516093    
   2.63999987       1.76112652    
   2.64999986       1.76708066    
   2.65999985       1.77302527    
   2.66999984       1.77895927    
   2.67999983       1.78488290    
   2.69000006       1.79079676    
   2.70000005       1.79670203    
   2.71000004       1.80259919    
   2.72000003       1.80848646    
   2.73000002       1.81436598    
   2.74000001       1.82023704    
   2.75000000       1.82610118    
   2.75999999       1.83195591    
   2.76999998       1.83780289    
   2.77999997       1.84364283    
   2.78999996       1.84947693    
   2.79999995       1.85530448    
   2.80999994       1.86112392    
   2.81999993       1.86693704    
   2.82999992       1.87274468    
   2.83999991       1.87854660    
   2.84999990       1.88434207    
   2.85999990       1.89013040    
   2.86999989       1.89591408    
   2.87999988       1.90169203    
   2.88999987       1.90746522    
   2.89999986       1.91323268    
   2.90999985       1.91899562    
   2.91999984       1.92475283    
   2.92999983       1.93050539    
   2.93999982       1.93625402    
   2.95000005       1.94199789    
   2.96000004       1.94773495    
   2.97000003       1.95347047    
   2.98000002       1.95920050    
   2.99000001       1.96492660    
   3.00000000       1.97064805    
   3.00999999       1.97636569    
   3.01999998       1.98208034    
   3.02999997       1.98778951    
   3.03999996       1.99349499    
   3.04999995       1.99919760    
   3.05999994       2.00489688    
   3.06999993       2.01059318    
   3.07999992       2.01628423    
   3.08999991       2.02197313    
   3.09999990       2.02765846    
   3.10999990       2.03334260    
   3.11999989       2.03901935    
   3.12999988       2.04469585    
   3.13999987       2.05036831    
   3.14999986       2.05603766    
   3.15999985       2.06170249    
   3.16999984       2.06736994    
   3.17999983       2.07302952    
   3.18999982       2.07868719    
   3.19999981       2.08434272    
   3.21000004       2.08999610    
   3.22000003       2.09564805    
   3.23000002       2.10129499    
   3.24000001       2.10694075    
   3.25000000       2.11258316    
   3.25999999       2.11822295    
   3.26999998       2.12386155    
   3.27999997       2.12949610    
   3.28999996       2.13512921    
   3.29999995       2.14076066    
   3.30999994       2.14638805    
   3.31999993       2.15201545    
   3.32999992       2.15763903    
   3.33999991       2.16326189    
   3.34999990       2.16888189    
   3.35999990       2.17450166    
   3.36999989       2.18011665    
   3.37999988       2.18573070    
   3.38999987       2.19134355    
   3.39999986       2.19695282    
   3.40999985       2.20256162    
   3.41999984       2.20816898    
   3.42999983       2.21377277    
   3.43999982       2.21937323    
   3.44999981       2.22497845    
   3.46000004       2.23057365    
   3.47000003       2.23617387    
   3.48000002       2.24176955    
   3.49000001       2.24736261    
   3.50000000       2.25295544    
   3.50999999       2.25854325    
