   9.99999978E-03   5.08880068E-04
   1.99999996E-02   9.12873307E-04
   2.99999993E-02   1.20117934E-03
   3.99999991E-02   1.59719307E-03
   4.99999970E-02   1.70751929E-03
   5.99999987E-02   1.99570134E-03
   7.00000003E-02   2.40268023E-03
   7.99999982E-02   2.68822629E-03
   8.99999961E-02   2.80442857E-03
   9.99999940E-02   2.83321599E-03
  0.109999999       2.84013106E-03
  0.119999997       2.85844761E-03
  0.129999995       2.90146121E-03
  0.140000001       2.97275465E-03
  0.149999991       3.07221198E-03
  0.159999996       3.20241810E-03
  0.170000002       3.36348964E-03
  0.179999992       3.54339345E-03
  0.189999998       3.79424170E-03
  0.199999988       4.03355900E-03
  0.209999993       4.41975519E-03
  0.219999999       4.73107630E-03
  0.229999989       5.24305832E-03
  0.239999995       5.94011508E-03
  0.250000000       6.32432336E-03
  0.259999990       7.15382444E-03
  0.269999981       8.41466617E-03
  0.280000001       9.44549218E-03
  0.289999992       9.97546129E-03
  0.299999982       1.13651082E-02
  0.310000002       1.34691205E-02
  0.319999993       1.61785558E-02
  0.329999983       1.74234752E-02
  0.340000004       1.80533659E-02
  0.349999994       1.99403632E-02
  0.359999985       2.26898156E-02
  0.370000005       2.65267808E-02
  0.379999995       3.16401906E-02
  0.389999986       3.69361788E-02
  0.399999976       3.70809101E-02
  0.409999996       3.79526839E-02
  0.419999987       4.01863046E-02
  0.429999977       4.33156677E-02
  0.439999998       4.73957546E-02
  0.449999988       5.26281372E-02
  0.459999979       5.93439676E-02
  0.469999999       6.79437518E-02
  0.479999989       7.85857514E-02
  0.489999980       8.92783031E-02
  0.500000000       8.98629799E-02
  0.509999990       8.89170840E-02
  0.519999981       9.04009789E-02
  0.529999971       9.29512680E-02
  0.539999962       9.63037238E-02
  0.550000012      0.100393631    
  0.560000002      0.105239548    
  0.569999993      0.110913746    
  0.579999983      0.117532887    
  0.589999974      0.125266612    
  0.599999964      0.134334743    
  0.610000014      0.145042300    
  0.620000005      0.157768935    
  0.629999995      0.172957957    
  0.639999986      0.190951571    
  0.649999976      0.211215764    
  0.659999967      0.228844941    
  0.669999957      0.228496507    
  0.680000007      0.226926759    
  0.689999998      0.227393538    
  0.699999988      0.228933200    
  0.709999979      0.231193706    
  0.719999969      0.234049052    
  0.729999959      0.237373173    
  0.740000010      0.241126955    
  0.750000000      0.245282426    
  0.759999990      0.249825269    
  0.769999981      0.254753172    
  0.779999971      0.260066420    
  0.789999962      0.265786797    
  0.799999952      0.271921962    
  0.810000002      0.278497666    
  0.819999993      0.285543799    
  0.829999983      0.293095142    
  0.839999974      0.301193297    
  0.849999964      0.309887290    
  0.859999955      0.319234878    
  0.870000005      0.329304904    
  0.879999995      0.340174019    
  0.889999986      0.351935267    
  0.899999976      0.364694446    
  0.909999967      0.378575981    
  0.919999957      0.393722534    
  0.930000007      0.410292834    
  0.939999998      0.428460598    
  0.949999988      0.448396057    
  0.959999979      0.470220894    
  0.969999969      0.493898332    
  0.979999959      0.518933058    
  0.989999950      0.543537378    
   1.00000000      0.561983109    
   1.00999999      0.569907486    
   1.01999998      0.575463176    
   1.02999997      0.580211461    
   1.03999996      0.584606946    
   1.04999995      0.588831425    
   1.05999994      0.592992544    
   1.06999993      0.597137332    
   1.07999992      0.601298749    
   1.09000003      0.605491757    
   1.10000002      0.609729052    
   1.11000001      0.614017010    
   1.12000000      0.618360341    
   1.13000000      0.622761786    
   1.13999999      0.627221882    
   1.14999998      0.631742537    
   1.15999997      0.636324406    
   1.16999996      0.640967786    
   1.17999995      0.645672858    
   1.18999994      0.650438905    
   1.19999993      0.655266047    
   1.20999992      0.660155535    
   1.22000003      0.665108144    
   1.23000002      0.670121849    
   1.24000001      0.675198019    
   1.25000000      0.680336654    
   1.25999999      0.685537219    
   1.26999998      0.690803587    
   1.27999997      0.696132839    
   1.28999996      0.701526582    
   1.29999995      0.706983864    
   1.30999994      0.712508619    
   1.31999993      0.718098640    
   1.32999992      0.723756552    
   1.33999991      0.729482234    
   1.35000002      0.735269070    
   1.36000001      0.741141140    
   1.37000000      0.747077167    
   1.38000000      0.753084481    
   1.38999999      0.759163320    
   1.39999998      0.765320122    
   1.40999997      0.771551490    
   1.41999996      0.777858317    
   1.42999995      0.784243226    
   1.43999994      0.790710866    
   1.44999993      0.797257304    
   1.45999992      0.803887248    
   1.46999991      0.810602188    
   1.48000002      0.817403376    
   1.49000001      0.824291050    
   1.50000000      0.831269920    
   1.50999999      0.838339627    
   1.51999998      0.845503271    
   1.52999997      0.852762699    
   1.53999996      0.860120177    
   1.54999995      0.867577016    
   1.55999994      0.875135303    
   1.56999993      0.882799149    
   1.57999992      0.890568614    
   1.58999991      0.898447871    
   1.59999990      0.906438887    
   1.61000001      0.914544821    
   1.62000000      0.922766745    
   1.63000000      0.931109607    
   1.63999999      0.939574003    
   1.64999998      0.948144972    
   1.65999997      0.956882834    
   1.66999996      0.965732992    
   1.67999995      0.974717140    
   1.68999994      0.983839631    
   1.69999993      0.993103325    
   1.70999992       1.00251043    
   1.71999991       1.01206446    
   1.73000002       1.02177131    
   1.74000001       1.03163147    
   1.75000000       1.04164803    
   1.75999999       1.05182743    
   1.76999998       1.06216836    
   1.77999997       1.07267892    
   1.78999996       1.08335912    
   1.79999995       1.09421313    
   1.80999994       1.10524237    
   1.81999993       1.11645031    
   1.82999992       1.12783897    
   1.83999991       1.13941038    
   1.84999990       1.15116513    
   1.86000001       1.16310358    
   1.87000000       1.17522562    
   1.88000000       1.18752980    
   1.88999999       1.20001388    
   1.89999998       1.21267164    
   1.90999997       1.22550035    
   1.91999996       1.23848796    
   1.92999995       1.25162673    
   1.93999994       1.26489913    
   1.94999993       1.27828503    
   1.95999992       1.29176319    
   1.96999991       1.30529976    
   1.97999990       1.31885517    
   1.99000001       1.33238113    
   2.00000000       1.34581518    
   2.00999999       1.35884023    
   2.01999998       1.37118757    
   2.02999997       1.38292992    
   2.03999996       1.39414608    
   2.04999995       1.40490389    
   2.05999994       1.41525447    
   2.06999993       1.42525220    
   2.07999992       1.43493342    
   2.08999991       1.44433522    
   2.09999990       1.45348322    
   2.10999990       1.46240544    
   2.11999989       1.47112405    
   2.12999988       1.47965574    
   2.13999987       1.48801899    
   2.14999986       1.49622881    
   2.15999985       1.50429595    
   2.16999984       1.51223540    
   2.18000007       1.52005327    
   2.19000006       1.52776337    
   2.20000005       1.53537142    
   2.21000004       1.54288423    
   2.22000003       1.55030894    
   2.23000002       1.55765319    
   2.24000001       1.56492162    
   2.25000000       1.57211804    
   2.25999999       1.57924855    
   2.26999998       1.58631754    
   2.27999997       1.59332776    
   2.28999996       1.60028136    
   2.29999995       1.60716271    
   2.30999994       1.61404109    
   2.31999993       1.62085044    
   2.32999992       1.62761664    
   2.33999991       1.63434160    
   2.34999990       1.64102805    
   2.35999990       1.64767802    
   2.36999989       1.65429258    
   2.37999988       1.66087329    
   2.38999987       1.66742516    
   2.39999986       1.67394519    
   2.40999985       1.68043768    
   2.41999984       1.68690240    
   2.42999983       1.69334185    
   2.44000006       1.69975531    
   2.45000005       1.70614672    
   2.46000004       1.71251547    
   2.47000003       1.71886182    
   2.48000002       1.72518837    
   2.49000001       1.73149490    
   2.50000000       1.73778188    
   2.50999999       1.74405289    
   2.51999998       1.75030434    
   2.52999997       1.75653958    
   2.53999996       1.76275957    
   2.54999995       1.76896274    
   2.55999994       1.77515209    
   2.56999993       1.78132570    
   2.57999992       1.78748715    
   2.58999991       1.79363561    
   2.59999990       1.79976952    
   2.60999990       1.80589247    
   2.61999989       1.81200266    
   2.62999988       1.81810093    
   2.63999987       1.82418954    
   2.64999986       1.83026707    
   2.65999985       1.83633292    
   2.66999984       1.84239018    
   2.67999983       1.84843707    
   2.69000006       1.85447478    
   2.70000005       1.86050332    
   2.71000004       1.86652446    
   2.72000003       1.87253559    
   2.73000002       1.87853765    
   2.74000001       1.88453293    
   2.75000000       1.89052176    
   2.75999999       1.89650118    
   2.76999998       1.90247262    
   2.77999997       1.90843701    
   2.78999996       1.91439509    
   2.79999995       1.92034698    
   2.80999994       1.92629194    
   2.81999993       1.93222964    
   2.82999992       1.93816257    
   2.83999991       1.94408894    
   2.84999990       1.95000994    
   2.85999990       1.95592511    
   2.86999989       1.96183360    
   2.87999988       1.96773803    
   2.88999987       1.97363532    
   2.89999986       1.97952938    
   2.90999985       1.98541844    
   2.91999984       1.99130225    
   2.92999983       1.99718189    
   2.93999982       2.00305605    
   2.95000005       2.00892496    
   2.96000004       2.01478958    
   2.97000003       2.02065063    
   2.98000002       2.02650857    
   2.99000001       2.03236079    
   3.00000000       2.03820872    
   3.00999999       2.04405355    
   3.01999998       2.04989338    
   3.02999997       2.05572987    
   3.03999996       2.06156349    
   3.04999995       2.06739354    
   3.05999994       2.07321906    
   3.06999993       2.07904267    
   3.07999992       2.08486032    
   3.08999991       2.09067726    
   3.09999990       2.09648824    
   3.10999990       2.10229993    
   3.11999989       2.10810399    
   3.12999988       2.11390710    
   3.13999987       2.11970854    
   3.14999986       2.12550664    
   3.15999985       2.13129830    
   3.16999984       2.13708901    
   3.17999983       2.14287782    
   3.18999982       2.14866400    
   3.19999981       2.15444875    
   3.21000004       2.16023040    
   3.22000003       2.16600776    
   3.23000002       2.17166781    
   3.24000001       2.17755556    
   3.25000000       2.18332720    
   3.25999999       2.18909740    
   3.26999998       2.19486117    
   3.27999997       2.20062423    
   3.28999996       2.20638704    
   3.29999995       2.21214485    
   3.30999994       2.21790433    
   3.31999993       2.22365665    
   3.32999992       2.22941113    
   3.33999991       2.23516107    
   3.34999990       2.24090886    
   3.35999990       2.24665427    
   3.36999989       2.25240159    
   3.37999988       2.25814199    
   3.38999987       2.26388311    
   3.39999986       2.26962113    
   3.40999985       2.27535939    
   3.41999984       2.28109217    
   3.42999983       2.28682637    
   3.43999982       2.29255772    
   3.44999981       2.29828787    
   3.46000004       2.30401683    
   3.47000003       2.30974221    
   3.48000002       2.31546569    
   3.49000001       2.32118845    
   3.50000000       2.32691121    
   3.50999999       2.33262777    
