   9.99999978E-03   5.07188961E-04
   1.99999996E-02   9.09860129E-04
   2.99999993E-02   1.19659130E-03
   3.99999991E-02   1.59287127E-03
   4.99999970E-02   1.70197757E-03
   5.99999987E-02   1.99583406E-03
   7.00000003E-02   2.40576570E-03
   7.99999982E-02   2.68153730E-03
   8.99999961E-02   2.79339985E-03
   9.99999940E-02   2.82070180E-03
  0.109999999       2.82798475E-03
  0.119999997       2.84744753E-03
  0.129999995       2.89186905E-03
  0.140000001       2.96447217E-03
  0.149999991       3.06473416E-03
  0.159999996       3.19502084E-03
  0.170000002       3.35499598E-03
  0.179999992       3.53346718E-03
  0.189999998       3.78077058E-03
  0.199999988       4.01530042E-03
  0.209999993       4.39175684E-03
  0.219999999       4.69731400E-03
  0.229999989       5.19383140E-03
  0.239999995       5.87284192E-03
  0.250000000       6.24846853E-03
  0.259999990       7.05156336E-03
  0.269999981       8.27600900E-03
  0.280000001       9.28836875E-03
  0.289999992       9.80071444E-03
  0.299999982       1.11482106E-02
  0.310000002       1.31927747E-02
  0.319999993       1.58412606E-02
  0.329999983       1.70759428E-02
  0.340000004       1.76814217E-02
  0.349999994       1.95166580E-02
  0.359999985       2.21939385E-02
  0.370000005       2.59369332E-02
  0.379999995       3.09429225E-02
  0.389999986       3.61683555E-02
  0.399999976       3.63289714E-02
  0.409999996       3.71716022E-02
  0.419999987       3.93524878E-02
  0.429999977       4.24112380E-02
  0.439999998       4.64022681E-02
  0.449999988       5.15251234E-02
  0.459999979       5.81235737E-02
  0.469999999       6.65558577E-02
  0.479999989       7.70456493E-02
  0.489999980       8.76559466E-02
  0.500000000       8.82776007E-02
  0.509999990       8.73226300E-02
  0.519999981       8.87728482E-02
  0.529999971       9.12748724E-02
  0.539999962       9.45669785E-02
  0.550000012       9.85855982E-02
  0.560000002      0.103348807    
  0.569999993      0.108928308    
  0.579999983      0.115440272    
  0.589999974      0.123052090    
  0.599999964      0.131983653    
  0.610000014      0.142538652    
  0.620000005      0.155098557    
  0.629999995      0.170111582    
  0.639999986      0.187936991    
  0.649999976      0.208081916    
  0.659999967      0.225709215    
  0.669999957      0.225375429    
  0.680000007      0.223786965    
  0.689999998      0.224229604    
  0.699999988      0.225738570    
  0.709999979      0.227975681    
  0.719999969      0.230778247    
  0.729999959      0.234057680    
  0.740000010      0.237763017    
  0.750000000      0.241865829    
  0.759999990      0.246352404    
  0.769999981      0.251220077    
  0.779999971      0.256472766    
  0.789999962      0.262122422    
  0.799999952      0.268186212    
  0.810000002      0.274687201    
  0.819999993      0.281653970    
  0.829999983      0.289122015    
  0.839999974      0.297132611    
  0.849999964      0.305735111    
  0.859999955      0.314987391    
  0.870000005      0.324956506    
  0.879999995      0.335721761    
  0.889999986      0.347374260    
  0.899999976      0.360022098    
  0.909999967      0.373789340    
  0.919999957      0.388819307    
  0.930000007      0.405274123    
  0.939999998      0.423330456    
  0.949999988      0.443162918    
  0.959999979      0.464900911    
  0.969999969      0.488519013    
  0.979999959      0.513537228    
  0.989999950      0.538177848    
   1.00000000      0.556669772    
   1.00999999      0.564557374    
   1.01999998      0.570066571    
   1.02999997      0.574769557    
   1.03999996      0.579120457    
   1.04999995      0.583303332    
   1.05999994      0.587422132    
   1.06999993      0.591527164    
   1.07999992      0.595647871    
   1.09000003      0.599801540    
   1.10000002      0.604000092    
   1.11000001      0.608249605    
   1.12000000      0.612554789    
   1.13000000      0.616917133    
   1.13999999      0.621338785    
   1.14999998      0.625821114    
   1.15999997      0.630363882    
   1.16999996      0.634968460    
   1.17999995      0.639634371    
   1.18999994      0.644361198    
   1.19999993      0.649149954    
   1.20999992      0.654000640    
   1.22000003      0.658912599    
   1.23000002      0.663886607    
   1.24000001      0.668922544    
   1.25000000      0.674021840    
   1.25999999      0.679181159    
   1.26999998      0.684407592    
   1.27999997      0.689695477    
   1.28999996      0.695048451    
   1.29999995      0.700465202    
   1.30999994      0.705948055    
   1.31999993      0.711496413    
   1.32999992      0.717113137    
   1.33999991      0.722797275    
   1.35000002      0.728548825    
   1.36000001      0.734370053    
   1.37000000      0.740263581    
   1.38000000      0.746228814    
   1.38999999      0.752264619    
   1.39999998      0.758376002    
   1.40999997      0.764565170    
   1.41999996      0.770829618    
   1.42999995      0.777169943    
   1.43999994      0.783593357    
   1.44999993      0.790096700    
   1.45999992      0.796682119    
   1.46999991      0.803352296    
   1.48000002      0.810109198    
   1.49000001      0.816952884    
   1.50000000      0.823886395    
   1.50999999      0.830910981    
   1.51999998      0.838030040    
   1.52999997      0.845244050    
   1.53999996      0.852555633    
   1.54999995      0.859967589    
   1.55999994      0.867480993    
   1.56999993      0.875099063    
   1.57999992      0.882823408    
   1.58999991      0.890657008    
   1.59999990      0.898603678    
   1.61000001      0.906663299    
   1.62000000      0.914840817    
   1.63000000      0.923137665    
   1.63999999      0.931557417    
   1.64999998      0.940102816    
   1.65999997      0.948776960    
   1.66999996      0.957582474    
   1.67999995      0.966522634    
   1.68999994      0.975601614    
   1.69999993      0.984821439    
   1.70999992      0.994185686    
   1.71999991       1.00369883    
   1.73000002       1.01336265    
   1.74000001       1.02318180    
   1.75000000       1.03315783    
   1.75999999       1.04329658    
   1.76999998       1.05359840    
   1.77999997       1.06407154    
   1.78999996       1.07471240    
   1.79999995       1.08553171    
   1.80999994       1.09652483    
   1.81999993       1.10770035    
   1.82999992       1.11905706    
   1.83999991       1.13059855    
   1.84999990       1.14232349    
   1.86000001       1.15423453    
   1.87000000       1.16633165    
   1.88000000       1.17861307    
   1.88999999       1.19107676    
   1.89999998       1.20371771    
   1.90999997       1.21652973    
   1.91999996       1.22950602    
   1.92999995       1.24263418    
   1.93999994       1.25589943    
   1.94999993       1.26928377    
   1.95999992       1.28276026    
   1.96999991       1.29630113    
   1.97999990       1.30986309    
   1.99000001       1.32339966    
   2.00000000       1.33684480    
   2.00999999       1.34988475    
   2.01999998       1.36224365    
   2.02999997       1.37399423    
   2.03999996       1.38521564    
   2.04999995       1.39597714    
   2.05999994       1.40632951    
   2.06999993       1.41632473    
   2.07999992       1.42600441    
   2.08999991       1.43540156    
   2.09999990       1.44454455    
   2.10999990       1.45346045    
   2.11999989       1.46217191    
   2.12999988       1.47069561    
   2.13999987       1.47904861    
   2.14999986       1.48724747    
   2.15999985       1.49530542    
   2.16999984       1.50323260    
   2.18000007       1.51103950    
   2.19000006       1.51873636    
   2.20000005       1.52633107    
   2.21000004       1.53383064    
   2.22000003       1.54124224    
   2.23000002       1.54857242    
   2.24000001       1.55582654    
   2.25000000       1.56300819    
   2.25999999       1.57012379    
   2.26999998       1.57717717    
   2.27999997       1.58417249    
   2.28999996       1.59111094    
   2.29999995       1.59797692    
   2.30999994       1.60483944    
   2.31999993       1.61163127    
   2.32999992       1.61838067    
   2.33999991       1.62509036    
   2.34999990       1.63175929    
   2.35999990       1.63839185    
   2.36999989       1.64499068    
   2.37999988       1.65155220    
   2.38999987       1.65808737    
   2.39999986       1.66458929    
   2.40999985       1.67106712    
   2.41999984       1.67751265    
   2.42999983       1.68393493    
   2.44000006       1.69033098    
   2.45000005       1.69670558    
   2.46000004       1.70305395    
   2.47000003       1.70938456    
   2.48000002       1.71569264    
   2.49000001       1.72198200    
   2.50000000       1.72825110    
   2.50999999       1.73450184    
   2.51999998       1.74073541    
   2.52999997       1.74695301    
   2.53999996       1.75315380    
   2.54999995       1.75933838    
   2.55999994       1.76550984    
   2.56999993       1.77166474    
   2.57999992       1.77780783    
   2.58999991       1.78393698    
   2.59999990       1.79005504    
   2.60999990       1.79615808    
   2.61999989       1.80224991    
   2.62999988       1.80833018    
   2.63999987       1.81439829    
   2.64999986       1.82045627    
   2.65999985       1.82650483    
   2.66999984       1.83254266    
   2.67999983       1.83857191    
   2.69000006       1.84459007    
   2.70000005       1.85059929    
   2.71000004       1.85660040    
   2.72000003       1.86259282    
   2.73000002       1.86857736    
   2.74000001       1.87455189    
   2.75000000       1.88052213    
   2.75999999       1.88648343    
   2.76999998       1.89243531    
   2.77999997       1.89838111    
   2.78999996       1.90431976    
   2.79999995       1.91025126    
   2.80999994       1.91617775    
   2.81999993       1.92209697    
   2.82999992       1.92801154    
   2.83999991       1.93391812    
   2.84999990       1.93981814    
   2.85999990       1.94571435    
   2.86999989       1.95160496    
   2.87999988       1.95748901    
   2.88999987       1.96336782    
   2.89999986       1.96924341    
   2.90999985       1.97511196    
   2.91999984       1.98097551    
   2.92999983       1.98683548    
   2.93999982       1.99269021    
   2.95000005       1.99854052    
   2.96000004       2.00438619    
   2.97000003       2.01022601    
   2.98000002       2.01606464    
   2.99000001       2.02189684    
   3.00000000       2.02772593    
   3.00999999       2.03355169    
   3.01999998       2.03937340    
   3.02999997       2.04519033    
   3.03999996       2.05100393    
   3.04999995       2.05681491    
   3.05999994       2.06262088    
   3.06999993       2.06842422    
   3.07999992       2.07422328    
   3.08999991       2.08001852    
   3.09999990       2.08581328    
   3.10999990       2.09159994    
   3.11999989       2.09738922    
   3.12999988       2.10317278    
   3.13999987       2.10895443    
   3.14999986       2.11473012    
   3.15999985       2.12050462    
   3.16999984       2.12627721    
   3.17999983       2.13204551    
   3.18999982       2.13781238    
   3.19999981       2.14357710    
   3.21000004       2.14933848    
   3.22000003       2.15509677    
   3.23000002       2.16085267    
   3.24000001       2.16660380    
   3.25000000       2.17235804    
   3.25999999       2.17810464    
   3.26999998       2.18385148    
   3.27999997       2.18959641    
   3.28999996       2.19533801    
   3.29999995       2.20107794    
   3.30999994       2.20681429    
   3.31999993       2.21254754    
   3.32999992       2.21828294    
   3.33999991       2.22401214    
   3.34999990       2.22974110    
   3.35999990       2.23547053    
   3.36999989       2.24119186    
   3.37999988       2.24691463    
   3.38999987       2.25263619    
   3.39999986       2.25835562    
   3.40999985       2.26407290    
   3.41999984       2.26978827    
   3.42999983       2.27550077    
   3.43999982       2.28121185    
   3.44999981       2.28692174    
   3.46000004       2.29262996    
   3.47000003       2.29833698    
   3.48000002       2.30404186    
   3.49000001       2.30974412    
   3.50000000       2.31544566    
   3.50999999       2.32114482    
