   9.99999978E-03   5.16177795E-04
   1.99999996E-02   9.22708015E-04
   2.99999993E-02   1.22338522E-03
   3.99999991E-02   1.61301519E-03
   4.99999970E-02   1.73394720E-03
   5.99999987E-02   1.99609459E-03
   7.00000003E-02   2.40764860E-03
   7.99999982E-02   2.71586468E-03
   8.99999961E-02   2.85297632E-03
   9.99999940E-02   2.88940896E-03
  0.109999999       2.89564207E-03
  0.119999997       2.90893530E-03
  0.129999995       2.94581545E-03
  0.140000001       3.01168789E-03
  0.149999991       3.10757617E-03
  0.159999996       3.23825469E-03
  0.170000002       3.40541149E-03
  0.179999992       3.59326298E-03
  0.189999998       3.86663177E-03
  0.199999988       4.12628287E-03
  0.209999993       4.56090085E-03
  0.219999999       4.90077725E-03
  0.229999989       5.49055589E-03
  0.239999995       6.27489574E-03
  0.250000000       6.70214137E-03
  0.259999990       7.66417850E-03
  0.269999981       9.09975544E-03
  0.280000001       1.02156298E-02
  0.289999992       1.08341360E-02
  0.299999982       1.24294497E-02
  0.310000002       1.48198344E-02
  0.319999993       1.78154968E-02
  0.329999983       1.91050898E-02
  0.340000004       1.98558010E-02
  0.349999994       2.19923630E-02
  0.359999985       2.50876099E-02
  0.370000005       2.93704867E-02
  0.379999995       3.49875167E-02
  0.389999986       4.05993573E-02
  0.399999976       4.06716801E-02
  0.409999996       4.16847467E-02
  0.419999987       4.41696160E-02
  0.429999977       4.76328582E-02
  0.439999998       5.21346144E-02
  0.449999988       5.78830317E-02
  0.459999979       6.52175844E-02
  0.469999999       7.45227933E-02
  0.479999989       8.58573541E-02
  0.489999980       9.69080850E-02
  0.500000000       9.73256603E-02
  0.509999990       9.64277610E-02
  0.519999981       9.80709568E-02
  0.529999971      0.100847512    
  0.539999962      0.104482345    
  0.550000012      0.108905867    
  0.560000002      0.114137061    
  0.569999993      0.120251343    
  0.579999983      0.127369031    
  0.589999974      0.135663375    
  0.599999964      0.145363435    
  0.610000014      0.156770721    
  0.620000005      0.170258790    
  0.629999995      0.186243474    
  0.639999986      0.204986796    
  0.649999976      0.225767568    
  0.659999967      0.243388951    
  0.669999957      0.242984965    
  0.680000007      0.241507351    
  0.689999998      0.242089793    
  0.699999988      0.243771985    
  0.709999979      0.246210948    
  0.719999969      0.249241427    
  0.729999959      0.252772063    
  0.740000010      0.256750852    
  0.750000000      0.261148512    
  0.759999990      0.265950978    
  0.769999981      0.271154583    
  0.779999971      0.276760995    
  0.789999962      0.282790691    
  0.799999952      0.289252728    
  0.810000002      0.296172857    
  0.819999993      0.303580433    
  0.829999983      0.311511397    
  0.839999974      0.320008099    
  0.849999964      0.329118997    
  0.859999955      0.338902473    
  0.870000005      0.349426627    
  0.879999995      0.360767871    
  0.889999986      0.373017699    
  0.899999976      0.386280686    
  0.909999967      0.400676250    
  0.919999957      0.416340888    
  0.930000007      0.433424592    
  0.939999998      0.452086031    
  0.949999988      0.472470880    
  0.959999979      0.494669437    
  0.969999969      0.518594623    
  0.979999959      0.543674767    
  0.989999950      0.568117261    
   1.00000000      0.586354136    
   1.00999999      0.594446659    
   1.01999998      0.600211024    
   1.02999997      0.605165660    
   1.03999996      0.609756649    
   1.04999995      0.614177823    
   1.05999994      0.618526280    
   1.06999993      0.622855961    
   1.07999992      0.627197325    
   1.09000003      0.631569922    
   1.10000002      0.635985374    
   1.11000001      0.640450358    
   1.12000000      0.644969761    
   1.13000000      0.649546802    
   1.13999999      0.654183149    
   1.14999998      0.658880770    
   1.15999997      0.663637757    
   1.16999996      0.668457806    
   1.17999995      0.673339605    
   1.18999994      0.678284466    
   1.19999993      0.683290541    
   1.20999992      0.688359797    
   1.22000003      0.693491161    
   1.23000002      0.698685229    
   1.24000001      0.703941286    
   1.25000000      0.709263861    
   1.25999999      0.714648068    
   1.26999998      0.720097482    
   1.27999997      0.725612938    
   1.28999996      0.731191516    
   1.29999995      0.736836314    
   1.30999994      0.742547870    
   1.31999993      0.748327255    
   1.32999992      0.754173815    
   1.33999991      0.760090768    
   1.35000002      0.766075730    
   1.36000001      0.772132337    
   1.37000000      0.778260231    
   1.38000000      0.784461915    
   1.38999999      0.790735424    
   1.39999998      0.797087669    
   1.40999997      0.803514421    
   1.41999996      0.810018539    
   1.42999995      0.816602588    
   1.43999994      0.823267400    
   1.44999993      0.830013454    
   1.45999992      0.836842656    
   1.46999991      0.843757749    
   1.48000002      0.850759506    
   1.49000001      0.857848585    
   1.50000000      0.865030348    
   1.50999999      0.872301400    
   1.51999998      0.879668355    
   1.52999997      0.887130857    
   1.53999996      0.894691586    
   1.54999995      0.902351677    
   1.55999994      0.910114229    
   1.56999993      0.917981029    
   1.57999992      0.925955236    
   1.58999991      0.934038103    
   1.59999990      0.942232907    
   1.61000001      0.950540245    
   1.62000000      0.958966911    
   1.63000000      0.967510402    
   1.63999999      0.976175964    
   1.64999998      0.984967530    
   1.65999997      0.993884981    
   1.66999996       1.00293326    
   1.67999995       1.01211405    
   1.68999994       1.02143180    
   1.69999993       1.03088856    
   1.70999992       1.04048717    
   1.71999991       1.05023170    
   1.73000002       1.06012416    
   1.74000001       1.07016706    
   1.75000000       1.08036530    
   1.75999999       1.09072006    
   1.76999998       1.10123634    
   1.77999997       1.11191404    
   1.78999996       1.12275910    
   1.79999995       1.13377142    
   1.80999994       1.14495432    
   1.81999993       1.15631008    
   1.82999992       1.16783941    
   1.83999991       1.17954361    
   1.84999990       1.19142354    
   1.86000001       1.20348024    
   1.87000000       1.21571112    
   1.88000000       1.22811329    
   1.88999999       1.24068379    
   1.89999998       1.25341964    
   1.90999997       1.26631153    
   1.91999996       1.27935171    
   1.92999995       1.29252815    
   1.93999994       1.30582607    
   1.94999993       1.31922352    
   1.95999992       1.33269560    
   1.96999991       1.34621382    
   1.97999990       1.35973799    
   1.99000001       1.37321937    
   2.00000000       1.38659644    
   2.00999999       1.39956129    
   2.01999998       1.41185677    
   2.02999997       1.42356110    
   2.03999996       1.43474913    
   2.04999995       1.44549108    
   2.05999994       1.45583689    
   2.06999993       1.46583498    
   2.07999992       1.47552848    
   2.08999991       1.48494649    
   2.09999990       1.49411809    
   2.10999990       1.50306892    
   2.11999989       1.51181960    
   2.12999988       1.52038956    
   2.13999987       1.52879381    
   2.14999986       1.53704751    
   2.15999985       1.54516268    
   2.16999984       1.55315363    
   2.18000007       1.56102455    
   2.19000006       1.56878793    
   2.20000005       1.57645333    
   2.21000004       1.58402538    
   2.22000003       1.59151137    
   2.23000002       1.59891760    
   2.24000001       1.60624957    
   2.25000000       1.61351216    
   2.25999999       1.62070990    
   2.26999998       1.62784648    
   2.27999997       1.63492537    
   2.28999996       1.64194548    
   2.29999995       1.64892459    
   2.30999994       1.65585232    
   2.31999993       1.66273355    
   2.32999992       1.66957271    
   2.33999991       1.67637289    
   2.34999990       1.68313396    
   2.35999990       1.68985796    
   2.36999989       1.69654942    
   2.37999988       1.70320630    
   2.38999987       1.70983529    
   2.39999986       1.71643245    
   2.40999985       1.72300255    
   2.41999984       1.72954714    
   2.42999983       1.73606443    
   2.44000006       1.74255943    
   2.45000005       1.74902928    
   2.46000004       1.75547767    
   2.47000003       1.76190460    
   2.48000002       1.76831102    
   2.49000001       1.77469969    
   2.50000000       1.78106797    
   2.50999999       1.78741932    
   2.51999998       1.79375219    
   2.52999997       1.80007076    
   2.53999996       1.80637038    
   2.54999995       1.81265783    
   2.55999994       1.81892812    
   2.56999993       1.82518768    
   2.57999992       1.83142984    
   2.58999991       1.83766186    
   2.59999990       1.84387887    
   2.60999990       1.85008538    
   2.61999989       1.85628057    
   2.62999988       1.86246300    
   2.63999987       1.86863506    
   2.64999986       1.87479722    
   2.65999985       1.88094866    
   2.66999984       1.88708985    
   2.67999983       1.89322186    
   2.69000006       1.89934254    
   2.70000005       1.90545785    
   2.71000004       1.91156256    
   2.72000003       1.91765773    
   2.73000002       1.92374706    
   2.74000001       1.92982745    
   2.75000000       1.93590069    
   2.75999999       1.94196570    
   2.76999998       1.94802415    
   2.77999997       1.95407522    
   2.78999996       1.96011841    
   2.79999995       1.96615672    
   2.80999994       1.97218740    
   2.81999993       1.97821152    
   2.82999992       1.98423052    
   2.83999991       1.99024391    
   2.84999990       1.99625146    
   2.85999990       2.00225210    
   2.86999989       2.00824881    
   2.87999988       2.01423860    
   2.88999987       2.02022433    
   2.89999986       2.02620387    
   2.90999985       2.03218102    
   2.91999984       2.03815007    
   2.92999983       2.04411483    
   2.93999982       2.05007672    
   2.95000005       2.05603313    
   2.96000004       2.06198430    
   2.97000003       2.06793571    
   2.98000002       2.07387686    
   2.99000001       2.07981825    
   3.00000000       2.08575344    
   3.00999999       2.09168458    
   3.01999998       2.09761095    
   3.02999997       2.10353661    
   3.03999996       2.10945678    
   3.04999995       2.11537552    
   3.05999994       2.12128878    
   3.06999993       2.12719870    
   3.07999992       2.13310552    
   3.08999991       2.13901162    
   3.09999990       2.14491200    
   3.10999990       2.15080786    
   3.11999989       2.15670133    
   3.12999988       2.16259193    
   3.13999987       2.16848254    
   3.14999986       2.17436671    
   3.15999985       2.18025017    
   3.16999984       2.18612981    
   3.17999983       2.19200587    
   3.18999982       2.19788003    
   3.19999981       2.20375133    
   3.21000004       2.20962048    
   3.22000003       2.21548748    
   3.23000002       2.22135067    
   3.24000001       2.22721267    
   3.25000000       2.23306847    
   3.25999999       2.23892784    
   3.26999998       2.24478364    
   3.27999997       2.25063205    
   3.28999996       2.25648403    
   3.29999995       2.26233244    
   3.30999994       2.26817799    
   3.31999993       2.27401924    
   3.32999992       2.27986050    
   3.33999991       2.28570175    
   3.34999990       2.29153705    
   3.35999990       2.29737282    
   3.36999989       2.30320597    
   3.37999988       2.30903602    
   3.38999987       2.31486630    
   3.39999986       2.32069325    
   3.40999985       2.32652044    
   3.41999984       2.33234119    
   3.42999983       2.33816338    
   3.43999982       2.34398484    
   3.44999981       2.34980488    
   3.46000004       2.35562277    
   3.47000003       2.36143351    
   3.48000002       2.36724806    
   3.49000001       2.37305880    
   3.50000000       2.37887120    
   3.50999999       2.38467908    
