   9.99999978E-03   5.09846432E-04
   1.99999996E-02   9.13967902E-04
   2.99999993E-02   1.20331382E-03
   3.99999991E-02   1.59920624E-03
   4.99999970E-02   1.71031407E-03
   5.99999987E-02   1.99583569E-03
   7.00000003E-02   2.40560225E-03
   7.99999982E-02   2.69146194E-03
   8.99999961E-02   2.80988775E-03
   9.99999940E-02   2.83944490E-03
  0.109999999       2.84627732E-03
  0.119999997       2.86397571E-03
  0.129999995       2.90621608E-03
  0.140000001       2.97697214E-03
  0.149999991       3.07596428E-03
  0.159999996       3.20609263E-03
  0.170000002       3.36781121E-03
  0.179999992       3.54849221E-03
  0.189999998       3.80162662E-03
  0.199999988       4.04303242E-03
  0.209999993       4.43421258E-03
  0.219999999       4.74842032E-03
  0.229999989       5.26840752E-03
  0.239999995       5.97465457E-03
  0.250000000       6.36329316E-03
  0.259999990       7.20633194E-03
  0.269999981       8.48573539E-03
  0.280000001       9.52585321E-03
  0.289999992       1.00648925E-02
  0.299999982       1.14760874E-02
  0.310000002       1.36103947E-02
  0.319999993       1.63506456E-02
  0.329999983       1.76006034E-02
  0.340000004       1.82430409E-02
  0.349999994       2.01563779E-02
  0.359999985       2.29425374E-02
  0.370000005       2.68271491E-02
  0.379999995       3.19947936E-02
  0.389999986       3.73260267E-02
  0.399999976       3.74628156E-02
  0.409999996       3.83494981E-02
  0.419999987       4.06098999E-02
  0.429999977       4.37750220E-02
  0.439999998       4.79002632E-02
  0.449999988       5.31881116E-02
  0.459999979       5.99707961E-02
  0.469999999       6.86474144E-02
  0.479999989       7.93656409E-02
  0.489999980       9.00988132E-02
  0.500000000       9.06650946E-02
  0.509999990       8.97239670E-02
  0.519999981       9.12248269E-02
  0.529999971       9.37996209E-02
  0.539999962       9.71824080E-02
  0.550000012      0.101308487    
  0.560000002      0.106196165    
  0.569999993      0.111917973    
  0.579999983      0.118591331    
  0.589999974      0.126384422    
  0.599999964      0.135523260    
  0.610000014      0.146307170    
  0.620000005      0.159117892    
  0.629999995      0.174394831    
  0.639999986      0.192472085    
  0.649999976      0.212795287    
  0.659999967      0.230425104    
  0.669999957      0.230069682    
  0.680000007      0.228509590    
  0.689999998      0.228988692    
  0.699999988      0.230543718    
  0.709999979      0.232834443    
  0.719999969      0.235697895    
  0.729999959      0.239044413    
  0.740000010      0.242822856    
  0.750000000      0.247004852    
  0.759999990      0.251575947    
  0.769999981      0.256534040    
  0.779999971      0.261879265    
  0.789999962      0.267633885    
  0.799999952      0.273804516    
  0.810000002      0.280418456    
  0.819999993      0.287504047    
  0.829999983      0.295096844    
  0.839999974      0.303238928    
  0.849999964      0.311979115    
  0.859999955      0.321375042    
  0.870000005      0.331494659    
  0.879999995      0.342415899    
  0.889999986      0.354231209    
  0.899999976      0.367046595    
  0.909999967      0.380985469    
  0.919999957      0.396189541    
  0.930000007      0.412817538    
  0.939999998      0.431040972    
  0.949999988      0.451027215    
  0.959999979      0.472895294    
  0.969999969      0.496601194    
  0.979999959      0.521644235    
  0.989999950      0.546229780    
   1.00000000      0.564652622    
   1.00999999      0.572595596    
   1.01999998      0.578174174    
   1.02999997      0.582945228    
   1.03999996      0.587359607    
   1.04999995      0.591609240    
   1.05999994      0.595790803    
   1.06999993      0.599956274    
   1.07999992      0.604136348    
   1.09000003      0.608349502    
   1.10000002      0.612606287    
   1.11000001      0.616913497    
   1.12000000      0.621277511    
   1.13000000      0.625697196    
   1.13999999      0.630177021    
   1.14999998      0.634717345    
   1.15999997      0.639318168    
   1.16999996      0.643981814    
   1.17999995      0.648705423    
   1.18999994      0.653491139    
   1.19999993      0.658338428    
   1.20999992      0.663248122    
   1.22000003      0.668219924    
   1.23000002      0.673253179    
   1.24000001      0.678349316    
   1.25000000      0.683508515    
   1.25999999      0.688728988    
   1.26999998      0.694015861    
   1.27999997      0.699365616    
   1.28999996      0.704779148    
   1.29999995      0.710259199    
   1.30999994      0.715803385    
   1.31999993      0.721414447    
   1.32999992      0.727092862    
   1.33999991      0.732839167    
   1.35000002      0.738647521    
   1.36000001      0.744540691    
   1.37000000      0.750497699    
   1.38000000      0.756527126    
   1.38999999      0.762627184    
   1.39999998      0.768805444    
   1.40999997      0.775058210    
   1.41999996      0.781387925    
   1.42999995      0.787793398    
   1.43999994      0.794283271    
   1.44999993      0.800853014    
   1.45999992      0.807504714    
   1.46999991      0.814241409    
   1.48000002      0.821064293    
   1.49000001      0.827975333    
   1.50000000      0.834976614    
   1.50999999      0.842068493    
   1.51999998      0.849254787    
   1.52999997      0.856536210    
   1.53999996      0.863916397    
   1.54999995      0.871395230    
   1.55999994      0.878976762    
   1.56999993      0.886662841    
   1.57999992      0.894455612    
   1.58999991      0.902329087    
   1.59999990      0.910372257    
   1.61000001      0.918499887    
   1.62000000      0.926744163    
   1.63000000      0.935109317    
   1.63999999      0.943596303    
   1.64999998      0.952208698    
   1.65999997      0.960950077    
   1.66999996      0.969821453    
   1.67999995      0.978828728    
   1.68999994      0.987972796    
   1.69999993      0.997258246    
   1.70999992       1.00668728    
   1.71999991       1.01626265    
   1.73000002       1.02598929    
   1.74000001       1.03587019    
   1.75000000       1.04590774    
   1.75999999       1.05610597    
   1.76999998       1.06646812    
   1.77999997       1.07699764    
   1.78999996       1.08769441    
   1.79999995       1.09856677    
   1.80999994       1.10961401    
   1.81999993       1.12083876    
   1.82999992       1.13224363    
   1.83999991       1.14382911    
   1.84999990       1.15559816    
   1.86000001       1.16754949    
   1.87000000       1.17968559    
   1.88000000       1.19200051    
   1.88999999       1.20449460    
   1.89999998       1.21716082    
   1.90999997       1.22999692    
   1.91999996       1.24299169    
   1.92999995       1.25613391    
   1.93999994       1.26940775    
   1.94999993       1.28279662    
   1.95999992       1.29627299    
   1.96999991       1.30980933    
   1.97999990       1.32336128    
   1.99000001       1.33688200    
   2.00000000       1.35030937    
   2.00999999       1.36332858    
   2.01999998       1.37567055    
   2.02999997       1.38740933    
   2.03999996       1.39862132    
   2.04999995       1.40937865    
   2.05999994       1.41972864    
   2.06999993       1.42972445    
   2.07999992       1.43940806    
   2.08999991       1.44881237    
   2.09999990       1.45796311    
   2.10999990       1.46688831    
   2.11999989       1.47561026    
   2.12999988       1.48414636    
   2.13999987       1.49251497    
   2.14999986       1.50072885    
   2.15999985       1.50880194    
   2.16999984       1.51674604    
   2.18000007       1.52457178    
   2.19000006       1.53228676    
   2.20000005       1.53990197    
   2.21000004       1.54742050    
   2.22000003       1.55485308    
   2.23000002       1.56220365    
   2.24000001       1.56947851    
   2.25000000       1.57668221    
   2.25999999       1.58382094    
   2.26999998       1.59089780    
   2.27999997       1.59791362    
   2.28999996       1.60487604    
   2.29999995       1.61176634    
   2.30999994       1.61865330    
   2.31999993       1.62547028    
   2.32999992       1.63224447    
   2.33999991       1.63897789    
   2.34999990       1.64567161    
   2.35999990       1.65233147    
   2.36999989       1.65895379    
   2.37999988       1.66554260    
   2.38999987       1.67210329    
   2.39999986       1.67863131    
   2.40999985       1.68513298    
   2.41999984       1.69160593    
   2.42999983       1.69805419    
   2.44000006       1.70447838    
   2.45000005       1.71087825    
   2.46000004       1.71725440    
   2.47000003       1.72361088    
   2.48000002       1.72994661    
   2.49000001       1.73626077    
   2.50000000       1.74255884    
   2.50999999       1.74883723    
   2.51999998       1.75509858    
   2.52999997       1.76134276    
   2.53999996       1.76757133    
   2.54999995       1.77378440    
   2.55999994       1.77998197    
   2.56999993       1.78616583    
   2.57999992       1.79233491    
   2.58999991       1.79849434    
   2.59999990       1.80463791    
   2.60999990       1.81076789    
   2.61999989       1.81688941    
   2.62999988       1.82299685    
   2.63999987       1.82909441    
   2.64999986       1.83518112    
   2.65999985       1.84125757    
   2.66999984       1.84732413    
   2.67999983       1.85338032    
   2.69000006       1.85942769    
   2.70000005       1.86546504    
   2.71000004       1.87149560    
   2.72000003       1.87751555    
   2.73000002       1.88352859    
   2.74000001       1.88953269    
   2.75000000       1.89553058    
   2.75999999       1.90151894    
   2.76999998       1.90750051    
   2.77999997       1.91347480    
   2.78999996       1.91944265    
   2.79999995       1.92540383    
   2.80999994       1.93135858    
   2.81999993       1.93730724    
   2.82999992       1.94324839    
   2.83999991       1.94918442    
   2.84999990       1.95511591    
   2.85999990       1.96103942    
   2.86999989       1.96695852    
   2.87999988       1.97287238    
   2.88999987       1.97878051    
   2.89999986       1.98468184    
   2.90999985       1.99058139    
   2.91999984       1.99647510    
   2.92999983       2.00236201    
   2.93999982       2.00824642    
   2.95000005       2.01412654    
   2.96000004       2.02000093    
   2.97000003       2.02587318    
   2.98000002       2.03173709    
   2.99000001       2.03760076    
   3.00000000       2.04345822    
   3.00999999       2.04931235    
   3.01999998       2.05516171    
   3.02999997       2.06101108    
   3.03999996       2.06685066    
   3.04999995       2.07269239    
   3.05999994       2.07852674    
   3.06999993       2.08435917    
   3.07999992       2.09018707    
   3.08999991       2.09601355    
   3.09999990       2.10183549    
   3.10999990       2.10765648    
   3.11999989       2.11347079    
   3.12999988       2.11928248    
   3.13999987       2.12509346    
   3.14999986       2.13090181    
   3.15999985       2.13670588    
   3.16999984       2.14250755    
   3.17999983       2.14830375    
   3.18999982       2.15410018    
   3.19999981       2.15989447    
   3.21000004       2.16568613    
   3.22000003       2.17147398    
   3.23000002       2.17725801    
   3.24000001       2.18304038    
   3.25000000       2.18882132    
   3.25999999       2.19460082    
   3.26999998       2.20037532    
   3.27999997       2.20614982    
   3.28999996       2.21192122    
   3.29999995       2.21768999    
   3.30999994       2.22345591    
   3.31999993       2.22921968    
   3.32999992       2.23498297    
   3.33999991       2.24074340    
   3.34999990       2.24650264    
   3.35999990       2.25225782    
   3.36999989       2.25801301    
   3.37999988       2.26376414    
   3.38999987       2.26951575    
   3.39999986       2.27526116    
   3.40999985       2.28101182    
   3.41999984       2.28675246    
   3.42999983       2.29249668    
   3.43999982       2.29823709    
   3.44999981       2.30397916    
   3.46000004       2.30971694    
   3.47000003       2.31544971    
   3.48000002       2.32118750    
   3.49000001       2.32692122    
   3.50000000       2.33265042    
   3.50999999       2.33838034    
