   9.99999978E-03   5.18419431E-04
   1.99999996E-02   9.27750603E-04
   2.99999993E-02   1.24756596E-03
   3.99999991E-02   1.62445731E-03
   4.99999970E-02   1.76314043E-03
   5.99999987E-02   1.99825014E-03
   7.00000003E-02   2.40776944E-03
   7.99999982E-02   2.73954798E-03
   8.99999961E-02   2.89842207E-03
   9.99999940E-02   2.94519169E-03
  0.109999999       2.95226625E-03
  0.119999997       2.96125817E-03
  0.129999995       2.99247121E-03
  0.140000001       3.05345980E-03
  0.149999991       3.14700813E-03
  0.159999996       3.27888527E-03
  0.170000002       3.45487590E-03
  0.179999992       3.65309999E-03
  0.189999998       3.95402359E-03
  0.199999988       4.23917221E-03
  0.209999993       4.73149726E-03
  0.219999999       5.10446448E-03
  0.229999989       5.78672159E-03
  0.239999995       6.66875439E-03
  0.250000000       7.14747002E-03
  0.259999990       8.26137606E-03
  0.269999981       9.89425741E-03
  0.280000001       1.11005316E-02
  0.289999992       1.18242437E-02
  0.299999982       1.36535028E-02
  0.310000002       1.63628515E-02
  0.319999993       1.96631383E-02
  0.329999983       2.09968984E-02
  0.340000004       2.18879320E-02
  0.349999994       2.42938660E-02
  0.359999985       2.77808923E-02
  0.370000005       3.25496681E-02
  0.379999995       3.87005620E-02
  0.389999986       4.46267314E-02
  0.399999976       4.46260571E-02
  0.409999996       4.57979552E-02
  0.419999987       4.85580415E-02
  0.429999977       5.23862503E-02
  0.439999998       5.73421828E-02
  0.449999988       6.36445060E-02
  0.459999979       7.16350302E-02
  0.469999999       8.16785917E-02
  0.479999989       9.37166363E-02
  0.489999980      0.105105393    
  0.500000000      0.105355889    
  0.509999990      0.104517929    
  0.519999981      0.106334306    
  0.529999971      0.109354287    
  0.539999962      0.113288857    
  0.550000012      0.118066147    
  0.560000002      0.123705029    
  0.569999993      0.130282998    
  0.579999983      0.137924805    
  0.589999974      0.146806270    
  0.599999964      0.157161191    
  0.610000014      0.169289738    
  0.620000005      0.183555692    
  0.629999995      0.200339958    
  0.639999986      0.219819516    
  0.649999976      0.241083279    
  0.659999967      0.258669794    
  0.669999957      0.258211881    
  0.680000007      0.256855488    
  0.689999998      0.257564873    
  0.699999988      0.259399086    
  0.709999979      0.262013435    
  0.719999969      0.265240222    
  0.729999959      0.268986970    
  0.740000010      0.273200095    
  0.750000000      0.277850062    
  0.759999990      0.282921016    
  0.769999981      0.288410425    
  0.779999971      0.294322282    
  0.789999962      0.300668389    
  0.799999952      0.307466477    
  0.810000002      0.314739913    
  0.819999993      0.322518855    
  0.829999983      0.330838710    
  0.839999974      0.339741439    
  0.849999964      0.349276930    
  0.859999955      0.359503299    
  0.870000005      0.370486706    
  0.879999995      0.382304013    
  0.889999986      0.395044982    
  0.899999976      0.408810675    
  0.909999967      0.423717082    
  0.919999957      0.439893156    
  0.930000007      0.457478940    
  0.939999998      0.476617247    
  0.949999988      0.497430921    
  0.959999979      0.519975781    
  0.969999969      0.544116020    
  0.979999959      0.569236398    
  0.989999950      0.593476653    
   1.00000000      0.611509204    
   1.00999999      0.619766891    
   1.01999998      0.625739872    
   1.02999997      0.630902231    
   1.03999996      0.635694385    
   1.04999995      0.640312552    
   1.05999994      0.644852102    
   1.06999993      0.649369419    
   1.07999992      0.653895319    
   1.09000003      0.658451736    
   1.10000002      0.663047910    
   1.11000001      0.667693138    
   1.12000000      0.672392845    
   1.13000000      0.677149713    
   1.13999999      0.681965053    
   1.14999998      0.686841607    
   1.15999997      0.691779137    
   1.16999996      0.696779549    
   1.17999995      0.701841593    
   1.18999994      0.706966877    
   1.19999993      0.712154269    
   1.20999992      0.717405558    
   1.22000003      0.722720146    
   1.23000002      0.728098333    
   1.24000001      0.733540535    
   1.25000000      0.739046514    
   1.25999999      0.744616032    
   1.26999998      0.750253320    
   1.27999997      0.755954802    
   1.28999996      0.761722505    
   1.29999995      0.767556429    
   1.30999994      0.773458064    
   1.31999993      0.779428184    
   1.32999992      0.785466671    
   1.33999991      0.791575193    
   1.35000002      0.797754109    
   1.36000001      0.804004371    
   1.37000000      0.810327053    
   1.38000000      0.816724658    
   1.38999999      0.823193848    
   1.39999998      0.829743147    
   1.40999997      0.836367488    
   1.41999996      0.843070507    
   1.42999995      0.849853098    
   1.43999994      0.856716216    
   1.44999993      0.863663197    
   1.45999992      0.870694339    
   1.46999991      0.877809823    
   1.48000002      0.885012984    
   1.49000001      0.892305493    
   1.50000000      0.899687707    
   1.50999999      0.907162607    
   1.51999998      0.914732099    
   1.52999997      0.922398686    
   1.53999996      0.930161536    
   1.54999995      0.938025177    
   1.55999994      0.945991516    
   1.56999993      0.954062045    
   1.57999992      0.962238610    
   1.58999991      0.970523834    
   1.59999990      0.978920817    
   1.61000001      0.987430573    
   1.62000000      0.996056855    
   1.63000000       1.00480103    
   1.63999999       1.01366651    
   1.64999998       1.02265632    
   1.65999997       1.03177047    
   1.66999996       1.04101384    
   1.67999995       1.05038929    
   1.68999994       1.05989814    
   1.69999993       1.06954622    
   1.70999992       1.07933259    
   1.71999991       1.08926189    
   1.73000002       1.09933579    
   1.74000001       1.10955930    
   1.75000000       1.11993313    
   1.75999999       1.13046169    
   1.76999998       1.14114439    
   1.77999997       1.15198588    
   1.78999996       1.16298950    
   1.79999995       1.17415500    
   1.80999994       1.18548572    
   1.81999993       1.19698334    
   1.82999992       1.20864618    
   1.83999991       1.22047818    
   1.84999990       1.23247719    
   1.86000001       1.24464381    
   1.87000000       1.25697517    
   1.88000000       1.26946831    
   1.88999999       1.28212082    
   1.89999998       1.29492462    
   1.90999997       1.30787683    
   1.91999996       1.32096148    
   1.92999995       1.33416951    
   1.93999994       1.34748590    
   1.94999993       1.36088848    
   1.95999992       1.37435222    
   1.96999991       1.38784611    
   1.97999990       1.40133452    
   1.99000001       1.41476834    
   2.00000000       1.42808831    
   2.00999999       1.44099057    
   2.01999998       1.45323431    
   2.02999997       1.46489811    
   2.03999996       1.47605908    
   2.04999995       1.48678434    
   2.05999994       1.49712205    
   2.06999993       1.50712073    
   2.07999992       1.51682496    
   2.08999991       1.52625847    
   2.09999990       1.53545308    
   2.10999990       1.54443061    
   2.11999989       1.55321336    
   2.12999988       1.56181836    
   2.13999987       1.57026410    
   2.14999986       1.57855940    
   2.15999985       1.58672261    
   2.16999984       1.59476197    
   2.18000007       1.60268366    
   2.19000006       1.61050260    
   2.20000005       1.61822200    
   2.21000004       1.62585390    
   2.22000003       1.63340080    
   2.23000002       1.64086866    
   2.24000001       1.64826381    
   2.25000000       1.65559030    
   2.25999999       1.66285408    
   2.26999998       1.67005658    
   2.27999997       1.67720342    
   2.28999996       1.68429732    
   2.29999995       1.69134319    
   2.30999994       1.69833970    
   2.31999993       1.70529258    
   2.32999992       1.71220565    
   2.33999991       1.71907747    
   2.34999990       1.72591245    
   2.35999990       1.73271322    
   2.36999989       1.73947883    
   2.37999988       1.74621296    
   2.38999987       1.75291765    
   2.39999986       1.75959146    
   2.40999985       1.76623833    
   2.41999984       1.77285922    
   2.42999983       1.77945614    
   2.44000006       1.78602839    
   2.45000005       1.79257846    
   2.46000004       1.79910648    
   2.47000003       1.80561233    
   2.48000002       1.81209958    
   2.49000001       1.81856704    
   2.50000000       1.82501781    
   2.50999999       1.83144891    
   2.51999998       1.83786225    
   2.52999997       1.84426343    
   2.53999996       1.85064602    
   2.54999995       1.85701478    
   2.55999994       1.86336720    
   2.56999993       1.86970782    
   2.57999992       1.87603486    
   2.58999991       1.88234842    
   2.59999990       1.88864994    
   2.60999990       1.89493871    
   2.61999989       1.90121639    
   2.62999988       1.90748334    
   2.63999987       1.91373980    
   2.64999986       1.91998541    
   2.65999985       1.92621982    
   2.66999984       1.93244541    
   2.67999983       1.93866122    
   2.69000006       1.94486988    
   2.70000005       1.95106804    
   2.71000004       1.95725656    
   2.72000003       1.96343720    
   2.73000002       1.96961176    
   2.74000001       1.97577596    
   2.75000000       1.98193598    
   2.75999999       1.98808563    
   2.76999998       1.99422848    
   2.77999997       2.00036573    
   2.78999996       2.00649476    
   2.79999995       2.01261878    
   2.80999994       2.01873589    
   2.81999993       2.02484632    
   2.82999992       2.03095126    
   2.83999991       2.03705001    
   2.84999990       2.04314256    
   2.85999990       2.04923058    
   2.86999989       2.05531216    
   2.87999988       2.06139064    
   2.88999987       2.06746221    
   2.89999986       2.07352829    
   2.90999985       2.07958937    
   2.91999984       2.08564663    
   2.92999983       2.09169817    
   2.93999982       2.09774899    
   2.95000005       2.10379171    
   2.96000004       2.10982919    
   2.97000003       2.11586618    
   2.98000002       2.12189770    
   2.99000001       2.12792325    
   3.00000000       2.13394666    
   3.00999999       2.13996553    
   3.01999998       2.14598131    
   3.02999997       2.15199351    
   3.03999996       2.15799975    
   3.04999995       2.16400647    
   3.05999994       2.17000389    
   3.06999993       2.17600465    
   3.07999992       2.18199778    
   3.08999991       2.18799162    
   3.09999990       2.19397879    
   3.10999990       2.19996142    
   3.11999989       2.20594430    
   3.12999988       2.21192408    
   3.13999987       2.21789765    
   3.14999986       2.22387123    
   3.15999985       2.22984338    
   3.16999984       2.23581004    
   3.17999983       2.24177384    
   3.18999982       2.24773669    
   3.19999981       2.25369549    
   3.21000004       2.25965285    
   3.22000003       2.26560736    
   3.23000002       2.27156138    
   3.24000001       2.27751017    
   3.25000000       2.28345728    
   3.25999999       2.28940320    
   3.26999998       2.29534698    
   3.27999997       2.30128622    
   3.28999996       2.30722427    
   3.29999995       2.31316137    
   3.30999994       2.31909347    
   3.31999993       2.32502437    
   3.32999992       2.33095527    
   3.33999991       2.33688140    
   3.34999990       2.34280920    
   3.35999990       2.34873343    
   3.36999989       2.35465407    
   3.37999988       2.36057568    
   3.38999987       2.36649251    
   3.39999986       2.37240815    
   3.40999985       2.37832212    
   3.41999984       2.38423395    
   3.42999983       2.39014292    
   3.43999982       2.39605141    
   3.44999981       2.40196037    
   3.46000004       2.40786791    
   3.47000003       2.41377044    
   3.48000002       2.41966963    
   3.49000001       2.42557144    
   3.50000000       2.43147087    
   3.50999999       2.43736672    
