   9.99999978E-03   5.17340144E-04
   1.99999996E-02   9.24892607E-04
   2.99999993E-02   1.23368960E-03
   3.99999991E-02   1.61730172E-03
   4.99999970E-02   1.74329907E-03
   5.99999987E-02   1.99663220E-03
   7.00000003E-02   2.40258314E-03
   7.99999982E-02   2.72419257E-03
   8.99999961E-02   2.86812801E-03
   9.99999940E-02   2.90806917E-03
  0.109999999       2.91439774E-03
  0.119999997       2.92616966E-03
  0.129999995       2.96111102E-03
  0.140000001       3.02529358E-03
  0.149999991       3.12020024E-03
  0.159999996       3.25125526E-03
  0.170000002       3.42100207E-03
  0.179999992       3.61187058E-03
  0.189999998       3.89395771E-03
  0.199999988       4.16152272E-03
  0.209999993       4.61411523E-03
  0.219999999       4.96451277E-03
  0.229999989       5.58347488E-03
  0.239999995       6.39918027E-03
  0.250000000       6.84254989E-03
  0.259999990       7.85271823E-03
  0.269999981       9.35162231E-03
  0.280000001       1.04971193E-02
  0.289999992       1.11487089E-02
  0.299999982       1.28187388E-02
  0.310000002       1.53116826E-02
  0.319999993       1.84068903E-02
  0.329999983       1.97112411E-02
  0.340000004       2.05069650E-02
  0.349999994       2.27325559E-02
  0.359999985       2.59510782E-02
  0.370000005       3.03914268E-02
  0.379999995       3.61824781E-02
  0.389999986       4.18999977E-02
  0.399999976       4.19474579E-02
  0.409999996       4.30119410E-02
  0.419999987       4.55858596E-02
  0.429999977       4.91679199E-02
  0.439999998       5.38166314E-02
  0.449999988       5.97454645E-02
  0.459999979       6.72948509E-02
  0.469999999       7.68422484E-02
  0.479999989       8.84102806E-02
  0.489999980       9.95760188E-02
  0.500000000       9.99377742E-02
  0.509999990       9.90585387E-02
  0.519999981      0.100757875    
  0.529999971      0.103614055    
  0.539999962      0.107346795    
  0.550000012      0.111885525    
  0.560000002      0.117250152    
  0.569999993      0.123516306    
  0.579999983      0.130806193    
  0.589999974      0.139293283    
  0.599999964      0.149209008    
  0.610000014      0.160854355    
  0.620000005      0.174600348    
  0.629999995      0.190850854    
  0.639999986      0.209841385    
  0.649999976      0.230786979    
  0.659999967      0.248399496    
  0.669999957      0.247980997    
  0.680000007      0.246536955    
  0.689999998      0.247160375    
  0.699999988      0.248892248    
  0.709999979      0.251388729    
  0.719999969      0.254483551    
  0.729999959      0.258085251    
  0.740000010      0.262140930    
  0.750000000      0.266621768    
  0.759999990      0.271512568    
  0.769999981      0.276810586    
  0.779999971      0.282516420    
  0.789999962      0.288651913    
  0.799999952      0.295224935    
  0.810000002      0.302261204    
  0.819999993      0.309792399    
  0.829999983      0.317851633    
  0.839999974      0.326482654    
  0.849999964      0.335734576    
  0.859999955      0.345664620    
  0.870000005      0.356341332    
  0.879999995      0.367841154    
  0.889999986      0.380254328    
  0.899999976      0.393685460    
  0.909999967      0.408251584    
  0.919999957      0.424087405    
  0.930000007      0.441339910    
  0.939999998      0.460162044    
  0.949999988      0.480692774    
  0.959999979      0.503009498    
  0.969999969      0.527009785    
  0.979999959      0.552114785    
  0.989999950      0.576483905    
   1.00000000      0.594652176    
   1.00999999      0.602799892    
   1.01999998      0.608633876    
   1.02999997      0.613657236    
   1.03999996      0.618314445    
   1.04999995      0.622801661    
   1.05999994      0.627213359    
   1.06999993      0.631604612    
   1.07999992      0.636008322    
   1.09000003      0.640440822    
   1.10000002      0.644916773    
   1.11000001      0.649440825    
   1.12000000      0.654020190    
   1.13000000      0.658656657    
   1.13999999      0.663352847    
   1.14999998      0.668109596    
   1.15999997      0.672926068    
   1.16999996      0.677806437    
   1.17999995      0.682747602    
   1.18999994      0.687751651    
   1.19999993      0.692818642    
   1.20999992      0.697947502    
   1.22000003      0.703139544    
   1.23000002      0.708395123    
   1.24000001      0.713713765    
   1.25000000      0.719097137    
   1.25999999      0.724541664    
   1.26999998      0.730054677    
   1.27999997      0.735630691    
   1.28999996      0.741272569    
   1.29999995      0.746980131    
   1.30999994      0.752755105    
   1.31999993      0.758597136    
   1.32999992      0.764508009    
   1.33999991      0.770487368    
   1.35000002      0.776537597    
   1.36000001      0.782658577    
   1.37000000      0.788851440    
   1.38000000      0.795117497    
   1.38999999      0.801456213    
   1.39999998      0.807873845    
   1.40999997      0.814366162    
   1.41999996      0.820937872    
   1.42999995      0.827587187    
   1.43999994      0.834317565    
   1.44999993      0.841130793    
   1.45999992      0.848026574    
   1.46999991      0.855008960    
   1.48000002      0.862077892    
   1.49000001      0.869234860    
   1.50000000      0.876482785    
   1.50999999      0.883823037    
   1.51999998      0.891257346    
   1.52999997      0.898787022    
   1.53999996      0.906415522    
   1.54999995      0.914142907    
   1.55999994      0.921973825    
   1.56999993      0.929908752    
   1.57999992      0.937950850    
   1.58999991      0.946100652    
   1.59999990      0.954363048    
   1.61000001      0.962738812    
   1.62000000      0.971229494    
   1.63000000      0.979842007    
   1.63999999      0.988574743    
   1.64999998      0.997432411    
   1.65999997       1.00641632    
   1.66999996       1.01552880    
   1.67999995       1.02477515    
   1.68999994       1.03415835    
   1.69999993       1.04367816    
   1.70999992       1.05333984    
   1.71999991       1.06314611    
   1.73000002       1.07309973    
   1.74000001       1.08320367    
   1.75000000       1.09346044    
   1.75999999       1.10387456    
   1.76999998       1.11444664    
   1.77999997       1.12518001    
   1.78999996       1.13607740    
   1.79999995       1.14714229    
   1.80999994       1.15837455    
   1.81999993       1.16977799    
   1.82999992       1.18135297    
   1.83999991       1.19310093    
   1.84999990       1.20502174    
   1.86000001       1.21711516    
   1.87000000       1.22938025    
   1.88000000       1.24181342    
   1.88999999       1.25441194    
   1.89999998       1.26717174    
   1.90999997       1.28008425    
   1.91999996       1.29314041    
   1.92999995       1.30632782    
   1.93999994       1.31963098    
   1.94999993       1.33303118    
   1.95999992       1.34650242    
   1.96999991       1.36001337    
   1.97999990       1.37352455    
   1.99000001       1.38699102    
   2.00000000       1.40034902    
   2.00999999       1.41329253    
   2.01999998       1.42557192    
   2.02999997       1.43726194    
   2.03999996       1.44844234    
   2.04999995       1.45917904    
   2.05999994       1.46952116    
   2.06999993       1.47952020    
   2.07999992       1.48921680    
   2.08999991       1.49864006    
   2.09999990       1.50781929    
   2.10999990       1.51677966    
   2.11999989       1.52554047    
   2.12999988       1.53412223    
   2.13999987       1.54254079    
   2.14999986       1.55080855    
   2.15999985       1.55893970    
   2.16999984       1.56694722    
   2.18000007       1.57483506    
   2.19000006       1.58261800    
   2.20000005       1.59030092    
   2.21000004       1.59789169    
   2.22000003       1.60539997    
   2.23000002       1.61282575    
   2.24000001       1.62017918    
   2.25000000       1.62746298    
   2.25999999       1.63468361    
   2.26999998       1.64184165    
   2.27999997       1.64894283    
   2.28999996       1.65598989    
   2.29999995       1.66299021    
   2.30999994       1.66994023    
   2.31999993       1.67684650    
   2.32999992       1.68370950    
   2.33999991       1.69053400    
   2.34999990       1.69731927    
   2.35999990       1.70406938    
   2.36999989       1.71078503    
   2.37999988       1.71746778    
   2.38999987       1.72412062    
   2.39999986       1.73074496    
   2.40999985       1.73734224    
   2.41999984       1.74391079    
   2.42999983       1.75045478    
   2.44000006       1.75697470    
   2.45000005       1.76347184    
   2.46000004       1.76994622    
   2.47000003       1.77640080    
   2.48000002       1.78283453    
   2.49000001       1.78924787    
   2.50000000       1.79564500    
   2.50999999       1.80202222    
   2.51999998       1.80838370    
   2.52999997       1.81472659    
   2.53999996       1.82105625    
   2.54999995       1.82737005    
   2.55999994       1.83366871    
   2.56999993       1.83995378    
   2.57999992       1.84622574    
   2.58999991       1.85248506    
   2.59999990       1.85872936    
   2.60999990       1.86496377    
   2.61999989       1.87118614    
   2.62999988       1.87739754    
   2.63999987       1.88359630    
   2.64999986       1.88978732    
   2.65999985       1.89596653    
   2.66999984       1.90213561    
   2.67999983       1.90829551    
   2.69000006       1.91444647    
   2.70000005       1.92058790    
   2.71000004       1.92672157    
   2.72000003       1.93284690    
   2.73000002       1.93896329    
   2.74000001       1.94507205    
   2.75000000       1.95117438    
   2.75999999       1.95726764    
   2.76999998       1.96335351    
   2.77999997       1.96943295    
   2.78999996       1.97550631    
   2.79999995       1.98157156    
   2.80999994       1.98763144    
   2.81999993       1.99368608    
   2.82999992       1.99973238    
   2.83999991       2.00577402    
   2.84999990       2.01181030    
   2.85999990       2.01783991    
   2.86999989       2.02386642    
   2.87999988       2.02988601    
   2.88999987       2.03589797    
   2.89999986       2.04190779    
   2.90999985       2.04791307    
   2.91999984       2.05391216    
   2.92999983       2.05990434    
   2.93999982       2.06589580    
   2.95000005       2.07188201    
   2.96000004       2.07786155    
   2.97000003       2.08384085    
   2.98000002       2.08981252    
   2.99000001       2.09578204    
   3.00000000       2.10174561    
   3.00999999       2.10770702    
   3.01999998       2.11366630    
   3.02999997       2.11961842    
   3.03999996       2.12556815    
   3.04999995       2.13151336    
   3.05999994       2.13745737    
   3.06999993       2.14339495    
   3.07999992       2.14933372    
   3.08999991       2.15526748    
   3.09999990       2.16119671    
   3.10999990       2.16712141    
   3.11999989       2.17304587    
   3.12999988       2.17896414    
   3.13999987       2.18488336    
   3.14999986       2.19079828    
   3.15999985       2.19670916    
   3.16999984       2.20261836    
   3.17999983       2.20852542    
   3.18999982       2.21442795    
   3.19999981       2.22032976    
   3.21000004       2.22622800    
   3.22000003       2.23212314    
   3.23000002       2.23801661    
   3.24000001       2.24390841    
   3.25000000       2.24979734    
   3.25999999       2.25568199    
   3.26999998       2.26156569    
   3.27999997       2.26744366    
   3.28999996       2.27332664    
   3.29999995       2.27920413    
   3.30999994       2.28507805    
   3.31999993       2.29095149    
   3.32999992       2.29682207    
   3.33999991       2.30269074    
   3.34999990       2.30855751    
   3.35999990       2.31442142    
   3.36999989       2.32028461    
   3.37999988       2.32614827    
   3.38999987       2.33200550    
   3.39999986       2.33786082    
   3.40999985       2.34371662    
   3.41999984       2.34956789    
   3.42999983       2.35542202    
   3.43999982       2.36127281    
   3.44999981       2.36712050    
   3.46000004       2.37296796    
   3.47000003       2.37880945    
   3.48000002       2.38465166    
   3.49000001       2.39049387    
   3.50000000       2.39633369    
   3.50999999       2.40217185    
