   9.99999978E-03   5.17973793E-04
   1.99999996E-02   9.26602923E-04
   2.99999993E-02   1.24293834E-03
   3.99999991E-02   1.62121514E-03
   4.99999970E-02   1.75314874E-03
   5.99999987E-02   1.99766317E-03
   7.00000003E-02   2.40796502E-03
   7.99999982E-02   2.73209624E-03
   8.99999961E-02   2.88339565E-03
   9.99999940E-02   2.92664696E-03
  0.109999999       2.93328916E-03
  0.119999997       2.94363778E-03
  0.129999995       2.97667249E-03
  0.140000001       3.03919101E-03
  0.149999991       3.13316332E-03
  0.159999996       3.26486723E-03
  0.170000002       3.43744503E-03
  0.179999992       3.63183091E-03
  0.189999998       3.92303849E-03
  0.199999988       4.19904059E-03
  0.209999993       4.67075454E-03
  0.219999999       5.03137521E-03
  0.229999989       5.68208145E-03
  0.239999995       6.53032959E-03
  0.250000000       6.99083647E-03
  0.259999990       8.05159099E-03
  0.269999981       9.61625855E-03
  0.280000001       1.07918633E-02
  0.289999992       1.14784986E-02
  0.299999982       1.32264839E-02
  0.310000002       1.58257745E-02
  0.319999993       1.90224182E-02
  0.329999983       2.03413684E-02
  0.340000004       2.11834572E-02
  0.349999994       2.35025194E-02
  0.359999985       2.68483944E-02
  0.370000005       3.14507000E-02
  0.379999995       3.74209434E-02
  0.389999986       4.32420112E-02
  0.399999976       4.32650819E-02
  0.409999996       4.43824865E-02
  0.419999987       4.70481180E-02
  0.429999977       5.07515334E-02
  0.439999998       5.55519201E-02
  0.449999988       6.16653524E-02
  0.459999979       6.94337860E-02
  0.469999999       7.92269781E-02
  0.479999989       9.10294577E-02
  0.489999980      0.102307901    
  0.500000000      0.102613896    
  0.509999990      0.101754576    
  0.519999981      0.103511661    
  0.529999971      0.106448971    
  0.539999962      0.110281654    
  0.550000012      0.114938274    
  0.560000002      0.120438643    
  0.569999993      0.126859516    
  0.579999983      0.134323627    
  0.589999974      0.143006980    
  0.599999964      0.153140783    
  0.610000014      0.165026620    
  0.620000005      0.179031864    
  0.629999995      0.195549086    
  0.639999986      0.214784801    
  0.649999976      0.235891581    
  0.659999967      0.253492475    
  0.669999957      0.253045052    
  0.680000007      0.251652360    
  0.689999998      0.252318233    
  0.699999988      0.254100531    
  0.709999979      0.256655544    
  0.719999969      0.259815872    
  0.729999959      0.263489276    
  0.740000010      0.267623425    
  0.750000000      0.272188038    
  0.759999990      0.277168751    
  0.769999981      0.282561749    
  0.779999971      0.288371891    
  0.789999962      0.294610322    
  0.799999952      0.301295251    
  0.810000002      0.308449864    
  0.819999993      0.316104174    
  0.829999983      0.324293345    
  0.839999974      0.333060294    
  0.849999964      0.342452854    
  0.859999955      0.352530688    
  0.870000005      0.363360882    
  0.879999995      0.375019252    
  0.889999986      0.387596279    
  0.899999976      0.401194483    
  0.909999967      0.415930927    
  0.919999957      0.431937605    
  0.930000007      0.449357659    
  0.939999998      0.468338400    
  0.949999988      0.489011854    
  0.959999979      0.511444628    
  0.969999969      0.535516262    
  0.979999959      0.560630441    
  0.989999950      0.584935904    
   1.00000000      0.603036344    
   1.00999999      0.611239314    
   1.01999998      0.617142618    
   1.02999997      0.622235298    
   1.03999996      0.626960218    
   1.04999995      0.631511927    
   1.05999994      0.635988235    
   1.06999993      0.640442133    
   1.07999992      0.644906521    
   1.09000003      0.649401009    
   1.10000002      0.653936863    
   1.11000001      0.658521652    
   1.12000000      0.663160563    
   1.13000000      0.667856812    
   1.13999999      0.672612429    
   1.14999998      0.677429616    
   1.15999997      0.682306230    
   1.16999996      0.687245607    
   1.17999995      0.692247927    
   1.18999994      0.697311819    
   1.19999993      0.702439308    
   1.20999992      0.707629263    
   1.22000003      0.712882400    
   1.23000002      0.718198597    
   1.24000001      0.723579049    
   1.25000000      0.729023755    
   1.25999999      0.734530807    
   1.26999998      0.740105510    
   1.27999997      0.745744050    
   1.28999996      0.751447976    
   1.29999995      0.757219911    
   1.30999994      0.763057590    
   1.31999993      0.768963218    
   1.32999992      0.774937689    
   1.33999991      0.780982316    
   1.35000002      0.787096739    
   1.36000001      0.793281913    
   1.37000000      0.799539983    
   1.38000000      0.805871367    
   1.38999999      0.812275290    
   1.39999998      0.818758667    
   1.40999997      0.825317621    
   1.41999996      0.831953466    
   1.42999995      0.838669956    
   1.43999994      0.845466912    
   1.44999993      0.852346420    
   1.45999992      0.859309793    
   1.46999991      0.866359472    
   1.48000002      0.873495638    
   1.49000001      0.880719543    
   1.50000000      0.888034999    
   1.50999999      0.895441949    
   1.51999998      0.902944326    
   1.52999997      0.910541713    
   1.53999996      0.918238223    
   1.54999995      0.926034272    
   1.55999994      0.933932662    
   1.56999993      0.941934884    
   1.57999992      0.950044036    
   1.58999991      0.958261967    
   1.59999990      0.966592133    
   1.61000001      0.975034833    
   1.62000000      0.983593881    
   1.63000000      0.992272317    
   1.63999999       1.00107145    
   1.64999998       1.00999403    
   1.65999997       1.01904368    
   1.66999996       1.02822268    
   1.67999995       1.03753531    
   1.68999994       1.04697990    
   1.69999993       1.05656314    
   1.70999992       1.06628716    
   1.71999991       1.07615554    
   1.73000002       1.08616948    
   1.74000001       1.09633398    
   1.75000000       1.10664976    
   1.75999999       1.11712015    
   1.76999998       1.12774861    
   1.77999997       1.13853621    
   1.78999996       1.14948630    
   1.79999995       1.16060221    
   1.80999994       1.17188346    
   1.81999993       1.18333447    
   1.82999992       1.19495416    
   1.83999991       1.20674467    
   1.84999990       1.21870506    
   1.86000001       1.23083520    
   1.87000000       1.24313378    
   1.88000000       1.25559723    
   1.88999999       1.26822329    
   1.89999998       1.28100646    
   1.90999997       1.29393852    
   1.91999996       1.30700958    
   1.92999995       1.32020772    
   1.93999994       1.33351851    
   1.94999993       1.34691870    
   1.95999992       1.36038649    
   1.96999991       1.37388897    
   1.97999990       1.38739038    
   1.99000001       1.40083945    
   2.00000000       1.41417813    
   2.00999999       1.42710245    
   2.01999998       1.43936396    
   2.02999997       1.45104074    
   2.03999996       1.46221209    
   2.04999995       1.47294223    
   2.05999994       1.48328269    
   2.06999993       1.49327850    
   2.07999992       1.50298202    
   2.08999991       1.51241052    
   2.09999990       1.52159739    
   2.10999990       1.53056574    
   2.11999989       1.53933728    
   2.12999988       1.54793203    
   2.13999987       1.55636299    
   2.14999986       1.56464565    
   2.15999985       1.57279193    
   2.16999984       1.58081591    
   2.18000007       1.58872032    
   2.19000006       1.59652150    
   2.20000005       1.60422301    
   2.21000004       1.61183476    
   2.22000003       1.61936092    
   2.23000002       1.62680852    
   2.24000001       1.63418269    
   2.25000000       1.64148855    
   2.25999999       1.64873052    
   2.26999998       1.65591073    
   2.27999997       1.66303480    
   2.28999996       1.67010593    
   2.29999995       1.67712736    
   2.30999994       1.68410265    
   2.31999993       1.69103229    
   2.32999992       1.69791937    
   2.33999991       1.70476782    
   2.34999990       1.71157837    
   2.35999990       1.71835279    
   2.36999989       1.72509301    
   2.37999988       1.73180223    
   2.38999987       1.73848057    
   2.39999986       1.74512982    
   2.40999985       1.75175261    
   2.41999984       1.75834799    
   2.42999983       1.76491833    
   2.44000006       1.77146447    
   2.45000005       1.77798700    
   2.46000004       1.78448927    
   2.47000003       1.79096854    
   2.48000002       1.79743040    
   2.49000001       1.80387127    
   2.50000000       1.81029320    
   2.50999999       1.81669807    
   2.51999998       1.82308567    
   2.52999997       1.82945824    
   2.53999996       1.83581352    
   2.54999995       1.84215462    
   2.55999994       1.84847975    
   2.56999993       1.85479450    
   2.57999992       1.86109364    
   2.58999991       1.86737859    
   2.59999990       1.87365186    
   2.60999990       1.87991381    
   2.61999989       1.88616514    
   2.62999988       1.89240324    
   2.63999987       1.89863217    
   2.64999986       1.90484858    
   2.65999985       1.91105616    
   2.66999984       1.91725349    
   2.67999983       1.92344236    
   2.69000006       1.92962110    
   2.70000005       1.93578970    
   2.71000004       1.94195080    
   2.72000003       1.94810557    
   2.73000002       1.95425129    
   2.74000001       1.96038783    
   2.75000000       1.96651757    
   2.75999999       1.97263968    
   2.76999998       1.97875428    
   2.77999997       1.98486233    
   2.78999996       1.99096441    
   2.79999995       1.99705827    
   2.80999994       2.00314760    
   2.81999993       2.00922990    
   2.82999992       2.01530528    
   2.83999991       2.02137589    
   2.84999990       2.02744055    
   2.85999990       2.03349924    
   2.86999989       2.03955126    
   2.87999988       2.04559946    
   2.88999987       2.05164385    
   2.89999986       2.05768013    
   2.90999985       2.06371403    
   2.91999984       2.06974316    
   2.92999983       2.07576537    
   2.93999982       2.08178520    
   2.95000005       2.08780050    
   2.96000004       2.09380913    
   2.97000003       2.09981799    
   2.98000002       2.10581970    
   2.99000001       2.11181545    
   3.00000000       2.11781168    
   3.00999999       2.12380123    
   3.01999998       2.12978649    
   3.02999997       2.13576794    
   3.03999996       2.14174891    
   3.04999995       2.14772272    
   3.05999994       2.15369511    
   3.06999993       2.15966415    
   3.07999992       2.16562939    
   3.08999991       2.17157865    
   3.09999990       2.17754984    
   3.10999990       2.18350601    
   3.11999989       2.18945885    
   3.12999988       2.19540739    
   3.13999987       2.20135641    
   3.14999986       2.20729876    
   3.15999985       2.21323943    
   3.16999984       2.21917796    
   3.17999983       2.22511339    
   3.18999982       2.23104739    
   3.19999981       2.23697686    
   3.21000004       2.24290323    
   3.22000003       2.24882960    
   3.23000002       2.25475216    
   3.24000001       2.26067162    
   3.25000000       2.26659012    
   3.25999999       2.27250671    
   3.26999998       2.27842045    
   3.27999997       2.28433061    
   3.28999996       2.29024100    
   3.29999995       2.29614615    
   3.30999994       2.30205059    
   3.31999993       2.30795145    
   3.32999992       2.31385136    
   3.33999991       2.31975007    
   3.34999990       2.32564759    
   3.35999990       2.33154273    
   3.36999989       2.33743382    
   3.37999988       2.34332466    
   3.38999987       2.34921169    
   3.39999986       2.35509753    
   3.40999985       2.36098289    
   3.41999984       2.36686492    
   3.42999983       2.37274718    
   3.43999982       2.37862635    
   3.44999981       2.38450408    
   3.46000004       2.39037848    
   3.47000003       2.39625239    
   3.48000002       2.40212560    
   3.49000001       2.40799713    
   3.50000000       2.41386461    
   3.50999999       2.41973138    
