   9.99999978E-03   5.18185378E-04
   1.99999996E-02   9.28468071E-04
   2.99999993E-02   1.27999496E-03
   3.99999991E-02   1.63299392E-03
   4.99999970E-02   1.80524890E-03
   5.99999987E-02   2.00429349E-03
   7.00000003E-02   2.40507093E-03
   7.99999982E-02   2.76482664E-03
   8.99999961E-02   2.95519899E-03
   9.99999940E-02   3.01837386E-03
  0.109999999       3.02864634E-03
  0.119999997       3.03362147E-03
  0.129999995       3.05854669E-03
  0.140000001       3.11425608E-03
  0.149999991       3.20602371E-03
  0.159999996       3.34298331E-03
  0.170000002       3.53551027E-03
  0.179999992       3.75341810E-03
  0.189999998       4.09951434E-03
  0.199999988       4.42877598E-03
  0.209999993       5.01278229E-03
  0.219999999       5.44131780E-03
  0.229999989       6.27352297E-03
  0.239999995       7.30338693E-03
  0.250000000       7.86677003E-03
  0.259999990       9.22137685E-03
  0.269999981       1.11519666E-02
  0.280000001       1.24874655E-02
  0.289999992       1.33819971E-02
  0.299999982       1.55728180E-02
  0.310000002       1.87615380E-02
  0.319999993       2.24963464E-02
  0.329999983       2.38870028E-02
  0.340000004       2.50017997E-02
  0.349999994       2.78397687E-02
  0.359999985       3.18878926E-02
  0.370000005       3.73695605E-02
  0.379999995       4.42754142E-02
  0.389999986       5.06184958E-02
  0.399999976       5.05221710E-02
  0.409999996       5.19359782E-02
  0.419999987       5.51033877E-02
  0.429999977       5.94657809E-02
  0.439999998       6.50827512E-02
  0.449999988       7.21859783E-02
  0.459999979       8.11131448E-02
  0.469999999       9.21870396E-02
  0.479999989      0.105161831    
  0.489999980      0.116979748    
  0.500000000      0.117011003    
  0.509999990      0.116273448    
  0.519999981      0.118343458    
  0.529999971      0.121713951    
  0.539999962      0.126078621    
  0.550000012      0.131360382    
  0.560000002      0.137578055    
  0.569999993      0.144812018    
  0.579999983      0.153190807    
  0.589999974      0.162894383    
  0.599999964      0.174159437    
  0.610000014      0.187281057    
  0.620000005      0.202604309    
  0.629999995      0.220457062    
  0.639999986      0.240891695    
  0.649999976      0.262743920    
  0.659999967      0.280245721    
  0.669999957      0.279783398    
  0.680000007      0.278572351    
  0.689999998      0.279465079    
  0.699999988      0.281520069    
  0.709999979      0.284383744    
  0.719999969      0.287887573    
  0.729999959      0.291937023    
  0.740000010      0.296477020    
  0.750000000      0.301477253    
  0.759999990      0.306922227    
  0.769999981      0.312807649    
  0.779999971      0.319137692    
  0.789999962      0.325924188    
  0.799999952      0.333185166    
  0.810000002      0.340943992    
  0.819999993      0.349231213    
  0.829999983      0.358081847    
  0.839999974      0.367538631    
  0.849999964      0.377650738    
  0.859999955      0.388475716    
  0.870000005      0.400078982    
  0.879999995      0.412535995    
  0.889999986      0.425932616    
  0.899999976      0.440366775    
  0.909999967      0.455945969    
  0.919999957      0.472790331    
  0.930000007      0.491024971    
  0.939999998      0.510771155    
  0.949999988      0.532119691    
  0.959999979      0.555081725    
  0.969999969      0.579460084    
  0.979999959      0.604574084    
  0.989999950      0.628537953    
   1.00000000      0.646304548    
   1.00999999      0.654779553    
   1.01999998      0.661030293    
   1.02999997      0.666471183    
   1.03999996      0.671537161    
   1.04999995      0.676420450    
   1.05999994      0.681220412    
   1.06999993      0.685992956    
   1.07999992      0.690771639    
   1.09000003      0.695576549    
   1.10000002      0.700420737    
   1.11000001      0.705311418    
   1.12000000      0.710256875    
   1.13000000      0.715257645    
   1.13999999      0.720317900    
   1.14999998      0.725439191    
   1.15999997      0.730621815    
   1.16999996      0.735866785    
   1.17999995      0.741174519    
   1.18999994      0.746545732    
   1.19999993      0.751980722    
   1.20999992      0.757478833    
   1.22000003      0.763042331    
   1.23000002      0.768669188    
   1.24000001      0.774361134    
   1.25000000      0.780118346    
   1.25999999      0.785940051    
   1.26999998      0.791829646    
   1.27999997      0.797785282    
   1.28999996      0.803807795    
   1.29999995      0.809898078    
   1.30999994      0.816055954    
   1.31999993      0.822283804    
   1.32999992      0.828581452    
   1.33999991      0.834949315    
   1.35000002      0.841389656    
   1.36000001      0.847901344    
   1.37000000      0.854485869    
   1.38000000      0.861146867    
   1.38999999      0.867881954    
   1.39999998      0.874694467    
   1.40999997      0.881575406    
   1.41999996      0.888553083    
   1.42999995      0.895602822    
   1.43999994      0.902734339    
   1.44999993      0.909948945    
   1.45999992      0.917248130    
   1.46999991      0.924634159    
   1.48000002      0.932106793    
   1.49000001      0.939668477    
   1.50000000      0.947322369    
   1.50999999      0.955066681    
   1.51999998      0.962907434    
   1.52999997      0.970843554    
   1.53999996      0.978877068    
   1.54999995      0.987011671    
   1.55999994      0.995248079    
   1.56999993       1.00358748    
   1.57999992       1.01203310    
   1.58999991       1.02058697    
   1.59999990       1.02925122    
   1.61000001       1.03802776    
   1.62000000       1.04691923    
   1.63000000       1.05592692    
   1.63999999       1.06505358    
   1.64999998       1.07430387    
   1.65999997       1.08367836    
   1.66999996       1.09317732    
   1.67999995       1.10280681    
   1.68999994       1.11256695    
   1.69999993       1.12246203    
   1.70999992       1.13249338    
   1.71999991       1.14266229    
   1.73000002       1.15297472    
   1.74000001       1.16342914    
   1.75000000       1.17402995    
   1.75999999       1.18477952    
   1.76999998       1.19567883    
   1.77999997       1.20673072    
   1.78999996       1.21793568    
   1.79999995       1.22929943    
   1.80999994       1.24081576    
   1.81999993       1.25248897    
   1.82999992       1.26432264    
   1.83999991       1.27631342    
   1.84999990       1.28846085    
   1.86000001       1.30076301    
   1.87000000       1.31321955    
   1.88000000       1.32582366    
   1.88999999       1.33857298    
   1.89999998       1.35146058    
   1.90999997       1.36447597    
   1.91999996       1.37761271    
   1.92999995       1.39085507    
   1.93999994       1.40418708    
   1.94999993       1.41758668    
   1.95999992       1.43103063    
   1.96999991       1.44449055    
   1.97999990       1.45792472    
   1.99000001       1.47129011    
   2.00000000       1.48452890    
   2.00999999       1.49734747    
   2.01999998       1.50951993    
   2.02999997       1.52113152    
   2.03999996       1.53225446    
   2.04999995       1.54295540    
   2.05999994       1.55328262    
   2.06999993       1.56328106    
   2.07999992       1.57299352    
   2.08999991       1.58244967    
   2.09999990       1.59167039    
   2.10999990       1.60068309    
   2.11999989       1.60950601    
   2.12999988       1.61815846    
   2.13999987       1.62665308    
   2.14999986       1.63500667    
   2.15999985       1.64322817    
   2.16999984       1.65133274    
   2.18000007       1.65932298    
   2.19000006       1.66721106    
   2.20000005       1.67500508    
   2.21000004       1.68271303    
   2.22000003       1.69033539    
   2.23000002       1.69788504    
   2.24000001       1.70536208    
   2.25000000       1.71277404    
   2.25999999       1.72012389    
   2.26999998       1.72741354    
   2.27999997       1.73465109    
   2.28999996       1.74183488    
   2.29999995       1.74897325    
   2.30999994       1.75606370    
   2.31999993       1.76311147    
   2.32999992       1.77011967    
   2.33999991       1.77708805    
   2.34999990       1.78402042    
   2.35999990       1.79091942    
   2.36999989       1.79778409    
   2.37999988       1.80461872    
   2.38999987       1.81142354    
   2.39999986       1.81819999    
   2.40999985       1.82494843    
   2.41999984       1.83167422    
   2.42999983       1.83837163    
   2.44000006       1.84504902    
   2.45000005       1.85170293    
   2.46000004       1.85833597    
   2.47000003       1.86494708    
   2.48000002       1.87154067    
   2.49000001       1.87811434    
   2.50000000       1.88467145    
   2.50999999       1.89120996    
   2.51999998       1.89773285    
   2.52999997       1.90423965    
   2.53999996       1.91073120    
   2.54999995       1.91720688    
   2.55999994       1.92367077    
   2.56999993       1.93011940    
   2.57999992       1.93655479    
   2.58999991       1.94297886    
   2.59999990       1.94939077    
   2.60999990       1.95579004    
   2.61999989       1.96217883    
   2.62999988       1.96855652    
   2.63999987       1.97492301    
   2.64999986       1.98127890    
   2.65999985       1.98762631    
   2.66999984       1.99396384    
   2.67999983       2.00029206    
   2.69000006       2.00661087    
   2.70000005       2.01292038    
   2.71000004       2.01922417    
   2.72000003       2.02551723    
   2.73000002       2.03180289    
   2.74000001       2.03808260    
   2.75000000       2.04435253    
   2.75999999       2.05061698    
   2.76999998       2.05687499    
   2.77999997       2.06312442    
   2.78999996       2.06936717    
   2.79999995       2.07560444    
   2.80999994       2.08183575    
   2.81999993       2.08806062    
   2.82999992       2.09427905    
   2.83999991       2.10049319    
   2.84999990       2.10670042    
   2.85999990       2.11290240    
   2.86999989       2.11909866    
   2.87999988       2.12529111    
   2.88999987       2.13147855    
   2.89999986       2.13766122    
   2.90999985       2.14383745    
   2.91999984       2.15000868    
   2.92999983       2.15617728    
   2.93999982       2.16234016    
   2.95000005       2.16850066    
   2.96000004       2.17465234    
   2.97000003       2.18080616    
   2.98000002       2.18695140    
   2.99000001       2.19309521    
   3.00000000       2.19923329    
   3.00999999       2.20536852    
   3.01999998       2.21149898    
   3.02999997       2.21762943    
   3.03999996       2.22375154    
   3.04999995       2.22987223    
   3.05999994       2.23598862    
   3.06999993       2.24210238    
   3.07999992       2.24821472    
   3.08999991       2.25432134    
   3.09999990       2.26042676    
   3.10999990       2.26653004    
   3.11999989       2.27262735    
   3.12999988       2.27872539    
   3.13999987       2.28481650    
   3.14999986       2.29090500    
   3.15999985       2.29699373    
   3.16999984       2.30307531    
   3.17999983       2.30915999    
   3.18999982       2.31523824    
   3.19999981       2.32131648    
   3.21000004       2.32739091    
   3.22000003       2.33346200    
   3.23000002       2.33953142    
   3.24000001       2.34559798    
   3.25000000       2.35166025    
   3.25999999       2.35772324    
   3.26999998       2.36378407    
   3.27999997       2.36984348    
   3.28999996       2.37589574    
   3.29999995       2.38195324    
   3.30999994       2.38800097    
   3.31999993       2.39405060    
   3.32999992       2.40010142    
   3.33999991       2.40614247    
   3.34999990       2.41218877    
   3.35999990       2.41822886    
   3.36999989       2.42426777    
   3.37999988       2.43030620    
   3.38999987       2.43634152    
   3.39999986       2.44237852    
   3.40999985       2.44840693    
   3.41999984       2.45444059    
   3.42999983       2.46046638    
   3.43999982       2.46649623    
   3.44999981       2.47251821    
   3.46000004       2.47854137    
   3.47000003       2.48456407    
   3.48000002       2.49058366    
   3.49000001       2.49660325    
   3.50000000       2.50261950    
   3.50999999       2.50863576    
