   9.99999978E-03   5.18162793E-04
   1.99999996E-02   9.28616442E-04
   2.99999993E-02   1.25856651E-03
   3.99999991E-02   1.62792916E-03
   4.99999970E-02   1.77678699E-03
   5.99999987E-02   1.99994282E-03
   7.00000003E-02   2.40720250E-03
   7.99999982E-02   2.74882116E-03
   8.99999961E-02   2.91782874E-03
   9.99999940E-02   2.96976208E-03
  0.109999999       2.97749462E-03
  0.119999997       2.98503949E-03
  0.129999995       3.01401434E-03
  0.140000001       3.07304272E-03
  0.149999991       3.16572282E-03
  0.159999996       3.29881581E-03
  0.170000002       3.47972475E-03
  0.179999992       3.68361664E-03
  0.189999998       3.99849610E-03
  0.199999988       4.29687463E-03
  0.209999993       4.81733400E-03
  0.219999999       5.20774350E-03
  0.229999989       5.93624543E-03
  0.239999995       6.86536497E-03
  0.250000000       7.37006031E-03
  0.259999990       8.55906587E-03
  0.269999981       1.02860359E-02
  0.280000001       1.15348417E-02
  0.289999992       1.23113291E-02
  0.299999982       1.42545430E-02
  0.310000002       1.71165429E-02
  0.319999993       2.05584168E-02
  0.329999983       2.19092220E-02
  0.340000004       2.28717979E-02
  0.349999994       2.54212730E-02
  0.359999985       2.90810894E-02
  0.370000005       3.40790898E-02
  0.379999995       4.04759310E-02
  0.389999986       4.65431586E-02
  0.399999976       4.65089194E-02
  0.409999996       4.77574319E-02
  0.419999987       5.06480001E-02
  0.429999977       5.46478853E-02
  0.439999998       5.98175377E-02
  0.449999988       6.63784891E-02
  0.459999979       7.46734366E-02
  0.469999999       8.50547329E-02
  0.479999989       9.74078402E-02
  0.489999980      0.108940013    
  0.500000000      0.109116718    
  0.509999990      0.108309545    
  0.519999981      0.110207491    
  0.529999971      0.113340907    
  0.539999962      0.117415056    
  0.550000012      0.122356251    
  0.560000002      0.128183559    
  0.569999993      0.134975344    
  0.579999983      0.142857835    
  0.589999974      0.152008563    
  0.599999964      0.162662253    
  0.610000014      0.175118014    
  0.620000005      0.189733982    
  0.629999995      0.206874415    
  0.639999986      0.226675928    
  0.649999976      0.248143092    
  0.659999967      0.265706152    
  0.669999957      0.265253991    
  0.680000007      0.263932139    
  0.689999998      0.264701188    
  0.699999988      0.266606182    
  0.709999979      0.269301921    
  0.719999969      0.272618979    
  0.729999959      0.276464790    
  0.740000010      0.280784935    
  0.750000000      0.285549492    
  0.759999990      0.290743232    
  0.769999981      0.296363175    
  0.779999971      0.302412510    
  0.789999962      0.308903605    
  0.799999952      0.315854311    
  0.810000002      0.323287249    
  0.819999993      0.331234157    
  0.829999983      0.339729220    
  0.839999974      0.348815292    
  0.849999964      0.358542114    
  0.859999955      0.368966579    
  0.870000005      0.380155742    
  0.879999995      0.392186284    
  0.889999986      0.405145466    
  0.899999976      0.419134021    
  0.909999967      0.434266359    
  0.919999957      0.450666785    
  0.930000007      0.468471646    
  0.939999998      0.487816244    
  0.949999988      0.508813143    
  0.959999979      0.531502664    
  0.969999969      0.555728078    
  0.979999959      0.580852270    
  0.989999950      0.605003297    
   1.00000000      0.622945786    
   1.00999999      0.631276727    
   1.01999998      0.637341917    
   1.02999997      0.642597258    
   1.03999996      0.647480905    
   1.04999995      0.652185500    
   1.05999994      0.656812191    
   1.06999993      0.661413431    
   1.07999992      0.666023612    
   1.09000003      0.670661509    
   1.10000002      0.675340176    
   1.11000001      0.680066943    
   1.12000000      0.684847653    
   1.13000000      0.689685583    
   1.13999999      0.694581866    
   1.14999998      0.699538708    
   1.15999997      0.704557657    
   1.16999996      0.709638000    
   1.17999995      0.714781880    
   1.18999994      0.719987929    
   1.19999993      0.725258112    
   1.20999992      0.730590403    
   1.22000003      0.735987544    
   1.23000002      0.741448104    
   1.24000001      0.746972799    
   1.25000000      0.752562642    
   1.25999999      0.758215606    
   1.26999998      0.763936698    
   1.27999997      0.769722342    
   1.28999996      0.775574327    
   1.29999995      0.781493485    
   1.30999994      0.787479520    
   1.31999993      0.793535173    
   1.32999992      0.799660027    
   1.33999991      0.805854380    
   1.35000002      0.812120080    
   1.36000001      0.818457127    
   1.37000000      0.824867368    
   1.38000000      0.831352174    
   1.38999999      0.837908745    
   1.39999998      0.844545722    
   1.40999997      0.851258636    
   1.41999996      0.858050585    
   1.42999995      0.864921391    
   1.43999994      0.871874809    
   1.44999993      0.878910780    
   1.45999992      0.886029899    
   1.46999991      0.893235862    
   1.48000002      0.900528967    
   1.49000001      0.907911241    
   1.50000000      0.915384173    
   1.50999999      0.922948956    
   1.51999998      0.930608511    
   1.52999997      0.938364744    
   1.53999996      0.946218729    
   1.54999995      0.954172671    
   1.55999994      0.962228894    
   1.56999993      0.970389485    
   1.57999992      0.978655219    
   1.58999991      0.987030685    
   1.59999990      0.995516837    
   1.61000001       1.00411630    
   1.62000000       1.01283121    
   1.63000000       1.02166355    
   1.63999999       1.03061664    
   1.64999998       1.03969276    
   1.65999997       1.04889524    
   1.66999996       1.05822444    
   1.67999995       1.06768513    
   1.68999994       1.07727885    
   1.69999993       1.08700883    
   1.70999992       1.09687746    
   1.71999991       1.10688853    
   1.73000002       1.11704159    
   1.74000001       1.12734401    
   1.75000000       1.13779473    
   1.75999999       1.14839697    
   1.76999998       1.15915418    
   1.77999997       1.17006624    
   1.78999996       1.18113875    
   1.79999995       1.19237065    
   1.80999994       1.20376396    
   1.81999993       1.21532249    
   1.82999992       1.22704363    
   1.83999991       1.23892820    
   1.84999990       1.25097978    
   1.86000001       1.26319265    
   1.87000000       1.27556586    
   1.88000000       1.28809869    
   1.88999999       1.30078423    
   1.89999998       1.31361818    
   1.90999997       1.32659197    
   1.91999996       1.33969545    
   1.92999995       1.35291588    
   1.93999994       1.36623812    
   1.94999993       1.37964213    
   1.95999992       1.39309978    
   1.96999991       1.40658331    
   1.97999990       1.42005432    
   1.99000001       1.43346548    
   2.00000000       1.44675827    
   2.00999999       1.45963347    
   2.01999998       1.47185302    
   2.02999997       1.48349941    
   2.03999996       1.49464846    
   2.04999995       1.50536644    
   2.05999994       1.51570082    
   2.06999993       1.52569878    
   2.07999992       1.53540802    
   2.08999991       1.54484856    
   2.09999990       1.55405056    
   2.10999990       1.56304061    
   2.11999989       1.57183659    
   2.12999988       1.58045685    
   2.13999987       1.58892035    
   2.14999986       1.59723568    
   2.15999985       1.60541773    
   2.16999984       1.61347950    
   2.18000007       1.62142396    
   2.19000006       1.62926543    
   2.20000005       1.63701105    
   2.21000004       1.64466715    
   2.22000003       1.65224075    
   2.23000002       1.65973508    
   2.24000001       1.66715777    
   2.25000000       1.67451358    
   2.25999999       1.68180597    
   2.26999998       1.68903756    
   2.27999997       1.69621563    
   2.28999996       1.70333886    
   2.29999995       1.71041501    
   2.30999994       1.71744466    
   2.31999993       1.72442937    
   2.32999992       1.73137307    
   2.33999991       1.73827839    
   2.34999990       1.74514556    
   2.35999990       1.75198328    
   2.36999989       1.75877762    
   2.37999988       1.76554501    
   2.38999987       1.77228355    
   2.39999986       1.77899146    
   2.40999985       1.78567290    
   2.41999984       1.79232848    
   2.42999983       1.79895890    
   2.44000006       1.80556738    
   2.45000005       1.81215096    
   2.46000004       1.81871390    
   2.47000003       1.82525611    
   2.48000002       1.83177781    
   2.49000001       1.83828080    
   2.50000000       1.84476650    
   2.50999999       1.85123420    
   2.51999998       1.85768497    
   2.52999997       1.86411834    
   2.53999996       1.87053919    
   2.54999995       1.87694442    
   2.55999994       1.88333404    
   2.56999993       1.88971019    
   2.57999992       1.89607394    
   2.58999991       1.90242517    
   2.59999990       1.90876234    
   2.60999990       1.91508865    
   2.61999989       1.92140305    
   2.62999988       1.92770660    
   2.63999987       1.93400109    
   2.64999986       1.94028294    
   2.65999985       1.94655466    
   2.66999984       1.95281827    
   2.67999983       1.95907104    
   2.69000006       1.96531653    
   2.70000005       1.97155201    
   2.71000004       1.97778034    
   2.72000003       1.98399758    
   2.73000002       1.99020851    
   2.74000001       1.99641156    
   2.75000000       2.00260758    
   2.75999999       2.00879622    
   2.76999998       2.01497936    
   2.77999997       2.02115178    
   2.78999996       2.02732086    
   2.79999995       2.03348207    
   2.80999994       2.03963709    
   2.81999993       2.04578519    
   2.82999992       2.05192685    
   2.83999991       2.05806446    
   2.84999990       2.06419730    
   2.85999990       2.07032156    
   2.86999989       2.07644200    
   2.87999988       2.08255768    
   2.88999987       2.08866715    
   2.89999986       2.09477377    
   2.90999985       2.10087395    
   2.91999984       2.10696840    
   2.92999983       2.11306167    
   2.93999982       2.11914730    
   2.95000005       2.12522864    
   2.96000004       2.13130498    
   2.97000003       2.13738036    
   2.98000002       2.14345074    
   2.99000001       2.14951730    
   3.00000000       2.15557885    
   3.00999999       2.16163397    
   3.01999998       2.16768909    
   3.02999997       2.17374086    
   3.03999996       2.17978549    
   3.04999995       2.18582940    
   3.05999994       2.19187045    
   3.06999993       2.19790745    
   3.07999992       2.20393777    
   3.08999991       2.20997095    
   3.09999990       2.21599674    
   3.10999990       2.22202063    
   3.11999989       2.22804141    
   3.12999988       2.23405886    
   3.13999987       2.24007392    
   3.14999986       2.24608445    
   3.15999985       2.25209284    
   3.16999984       2.25810075    
   3.17999983       2.26410437    
   3.18999982       2.27010727    
   3.19999981       2.27610683    
   3.21000004       2.28210258    
   3.22000003       2.28809690    
   3.23000002       2.29408717    
   3.24000001       2.30007672    
   3.25000000       2.30606341    
   3.25999999       2.31204557    
   3.26999998       2.31802583    
   3.27999997       2.32400680    
   3.28999996       2.32998371    
   3.29999995       2.33595967    
   3.30999994       2.34193373    
   3.31999993       2.34790397    
   3.32999992       2.35387182    
   3.33999991       2.35984063    
   3.34999990       2.36580372    
   3.35999990       2.37176943    
   3.36999989       2.37772965    
   3.37999988       2.38368726    
   3.38999987       2.38964367    
   3.39999986       2.39560080    
   3.40999985       2.40155339    
   3.41999984       2.40750551    
   3.42999983       2.41345620    
   3.43999982       2.41940284    
   3.44999981       2.42534900    
   3.46000004       2.43129539    
   3.47000003       2.43723440    
   3.48000002       2.44317961    
   3.49000001       2.44911790    
   3.50000000       2.45505857    
   3.50999999       2.46099353    
