   9.99999978E-03   5.18000510E-04
   1.99999996E-02   9.28943802E-04
   2.99999993E-02   1.26925996E-03
   3.99999991E-02   1.63091253E-03
   4.99999970E-02   1.79082679E-03
   5.99999987E-02   2.00172793E-03
   7.00000003E-02   2.40625697E-03
   7.99999982E-02   2.75730714E-03
   8.99999961E-02   2.93671153E-03
   9.99999940E-02   2.99411826E-03
  0.109999999       3.00298771E-03
  0.119999997       3.00916424E-03
  0.129999995       3.03601520E-03
  0.140000001       3.09329503E-03
  0.149999991       3.18535534E-03
  0.159999996       3.32030258E-03
  0.170000002       3.50654474E-03
  0.179999992       3.71713121E-03
  0.189999998       4.04693279E-03
  0.199999988       4.35993215E-03
  0.209999993       4.91102738E-03
  0.219999999       5.31978300E-03
  0.229999989       6.09812979E-03
  0.239999995       7.07655866E-03
  0.250000000       7.60942651E-03
  0.259999990       8.87858681E-03
  0.269999981       1.07046943E-02
  0.280000001       1.19965300E-02
  0.289999992       1.28299668E-02
  0.299999982       1.48936063E-02
  0.310000002       1.79152898E-02
  0.319999993       2.15017721E-02
  0.329999983       2.28725486E-02
  0.340000004       2.39088498E-02
  0.349999994       2.65994556E-02
  0.359999985       3.04490514E-02
  0.370000005       3.56847309E-02
  0.379999995       4.23331186E-02
  0.389999986       4.85506915E-02
  0.399999976       4.84732389E-02
  0.409999996       4.98023368E-02
  0.419999987       5.28286211E-02
  0.429999977       5.70065826E-02
  0.439999998       6.23970330E-02
  0.449999988       6.92244321E-02
  0.459999979       7.78315514E-02
  0.469999999       8.85562375E-02
  0.479999989      0.101213783    
  0.489999980      0.112897016    
  0.500000000      0.113000624    
  0.509999990      0.112226941    
  0.519999981      0.114209361    
  0.529999971      0.117459632    
  0.539999962      0.121677011    
  0.550000012      0.126786396    
  0.560000002      0.132806599    
  0.569999993      0.139816999    
  0.579999983      0.147945046    
  0.589999974      0.157370180    
  0.599999964      0.168327004    
  0.610000014      0.181113929    
  0.620000005      0.196082518    
  0.629999995      0.213579223    
  0.639999986      0.233699307    
  0.649999976      0.255362511    
  0.659999967      0.272896945    
  0.669999957      0.272438049    
  0.680000007      0.271170259    
  0.689999998      0.272001028    
  0.699999988      0.273978651    
  0.709999979      0.276757687    
  0.719999969      0.280167133    
  0.729999959      0.284113646    
  0.740000010      0.288543284    
  0.750000000      0.293424726    
  0.759999990      0.298743129    
  0.769999981      0.304494500    
  0.779999971      0.310683280    
  0.789999962      0.317321151    
  0.799999952      0.324426085    
  0.810000002      0.332021356    
  0.819999993      0.340137035    
  0.829999983      0.348809481    
  0.839999974      0.358080447    
  0.849999964      0.367998958    
  0.859999955      0.378623128    
  0.870000005      0.390018970    
  0.879999995      0.402262509    
  0.889999986      0.415440738    
  0.899999976      0.429652691    
  0.909999967      0.445008248    
  0.919999957      0.461631835    
  0.930000007      0.479653329    
  0.939999998      0.499200255    
  0.949999988      0.520375669    
  0.959999979      0.543204069    
  0.969999969      0.567509413    
  0.979999959      0.592630684    
  0.989999950      0.616690278    
   1.00000000      0.634543598    
   1.00999999      0.642946959    
   1.01999998      0.649105370    
   1.02999997      0.654453039    
   1.03999996      0.659427583    
   1.04999995      0.664221346    
   1.05999994      0.668934524    
   1.06999993      0.673621297    
   1.07999992      0.678315222    
   1.09000003      0.683036387    
   1.10000002      0.687797189    
   1.11000001      0.692605793    
   1.12000000      0.697467864    
   1.13000000      0.702387393    
   1.13999999      0.707365751    
   1.14999998      0.712404072    
   1.15999997      0.717503846    
   1.16999996      0.722666800    
   1.17999995      0.727891982    
   1.18999994      0.733180881    
   1.19999993      0.738532066    
   1.20999992      0.743948281    
   1.22000003      0.749430060    
   1.23000002      0.754971683    
   1.24000001      0.760578871    
   1.25000000      0.766252637    
   1.25999999      0.771989286    
   1.26999998      0.777794600    
   1.27999997      0.783666134    
   1.28999996      0.789601922    
   1.29999995      0.795607150    
   1.30999994      0.801678777    
   1.31999993      0.807819784    
   1.32999992      0.814030588    
   1.33999991      0.820312142    
   1.35000002      0.826664388    
   1.36000001      0.833089173    
   1.37000000      0.839586377    
   1.38000000      0.846158981    
   1.38999999      0.852805018    
   1.39999998      0.859529257    
   1.40999997      0.866330326    
   1.41999996      0.873210430    
   1.42999995      0.880171120    
   1.43999994      0.887213826    
   1.44999993      0.894338608    
   1.45999992      0.901548505    
   1.46999991      0.908843219    
   1.48000002      0.916226745    
   1.49000001      0.923698962    
   1.50000000      0.931261301    
   1.50999999      0.938916385    
   1.51999998      0.946667016    
   1.52999997      0.954513013    
   1.53999996      0.962456584    
   1.54999995      0.970500946    
   1.55999994      0.978646815    
   1.56999993      0.986897588    
   1.57999992      0.995253623    
   1.58999991       1.00371814    
   1.59999990       1.01229370    
   1.61000001       1.02098131    
   1.62000000       1.02978551    
   1.63000000       1.03870583    
   1.63999999       1.04774690    
   1.64999998       1.05690885    
   1.65999997       1.06619728    
   1.66999996       1.07561195    
   1.67999995       1.08515716    
   1.68999994       1.09483516    
   1.69999993       1.10464716    
   1.70999992       1.11459827    
   1.71999991       1.12468922    
   1.73000002       1.13492084    
   1.74000001       1.14530027    
   1.75000000       1.15582681    
   1.75999999       1.16650319    
   1.76999998       1.17733169    
   1.77999997       1.18831408    
   1.78999996       1.19945467    
   1.79999995       1.21075356    
   1.80999994       1.22220790    
   1.81999993       1.23382449    
   1.82999992       1.24560142    
   1.83999991       1.25754023    
   1.84999990       1.26964009    
   1.86000001       1.28189921    
   1.87000000       1.29431570    
   1.88000000       1.30688286    
   1.88999999       1.31960154    
   1.89999998       1.33246303    
   1.90999997       1.34545839    
   1.91999996       1.35857821    
   1.92999995       1.37181187    
   1.93999994       1.38513911    
   1.94999993       1.39854050    
   1.95999992       1.41199291    
   1.96999991       1.42546403    
   1.97999990       1.43891704    
   1.99000001       1.45230663    
   2.00000000       1.46557200    
   2.00999999       1.47841871    
   2.01999998       1.49061489    
   2.02999997       1.50224400    
   2.03999996       1.51338089    
   2.04999995       1.52408934    
   2.05999994       1.53442049    
   2.06999993       1.54441822    
   2.07999992       1.55412793    
   2.08999991       1.56357753    
   2.09999990       1.57278907    
   2.10999990       1.58178949    
   2.11999989       1.59060061    
   2.12999988       1.59923768    
   2.13999987       1.60771632    
   2.14999986       1.61605048    
   2.15999985       1.62425315    
   2.16999984       1.63233519    
   2.18000007       1.64030290    
   2.19000006       1.64816940    
   2.20000005       1.65593874    
   2.21000004       1.66361916    
   2.22000003       1.67121935    
   2.23000002       1.67874098    
   2.24000001       1.68619084    
   2.25000000       1.69357598    
   2.25999999       1.70089543    
   2.26999998       1.70815659    
   2.27999997       1.71536493    
   2.28999996       1.72251785    
   2.29999995       1.72962511    
   2.30999994       1.73668420    
   2.31999993       1.74370229    
   2.32999992       1.75067699    
   2.33999991       1.75761354    
   2.34999990       1.76451445    
   2.35999990       1.77137971    
   2.36999989       1.77821243    
   2.37999988       1.78501368    
   2.38999987       1.79178476    
   2.39999986       1.79852748    
   2.40999985       1.80524385    
   2.41999984       1.81193161    
   2.42999983       1.81859744    
   2.44000006       1.82524014    
   2.45000005       1.83185947    
   2.46000004       1.83845687    
   2.47000003       1.84503460    
   2.48000002       1.85159087    
   2.49000001       1.85813010    
   2.50000000       1.86465192    
   2.50999999       1.87115502    
   2.51999998       1.87764060    
   2.52999997       1.88411152    
   2.53999996       1.89056814    
   2.54999995       1.89700913    
   2.55999994       1.90343451    
   2.56999993       1.90984845    
   2.57999992       1.91624749    
   2.58999991       1.92263520    
   2.59999990       1.92900884    
   2.60999990       1.93537199    
   2.61999989       1.94172442    
   2.62999988       1.94806480    
   2.63999987       1.95439470    
   2.64999986       1.96071398    
   2.65999985       1.96702278    
   2.66999984       1.97332251    
   2.67999983       1.97961366    
   2.69000006       1.98589718    
   2.70000005       1.99217021    
   2.71000004       1.99843490    
   2.72000003       2.00469089    
   2.73000002       2.01093936    
   2.74000001       2.01717949    
   2.75000000       2.02341366    
   2.75999999       2.02963781    
   2.76999998       2.03586030    
   2.77999997       2.04207134    
   2.78999996       2.04827595    
   2.79999995       2.05447674    
   2.80999994       2.06066847    
   2.81999993       2.06685472    
   2.82999992       2.07303786    
   2.83999991       2.07921004    
   2.84999990       2.08538222    
   2.85999990       2.09154534    
   2.86999989       2.09770465    
   2.87999988       2.10385633    
   2.88999987       2.11000776    
   2.89999986       2.11614847    
   2.90999985       2.12228799    
   2.91999984       2.12842274    
   2.92999983       2.13455176    
   2.93999982       2.14067912    
   2.95000005       2.14679837    
   2.96000004       2.15291429    
   2.97000003       2.15902686    
   2.98000002       2.16513491    
   2.99000001       2.17124057    
   3.00000000       2.17733979    
   3.00999999       2.18343639    
   3.01999998       2.18952870    
   3.02999997       2.19561577    
   3.03999996       2.20170307    
   3.04999995       2.20778561    
   3.05999994       2.21386361    
   3.06999993       2.21993637    
   3.07999992       2.22601128    
   3.08999991       2.23208046    
   3.09999990       2.23814631    
   3.10999990       2.24420810    
   3.11999989       2.25026941    
   3.12999988       2.25632668    
   3.13999987       2.26238132    
   3.14999986       2.26842976    
   3.15999985       2.27447724    
   3.16999984       2.28052163    
   3.17999983       2.28656673    
   3.18999982       2.29260564    
   3.19999981       2.29864359    
   3.21000004       2.30468106    
   3.22000003       2.31071043    
   3.23000002       2.31674337    
   3.24000001       2.32276988    
   3.25000000       2.32879591    
   3.25999999       2.33481956    
   3.26999998       2.34083843    
   3.27999997       2.34686017    
   3.28999996       2.35287595    
   3.29999995       2.35889196    
   3.30999994       2.36490035    
   3.31999993       2.37091327    
   3.32999992       2.37692189    
   3.33999991       2.38292789    
   3.34999990       2.38892937    
   3.35999990       2.39493418    
   3.36999989       2.40093422    
   3.37999988       2.40692973    
   3.38999987       2.41292405    
   3.39999986       2.41892266    
   3.40999985       2.42491388    
   3.41999984       2.43090534    
   3.42999983       2.43689513    
   3.43999982       2.44288278    
   3.44999981       2.44886804    
   3.46000004       2.45485401    
   3.47000003       2.46083713    
   3.48000002       2.46681547    
   3.49000001       2.47279692    
   3.50000000       2.47877312    
   3.50999999       2.48475075    
