   9.99999978E-03   5.20882895E-04
   1.99999996E-02   9.27306071E-04
   2.99999993E-02   1.30078255E-03
   3.99999991E-02   1.63499569E-03
   4.99999970E-02   1.83521595E-03
   5.99999987E-02   2.01125327E-03
   7.00000003E-02   2.40207929E-03
   7.99999982E-02   2.77798926E-03
   8.99999961E-02   2.99008097E-03
   9.99999940E-02   3.06615629E-03
  0.109999999       3.07993335E-03
  0.119999997       3.08355945E-03
  0.129999995       3.10518150E-03
  0.140000001       3.15850764E-03
  0.149999991       3.25066014E-03
  0.159999996       3.39312642E-03
  0.170000002       3.60093801E-03
  0.179999992       3.83622455E-03
  0.189999998       4.21957159E-03
  0.199999988       4.58601583E-03
  0.209999993       5.24292979E-03
  0.219999999       5.71607426E-03
  0.229999989       6.66779373E-03
  0.239999995       7.80857960E-03
  0.250000000       8.44065752E-03
  0.259999990       9.98325646E-03
  0.269999981       1.21368030E-02
  0.280000001       1.35635752E-02
  0.289999992       1.45941870E-02
  0.299999982       1.70612559E-02
  0.310000002       2.06065886E-02
  0.319999993       2.46489979E-02
  0.329999983       2.60795057E-02
  0.340000004       2.73664184E-02
  0.349999994       3.05203330E-02
  0.359999985       3.49914506E-02
  0.370000005       4.09894213E-02
  0.379999995       4.84259054E-02
  0.389999986       5.50446846E-02
  0.399999976       5.48875853E-02
  0.409999996       5.64834587E-02
  0.419999987       5.99497855E-02
  0.429999977       6.47011995E-02
  0.439999998       7.07971305E-02
  0.449999988       7.84731880E-02
  0.459999979       8.80628303E-02
  0.469999999       9.98516530E-02
  0.479999989      0.113475740    
  0.489999980      0.125536054    
  0.500000000      0.125425681    
  0.509999990      0.124769166    
  0.519999981      0.127023786    
  0.529999971      0.130645424    
  0.539999962      0.135316417    
  0.550000012      0.140955940    
  0.560000002      0.147582397    
  0.569999993      0.155276984    
  0.579999983      0.164172336    
  0.589999974      0.174448296    
  0.599999964      0.186342135    
  0.610000014      0.200144097    
  0.620000005      0.216182336    
  0.629999995      0.234745339    
  0.639999986      0.255796760    
  0.649999976      0.278004229    
  0.659999967      0.295427889    
  0.669999957      0.294971287    
  0.680000007      0.293881387    
  0.689999998      0.294912338    
  0.699999988      0.297120929    
  0.709999979      0.300160378    
  0.719999969      0.303858459    
  0.729999959      0.308119237    
  0.740000010      0.312887371    
  0.750000000      0.318131119    
  0.759999990      0.323834002    
  0.769999981      0.329992592    
  0.779999971      0.336610675    
  0.789999962      0.343700141    
  0.799999952      0.351277113    
  0.810000002      0.359369218    
  0.819999993      0.368002981    
  0.829999983      0.377215683    
  0.839999974      0.387050062    
  0.849999964      0.397551298    
  0.859999955      0.408780187    
  0.870000005      0.420799732    
  0.879999995      0.433684528    
  0.889999986      0.447517931    
  0.899999976      0.462393999    
  0.909999967      0.478415489    
  0.919999957      0.495695323    
  0.930000007      0.514347970    
  0.939999998      0.534479737    
  0.949999988      0.556160927    
  0.959999979      0.579370558    
  0.969999969      0.603878677    
  0.979999959      0.628960848    
  0.989999950      0.652728140    
   1.00000000      0.670321107    
   1.00999999      0.678938031    
   1.01999998      0.685373545    
   1.02999997      0.691002190    
   1.03999996      0.696251571    
   1.04999995      0.701315165    
   1.05999994      0.706291854    
   1.06999993      0.711237848    
   1.07999992      0.716187894    
   1.09000003      0.721162260    
   1.10000002      0.726174951    
   1.11000001      0.731233895    
   1.12000000      0.736344993    
   1.13000000      0.741513073    
   1.13999999      0.746739268    
   1.14999998      0.752025723    
   1.15999997      0.757375300    
   1.16999996      0.762786865    
   1.17999995      0.768261313    
   1.18999994      0.773799241    
   1.19999993      0.779401183    
   1.20999992      0.785068035    
   1.22000003      0.790798724    
   1.23000002      0.796595037    
   1.24000001      0.802457154    
   1.25000000      0.808383763    
   1.25999999      0.814376414    
   1.26999998      0.820437014    
   1.27999997      0.826564431    
   1.28999996      0.832758665    
   1.29999995      0.839021444    
   1.30999994      0.845353067    
   1.31999993      0.851754606    
   1.32999992      0.858186662    
   1.33999991      0.864769876    
   1.35000002      0.871384084    
   1.36000001      0.878072619    
   1.37000000      0.884834170    
   1.38000000      0.891671121    
   1.38999999      0.898583949    
   1.39999998      0.905574143    
   1.40999997      0.912641644    
   1.41999996      0.919790447    
   1.42999995      0.927018464    
   1.43999994      0.934329569    
   1.44999993      0.941723883    
   1.45999992      0.949197590    
   1.46999991      0.956767499    
   1.48000002      0.964420199    
   1.49000001      0.972162127    
   1.50000000      0.979995906    
   1.50999999      0.987921774    
   1.51999998      0.995940983    
   1.52999997       1.00405812    
   1.53999996       1.01227105    
   1.54999995       1.02058470    
   1.55999994       1.02899969    
   1.56999993       1.03751886    
   1.57999992       1.04614258    
   1.58999991       1.05487227    
   1.59999990       1.06371439    
   1.61000001       1.07266641    
   1.62000000       1.08173215    
   1.63000000       1.09091461    
   1.63999999       1.10021484    
   1.64999998       1.10963416    
   1.65999997       1.11917651    
   1.66999996       1.12884569    
   1.67999995       1.13864100    
   1.68999994       1.14856482    
   1.69999993       1.15862072    
   1.70999992       1.16881037    
   1.71999991       1.17913675    
   1.73000002       1.18960106    
   1.74000001       1.20020556    
   1.75000000       1.21095467    
   1.75999999       1.22184598    
   1.76999998       1.23288357    
   1.77999997       1.24406862    
   1.78999996       1.25540459    
   1.79999995       1.26688933    
   1.80999994       1.27852547    
   1.81999993       1.29031336    
   1.82999992       1.30225170    
   1.83999991       1.31434214    
   1.84999990       1.32658100    
   1.86000001       1.33896828    
   1.87000000       1.35149980    
   1.88000000       1.36417198    
   1.88999999       1.37697959    
   1.89999998       1.38991439    
   1.90999997       1.40296936    
   1.91999996       1.41613269    
   1.92999995       1.42938960    
   1.93999994       1.44272733    
   1.94999993       1.45612192    
   1.95999992       1.46954942    
   1.96999991       1.48297799    
   1.97999990       1.49637461    
   1.99000001       1.50969219    
   2.00000000       1.52287638    
   2.00999999       1.53563821    
   2.01999998       1.54776275    
   2.02999997       1.55933702    
   2.03999996       1.57043493    
   2.04999995       1.58111906    
   2.05999994       1.59143782    
   2.06999993       1.60143936    
   2.07999992       1.61115479    
   2.08999991       1.62062192    
   2.09999990       1.62986052    
   2.10999990       1.63889384    
   2.11999989       1.64774394    
   2.12999988       1.65642524    
   2.13999987       1.66495395    
   2.14999986       1.67334390    
   2.15999985       1.68160474    
   2.16999984       1.68975174    
   2.18000007       1.69778454    
   2.19000006       1.70571852    
   2.20000005       1.71356106    
   2.21000004       1.72131598    
   2.22000003       1.72899210    
   2.23000002       1.73659372    
   2.24000001       1.74412668    
   2.25000000       1.75159395    
   2.25999999       1.75899816    
   2.26999998       1.76634836    
   2.27999997       1.77364361    
   2.28999996       1.78088677    
   2.29999995       1.78808594    
   2.30999994       1.79523790    
   2.31999993       1.80234993    
   2.32999992       1.80941892    
   2.33999991       1.81645226    
   2.34999990       1.82344878    
   2.35999990       1.83041084    
   2.36999989       1.83734345    
   2.37999988       1.84424222    
   2.38999987       1.85111392    
   2.39999986       1.85795796    
   2.40999985       1.86477363    
   2.41999984       1.87156570    
   2.42999983       1.87833405    
   2.44000006       1.88507998    
   2.45000005       1.89180231    
   2.46000004       1.89850390    
   2.47000003       1.90518606    
   2.48000002       1.91184914    
   2.49000001       1.91849279    
   2.50000000       1.92512000    
   2.50999999       1.93173194    
   2.51999998       1.93832397    
   2.52999997       1.94490290    
   2.53999996       1.95146513    
   2.54999995       1.95801473    
   2.55999994       1.96455014    
   2.56999993       1.97107065    
   2.57999992       1.97758031    
   2.58999991       1.98407674    
   2.59999990       1.99056029    
   2.60999990       1.99703455    
   2.61999989       2.00349665    
   2.62999988       2.00994515    
   2.63999987       2.01638770    
   2.64999986       2.02281642    
   2.65999985       2.02923799    
   2.66999984       2.03564930    
   2.67999983       2.04205203    
   2.69000006       2.04844522    
   2.70000005       2.05483055    
   2.71000004       2.06120753    
   2.72000003       2.06757569    
   2.73000002       2.07393670    
   2.74000001       2.08029127    
   2.75000000       2.08663797    
   2.75999999       2.09297681    
   2.76999998       2.09930968    
   2.77999997       2.10563397    
   2.78999996       2.11195326    
   2.79999995       2.11826587    
   2.80999994       2.12457347    
   2.81999993       2.13087344    
   2.82999992       2.13716698    
   2.83999991       2.14345598    
   2.84999990       2.14974284    
   2.85999990       2.15602016    
   2.86999989       2.16229177    
   2.87999988       2.16856098    
   2.88999987       2.17482185    
   2.89999986       2.18108153    
   2.90999985       2.18733549    
   2.91999984       2.19358397    
   2.92999983       2.19982958    
   2.93999982       2.20606852    
   2.95000005       2.21230459    
   2.96000004       2.21853685    
   2.97000003       2.22476387    
   2.98000002       2.23098731    
   2.99000001       2.23720789    
   3.00000000       2.24342418    
   3.00999999       2.24963522    
   3.01999998       2.25584412    
   3.02999997       2.26204824    
   3.03999996       2.26825023    
   3.04999995       2.27444816    
   3.05999994       2.28064346    
   3.06999993       2.28683496    
   3.07999992       2.29302144    
   3.08999991       2.29920912    
   3.09999990       2.30538964    
   3.10999990       2.31156802    
   3.11999989       2.31774426    
   3.12999988       2.32391906    
   3.13999987       2.33008957    
   3.14999986       2.33625722    
   3.15999985       2.34242249    
   3.16999984       2.34858322    
   3.17999983       2.35474420    
   3.18999982       2.36090136    
   3.19999981       2.36705589    
   3.21000004       2.37320828    
   3.22000003       2.37935758    
   3.23000002       2.38550544    
   3.24000001       2.39164972    
   3.25000000       2.39779162    
   3.25999999       2.40393281    
   3.26999998       2.41007376    
   3.27999997       2.41620779    
   3.28999996       2.42234111    
   3.29999995       2.42847157    
   3.30999994       2.43460226    
   3.31999993       2.44072771    
   3.32999992       2.44685602    
   3.33999991       2.45297837    
   3.34999990       2.45909882    
   3.35999990       2.46522093    
   3.36999989       2.47133756    
   3.37999988       2.47745490    
   3.38999987       2.48356819    
   3.39999986       2.48968172    
   3.40999985       2.49579239    
   3.41999984       2.50190091    
   3.42999983       2.50800753    
   3.43999982       2.51411152    
   3.44999981       2.52021694    
   3.46000004       2.52631974    
   3.47000003       2.53241944    
   3.48000002       2.53852010    
   3.49000001       2.54461765    
   3.50000000       2.55071139    
   3.50999999       2.55680633    
