   9.99999978E-03   5.19767520E-04
   1.99999996E-02   9.27630637E-04
   2.99999993E-02   1.29575108E-03
   3.99999991E-02   1.63479149E-03
   4.99999970E-02   1.82750938E-03
   5.99999987E-02   2.00904324E-03
   7.00000003E-02   2.40288628E-03
   7.99999982E-02   2.77504371E-03
   8.99999961E-02   2.98162433E-03
   9.99999940E-02   3.05432617E-03
  0.109999999       3.06710578E-03
  0.119999997       3.07093398E-03
  0.129999995       3.09334113E-03
  0.140000001       3.14710336E-03
  0.149999991       3.23906634E-03
  0.159999996       3.37996450E-03
  0.170000002       3.58354789E-03
  0.179999992       3.81410983E-03
  0.189999998       4.18765703E-03
  0.199999988       4.54408024E-03
  0.209999993       5.18185878E-03
  0.219999999       5.64314891E-03
  0.229999989       6.56340923E-03
  0.239999995       7.67537439E-03
  0.250000000       8.28938093E-03
  0.259999990       9.78275947E-03
  0.269999981       1.18786488E-02
  0.280000001       1.32822245E-02
  0.289999992       1.42769124E-02
  0.299999982       1.66721996E-02
  0.310000002       2.01255139E-02
  0.319999993       2.40897555E-02
  0.329999983       2.55101901E-02
  0.340000004       2.67521087E-02
  0.349999994       2.98241749E-02
  0.359999985       3.41863744E-02
  0.370000005       4.00516242E-02
  0.379999995       4.73556742E-02
  0.389999986       5.39041832E-02
  0.399999976       5.37619554E-02
  0.409999996       5.53106070E-02
  0.419999987       5.87001145E-02
  0.429999977       6.33517578E-02
  0.439999998       6.93250820E-02
  0.449999988       7.68549219E-02
  0.459999979       8.62762108E-02
  0.469999999       9.78842676E-02
  0.479999989      0.111335956    
  0.489999980      0.123347394    
  0.500000000      0.123272128    
  0.509999990      0.122594126    
  0.519999981      0.124801368    
  0.529999971      0.128358930    
  0.539999962      0.132951781    
  0.550000012      0.138500363    
  0.560000002      0.145022929    
  0.569999993      0.152600914    
  0.579999983      0.161364719    
  0.589999974      0.171495840    
  0.599999964      0.183230937    
  0.610000014      0.196861729    
  0.620000005      0.212720767    
  0.629999995      0.231106386    
  0.639999986      0.252005279    
  0.649999976      0.274126798    
  0.659999967      0.291571558    
  0.669999957      0.291112125    
  0.680000007      0.289990872    
  0.689999998      0.290986598    
  0.699999988      0.293155760    
  0.709999979      0.296150476    
  0.719999969      0.299799263    
  0.729999959      0.304006815    
  0.740000010      0.308716744    
  0.750000000      0.313898921    
  0.759999990      0.319536448    
  0.769999981      0.325626343    
  0.779999971      0.332171559    
  0.789999962      0.339184880    
  0.799999952      0.346681535    
  0.810000002      0.354690254    
  0.819999993      0.363236517    
  0.829999983      0.372358561    
  0.839999974      0.382098407    
  0.849999964      0.392501295    
  0.859999955      0.403628945    
  0.870000005      0.415544689    
  0.879999995      0.428322375    
  0.889999986      0.442046881    
  0.899999976      0.456812620    
  0.909999967      0.472723991    
  0.919999957      0.489895850    
  0.930000007      0.508445680    
  0.939999998      0.528481662    
  0.949999988      0.550081730    
  0.959999979      0.573232293    
  0.969999969      0.597710311    
  0.979999959      0.622801840    
  0.989999950      0.646619320    
   1.00000000      0.664255619    
   1.00999999      0.672836900    
   1.01999998      0.679226518    
   1.02999997      0.684808075    
   1.03999996      0.690011263    
   1.04999995      0.695029914    
   1.05999994      0.699961483    
   1.06999993      0.704864204    
   1.07999992      0.709771574    
   1.09000003      0.714703560    
   1.10000002      0.719673932    
   1.11000001      0.724690139    
   1.12000000      0.729760528    
   1.13000000      0.734885871    
   1.13999999      0.740070105    
   1.14999998      0.745316088    
   1.15999997      0.750622928    
   1.16999996      0.755991817    
   1.17999995      0.761425018    
   1.18999994      0.766920805    
   1.19999993      0.772481084    
   1.20999992      0.778105319    
   1.22000003      0.783794463    
   1.23000002      0.789548218    
   1.24000001      0.795367777    
   1.25000000      0.801251471    
   1.25999999      0.807201445    
   1.26999998      0.813218534    
   1.27999997      0.819303036    
   1.28999996      0.825454056    
   1.29999995      0.831673265    
   1.30999994      0.837962031    
   1.31999993      0.844320297    
   1.32999992      0.850748003    
   1.33999991      0.857246637    
   1.35000002      0.863818526    
   1.36000001      0.870461702    
   1.37000000      0.877179742    
   1.38000000      0.883971989    
   1.38999999      0.890840530    
   1.39999998      0.897786379    
   1.40999997      0.904801250    
   1.41999996      0.911912918    
   1.42999995      0.919096708    
   1.43999994      0.926363587    
   1.44999993      0.933711767    
   1.45999992      0.941146433    
   1.46999991      0.948666096    
   1.48000002      0.956274271    
   1.49000001      0.963971376    
   1.50000000      0.971759200    
   1.50999999      0.979639888    
   1.51999998      0.987614751    
   1.52999997      0.995685995    
   1.53999996       1.00385487    
   1.54999995       1.01212370    
   1.55999994       1.02049351    
   1.56999993       1.02896798    
   1.57999992       1.03754711    
   1.58999991       1.04623425    
   1.59999990       1.05503142    
   1.61000001       1.06394017    
   1.62000000       1.07296252    
   1.63000000       1.08210087    
   1.63999999       1.09135771    
   1.64999998       1.10073590    
   1.65999997       1.11023605    
   1.66999996       1.11986291    
   1.67999995       1.12961698    
   1.68999994       1.13950014    
   1.69999993       1.14951599    
   1.70999992       1.15966702    
   1.71999991       1.16995382    
   1.73000002       1.18038023    
   1.74000001       1.19094753    
   1.75000000       1.20165980    
   1.75999999       1.21251547    
   1.76999998       1.22352028    
   1.77999997       1.23467326    
   1.78999996       1.24597585    
   1.79999995       1.25742996    
   1.80999994       1.26903749    
   1.81999993       1.28079712    
   1.82999992       1.29271066    
   1.83999991       1.30477536    
   1.84999990       1.31699264    
   1.86000001       1.32935846    
   1.87000000       1.34187198    
   1.88000000       1.35452700    
   1.88999999       1.36732030    
   1.89999998       1.38024437    
   1.90999997       1.39329123    
   1.91999996       1.40644681    
   1.92999995       1.41970122    
   1.93999994       1.43303692    
   1.94999993       1.44643390    
   1.95999992       1.45986664    
   1.96999991       1.47330379    
   1.97999990       1.48670888    
   1.99000001       1.50003910    
   2.00000000       1.51323748    
   2.00999999       1.52601349    
   2.01999998       1.53814876    
   2.02999997       1.54973280    
   2.03999996       1.56083643    
   2.04999995       1.57152557    
   2.05999994       1.58184683    
   2.06999993       1.59184909    
   2.07999992       1.60156167    
   2.08999991       1.61102700    
   2.09999990       1.62026072    
   2.10999990       1.62928975    
   2.11999989       1.63813376    
   2.12999988       1.64680707    
   2.13999987       1.65532768    
   2.14999986       1.66370785    
   2.15999985       1.67196000    
   2.16999984       1.68009400    
   2.18000007       1.68811810    
   2.19000006       1.69604039    
   2.20000005       1.70387137    
   2.21000004       1.71161520    
   2.22000003       1.71927691    
   2.23000002       1.72686601    
   2.24000001       1.73438501    
   2.25000000       1.74183786    
   2.25999999       1.74922919    
   2.26999998       1.75656414    
   2.27999997       1.76384425    
   2.28999996       1.77107394    
   2.29999995       1.77825737    
   2.30999994       1.78539348    
   2.31999993       1.79249001    
   2.32999992       1.79954326    
   2.33999991       1.80656016    
   2.34999990       1.81354117    
   2.35999990       1.82048786    
   2.36999989       1.82740307    
   2.37999988       1.83428597    
   2.38999987       1.84113991    
   2.39999986       1.84796786    
   2.40999985       1.85476732    
   2.41999984       1.86154175    
   2.42999983       1.86829352    
   2.44000006       1.87502241    
   2.45000005       1.88172626    
   2.46000004       1.88841152    
   2.47000003       1.89507735    
   2.48000002       1.90172195    
   2.49000001       1.90834987    
   2.50000000       1.91496003    
   2.50999999       1.92155111    
   2.51999998       1.92812693    
   2.52999997       1.93468773    
   2.53999996       1.94123244    
   2.54999995       1.94776392    
   2.55999994       1.95428002    
   2.56999993       1.96078312    
   2.57999992       1.96727407    
   2.58999991       1.97375262    
   2.59999990       1.98021936    
   2.60999990       1.98667276    
   2.61999989       1.99311090    
   2.62999988       1.99954951    
   2.63999987       2.00597191    
   2.64999986       2.01238251    
   2.65999985       2.01878572    
   2.66999984       2.02517915    
   2.67999983       2.03156352    
   2.69000006       2.03793764    
   2.70000005       2.04430413    
   2.71000004       2.05066180    
   2.72000003       2.05701256    
   2.73000002       2.06335306    
   2.74000001       2.06968951    
   2.75000000       2.07601666    
   2.75999999       2.08233762    
   2.76999998       2.08865309    
   2.77999997       2.09495854    
   2.78999996       2.10125852    
   2.79999995       2.10755157    
   2.80999994       2.11384082    
   2.81999993       2.12012100    
   2.82999992       2.12639666    
   2.83999991       2.13266754    
   2.84999990       2.13893056    
   2.85999990       2.14519072    
   2.86999989       2.15144587    
   2.87999988       2.15769362    
   2.88999987       2.16393900    
   2.89999986       2.17017698    
   2.90999985       2.17641211    
   2.91999984       2.18264127    
   2.92999983       2.18886709    
   2.93999982       2.19508862    
   2.95000005       2.20130610    
   2.96000004       2.20751739    
   2.97000003       2.21372581    
   2.98000002       2.21993041    
   2.99000001       2.22613072    
   3.00000000       2.23232508    
   3.00999999       2.23851991    
   3.01999998       2.24470901    
   3.02999997       2.25089478    
   3.03999996       2.25707507    
   3.04999995       2.26325679    
   3.05999994       2.26943231    
   3.06999993       2.27560472    
   3.07999992       2.28177238    
   3.08999991       2.28793812    
   3.09999990       2.29410100    
   3.10999990       2.30026126    
   3.11999989       2.30641675    
   3.12999988       2.31257081    
   3.13999987       2.31872463    
   3.14999986       2.32487011    
   3.15999985       2.33101559    
   3.16999984       2.33715963    
   3.17999983       2.34330058    
   3.18999982       2.34943724    
   3.19999981       2.35557270    
   3.21000004       2.36170578    
   3.22000003       2.36783695    
   3.23000002       2.37396359    
   3.24000001       2.38008928    
   3.25000000       2.38621306    
   3.25999999       2.39233160    
   3.26999998       2.39845157    
   3.27999997       2.40456843    
   3.28999996       2.41068244    
   3.29999995       2.41679430    
   3.30999994       2.42290497    
   3.31999993       2.42901349    
   3.32999992       2.43511796    
   3.33999991       2.44122267    
   3.34999990       2.44732380    
   3.35999990       2.45342612    
   3.36999989       2.45952439    
   3.37999988       2.46561766    
   3.38999987       2.47171140    
   3.39999986       2.47780490    
   3.40999985       2.48389602    
   3.41999984       2.48998904    
   3.42999983       2.49607372    
   3.43999982       2.50216198    
   3.44999981       2.50824547    
   3.46000004       2.51432586    
   3.47000003       2.52040935    
   3.48000002       2.52648902    
   3.49000001       2.53256583    
   3.50000000       2.53864050    
   3.50999999       2.54471612    
