   9.99999978E-03   5.18606161E-04
   1.99999996E-02   9.28151596E-04
   2.99999993E-02   1.28534716E-03
   3.99999991E-02   1.63332920E-03
   4.99999970E-02   1.81251869E-03
   5.99999987E-02   2.00572819E-03
   7.00000003E-02   2.40441086E-03
   7.99999982E-02   2.76852236E-03
   8.99999961E-02   2.96419044E-03
   9.99999940E-02   3.03041050E-03
  0.109999999       3.04137333E-03
  0.119999997       3.04600503E-03
  0.129999995       3.06999264E-03
  0.140000001       3.12501099E-03
  0.149999991       3.21672601E-03
  0.159999996       3.35488771E-03
  0.170000002       3.55086662E-03
  0.179999992       3.77278519E-03
  0.189999998       4.12774505E-03
  0.199999988       4.46552224E-03
  0.209999993       5.06686466E-03
  0.219999999       5.50589431E-03
  0.229999989       6.36640936E-03
  0.239999995       7.42303208E-03
  0.250000000       8.00261460E-03
  0.259999990       9.40202363E-03
  0.269999981       1.13865472E-02
  0.280000001       1.27442731E-02
  0.289999992       1.36711728E-02
  0.299999982       1.59282833E-02
  0.310000002       1.92033164E-02
  0.319999993       2.30137371E-02
  0.329999983       2.44142711E-02
  0.340000004       2.55701430E-02
  0.349999994       2.84840781E-02
  0.359999985       3.26350406E-02
  0.370000005       3.82413194E-02
  0.379999995       4.52796072E-02
  0.389999986       5.16914763E-02
  0.399999976       5.15796766E-02
  0.409999996       5.30373454E-02
  0.419999987       5.62773384E-02
  0.429999977       6.07345328E-02
  0.439999998       6.64683431E-02
  0.449999988       7.37117901E-02
  0.459999979       8.28017667E-02
  0.469999999       9.40523967E-02
  0.479999989      0.107186019    
  0.489999980      0.119069658    
  0.500000000      0.119065076    
  0.509999990      0.118346490    
  0.519999981      0.120461725    
  0.529999971      0.123891667    
  0.539999962      0.128333390    
  0.550000012      0.133703053    
  0.560000002      0.140021205    
  0.569999993      0.147368565    
  0.579999983      0.155874535    
  0.589999974      0.165719435    
  0.599999964      0.177140087    
  0.610000014      0.190430641    
  0.620000005      0.205931976    
  0.629999995      0.223962605    
  0.639999986      0.244553238    
  0.649999976      0.266494483    
  0.659999967      0.283980668    
  0.669999957      0.283518612    
  0.680000007      0.282336652    
  0.689999998      0.283264697    
  0.699999988      0.285355777    
  0.709999979      0.288262248    
  0.719999969      0.291814059    
  0.729999959      0.295915276    
  0.740000010      0.300512224    
  0.750000000      0.305572659    
  0.759999990      0.311081141    
  0.769999981      0.317034185    
  0.779999971      0.323435485    
  0.789999962      0.330297530    
  0.799999952      0.337636948    
  0.810000002      0.345477998    
  0.819999993      0.353851378    
  0.829999983      0.362791806    
  0.839999974      0.372342438    
  0.849999964      0.382551700    
  0.859999955      0.393477052    
  0.870000005      0.405184597    
  0.879999995      0.417748332    
  0.889999986      0.431254178    
  0.899999976      0.445799232    
  0.909999967      0.461489409    
  0.919999957      0.478443384    
  0.930000007      0.496783912    
  0.939999998      0.516627967    
  0.949999988      0.538061619    
  0.959999979      0.561087430    
  0.969999969      0.585501492    
  0.979999959      0.610608637    
  0.989999950      0.634524107    
   1.00000000      0.652247071    
   1.00999999      0.660757005    
   1.01999998      0.667054713    
   1.02999997      0.672542870    
   1.03999996      0.677654207    
   1.04999995      0.682582557    
   1.05999994      0.687425911    
   1.06999993      0.692242205    
   1.07999992      0.697063565    
   1.09000003      0.701910794    
   1.10000002      0.706796408    
   1.11000001      0.711729944    
   1.12000000      0.716715872    
   1.13000000      0.721758246    
   1.13999999      0.726858914    
   1.14999998      0.732022047    
   1.15999997      0.737245679    
   1.16999996      0.742531955    
   1.17999995      0.747881472    
   1.18999994      0.753294230    
   1.19999993      0.758770227    
   1.20999992      0.764311075    
   1.22000003      0.769915462    
   1.23000002      0.775584698    
   1.24000001      0.781319976    
   1.25000000      0.787119031    
   1.25999999      0.792982996    
   1.26999998      0.798915327    
   1.27999997      0.804913640    
   1.28999996      0.810979247    
   1.29999995      0.817112446    
   1.30999994      0.823314488    
   1.31999993      0.829584777    
   1.32999992      0.835925579    
   1.33999991      0.842336953    
   1.35000002      0.848820388    
   1.36000001      0.855376780    
   1.37000000      0.862006187    
   1.38000000      0.868710041    
   1.38999999      0.875489414    
   1.39999998      0.882346690    
   1.40999997      0.889272451    
   1.41999996      0.896294892    
   1.42999995      0.903388977    
   1.43999994      0.910565555    
   1.44999993      0.917824805    
   1.45999992      0.925168872    
   1.46999991      0.932598531    
   1.48000002      0.940116465    
   1.49000001      0.947724223    
   1.50000000      0.955421746    
   1.50999999      0.963213146    
   1.51999998      0.971098065    
   1.52999997      0.979078591    
   1.53999996      0.987158298    
   1.54999995      0.995337248    
   1.55999994       1.00361824    
   1.56999993       1.01200271    
   1.57999992       1.02049184    
   1.58999991       1.02909088    
   1.59999990       1.03780007    
   1.61000001       1.04662061    
   1.62000000       1.05555487    
   1.63000000       1.06460690    
   1.63999999       1.07377791    
   1.64999998       1.08306992    
   1.65999997       1.09248626    
   1.66999996       1.10202897    
   1.67999995       1.11169910    
   1.68999994       1.12150109    
   1.69999993       1.13143599    
   1.70999992       1.14150727    
   1.71999991       1.15171623    
   1.73000002       1.16206682    
   1.74000001       1.17255926    
   1.75000000       1.18319750    
   1.75999999       1.19398236    
   1.76999998       1.20491707    
   1.77999997       1.21600378    
   1.78999996       1.22724164    
   1.79999995       1.23863709    
   1.80999994       1.25018203    
   1.81999993       1.26188588    
   1.82999992       1.27374589    
   1.83999991       1.28576207    
   1.84999990       1.29793203    
   1.86000001       1.31025600    
   1.87000000       1.32273114    
   1.88000000       1.33535171    
   1.88999999       1.34811783    
   1.89999998       1.36101782    
   1.90999997       1.37404490    
   1.91999996       1.38718760    
   1.92999995       1.40043294    
   1.93999994       1.41376686    
   1.94999993       1.42716658    
   1.95999992       1.44060767    
   1.96999991       1.45405734    
   1.97999990       1.46748388    
   1.99000001       1.48083889    
   2.00000000       1.49406374    
   2.00999999       1.50686705    
   2.01999998       1.51902747    
   2.02999997       1.53062940    
   2.03999996       1.54174662    
   2.04999995       1.55244446    
   2.05999994       1.56276929    
   2.06999993       1.57277036    
   2.07999992       1.58248186    
   2.08999991       1.59194088    
   2.09999990       1.60116553    
   2.10999990       1.61018348    
   2.11999989       1.61901295    
   2.12999988       1.62767220    
   2.13999987       1.63617730    
   2.14999986       1.64453959    
   2.15999985       1.65277088    
   2.16999984       1.66088653    
   2.18000007       1.66888714    
   2.19000006       1.67678654    
   2.20000005       1.68459237    
   2.21000004       1.69231153    
   2.22000003       1.69994915    
   2.23000002       1.70751059    
   2.24000001       1.71500289    
   2.25000000       1.72242737    
   2.25999999       1.72979116    
   2.26999998       1.73709631    
   2.27999997       1.74434841    
   2.28999996       1.75154817    
   2.29999995       1.75869954    
   2.30999994       1.76580572    
   2.31999993       1.77287030    
   2.32999992       1.77989340    
   2.33999991       1.78687799    
   2.34999990       1.79382789    
   2.35999990       1.80074143    
   2.36999989       1.80762303    
   2.37999988       1.81447339    
   2.38999987       1.82129502    
   2.39999986       1.82808888    
   2.40999985       1.83485484    
   2.41999984       1.84159660    
   2.42999983       1.84831214    
   2.44000006       1.85500538    
   2.45000005       1.86167717    
   2.46000004       1.86832666    
   2.47000003       1.87495792    
   2.48000002       1.88156784    
   2.49000001       1.88815975    
   2.50000000       1.89473331    
   2.50999999       1.90128994    
   2.51999998       1.90783000    
   2.52999997       1.91435492    
   2.53999996       1.92086565    
   2.54999995       1.92735994    
   2.55999994       1.93384039    
   2.56999993       1.94030845    
   2.57999992       1.94676232    
   2.58999991       1.95320415    
   2.59999990       1.95963311    
   2.60999990       1.96605206    
   2.61999989       1.97245896    
   2.62999988       1.97885287    
   2.63999987       1.98523951    
   2.64999986       1.99161458    
   2.65999985       1.99797952    
   2.66999984       2.00433612    
   2.67999983       2.01068282    
   2.69000006       2.01702237    
   2.70000005       2.02334762    
   2.71000004       2.02967143    
   2.72000003       2.03598356    
   2.73000002       2.04228663    
   2.74000001       2.04858446    
   2.75000000       2.05487514    
   2.75999999       2.06115770    
   2.76999998       2.06743360    
   2.77999997       2.07370353    
   2.78999996       2.07996464    
   2.79999995       2.08621979    
   2.80999994       2.09247088    
   2.81999993       2.09871292    
   2.82999992       2.10495281    
   2.83999991       2.11118507    
   2.84999990       2.11741114    
   2.85999990       2.12363291    
   2.86999989       2.12984753    
   2.87999988       2.13605905    
   2.88999987       2.14226508    
   2.89999986       2.14846325    
   2.90999985       2.15466213    
   2.91999984       2.16085482    
   2.92999983       2.16703963    
   2.93999982       2.17322445    
   2.95000005       2.17940140    
   2.96000004       2.18557501    
   2.97000003       2.19174719    
   2.98000002       2.19791150    
   2.99000001       2.20407343    
   3.00000000       2.21023250    
   3.00999999       2.21638632    
   3.01999998       2.22253776    
   3.02999997       2.22868443    
   3.03999996       2.23482609    
   3.04999995       2.24096751    
   3.05999994       2.24710298    
   3.06999993       2.25323772    
   3.07999992       2.25936675    
   3.08999991       2.26549459    
   3.09999990       2.27162027    
   3.10999990       2.27774096    
   3.11999989       2.28385854    
   3.12999988       2.28997469    
   3.13999987       2.29608512    
   3.14999986       2.30219340    
   3.15999985       2.30830240    
   3.16999984       2.31440592    
   3.17999983       2.32050657    
   3.18999982       2.32660580    
   3.19999981       2.33270025    
   3.21000004       2.33879638    
   3.22000003       2.34488678    
   3.23000002       2.35097599    
   3.24000001       2.35706329    
   3.25000000       2.36314726    
   3.25999999       2.36922860    
   3.26999998       2.37530971    
   3.27999997       2.38138461    
   3.28999996       2.38746047    
   3.29999995       2.39353371    
   3.30999994       2.39960480    
   3.31999993       2.40567589    
   3.32999992       2.41174054    
   3.33999991       2.41780615    
   3.34999990       2.42386842    
   3.35999990       2.42992949    
   3.36999989       2.43598866    
   3.37999988       2.44204330    
   3.38999987       2.44809842    
   3.39999986       2.45415592    
   3.40999985       2.46020412    
   3.41999984       2.46625590    
   3.42999983       2.47230458    
   3.43999982       2.47835064    
   3.44999981       2.48439407    
   3.46000004       2.49043989    
   3.47000003       2.49648046    
   3.48000002       2.50252032    
   3.49000001       2.50855827    
   3.50000000       2.51459718    
   3.50999999       2.52063227    
