   9.99999978E-03   5.24628558E-04
   1.99999996E-02   9.26698616E-04
   2.99999993E-02   1.31279370E-03
   3.99999991E-02   1.63519580E-03
   4.99999970E-02   1.85410201E-03
   5.99999987E-02   2.01616203E-03
   7.00000003E-02   2.39985716E-03
   7.99999982E-02   2.78459769E-03
   8.99999961E-02   3.01052374E-03
   9.99999940E-02   3.09544080E-03
  0.109999999       3.11229960E-03
  0.119999997       3.11539415E-03
  0.129999995       3.13550211E-03
  0.140000001       3.18794907E-03
  0.149999991       3.28109926E-03
  0.159999996       3.42814322E-03
  0.170000002       3.64756817E-03
  0.179999992       3.89589579E-03
  0.189999998       4.30560671E-03
  0.199999988       4.70062392E-03
  0.209999993       5.40696690E-03
  0.219999999       5.91185782E-03
  0.229999989       6.94727339E-03
  0.239999995       8.16248264E-03
  0.250000000       8.84354301E-03
  0.259999990       1.05167450E-02
  0.269999981       1.28194960E-02
  0.280000001       1.43056056E-02
  0.289999992       1.54319480E-02
  0.299999982       1.80868004E-02
  0.310000002       2.18699984E-02
  0.319999993       2.61124820E-02
  0.329999983       2.75684986E-02
  0.340000004       2.89739780E-02
  0.349999994       3.23328041E-02
  0.359999985       3.70942019E-02
  0.370000005       4.34336402E-02
  0.379999995       5.12132719E-02
  0.389999986       5.80127053E-02
  0.399999976       5.78072183E-02
  0.409999996       5.95260039E-02
  0.419999987       6.31910041E-02
  0.429999977       6.81995526E-02
  0.439999998       7.46104643E-02
  0.449999988       8.26609582E-02
  0.459999979       9.26802605E-02
  0.469999999      0.104926609    
  0.479999989      0.118948832    
  0.489999980      0.131158993    
  0.500000000      0.130962864    
  0.509999990      0.130363032    
  0.519999981      0.132739604    
  0.529999971      0.136525542    
  0.539999962      0.141396165    
  0.550000012      0.147268295    
  0.560000002      0.154159740    
  0.569999993      0.162152231    
  0.579999983      0.171379834    
  0.589999974      0.182023227    
  0.599999964      0.194318816    
  0.610000014      0.208552688    
  0.620000005      0.225041270    
  0.629999995      0.244045615    
  0.639999986      0.265472919    
  0.649999976      0.287887633    
  0.659999967      0.305254579    
  0.669999957      0.304809183    
  0.680000007      0.303801388    
  0.689999998      0.304921359    
  0.699999988      0.307232112    
  0.709999979      0.310385376    
  0.719999969      0.314208955    
  0.729999959      0.318606168    
  0.740000010      0.323520392    
  0.750000000      0.328919351    
  0.759999990      0.334787786    
  0.769999981      0.341120869    
  0.779999971      0.347923249    
  0.789999962      0.355205357    
  0.799999952      0.362985730    
  0.810000002      0.371287107    
  0.819999993      0.380140811    
  0.829999983      0.389582872    
  0.839999974      0.399654359    
  0.849999964      0.410401583    
  0.859999955      0.421884060    
  0.870000005      0.434165478    
  0.879999995      0.447318077    
  0.889999986      0.461423308    
  0.899999976      0.476573199    
  0.909999967      0.492868304    
  0.919999957      0.510415971    
  0.930000007      0.529323697    
  0.939999998      0.549687564    
  0.949999988      0.571565509    
  0.959999979      0.594920039    
  0.969999969      0.619496167    
  0.979999959      0.644547522    
  0.989999950      0.668186247    
   1.00000000      0.685673237    
   1.00999999      0.694378197    
   1.01999998      0.700930238    
   1.02999997      0.706675470    
   1.03999996      0.712040722    
   1.04999995      0.717217684    
   1.05999994      0.722304702    
   1.06999993      0.727361083    
   1.07999992      0.732419550    
   1.09000003      0.737501621    
   1.10000002      0.742621243    
   1.11000001      0.747785330    
   1.12000000      0.753003120    
   1.13000000      0.758275986    
   1.13999999      0.763606787    
   1.14999998      0.768999696    
   1.15999997      0.774453282    
   1.16999996      0.779969931    
   1.17999995      0.785549283    
   1.18999994      0.791193604    
   1.19999993      0.796901643    
   1.20999992      0.802673936    
   1.22000003      0.808511615    
   1.23000002      0.814413726    
   1.24000001      0.820382953    
   1.25000000      0.826415837    
   1.25999999      0.832516134    
   1.26999998      0.838685513    
   1.27999997      0.844920695    
   1.28999996      0.851224065    
   1.29999995      0.857595026    
   1.30999994      0.864036024    
   1.31999993      0.870546877    
   1.32999992      0.877128184    
   1.33999991      0.883781672    
   1.35000002      0.890506923    
   1.36000001      0.897305012    
   1.37000000      0.904177189    
   1.38000000      0.911126256    
   1.38999999      0.918149948    
   1.39999998      0.925251544    
   1.40999997      0.932432115    
   1.41999996      0.939691186    
   1.42999995      0.947032034    
   1.43999994      0.954455256    
   1.44999993      0.961960673    
   1.45999992      0.969553411    
   1.46999991      0.977230430    
   1.48000002      0.984996080    
   1.49000001      0.992850661    
   1.50000000       1.00079715    
   1.50999999       1.00883412    
   1.51999998       1.01696765    
   1.52999997       1.02519572    
   1.53999996       1.03352070    
   1.54999995       1.04194665    
   1.55999994       1.05047262    
   1.56999993       1.05910182    
   1.57999992       1.06783640    
   1.58999991       1.07667911    
   1.59999990       1.08562839    
   1.61000001       1.09468949    
   1.62000000       1.10386407    
   1.63000000       1.11315298    
   1.63999999       1.12255955    
   1.64999998       1.13208592    
   1.65999997       1.14173293    
   1.66999996       1.15150356    
   1.67999995       1.16140175    
   1.68999994       1.17142701    
   1.69999993       1.18158138    
   1.70999992       1.19187033    
   1.71999991       1.20229161    
   1.73000002       1.21285009    
   1.74000001       1.22354615    
   1.75000000       1.23438382    
   1.75999999       1.24536192    
   1.76999998       1.25648570    
   1.77999997       1.26775265    
   1.78999996       1.27916527    
   1.79999995       1.29072583    
   1.80999994       1.30243361    
   1.81999993       1.31428921    
   1.82999992       1.32629204    
   1.83999991       1.33844054    
   1.84999990       1.35073590    
   1.86000001       1.36317158    
   1.87000000       1.37574875    
   1.88000000       1.38845861    
   1.88999999       1.40129924    
   1.89999998       1.41426301    
   1.90999997       1.42733860    
   1.91999996       1.44051635    
   1.92999995       1.45378315    
   1.93999994       1.46711993    
   1.94999993       1.48050880    
   1.95999992       1.49392307    
   1.96999991       1.50733340    
   1.97999990       1.52070463    
   1.99000001       1.53399026    
   2.00000000       1.54714024    
   2.00999999       1.55986571    
   2.01999998       1.57195961    
   2.02999997       1.58351195    
   2.03999996       1.59459221    
   2.04999995       1.60526645    
   2.05999994       1.61558044    
   2.06999993       1.62558103    
   2.07999992       1.63529909    
   2.08999991       1.64477396    
   2.09999990       1.65402293    
   2.10999990       1.66306973    
   2.11999989       1.67193615    
   2.12999988       1.68063593    
   2.13999987       1.68918490    
   2.14999986       1.69759631    
   2.15999985       1.70588088    
   2.16999984       1.71405232    
   2.18000007       1.72211385    
   2.19000006       1.73007655    
   2.20000005       1.73794818    
   2.21000004       1.74573421    
   2.22000003       1.75344217    
   2.23000002       1.76107752    
   2.24000001       1.76864207    
   2.25000000       1.77614427    
   2.25999999       1.78358448    
   2.26999998       1.79096937    
   2.27999997       1.79830134    
   2.28999996       1.80558097    
   2.29999995       1.81281734    
   2.30999994       1.82000923    
   2.31999993       1.82715797    
   2.32999992       1.83426666    
   2.33999991       1.84134042    
   2.34999990       1.84837615    
   2.35999990       1.85537970    
   2.36999989       1.86235142    
   2.37999988       1.86929405    
   2.38999987       1.87620389    
   2.39999986       1.88309050    
   2.40999985       1.88994789    
   2.41999984       1.89678288    
   2.42999983       1.90359390    
   2.44000006       1.91038132    
   2.45000005       1.91714787    
   2.46000004       1.92389441    
   2.47000003       1.93061769    
   2.48000002       1.93732488    
   2.49000001       1.94401336    
   2.50000000       1.95068574    
   2.50999999       1.95733798    
   2.51999998       1.96397614    
   2.52999997       1.97059882    
   2.53999996       1.97720766    
   2.54999995       1.98380029    
   2.55999994       1.99038041    
   2.56999993       1.99694681    
   2.57999992       2.00350118    
   2.58999991       2.01004291    
   2.59999990       2.01657200    
   2.60999990       2.02309179    
   2.61999989       2.02959895    
   2.62999988       2.03609705    
   2.63999987       2.04258251    
   2.64999986       2.04905987    
   2.65999985       2.05552697    
   2.66999984       2.06198168    
   2.67999983       2.06843185    
   2.69000006       2.07487178    
   2.70000005       2.08130407    
   2.71000004       2.08772659    
   2.72000003       2.09414172    
   2.73000002       2.10055041    
   2.74000001       2.10694981    
   2.75000000       2.11334419    
   2.75999999       2.11972809    
   2.76999998       2.12610817    
   2.77999997       2.13248110    
   2.78999996       2.13884783    
   2.79999995       2.14520526    
   2.80999994       2.15156054    
   2.81999993       2.15790939    
   2.82999992       2.16425037    
   2.83999991       2.17058706    
   2.84999990       2.17691851    
   2.85999990       2.18324614    
   2.86999989       2.18956470    
   2.87999988       2.19588113    
   2.88999987       2.20219135    
   2.89999986       2.20849681    
   2.90999985       2.21479702    
   2.91999984       2.22109485    
   2.92999983       2.22738671    
   2.93999982       2.23367548    
   2.95000005       2.23995948    
   2.96000004       2.24624109    
   2.97000003       2.25251794    
   2.98000002       2.25878596    
   2.99000001       2.26505542    
   3.00000000       2.27131724    
   3.00999999       2.27757907    
   3.01999998       2.28383493    
   3.02999997       2.29008722    
   3.03999996       2.29633856    
   3.04999995       2.30258322    
   3.05999994       2.30882716    
   3.06999993       2.31506824    
   3.07999992       2.32130289    
   3.08999991       2.32753754    
   3.09999990       2.33376861    
   3.10999990       2.33999634    
   3.11999989       2.34622025    
   3.12999988       2.35244107    
   3.13999987       2.35866189    
   3.14999986       2.36487651    
   3.15999985       2.37109041    
   3.16999984       2.37730193    
   3.17999983       2.38350892    
   3.18999982       2.38971400    
   3.19999981       2.39591932    
   3.21000004       2.40211940    
   3.22000003       2.40831923    
   3.23000002       2.41451573    
   3.24000001       2.42070723    
   3.25000000       2.42689919    
   3.25999999       2.43308759    
   3.26999998       2.43927479    
   3.27999997       2.44545913    
   3.28999996       2.45164347    
   3.29999995       2.45782280    
   3.30999994       2.46400142    
   3.31999993       2.47017694    
   3.32999992       2.47635341    
   3.33999991       2.48252416    
   3.34999990       2.48869586    
   3.35999990       2.49486399    
   3.36999989       2.50102973    
   3.37999988       2.50719523    
   3.38999987       2.51335716    
   3.39999986       2.51952267    
   3.40999985       2.52567959    
   3.41999984       2.53183746    
   3.42999983       2.53799558    
   3.43999982       2.54415035    
   3.44999981       2.55030012    
   3.46000004       2.55645275    
   3.47000003       2.56260419    
   3.48000002       2.56874895    
   3.49000001       2.57489896    
   3.50000000       2.58104134    
   3.50999999       2.58718419    
