   9.99999978E-03   5.27423865E-04
   1.99999996E-02   9.26480396E-04
   2.99999993E-02   1.31959340E-03
   3.99999991E-02   1.63474155E-03
   4.99999970E-02   1.86568208E-03
   5.99999987E-02   2.01933109E-03
   7.00000003E-02   2.39849137E-03
   7.99999982E-02   2.78799888E-03
   8.99999961E-02   3.02230753E-03
   9.99999940E-02   3.11278319E-03
  0.109999999       3.13170766E-03
  0.119999997       3.13478732E-03
  0.129999995       3.15415720E-03
  0.140000001       3.20632779E-03
  0.149999991       3.30035691E-03
  0.159999996       3.45073012E-03
  0.170000002       3.67790041E-03
  0.179999992       3.93501436E-03
  0.189999998       4.36180364E-03
  0.199999988       4.77308733E-03
  0.209999993       5.51521871E-03
  0.219999999       6.03909139E-03
  0.229999989       7.12835835E-03
  0.239999995       8.39023199E-03
  0.250000000       9.10312030E-03
  0.259999990       1.08586056E-02
  0.269999981       1.32558011E-02
  0.280000001       1.47784213E-02
  0.289999992       1.59660652E-02
  0.299999982       1.87398959E-02
  0.310000002       2.26723664E-02
  0.319999993       2.70368401E-02
  0.329999983       2.85107046E-02
  0.340000004       2.99894121E-02
  0.349999994       3.34900767E-02
  0.359999985       3.84194627E-02
  0.370000005       4.49705310E-02
  0.379999995       5.29599190E-02
  0.389999986       5.98469302E-02
  0.399999976       5.96330538E-02
  0.409999996       6.14290498E-02
  0.419999987       6.52178526E-02
  0.429999977       7.03859627E-02
  0.439999998       7.69918337E-02
  0.449999988       8.52731839E-02
  0.459999979       9.55557227E-02
  0.469999999      0.108080171    
  0.479999989      0.122341275    
  0.489999980      0.134637594    
  0.500000000      0.134391099    
  0.509999990      0.133827746    
  0.519999981      0.136280000    
  0.529999971      0.140167370    
  0.539999962      0.145160705    
  0.550000012      0.151175633    
  0.560000002      0.158229351    
  0.569999993      0.166404963    
  0.579999983      0.175835177    
  0.589999974      0.186702207    
  0.599999964      0.199241892    
  0.610000014      0.213737249    
  0.620000005      0.230497018    
  0.629999995      0.249765128    
  0.639999986      0.271414757    
  0.649999976      0.293947250    
  0.659999967      0.311277628    
  0.669999957      0.310842246    
  0.680000007      0.309885412    
  0.689999998      0.311060935    
  0.699999988      0.313434362    
  0.709999979      0.316658109    
  0.719999969      0.320558220    
  0.729999959      0.325038224    
  0.740000010      0.330041170    
  0.750000000      0.335536122    
  0.759999990      0.341504753    
  0.769999981      0.347943842    
  0.779999971      0.354857534    
  0.789999962      0.362256974    
  0.799999952      0.370159537    
  0.810000002      0.378589064    
  0.819999993      0.387575686    
  0.829999983      0.397155643    
  0.839999974      0.407369524    
  0.849999964      0.418266565    
  0.859999955      0.429902494    
  0.870000005      0.442340404    
  0.879999995      0.455653131    
  0.889999986      0.469921350    
  0.899999976      0.485235155    
  0.909999967      0.501692951    
  0.919999957      0.519398987    
  0.930000007      0.538457334    
  0.939999998      0.558959305    
  0.949999988      0.580950081    
  0.959999979      0.604386568    
  0.969999969      0.628998339    
  0.979999959      0.654028416    
  0.989999950      0.677588224    
   1.00000000      0.695011497    
   1.00999999      0.703769445    
   1.01999998      0.710389674    
   1.02999997      0.716206729    
   1.03999996      0.721641362    
   1.04999995      0.726887405    
   1.05999994      0.732041955    
   1.06999993      0.737164080    
   1.07999992      0.742287993    
   1.09000003      0.747434616    
   1.10000002      0.752618015    
   1.11000001      0.757847130    
   1.12000000      0.763098538    
   1.13000000      0.768464267    
   1.13999999      0.773859739    
   1.14999998      0.779314876    
   1.15999997      0.784832358    
   1.16999996      0.790412724    
   1.17999995      0.796056032    
   1.18999994      0.801763654    
   1.19999993      0.807534993    
   1.20999992      0.813372076    
   1.22000003      0.819273770    
   1.23000002      0.825240314    
   1.24000001      0.831273437    
   1.25000000      0.837372601    
   1.25999999      0.843536854    
   1.26999998      0.849771440    
   1.27999997      0.856071293    
   1.28999996      0.862440169    
   1.29999995      0.868877053    
   1.30999994      0.875383019    
   1.31999993      0.881960273    
   1.32999992      0.888607264    
   1.33999991      0.895326614    
   1.35000002      0.902118206    
   1.36000001      0.908982873    
   1.37000000      0.915922999    
   1.38000000      0.922937930    
   1.38999999      0.930028617    
   1.39999998      0.937197447    
   1.40999997      0.944444716    
   1.41999996      0.951771379    
   1.42999995      0.959179878    
   1.43999994      0.966670275    
   1.44999993      0.974244356    
   1.45999992      0.981902778    
   1.46999991      0.989647806    
   1.48000002      0.997481048    
   1.49000001       1.00540447    
   1.50000000       1.01341641    
   1.50999999       1.02152181    
   1.51999998       1.02972257    
   1.52999997       1.03801787    
   1.53999996       1.04641080    
   1.54999995       1.05490243    
   1.55999994       1.06349480    
   1.56999993       1.07219136    
   1.57999992       1.08099103    
   1.58999991       1.08989871    
   1.59999990       1.09891450    
   1.61000001       1.10804057    
   1.62000000       1.11728072    
   1.63000000       1.12663352    
   1.63999999       1.13610375    
   1.64999998       1.14569271    
   1.65999997       1.15540314    
   1.66999996       1.16523540    
   1.67999995       1.17519379    
   1.68999994       1.18527758    
   1.69999993       1.19549239    
   1.70999992       1.20583808    
   1.71999991       1.21631634    
   1.73000002       1.22692978    
   1.74000001       1.23768270    
   1.75000000       1.24857128    
   1.75999999       1.25960159    
   1.76999998       1.27077329    
   1.77999997       1.28208923    
   1.78999996       1.29354858    
   1.79999995       1.30515337    
   1.80999994       1.31690359    
   1.81999993       1.32879817    
   1.82999992       1.34083796    
   1.83999991       1.35302067    
   1.84999990       1.36534703    
   1.86000001       1.37781298    
   1.87000000       1.39041519    
   1.88000000       1.40314972    
   1.88999999       1.41600907    
   1.89999998       1.42898643    
   1.90999997       1.44207394    
   1.91999996       1.45525932    
   1.92999995       1.46853065    
   1.93999994       1.48186719    
   1.94999993       1.49525177    
   1.95999992       1.50865769    
   1.96999991       1.52205634    
   1.97999990       1.53541148    
   1.99000001       1.54867959    
   2.00000000       1.56180716    
   2.00999999       1.57451057    
   2.01999998       1.58658934    
   2.02999997       1.59812546    
   2.03999996       1.60919487    
   2.04999995       1.61986232    
   2.05999994       1.63017356    
   2.06999993       1.64017367    
   2.07999992       1.64989376    
   2.08999991       1.65937233    
   2.09999990       1.66862738    
   2.10999990       1.67768240    
   2.11999989       1.68655705    
   2.12999988       1.69526827    
   2.13999987       1.70383048    
   2.14999986       1.71225441    
   2.15999985       1.72055399    
   2.16999984       1.72873843    
   2.18000007       1.73681808    
   2.19000006       1.74479747    
   2.20000005       1.75268614    
   2.21000004       1.76049197    
   2.22000003       1.76821792    
   2.23000002       1.77587128    
   2.24000001       1.78345656    
   2.25000000       1.79097939    
   2.25999999       1.79844129    
   2.26999998       1.80584705    
   2.27999997       1.81320000    
   2.28999996       1.82050407    
   2.29999995       1.82776296    
   2.30999994       1.83497715    
   2.31999993       1.84214818    
   2.32999992       1.84928107    
   2.33999991       1.85637593    
   2.34999990       1.86343765    
   2.35999990       1.87046397    
   2.36999989       1.87745976    
   2.37999988       1.88442600    
   2.38999987       1.89136302    
   2.39999986       1.89827287    
   2.40999985       1.90515745    
   2.41999984       1.91201687    
   2.42999983       1.91885245    
   2.44000006       1.92566693    
   2.45000005       1.93245876    
   2.46000004       1.93922877    
   2.47000003       1.94598222    
   2.48000002       1.95271456    
   2.49000001       1.95942831    
   2.50000000       1.96612656    
   2.50999999       1.97280574    
   2.51999998       1.97947109    
   2.52999997       1.98611963    
   2.53999996       1.99275553    
   2.54999995       1.99937510    
   2.55999994       2.00598288    
   2.56999993       2.01257467    
   2.57999992       2.01915908    
   2.58999991       2.02572727    
   2.59999990       2.03228331    
   2.60999990       2.03882861    
   2.61999989       2.04536390    
   2.62999988       2.05188751    
   2.63999987       2.05839992    
   2.64999986       2.06490493    
   2.65999985       2.07140017    
   2.66999984       2.07788658    
   2.67999983       2.08436179    
   2.69000006       2.09082985    
   2.70000005       2.09728932    
   2.71000004       2.10373831    
   2.72000003       2.11018467    
   2.73000002       2.11661863    
   2.74000001       2.12304831    
   2.75000000       2.12946749    
   2.75999999       2.13588381    
   2.76999998       2.14229083    
   2.77999997       2.14869189    
   2.78999996       2.15508652    
   2.79999995       2.16147375    
   2.80999994       2.16785598    
   2.81999993       2.17423177    
   2.82999992       2.18060327    
   2.83999991       2.18696618    
   2.84999990       2.19332743    
   2.85999990       2.19968081    
   2.86999989       2.20603013    
   2.87999988       2.21237397    
   2.88999987       2.21871352    
   2.89999986       2.22504854    
   2.90999985       2.23137832    
   2.91999984       2.23770165    
   2.92999983       2.24402332    
   2.93999982       2.25033975    
   2.95000005       2.25665331    
   2.96000004       2.26296067    
   2.97000003       2.26926422    
   2.98000002       2.27556610    
   2.99000001       2.28186154    
   3.00000000       2.28815484    
   3.00999999       2.29444385    
   3.01999998       2.30073094    
   3.02999997       2.30701160    
   3.03999996       2.31329107    
   3.04999995       2.31956697    
   3.05999994       2.32583952    
   3.06999993       2.33210635    
   3.07999992       2.33837295    
   3.08999991       2.34463501    
   3.09999990       2.35089374    
   3.10999990       2.35714936    
   3.11999989       2.36340284    
   3.12999988       2.36965728    
   3.13999987       2.37590432    
   3.14999986       2.38214731    
   3.15999985       2.38839197    
   3.16999984       2.39463186    
   3.17999983       2.40087056    
   3.18999982       2.40710688    
   3.19999981       2.41333771    
   3.21000004       2.41956544    
   3.22000003       2.42579675    
   3.23000002       2.43202281    
   3.24000001       2.43824172    
   3.25000000       2.44446349    
   3.25999999       2.45068288    
   3.26999998       2.45689821    
   3.27999997       2.46311283    
   3.28999996       2.46932411    
   3.29999995       2.47553301    
   3.30999994       2.48174024    
   3.31999993       2.48794723    
   3.32999992       2.49415398    
   3.33999991       2.50035095    
   3.34999990       2.50655246    
   3.35999990       2.51275277    
   3.36999989       2.51894832    
   3.37999988       2.52514267    
   3.38999987       2.53133297    
   3.39999986       2.53752494    
   3.40999985       2.54371262    
   3.41999984       2.54990125    
   3.42999983       2.55608535    
   3.43999982       2.56227160    
   3.44999981       2.56845069    
   3.46000004       2.57463336    
   3.47000003       2.58081365    
   3.48000002       2.58699083    
   3.49000001       2.59316707    
   3.50000000       2.59933996    
   3.50999999       2.60551167    
