   9.99999978E-03   5.41056739E-04
   1.99999996E-02   9.29771631E-04
   2.99999993E-02   1.34268333E-03
   3.99999991E-02   1.63176819E-03
   4.99999970E-02   1.91220758E-03
   5.99999987E-02   2.03679153E-03
   7.00000003E-02   2.39287596E-03
   7.99999982E-02   2.79784016E-03
   8.99999961E-02   3.06531577E-03
   9.99999940E-02   3.17970267E-03
  0.109999999       3.20945401E-03
  0.119999997       3.21414508E-03
  0.129999995       3.23248026E-03
  0.140000001       3.28581221E-03
  0.149999991       3.38672148E-03
  0.159999996       3.55433533E-03
  0.170000002       3.82031151E-03
  0.179999992       4.12056735E-03
  0.189999998       4.62631136E-03
  0.199999988       5.12413075E-03
  0.209999993       6.01092307E-03
  0.219999999       6.63243001E-03
  0.229999989       7.96662923E-03
  0.239999995       9.43074562E-03
  0.250000000       1.02954367E-02
  0.259999990       1.24172568E-02
  0.269999981       1.52220167E-02
  0.280000001       1.68984383E-02
  0.289999992       1.83657669E-02
  0.299999982       2.16634423E-02
  0.310000002       2.62405723E-02
  0.319999993       3.11085861E-02
  0.329999983       3.26502658E-02
  0.340000004       3.44654620E-02
  0.349999994       3.85481119E-02
  0.359999985       4.42358181E-02
  0.370000005       5.16845509E-02
  0.379999995       6.05407581E-02
  0.389999986       6.78185746E-02
  0.399999976       6.75300658E-02
  0.409999996       6.96631372E-02
  0.419999987       7.39821345E-02
  0.429999977       7.98297822E-02
  0.439999998       8.72606933E-02
  0.449999988       9.65120122E-02
  0.459999979      0.107889414    
  0.469999999      0.121552199    
  0.479999989      0.136764079    
  0.489999980      0.149378270    
  0.500000000      0.148941487    
  0.509999990      0.148542285    
  0.519999981      0.151316524    
  0.529999971      0.155631244    
  0.539999962      0.161139473    
  0.550000012      0.167750716    
  0.560000002      0.175480545    
  0.569999993      0.184413135    
  0.579999983      0.194682166    
  0.589999974      0.206470042    
  0.599999964      0.220007330    
  0.610000014      0.235562921    
  0.620000005      0.253412098    
  0.629999995      0.273727506    
  0.639999986      0.296230942    
  0.649999976      0.319193900    
  0.659999967      0.336358130    
  0.669999957      0.335986853    
  0.680000007      0.335251659    
  0.689999998      0.336662710    
  0.699999988      0.339299649    
  0.709999979      0.342814922    
  0.719999969      0.347033322    
  0.729999959      0.351857007    
  0.740000010      0.357227802    
  0.750000000      0.363112390    
  0.759999990      0.369494170    
  0.769999981      0.376364917    
  0.779999971      0.383737862    
  0.789999962      0.391615182    
  0.799999952      0.400016487    
  0.810000002      0.408965200    
  0.819999993      0.418492466    
  0.829999983      0.428632319    
  0.839999974      0.439425796    
  0.849999964      0.450920045    
  0.859999955      0.463170141    
  0.870000005      0.476237923    
  0.879999995      0.490190953    
  0.889999986      0.505106091    
  0.899999976      0.521067619    
  0.909999967      0.538165510    
  0.919999957      0.556490183    
  0.930000007      0.576129317    
  0.939999998      0.597149491    
  0.949999988      0.619569600    
  0.959999979      0.643300235    
  0.969999969      0.668022871    
  0.979999959      0.692937791    
  0.989999950      0.716172874    
   1.00000000      0.733348250    
   1.00999999      0.742314160    
   1.01999998      0.749209702    
   1.02999997      0.755308867    
   1.03999996      0.761024415    
   1.04999995      0.766546011    
   1.05999994      0.771973073    
   1.06999993      0.777363181    
   1.07999992      0.782753050    
   1.09000003      0.788161993    
   1.10000002      0.793606222    
   1.11000001      0.799094915    
   1.12000000      0.804634094    
   1.13000000      0.810229361    
   1.13999999      0.815882206    
   1.14999998      0.821595609    
   1.15999997      0.827369988    
   1.16999996      0.833208144    
   1.17999995      0.839109182    
   1.18999994      0.845074475    
   1.19999993      0.851104617    
   1.20999992      0.857200444    
   1.22000003      0.863361180    
   1.23000002      0.869588017    
   1.24000001      0.875881374    
   1.25000000      0.882241189    
   1.25999999      0.888667881    
   1.26999998      0.895163953    
   1.27999997      0.901727319    
   1.28999996      0.908359051    
   1.29999995      0.915060163    
   1.30999994      0.921832025    
   1.31999993      0.928674579    
   1.32999992      0.935587764    
   1.33999991      0.942573726    
   1.35000002      0.949632645    
   1.36000001      0.956765592    
   1.37000000      0.963973105    
   1.38000000      0.971256077    
   1.38999999      0.978615940    
   1.39999998      0.986053526    
   1.40999997      0.993570566    
   1.41999996       1.00116718    
   1.42999995       1.00884545    
   1.43999994       1.01660573    
   1.44999993       1.02444935    
   1.45999992       1.03237844    
   1.46999991       1.04039431    
   1.48000002       1.04849660    
   1.49000001       1.05668783    
   1.50000000       1.06497049    
   1.50999999       1.07334435    
   1.51999998       1.08181274    
   1.52999997       1.09037423    
   1.53999996       1.09903550    
   1.54999995       1.10779333    
   1.55999994       1.11665189    
   1.56999993       1.12561166    
   1.57999992       1.13467455    
   1.58999991       1.14384282    
   1.59999990       1.15311790    
   1.61000001       1.16250014    
   1.62000000       1.17199588    
   1.63000000       1.18160272    
   1.63999999       1.19132304    
   1.64999998       1.20116007    
   1.65999997       1.21111584    
   1.66999996       1.22119069    
   1.67999995       1.23138654    
   1.68999994       1.24170697    
   1.69999993       1.25215244    
   1.70999992       1.26272464    
   1.71999991       1.27342522    
   1.73000002       1.28425539    
   1.74000001       1.29521787    
   1.75000000       1.30631292    
   1.75999999       1.31754422    
   1.76999998       1.32890773    
   1.77999997       1.34040856    
   1.78999996       1.35204709    
   1.79999995       1.36381960    
   1.80999994       1.37573075    
   1.81999993       1.38777697    
   1.82999992       1.39995825    
   1.83999991       1.41227198    
   1.84999990       1.42471826    
   1.86000001       1.43729222    
   1.87000000       1.44998896    
   1.88000000       1.46280551    
   1.88999999       1.47573364    
   1.89999998       1.48876619    
   1.90999997       1.50189340    
   1.91999996       1.51510525    
   1.92999995       1.52838278    
   1.93999994       1.54171443    
   1.94999993       1.55507493    
   1.95999992       1.56844425    
   1.96999991       1.58178997    
   1.97999990       1.59507954    
   1.99000001       1.60826933    
   2.00000000       1.62131083    
   2.00999999       1.63392758    
   2.01999998       1.64593303    
   2.02999997       1.65741217    
   2.03999996       1.66844296    
   2.04999995       1.67908347    
   2.05999994       1.68938088    
   2.06999993       1.69937694    
   2.07999992       1.70910656    
   2.08999991       1.71859813    
   2.09999990       1.72787678    
   2.10999990       1.73696232    
   2.11999989       1.74587369    
   2.12999988       1.75462663    
   2.13999987       1.76323521    
   2.14999986       1.77171123    
   2.15999985       1.78006792    
   2.16999984       1.78831124    
   2.18000007       1.79645550    
   2.19000006       1.80450106    
   2.20000005       1.81245863    
   2.21000004       1.82033515    
   2.22000003       1.82813823    
   2.23000002       1.83586967    
   2.24000001       1.84353399    
   2.25000000       1.85113680    
   2.25999999       1.85868227    
   2.26999998       1.86617267    
   2.27999997       1.87361193    
   2.28999996       1.88100362    
   2.29999995       1.88835132    
   2.30999994       1.89565539    
   2.31999993       1.90291905    
   2.32999992       1.91014409    
   2.33999991       1.91733372    
   2.34999990       1.92448938    
   2.35999990       1.93161321    
   2.36999989       1.93870556    
   2.37999988       1.94576812    
   2.38999987       1.95280445    
   2.39999986       1.95981252    
   2.40999985       1.96679676    
   2.41999984       1.97375762    
   2.42999983       1.98069477    
   2.44000006       1.98761010    
   2.45000005       1.99450374    
   2.46000004       2.00137639    
   2.47000003       2.00823212    
   2.48000002       2.01506829    
   2.49000001       2.02188897    
   2.50000000       2.02869058    
   2.50999999       2.03547549    
   2.51999998       2.04224730    
   2.52999997       2.04900026    
   2.53999996       2.05574465    
   2.54999995       2.06247091    
   2.55999994       2.06918526    
   2.56999993       2.07588744    
   2.57999992       2.08257556    
   2.58999991       2.08925438    
   2.59999990       2.09591794    
   2.60999990       2.10257196    
   2.61999989       2.10921741    
   2.62999988       2.11584902    
   2.63999987       2.12247348    
   2.64999986       2.12908626    
   2.65999985       2.13569331    
   2.66999984       2.14228845    
   2.67999983       2.14887500    
   2.69000006       2.15545225    
   2.70000005       2.16202450    
   2.71000004       2.16858721    
   2.72000003       2.17514181    
   2.73000002       2.18168783    
   2.74000001       2.18822789    
   2.75000000       2.19476128    
   2.75999999       2.20128798    
   2.76999998       2.20780754    
   2.77999997       2.21432090    
   2.78999996       2.22082520    
   2.79999995       2.22732854    
   2.80999994       2.23382401    
   2.81999993       2.24031377    
   2.82999992       2.24679780    
   2.83999991       2.25327659    
   2.84999990       2.25974870    
   2.85999990       2.26621699    
   2.86999989       2.27267885    
   2.87999988       2.27913761    
   2.88999987       2.28559256    
   2.89999986       2.29203796    
   2.90999985       2.29848242    
   2.91999984       2.30492091    
   2.92999983       2.31135798    
   2.93999982       2.31778860    
   2.95000005       2.32421589    
   2.96000004       2.33063889    
   2.97000003       2.33705783    
   2.98000002       2.34347320    
   2.99000001       2.34988499    
   3.00000000       2.35629344    
   3.00999999       2.36269712    
   3.01999998       2.36909795    
   3.02999997       2.37549591    
   3.03999996       2.38188910    
   3.04999995       2.38827896    
   3.05999994       2.39466763    
   3.06999993       2.40105271    
   3.07999992       2.40743327    
   3.08999991       2.41381073    
   3.09999990       2.42018676    
   3.10999990       2.42655754    
   3.11999989       2.43292904    
   3.12999988       2.43929768    
   3.13999987       2.44566107    
   3.14999986       2.45202088    
   3.15999985       2.45838118    
   3.16999984       2.46473742    
   3.17999983       2.47109008    
   3.18999982       2.47744179    
   3.19999981       2.48378968    
   3.21000004       2.49013805    
   3.22000003       2.49648213    
   3.23000002       2.50282407    
   3.24000001       2.50916553    
   3.25000000       2.51549935    
   3.25999999       2.52183771    
   3.26999998       2.52816939    
   3.27999997       2.53450108    
   3.28999996       2.54083109    
   3.29999995       2.54715657    
   3.30999994       2.55347943    
   3.31999993       2.55980492    
   3.32999992       2.56612301    
   3.33999991       2.57244301    
   3.34999990       2.57876062    
   3.35999990       2.58507514    
   3.36999989       2.59138751    
   3.37999988       2.59770083    
   3.38999987       2.60400820    
   3.39999986       2.61031985    
   3.40999985       2.61662650    
   3.41999984       2.62292981    
   3.42999983       2.62923336    
   3.43999982       2.63553524    
   3.44999981       2.64183378    
   3.46000004       2.64813280    
   3.47000003       2.65442729    
   3.48000002       2.66072631    
   3.49000001       2.66701794    
   3.50000000       2.67331028    
   3.50999999       2.67960191    
