   9.99999978E-03   5.35417697E-04
   1.99999996E-02   9.27647110E-04
   2.99999993E-02   1.33401412E-03
   3.99999991E-02   1.63329253E-03
   4.99999970E-02   1.89286901E-03
   5.99999987E-02   2.02884083E-03
   7.00000003E-02   2.39521731E-03
   7.99999982E-02   2.79449043E-03
   8.99999961E-02   3.04819387E-03
   9.99999940E-02   3.15248501E-03
  0.109999999       3.17705586E-03
  0.119999997       3.18078604E-03
  0.129999995       3.19903856E-03
  0.140000001       3.25141917E-03
  0.149999991       3.34881921E-03
  0.159999996       3.50834941E-03
  0.170000002       3.75657971E-03
  0.179999992       4.03717300E-03
  0.189999998       4.50783875E-03
  0.199999988       4.96666972E-03
  0.209999993       5.78913139E-03
  0.219999999       6.36778958E-03
  0.229999989       7.59389577E-03
  0.239999995       8.97062756E-03
  0.250000000       9.76565666E-03
  0.259999990       1.17281619E-02
  0.269999981       1.43577876E-02
  0.280000001       1.59685537E-02
  0.289999992       1.73123758E-02
  0.299999982       2.03821287E-02
  0.310000002       2.46808939E-02
  0.319999993       2.93371361E-02
  0.329999983       3.08488067E-02
  0.340000004       3.25168073E-02
  0.349999994       3.63475531E-02
  0.359999985       4.17086668E-02
  0.370000005       4.87734489E-02
  0.379999995       5.72631769E-02
  0.389999986       6.43800497E-02
  0.399999976       6.41207770E-02
  0.409999996       6.61077797E-02
  0.419999987       7.01988861E-02
  0.429999977       7.57552609E-02
  0.439999998       8.28334242E-02
  0.449999988       9.16715413E-02
  0.459999979      0.102584884    
  0.469999999      0.115768567    
  0.479999989      0.130585477    
  0.489999980      0.143072441    
  0.500000000      0.142712742    
  0.509999990      0.142241433    
  0.519999981      0.144877642    
  0.529999971      0.149010018    
  0.539999962      0.154299259    
  0.550000012      0.160656974    
  0.560000002      0.168100104    
  0.569999993      0.176712170    
  0.579999983      0.186626270    
  0.589999974      0.198006049    
  0.599999964      0.211143449    
  0.610000014      0.226254478    
  0.620000005      0.243649080    
  0.629999995      0.263531804    
  0.639999986      0.285684258    
  0.649999976      0.308476329    
  0.659999967      0.325713307    
  0.669999957      0.325310618    
  0.680000007      0.324480057    
  0.689999998      0.325790167    
  0.699999988      0.328314900    
  0.709999979      0.331706047    
  0.719999969      0.335790038    
  0.729999959      0.340467870    
  0.740000010      0.345683783    
  0.750000000      0.351403654    
  0.759999990      0.357611507    
  0.769999981      0.364302069    
  0.779999971      0.371480048    
  0.789999962      0.379156262    
  0.799999952      0.387347728    
  0.810000002      0.396078944    
  0.819999993      0.405379802    
  0.829999983      0.415284425    
  0.839999974      0.425835431    
  0.849999964      0.437080443    
  0.859999955      0.449074149    
  0.870000005      0.461879373    
  0.879999995      0.475565732    
  0.889999986      0.490212709    
  0.899999976      0.505905628    
  0.909999967      0.522738755    
  0.919999957      0.540809453    
  0.930000007      0.560210168    
  0.939999998      0.581019223    
  0.949999988      0.603266895    
  0.959999979      0.626881242    
  0.969999969      0.651563942    
  0.979999959      0.676531971    
  0.989999950      0.699905038    
   1.00000000      0.717182457    
   1.00999999      0.726063013    
   1.01999998      0.732843518    
   1.02999997      0.738824606    
   1.03999996      0.744423747    
   1.04999995      0.749829590    
   1.05999994      0.755142987    
   1.06999993      0.760420442    
   1.07999992      0.765698373    
   1.09000003      0.770997643    
   1.10000002      0.776332617    
   1.11000001      0.781712294    
   1.12000000      0.787143826    
   1.13000000      0.792630017    
   1.13999999      0.798175097    
   1.14999998      0.803779960    
   1.15999997      0.809447348    
   1.16999996      0.815176666    
   1.17999995      0.820969880    
   1.18999994      0.826827347    
   1.19999993      0.832749605    
   1.20999992      0.838736475    
   1.22000003      0.844789684    
   1.23000002      0.850907385    
   1.24000001      0.857091665    
   1.25000000      0.863342583    
   1.25999999      0.869658351    
   1.26999998      0.876045585    
   1.27999997      0.882498801    
   1.28999996      0.889021099    
   1.29999995      0.895611763    
   1.30999994      0.902271986    
   1.31999993      0.909004271    
   1.32999992      0.915805519    
   1.33999991      0.922679901    
   1.35000002      0.929626942    
   1.36000001      0.936648130    
   1.37000000      0.943744123    
   1.38000000      0.950915158    
   1.38999999      0.958162427    
   1.39999998      0.965489507    
   1.40999997      0.972892940    
   1.41999996      0.980377018    
   1.42999995      0.987942159    
   1.43999994      0.995590210    
   1.44999993       1.00332117    
   1.45999992       1.01113832    
   1.46999991       1.01904094    
   1.48000002       1.02703130    
   1.49000001       1.03511131    
   1.50000000       1.04328227    
   1.50999999       1.05154347    
   1.51999998       1.05989969    
   1.52999997       1.06835175    
   1.53999996       1.07690084    
   1.54999995       1.08554864    
   1.55999994       1.09429622    
   1.56999993       1.10314620    
   1.57999992       1.11210036    
   1.58999991       1.12115955    
   1.59999990       1.13032734    
   1.61000001       1.13960433    
   1.62000000       1.14899385    
   1.63000000       1.15849566    
   1.63999999       1.16811240    
   1.64999998       1.17784750    
   1.65999997       1.18770146    
   1.66999996       1.19767606    
   1.67999995       1.20777297    
   1.68999994       1.21799588    
   1.69999993       1.22834706    
   1.70999992       1.23882544    
   1.71999991       1.24943495    
   1.73000002       1.26017618    
   1.74000001       1.27105141    
   1.75000000       1.28206170    
   1.75999999       1.29321074    
   1.76999998       1.30449605    
   1.77999997       1.31592131    
   1.78999996       1.32748520    
   1.79999995       1.33918905    
   1.80999994       1.35103428    
   1.81999993       1.36301875    
   1.82999992       1.37514377    
   1.83999991       1.38740540    
   1.84999990       1.39980173    
   1.86000001       1.41233313    
   1.87000000       1.42499149    
   1.88000000       1.43777549    
   1.88999999       1.45067644    
   1.89999998       1.46368670    
   1.90999997       1.47679949    
   1.91999996       1.49000120    
   1.92999995       1.50327778    
   1.93999994       1.51661134    
   1.94999993       1.52998376    
   1.95999992       1.54337013    
   1.96999991       1.55673826    
   1.97999990       1.57005382    
   1.99000001       1.58327711    
   2.00000000       1.59635508    
   2.00999999       1.60900939    
   2.01999998       1.62104404    
   2.02999997       1.63254797    
   2.03999996       1.64359558    
   2.04999995       1.65424716    
   2.05999994       1.66454959    
   2.06999993       1.67454767    
   2.07999992       1.68427539    
   2.08999991       1.69376075    
   2.09999990       1.70302892    
   2.10999990       1.71210182    
   2.11999989       1.72099793    
   2.12999988       1.72973406    
   2.13999987       1.73832226    
   2.14999986       1.74677885    
   2.15999985       1.75511205    
   2.16999984       1.76333153    
   2.18000007       1.77144635    
   2.19000006       1.77946520    
   2.20000005       1.78739572    
   2.21000004       1.79524124    
   2.22000003       1.80301380    
   2.23000002       1.81071258    
   2.24000001       1.81834376    
   2.25000000       1.82591319    
   2.25999999       1.83342397    
   2.26999998       1.84087861    
   2.27999997       1.84828269    
   2.28999996       1.85563743    
   2.29999995       1.86294854    
   2.30999994       1.87021542    
   2.31999993       1.87744081    
   2.32999992       1.88462806    
   2.33999991       1.89177835    
   2.34999990       1.89889550    
   2.35999990       1.90597832    
   2.36999989       1.91303015    
   2.37999988       1.92005289    
   2.38999987       1.92704785    
   2.39999986       1.93401742    
   2.40999985       1.94095767    
   2.41999984       1.94787586    
   2.42999983       1.95477080    
   2.44000006       1.96164370    
   2.45000005       1.96849656    
   2.46000004       1.97532821    
   2.47000003       1.98213947    
   2.48000002       1.98893285    
   2.49000001       1.99570870    
   2.50000000       2.00246859    
   2.50999999       2.00920916    
   2.51999998       2.01593494    
   2.52999997       2.02264667    
   2.53999996       2.02934551    
   2.54999995       2.03602624    
   2.55999994       2.04269719    
   2.56999993       2.04935288    
   2.57999992       2.05599737    
   2.58999991       2.06262803    
   2.59999990       2.06925035    
   2.60999990       2.07585907    
   2.61999989       2.08245635    
   2.62999988       2.08904505    
   2.63999987       2.09562278    
   2.64999986       2.10219145    
   2.65999985       2.10874724    
   2.66999984       2.11529922    
   2.67999983       2.12184215    
   2.69000006       2.12837386    
   2.70000005       2.13489819    
   2.71000004       2.14141440    
   2.72000003       2.14792299    
   2.73000002       2.15442419    
   2.74000001       2.16091561    
   2.75000000       2.16740346    
   2.75999999       2.17387676    
   2.76999998       2.18035436    
   2.77999997       2.18682170    
   2.78999996       2.19328165    
   2.79999995       2.19973779    
   2.80999994       2.20618534    
   2.81999993       2.21262765    
   2.82999992       2.21906352    
   2.83999991       2.22549343    
   2.84999990       2.23192048    
   2.85999990       2.23834205    
   2.86999989       2.24475551    
   2.87999988       2.25116682    
   2.88999987       2.25757265    
   2.89999986       2.26397514    
   2.90999985       2.27036977    
   2.91999984       2.27676296    
   2.92999983       2.28314853    
   2.93999982       2.28953457    
   2.95000005       2.29591298    
   2.96000004       2.30228949    
   2.97000003       2.30865860    
   2.98000002       2.31502724    
   2.99000001       2.32139182    
   3.00000000       2.32775164    
   3.00999999       2.33410788    
   3.01999998       2.34046102    
   3.02999997       2.34681034    
   3.03999996       2.35315585    
   3.04999995       2.35949802    
   3.05999994       2.36583710    
   3.06999993       2.37217283    
   3.07999992       2.37850618    
   3.08999991       2.38483977    
   3.09999990       2.39116406    
   3.10999990       2.39749026    
   3.11999989       2.40381026    
   3.12999988       2.41013026    
   3.13999987       2.41644287    
   3.14999986       2.42275953    
   3.15999985       2.42906570    
   3.16999984       2.43537426    
   3.17999983       2.44168067    
   3.18999982       2.44798589    
   3.19999981       2.45428467    
   3.21000004       2.46058202    
   3.22000003       2.46687913    
   3.23000002       2.47317219    
   3.24000001       2.47946405    
   3.25000000       2.48575163    
   3.25999999       2.49203777    
   3.26999998       2.49832273    
   3.27999997       2.50460386    
   3.28999996       2.51088572    
   3.29999995       2.51716232    
   3.30999994       2.52343917    
   3.31999993       2.52971315    
   3.32999992       2.53598475    
   3.33999991       2.54225421    
   3.34999990       2.54852343    
   3.35999990       2.55479050    
   3.36999989       2.56105494    
   3.37999988       2.56731439    
   3.38999987       2.57357836    
   3.39999986       2.57983732    
   3.40999985       2.58609796    
   3.41999984       2.59234953    
   3.42999983       2.59860587    
   3.43999982       2.60485721    
   3.44999981       2.61110878    
   3.46000004       2.61735845    
   3.47000003       2.62360477    
   3.48000002       2.62985086    
   3.49000001       2.63609505    
   3.50000000       2.64233971    
   3.50999999       2.64857936    
