   9.99999978E-03   5.42030321E-04
   1.99999996E-02   9.30393056E-04
   2.99999993E-02   1.34422525E-03
   3.99999991E-02   1.63141557E-03
   4.99999970E-02   1.91606430E-03
   5.99999987E-02   2.03853659E-03
   7.00000003E-02   2.39241426E-03
   7.99999982E-02   2.79836403E-03
   8.99999961E-02   3.06861685E-03
   9.99999940E-02   3.18515976E-03
  0.109999999       3.21595580E-03
  0.119999997       3.22085596E-03
  0.129999995       3.23933735E-03
  0.140000001       3.29289632E-03
  0.149999991       3.39467730E-03
  0.159999996       3.56408907E-03
  0.170000002       3.83387436E-03
  0.179999992       4.13840683E-03
  0.189999998       4.65154881E-03
  0.199999988       5.15770307E-03
  0.209999993       6.05800282E-03
  0.219999999       6.68863673E-03
  0.229999989       8.04554019E-03
  0.239999995       9.52766277E-03
  0.250000000       1.04031228E-02
  0.259999990       1.25622349E-02
  0.269999981       1.54031022E-02
  0.280000001       1.70929506E-02
  0.289999992       1.85862165E-02
  0.299999982       2.19312683E-02
  0.310000002       2.65655089E-02
  0.319999993       3.14769372E-02
  0.329999983       3.30245048E-02
  0.340000004       3.48704122E-02
  0.349999994       3.90050747E-02
  0.359999985       4.47599776E-02
  0.370000005       5.22872433E-02
  0.379999995       6.12177067E-02
  0.389999986       6.85273483E-02
  0.399999976       6.82333410E-02
  0.409999996       7.03965947E-02
  0.419999987       7.47624636E-02
  0.429999977       8.06697980E-02
  0.439999998       8.81727785E-02
  0.449999988       9.75082964E-02
  0.459999979      0.108979955    
  0.469999999      0.122739315    
  0.479999989      0.138030052    
  0.489999980      0.150668740    
  0.500000000      0.150214359    
  0.509999990      0.149832830    
  0.519999981      0.152635291    
  0.529999971      0.156987324    
  0.539999962      0.162540257    
  0.550000012      0.169202924    
  0.560000002      0.176991120    
  0.569999993      0.185988724    
  0.579999983      0.196329355    
  0.589999974      0.208195642    
  0.599999964      0.221817762    
  0.610000014      0.237462863    
  0.620000005      0.255402863    
  0.629999995      0.275804371    
  0.639999986      0.298376858    
  0.649999976      0.321372628    
  0.659999967      0.338521898    
  0.669999957      0.338157237    
  0.680000007      0.337442219    
  0.689999998      0.338873655    
  0.699999988      0.341533691    
  0.709999979      0.345073998    
  0.719999969      0.349319875    
  0.729999959      0.354172647    
  0.740000010      0.359574795    
  0.750000000      0.365492731    
  0.759999990      0.371909887    
  0.769999981      0.378817648    
  0.779999971      0.386229426    
  0.789999962      0.394147068    
  0.799999952      0.402590513    
  0.810000002      0.411583185    
  0.819999993      0.421155840    
  0.829999983      0.431342781    
  0.839999974      0.442185074    
  0.849999964      0.453729481    
  0.859999955      0.466030627    
  0.870000005      0.479150981    
  0.879999995      0.493157268    
  0.889999986      0.508126140    
  0.899999976      0.524141312    
  0.909999967      0.541291177    
  0.919999957      0.559666157    
  0.930000007      0.579352081    
  0.939999998      0.600414217    
  0.949999988      0.622867942    
  0.959999979      0.646620274    
  0.969999969      0.671350002    
  0.979999959      0.696252763    
  0.989999950      0.719460249    
   1.00000000      0.736615539    
   1.00999999      0.745598793    
   1.01999998      0.752516270    
   1.02999997      0.758640110    
   1.03999996      0.764378309    
   1.04999995      0.769923806    
   1.05999994      0.775373578    
   1.06999993      0.780786455    
   1.07999992      0.786198497    
   1.09000003      0.791629732    
   1.10000002      0.797096133    
   1.11000001      0.802606165    
   1.12000000      0.808167577    
   1.13000000      0.813783884    
   1.13999999      0.819458365    
   1.14999998      0.825193524    
   1.15999997      0.830989659    
   1.16999996      0.836849272    
   1.17999995      0.842771888    
   1.18999994      0.848760009    
   1.19999993      0.854811728    
   1.20999992      0.860928357    
   1.22000003      0.867111623    
   1.23000002      0.873359978    
   1.24000001      0.879675984    
   1.25000000      0.886058211    
   1.25999999      0.892506540    
   1.26999998      0.899024606    
   1.27999997      0.905608952    
   1.28999996      0.912262976    
   1.29999995      0.918986976    
   1.30999994      0.925780773    
   1.31999993      0.932645082    
   1.32999992      0.939581215    
   1.33999991      0.946588397    
   1.35000002      0.953669786    
   1.36000001      0.960825205    
   1.37000000      0.968054950    
   1.38000000      0.975361526    
   1.38999999      0.982743442    
   1.39999998      0.990203559    
   1.40999997      0.997742891    
   1.41999996       1.00536215    
   1.42999995       1.01306260    
   1.43999994       1.02084553    
   1.44999993       1.02871144    
   1.45999992       1.03666282    
   1.46999991       1.04470110    
   1.48000002       1.05282700    
   1.49000001       1.06104064    
   1.50000000       1.06934607    
   1.50999999       1.07774234    
   1.51999998       1.08623183    
   1.52999997       1.09481776    
   1.53999996       1.10349953    
   1.54999995       1.11227953    
   1.55999994       1.12115908    
   1.56999993       1.13013983    
   1.57999992       1.13922513    
   1.58999991       1.14841509    
   1.59999990       1.15771139    
   1.61000001       1.16711640    
   1.62000000       1.17663169    
   1.63000000       1.18625963    
   1.63999999       1.19600141    
   1.64999998       1.20585835    
   1.65999997       1.21583378    
   1.66999996       1.22592962    
   1.67999995       1.23614430    
   1.68999994       1.24648464    
   1.69999993       1.25694883    
   1.70999992       1.26753998    
   1.71999991       1.27825820    
   1.73000002       1.28910589    
   1.74000001       1.30008602    
   1.75000000       1.31121290    
   1.75999999       1.32244408    
   1.76999998       1.33382368    
   1.77999997       1.34534085    
   1.78999996       1.35699093    
   1.79999995       1.36877882    
   1.80999994       1.38070309    
   1.81999993       1.39276099    
   1.82999992       1.40495276    
   1.83999991       1.41727769    
   1.84999990       1.42973268    
   1.86000001       1.44231606    
   1.87000000       1.45502007    
   1.88000000       1.46784294    
   1.88999999       1.48077667    
   1.89999998       1.49381304    
   1.90999997       1.50694311    
   1.91999996       1.52015412    
   1.92999995       1.53343391    
   1.93999994       1.54676425    
   1.94999993       1.56012404    
   1.95999992       1.57348859    
   1.96999991       1.58682966    
   1.97999990       1.60011363    
   1.99000001       1.61329293    
   2.00000000       1.62633169    
   2.00999999       1.63893998    
   2.01999998       1.65093899    
   2.02999997       1.66241467    
   2.03999996       1.67344201    
   2.04999995       1.68407965    
   2.05999994       1.69437611    
   2.06999993       1.70437193    
   2.07999992       1.71410322    
   2.08999991       1.72359574    
   2.09999990       1.73287487    
   2.10999990       1.74196362    
   2.11999989       1.75087714    
   2.12999988       1.75963426    
   2.13999987       1.76824665    
   2.14999986       1.77672637    
   2.15999985       1.78508794    
   2.16999984       1.79333746    
   2.18000007       1.80148506    
   2.19000006       1.80953646    
   2.20000005       1.81750083    
   2.21000004       1.82538188    
   2.22000003       1.83319318    
   2.23000002       1.84092891    
   2.24000001       1.84859896    
   2.25000000       1.85620987    
   2.25999999       1.86376107    
   2.26999998       1.87126052    
   2.27999997       1.87870657    
   2.28999996       1.88610387    
   2.29999995       1.89345896    
   2.30999994       1.90077090    
   2.31999993       1.90804207    
   2.32999992       1.91527569    
   2.33999991       1.92247355    
   2.34999990       1.92963684    
   2.35999990       1.93676794    
   2.36999989       1.94386876    
   2.37999988       1.95093954    
   2.38999987       1.95798385    
   2.39999986       1.96500039    
   2.40999985       1.97199237    
   2.41999984       1.97896123    
   2.42999983       1.98590732    
   2.44000006       1.99283004    
   2.45000005       1.99973249    
   2.46000004       2.00661516    
   2.47000003       2.01347947    
   2.48000002       2.02032566    
   2.49000001       2.02715206    
   2.50000000       2.03396487    
   2.50999999       2.04075789    
   2.51999998       2.04753637    
   2.52999997       2.05430222    
   2.53999996       2.06105161    
   2.54999995       2.06778622    
   2.55999994       2.07450986    
   2.56999993       2.08122158    
   2.57999992       2.08791804    
   2.58999991       2.09460521    
   2.59999990       2.10127878    
   2.60999990       2.10794187    
   2.61999989       2.11459589    
   2.62999988       2.12123752    
   2.63999987       2.12787199    
   2.64999986       2.13449574    
   2.65999985       2.14110851    
   2.66999984       2.14771199    
   2.67999983       2.15430832    
   2.69000006       2.16089749    
   2.70000005       2.16747642    
   2.71000004       2.17404795    
   2.72000003       2.18061280    
   2.73000002       2.18716812    
   2.74000001       2.19371939    
   2.75000000       2.20026159    
   2.75999999       2.20679617    
   2.76999998       2.21332598    
   2.77999997       2.21984792    
   2.78999996       2.22636318    
   2.79999995       2.23287487    
   2.80999994       2.23938107    
   2.81999993       2.24587893    
   2.82999992       2.25236988    
   2.83999991       2.25885963    
   2.84999990       2.26534200    
   2.85999990       2.27181911    
   2.86999989       2.27829194    
   2.87999988       2.28475833    
   2.88999987       2.29122210    
   2.89999986       2.29767632    
   2.90999985       2.30413294    
   2.91999984       2.31058288    
   2.92999983       2.31702757    
   2.93999982       2.32346797    
   2.95000005       2.32990479    
   2.96000004       2.33633947    
   2.97000003       2.34276533    
   2.98000002       2.34918904    
   2.99000001       2.35561204    
   3.00000000       2.36202931    
   3.00999999       2.36844230    
   3.01999998       2.37485385    
   3.02999997       2.38126111    
   3.03999996       2.38766313    
   3.04999995       2.39406586    
   3.05999994       2.40046167    
   3.06999993       2.40685534    
   3.07999992       2.41324759    
   3.08999991       2.41963458    
   3.09999990       2.42601943    
   3.10999990       2.43240309    
   3.11999989       2.43878031    
   3.12999988       2.44515872    
   3.13999987       2.45153046    
   3.14999986       2.45790219    
   3.15999985       2.46427202    
   3.16999984       2.47063684    
   3.17999983       2.47700000    
   3.18999982       2.48335934    
   3.19999981       2.48971963    
   3.21000004       2.49607754    
   3.22000003       2.50243115    
   3.23000002       2.50878048    
   3.24000001       2.51513267    
   3.25000000       2.52147937    
   3.25999999       2.52782583    
   3.26999998       2.53416705    
   3.27999997       2.54050612    
   3.28999996       2.54684472    
   3.29999995       2.55318165    
   3.30999994       2.55951595    
   3.31999993       2.56584954    
   3.32999992       2.57218051    
   3.33999991       2.57850909    
   3.34999990       2.58483505    
   3.35999990       2.59116220    
   3.36999989       2.59748387    
   3.37999988       2.60380673    
   3.38999987       2.61012363    
   3.39999986       2.61644363    
   3.40999985       2.62275910    
   3.41999984       2.62907386    
   3.42999983       2.63538647    
   3.43999982       2.64169693    
   3.44999981       2.64800739    
   3.46000004       2.65431666    
   3.47000003       2.66062260    
   3.48000002       2.66692924    
   3.49000001       2.67323041    
   3.50000000       2.67953324    
   3.50999999       2.68583250    
