   9.99999978E-03   5.37802523E-04
   1.99999996E-02   9.28333786E-04
   2.99999993E-02   1.33833371E-03
   3.99999991E-02   1.63270766E-03
   4.99999970E-02   1.90076814E-03
   5.99999987E-02   2.03194004E-03
   7.00000003E-02   2.39431043E-03
   7.99999982E-02   2.79597752E-03
   8.99999961E-02   3.05515574E-03
   9.99999940E-02   3.16360639E-03
  0.109999999       3.19002615E-03
  0.119999997       3.19408881E-03
  0.129999995       3.21229384E-03
  0.140000001       3.26491939E-03
  0.149999991       3.36363097E-03
  0.159999996       3.52626131E-03
  0.170000002       3.78126511E-03
  0.179999992       4.06939769E-03
  0.189999998       4.55372129E-03
  0.199999988       5.02753630E-03
  0.209999993       5.87520190E-03
  0.219999999       6.47048699E-03
  0.229999989       7.73875276E-03
  0.239999995       9.14986990E-03
  0.250000000       9.97053739E-03
  0.259999990       1.19968047E-02
  0.269999981       1.46954125E-02
  0.280000001       1.63321756E-02
  0.289999992       1.77242737E-02
  0.299999982       2.08833776E-02
  0.310000002       2.52915714E-02
  0.319999993       3.00329067E-02
  0.329999983       3.15557942E-02
  0.340000004       3.32814232E-02
  0.349999994       3.72112915E-02
  0.359999985       4.27011661E-02
  0.370000005       4.99178357E-02
  0.379999995       5.85532971E-02
  0.389999986       6.57348558E-02
  0.399999976       6.54635206E-02
  0.409999996       6.75080046E-02
  0.419999987       7.16890171E-02
  0.429999977       7.73605630E-02
  0.439999998       8.45781863E-02
  0.449999988       9.35800672E-02
  0.459999979      0.104677662    
  0.469999999      0.118052192    
  0.479999989      0.133027479    
  0.489999980      0.145566180    
  0.500000000      0.145175114    
  0.509999990      0.144732118    
  0.519999981      0.147422820    
  0.529999971      0.151627272    
  0.539999962      0.157003611    
  0.550000012      0.163461715    
  0.560000002      0.171018809    
  0.569999993      0.179757908    
  0.579999983      0.189813212    
  0.589999974      0.201347008    
  0.599999964      0.214652181    
  0.610000014      0.229940578    
  0.620000005      0.247516885    
  0.629999995      0.267573088    
  0.639999986      0.289867103    
  0.649999976      0.312729210    
  0.659999967      0.329937369    
  0.669999957      0.329546332    
  0.680000007      0.328753442    
  0.689999998      0.330103457    
  0.699999988      0.332672328    
  0.709999979      0.336113095    
  0.719999969      0.340250582    
  0.729999959      0.344986528    
  0.740000010      0.350263655    
  0.750000000      0.356049240    
  0.759999990      0.362326413    
  0.769999981      0.369090348    
  0.779999971      0.376344264    
  0.789999962      0.384100676    
  0.799999952      0.392375797    
  0.810000002      0.401193559    
  0.819999993      0.410584599    
  0.829999983      0.420583606    
  0.839999974      0.431231260    
  0.849999964      0.442575723    
  0.859999955      0.454672158    
  0.870000005      0.467582196    
  0.879999995      0.481375545    
  0.889999986      0.496129960    
  0.899999976      0.511930883    
  0.909999967      0.528869987    
  0.919999957      0.547042370    
  0.930000007      0.566539347    
  0.939999998      0.587433636    
  0.949999988      0.609751642    
  0.959999979      0.633412778    
  0.969999969      0.658113956    
  0.979999959      0.683061123    
  0.989999950      0.706379116    
   1.00000000      0.723616004    
   1.00999999      0.732530236    
   1.01999998      0.739357054    
   1.02999997      0.745385528    
   1.03999996      0.751030624    
   1.04999995      0.756483197    
   1.05999994      0.761840880    
   1.06999993      0.767164707    
   1.07999992      0.772486567    
   1.09000003      0.777830601    
   1.10000002      0.783208847    
   1.11000001      0.788632154    
   1.12000000      0.794106245    
   1.13000000      0.799635887    
   1.13999999      0.805223286    
   1.14999998      0.810871720    
   1.15999997      0.816581786    
   1.16999996      0.822354913    
   1.17999995      0.828190506    
   1.18999994      0.834091604    
   1.19999993      0.840056539    
   1.20999992      0.846086919    
   1.22000003      0.852182865    
   1.23000002      0.858344615    
   1.24000001      0.864572227    
   1.25000000      0.870866597    
   1.25999999      0.877227128    
   1.26999998      0.883658528    
   1.27999997      0.890155435    
   1.28999996      0.896720648    
   1.29999995      0.903355360    
   1.30999994      0.910061121    
   1.31999993      0.916836679    
   1.32999992      0.923682749    
   1.33999991      0.930602133    
   1.35000002      0.937593579    
   1.36000001      0.944659412    
   1.37000000      0.951799870    
   1.38000000      0.959015489    
   1.38999999      0.966307759    
   1.39999998      0.973678887    
   1.40999997      0.981127739    
   1.41999996      0.988657117    
   1.42999995      0.996267617    
   1.43999994       1.00396001    
   1.44999993       1.01173639    
   1.45999992       1.01959860    
   1.46999991       1.02754557    
   1.48000002       1.03558230    
   1.49000001       1.04370558    
   1.50000000       1.05192125    
   1.50999999       1.06022894    
   1.51999998       1.06862974    
   1.52999997       1.07712638    
   1.53999996       1.08571911    
   1.54999995       1.09441006    
   1.55999994       1.10320342    
   1.56999993       1.11209571    
   1.57999992       1.12109399    
   1.58999991       1.13019812    
   1.59999990       1.13940907    
   1.61000001       1.14872861    
   1.62000000       1.15815949    
   1.63000000       1.16770351    
   1.63999999       1.17736125    
   1.64999998       1.18713737    
   1.65999997       1.19703352    
   1.66999996       1.20704722    
   1.67999995       1.21718538    
   1.68999994       1.22744691    
   1.69999993       1.23783422    
   1.70999992       1.24835002    
   1.71999991       1.25899661    
   1.73000002       1.26977468    
   1.74000001       1.28068471    
   1.75000000       1.29172933    
   1.75999999       1.30291092    
   1.76999998       1.31422901    
   1.77999997       1.32568431    
   1.78999996       1.33727765    
   1.79999995       1.34901023    
   1.80999994       1.36088157    
   1.81999993       1.37289166    
   1.82999992       1.38503814    
   1.83999991       1.39732158    
   1.84999990       1.40973890    
   1.86000001       1.42228580    
   1.87000000       1.43496108    
   1.88000000       1.44775736    
   1.88999999       1.46066928    
   1.89999998       1.47368920    
   1.90999997       1.48680842    
   1.91999996       1.50001287    
   1.92999995       1.51329088    
   1.93999994       1.52662408    
   1.94999993       1.53999281    
   1.95999992       1.55337012    
   1.96999991       1.56673086    
   1.97999990       1.58003604    
   1.99000001       1.59324634    
   2.00000000       1.60630941    
   2.00999999       1.61894882    
   2.01999998       1.63097131    
   2.02999997       1.64246535    
   2.03999996       1.65350521    
   2.04999995       1.66415334    
   2.05999994       1.67445385    
   2.06999993       1.68445194    
   2.07999992       1.69417942    
   2.08999991       1.70366859    
   2.09999990       1.71294022    
   2.10999990       1.72201848    
   2.11999989       1.73092175    
   2.12999988       1.73966420    
   2.13999987       1.74826086    
   2.14999986       1.75672412    
   2.15999985       1.76506567    
   2.16999984       1.77329612    
   2.18000007       1.78142309    
   2.19000006       1.78945231    
   2.20000005       1.79739451    
   2.21000004       1.80525136    
   2.22000003       1.81303549    
   2.23000002       1.82074809    
   2.24000001       1.82839322    
   2.25000000       1.83597541    
   2.25999999       1.84349895    
   2.26999998       1.85097003    
   2.27999997       1.85838795    
   2.28999996       1.86575651    
   2.29999995       1.87308121    
   2.30999994       1.88036430    
   2.31999993       1.88760471    
   2.32999992       1.89480722    
   2.33999991       1.90197384    
   2.34999990       1.90910542    
   2.35999990       1.91620576    
   2.36999989       1.92327321    
   2.37999988       1.93031240    
   2.38999987       1.93732333    
   2.39999986       1.94430709    
   2.40999985       1.95126629    
   2.41999984       1.95820224    
   2.42999983       1.96511495    
   2.44000006       1.97200358    
   2.45000005       1.97887206    
   2.46000004       1.98572063    
   2.47000003       1.99254942    
   2.48000002       1.99936080    
   2.49000001       2.00615382    
   2.50000000       2.01293182    
   2.50999999       2.01968884    
   2.51999998       2.02643275    
   2.52999997       2.03316283    
   2.53999996       2.03987622    
   2.54999995       2.04658008    
   2.55999994       2.05326605    
   2.56999993       2.05993843    
   2.57999992       2.06660175    
   2.58999991       2.07325220    
   2.59999990       2.07989097    
   2.60999990       2.08651805    
   2.61999989       2.09313250    
   2.62999988       2.09973955    
   2.63999987       2.10633636    
   2.64999986       2.11292267    
   2.65999985       2.11949992    
   2.66999984       2.12606883    
   2.67999983       2.13262892    
   2.69000006       2.13917971    
   2.70000005       2.14572239    
   2.71000004       2.15225434    
   2.72000003       2.15878344    
   2.73000002       2.16530347    
   2.74000001       2.17181563    
   2.75000000       2.17832088    
   2.75999999       2.18481708    
   2.76999998       2.19130993    
   2.77999997       2.19779658    
   2.78999996       2.20427465    
   2.79999995       2.21074772    
   2.80999994       2.21721268    
   2.81999993       2.22367454    
   2.82999992       2.23012877    
   2.83999991       2.23657918    
   2.84999990       2.24302578    
   2.85999990       2.24946451    
   2.86999989       2.25589967    
   2.87999988       2.26233006    
   2.88999987       2.26875329    
   2.89999986       2.27517295    
   2.90999985       2.28159046    
   2.91999984       2.28799963    
   2.92999983       2.29440665    
   2.93999982       2.30081058    
   2.95000005       2.30720925    
   2.96000004       2.31360292    
   2.97000003       2.31999207    
   2.98000002       2.32637978    
   2.99000001       2.33276415    
   3.00000000       2.33914065    
   3.00999999       2.34551811    
   3.01999998       2.35189009    
   3.02999997       2.35825801    
   3.03999996       2.36462235    
   3.04999995       2.37098408    
   3.05999994       2.37734318    
   3.06999993       2.38369870    
   3.07999992       2.39005065    
   3.08999991       2.39640045    
   3.09999990       2.40274525    
   3.10999990       2.40908957    
   3.11999989       2.41542983    
   3.12999988       2.42177153    
   3.13999987       2.42810392    
   3.14999986       2.43443704    
   3.15999985       2.44076657    
   3.16999984       2.44709468    
   3.17999983       2.45341945    
   3.18999982       2.45973945    
   3.19999981       2.46606016    
   3.21000004       2.47237921    
   3.22000003       2.47869492    
   3.23000002       2.48501015    
   3.24000001       2.49131799    
   3.25000000       2.49762511    
   3.25999999       2.50393057    
   3.26999998       2.51023340    
   3.27999997       2.51653910    
   3.28999996       2.52283549    
   3.29999995       2.52913570    
   3.30999994       2.53543091    
   3.31999993       2.54172277    
   3.32999992       2.54801321    
   3.33999991       2.55430365    
   3.34999990       2.56059241    
   3.35999990       2.56687760    
   3.36999989       2.57316136    
   3.37999988       2.57944441    
   3.38999987       2.58572364    
   3.39999986       2.59200478    
   3.40999985       2.59828115    
   3.41999984       2.60455799    
   3.42999983       2.61083221    
   3.43999982       2.61710072    
   3.44999981       2.62337375    
   3.46000004       2.62964272    
   3.47000003       2.63590884    
   3.48000002       2.64217496    
   3.49000001       2.64844060    
   3.50000000       2.65470266    
   3.50999999       2.66096282    
