   9.99999978E-03   5.33140148E-04
   1.99999996E-02   9.27247864E-04
   2.99999993E-02   1.33015006E-03
   3.99999991E-02   1.63369265E-03
   4.99999970E-02   1.88508036E-03
   5.99999987E-02   2.02597049E-03
   7.00000003E-02   2.39616795E-03
   7.99999982E-02   2.79288972E-03
   8.99999961E-02   3.04103759E-03
   9.99999940E-02   3.14120040E-03
  0.109999999       3.16410512E-03
  0.119999997       3.16750305E-03
  0.129999995       3.18601122E-03
  0.140000001       3.23816505E-03
  0.149999991       3.33442399E-03
  0.159999996       3.49110528E-03
  0.170000002       3.73292645E-03
  0.179999992       4.00634389E-03
  0.189999998       4.46385797E-03
  0.199999988       4.90842992E-03
  0.209999993       5.70643181E-03
  0.219999999       6.26912341E-03
  0.229999989       7.45444279E-03
  0.239999995       8.79748631E-03
  0.250000000       9.56789590E-03
  0.259999990       1.14685139E-02
  0.269999981       1.40304957E-02
  0.280000001       1.56156430E-02
  0.289999992       1.69130806E-02
  0.299999982       1.98954102E-02
  0.310000002       2.40869243E-02
  0.319999993       2.86588073E-02
  0.329999983       3.01594678E-02
  0.340000004       3.17713432E-02
  0.349999994       3.55052389E-02
  0.359999985       4.07399982E-02
  0.370000005       4.76551130E-02
  0.379999995       5.60003966E-02
  0.389999986       6.30520806E-02
  0.399999976       6.28053471E-02
  0.409999996       6.47362247E-02
  0.419999987       6.87389225E-02
  0.429999977       7.41813704E-02
  0.439999998       8.11228082E-02
  0.449999988       8.97993222E-02
  0.459999979      0.100530036    
  0.469999999      0.113523886    
  0.479999989      0.128182337    
  0.489999980      0.140616313    
  0.500000000      0.140288293    
  0.509999990      0.139789730    
  0.519999981      0.142372206    
  0.529999971      0.146433488    
  0.539999962      0.151636899    
  0.550000012      0.157895297    
  0.560000002      0.165225714    
  0.569999993      0.173711389    
  0.579999983      0.183485851    
  0.589999974      0.194712341    
  0.599999964      0.207682982    
  0.610000014      0.222617447    
  0.620000005      0.239830509    
  0.629999995      0.259536207    
  0.639999986      0.281548589    
  0.649999976      0.304268986    
  0.659999967      0.321533769    
  0.669999957      0.321120411    
  0.680000007      0.320253700    
  0.689999998      0.321523607    
  0.699999988      0.324004382    
  0.709999979      0.327347308    
  0.719999969      0.331378162    
  0.729999959      0.335998803    
  0.740000010      0.341153085    
  0.750000000      0.346808165    
  0.759999990      0.352946669    
  0.769999981      0.359565735    
  0.779999971      0.366667181    
  0.789999962      0.374263853    
  0.799999952      0.382372499    
  0.810000002      0.391016960    
  0.819999993      0.400227219    
  0.829999983      0.410039306    
  0.839999974      0.420493066    
  0.849999964      0.431638569    
  0.859999955      0.443529844    
  0.870000005      0.456230015    
  0.879999995      0.469809711    
  0.889999986      0.484348714    
  0.899999976      0.499933839    
  0.909999967      0.516660452    
  0.919999957      0.534627497    
  0.930000007      0.553931832    
  0.939999998      0.574654341    
  0.949999988      0.596830368    
  0.959999979      0.620395780    
  0.969999969      0.645060599    
  0.979999959      0.670047104    
  0.989999950      0.693474591    
   1.00000000      0.710793257    
   1.00999999      0.719638765    
   1.01999998      0.726374209    
   1.02999997      0.732308209    
   1.03999996      0.737860262    
   1.04999995      0.743219435    
   1.05999994      0.748488009    
   1.06999993      0.753720462    
   1.07999992      0.758964658    
   1.09000003      0.764209867    
   1.10000002      0.769501209    
   1.11000001      0.774838388    
   1.12000000      0.780225873    
   1.13000000      0.785669327    
   1.13999999      0.791171551    
   1.14999998      0.796733737    
   1.15999997      0.802357376    
   1.16999996      0.808044255    
   1.17999995      0.813795328    
   1.18999994      0.819609225    
   1.19999993      0.825488687    
   1.20999992      0.831432402    
   1.22000003      0.837441087    
   1.23000002      0.843515933    
   1.24000001      0.849656403    
   1.25000000      0.855864227    
   1.25999999      0.862136424    
   1.26999998      0.868480206    
   1.27999997      0.874889970    
   1.28999996      0.881367445    
   1.29999995      0.887915075    
   1.30999994      0.894530535    
   1.31999993      0.901218116    
   1.32999992      0.907975912    
   1.33999991      0.914805591    
   1.35000002      0.921709001    
   1.36000001      0.928685069    
   1.37000000      0.935735583    
   1.38000000      0.942862391    
   1.38999999      0.950065255    
   1.39999998      0.957345784    
   1.40999997      0.964705884    
   1.41999996      0.972145319    
   1.42999995      0.979664922    
   1.43999994      0.987268090    
   1.44999993      0.994954288    
   1.45999992       1.00272477    
   1.46999991       1.01058280    
   1.48000002       1.01852906    
   1.49000001       1.02656364    
   1.50000000       1.03468966    
   1.50999999       1.04290688    
   1.51999998       1.05121863    
   1.52999997       1.05962598    
   1.53999996       1.06813061    
   1.54999995       1.07673264    
   1.55999994       1.08543706    
   1.56999993       1.09424222    
   1.57999992       1.10315311    
   1.58999991       1.11216915    
   1.59999990       1.12129354    
   1.61000001       1.13052738    
   1.62000000       1.13987458    
   1.63000000       1.14933372    
   1.63999999       1.15890920    
   1.64999998       1.16860211    
   1.65999997       1.17841482    
   1.66999996       1.18834889    
   1.67999995       1.19840729    
   1.68999994       1.20859194    
   1.69999993       1.21890271    
   1.70999992       1.22934365    
   1.71999991       1.23991668    
   1.73000002       1.25062215    
   1.74000001       1.26146233    
   1.75000000       1.27243829    
   1.75999999       1.28355348    
   1.76999998       1.29480672    
   1.77999997       1.30620074    
   1.78999996       1.31773555    
   1.79999995       1.32941234    
   1.80999994       1.34123099    
   1.81999993       1.35318935    
   1.82999992       1.36528909    
   1.83999991       1.37753046    
   1.84999990       1.38990700    
   1.86000001       1.40241957    
   1.87000000       1.41506207    
   1.88000000       1.42783189    
   1.88999999       1.44072247    
   1.89999998       1.45372438    
   1.90999997       1.46682918    
   1.91999996       1.48002660    
   1.92999995       1.49330056    
   1.93999994       1.50663745    
   1.94999993       1.52001262    
   1.95999992       1.53340340    
   1.96999991       1.54678178    
   1.97999990       1.56010914    
   1.99000001       1.57334626    
   2.00000000       1.58643830    
   2.00999999       1.59910631    
   2.01999998       1.61115348    
   2.02999997       1.62266636    
   2.03999996       1.63371992    
   2.04999995       1.64437735    
   2.05999994       1.65468204    
   2.06999993       1.66468072    
   2.07999992       1.67440307    
   2.08999991       1.68388844    
   2.09999990       1.69315517    
   2.10999990       1.70222247    
   2.11999989       1.71111178    
   2.12999988       1.71984029    
   2.13999987       1.72842240    
   2.14999986       1.73686886    
   2.15999985       1.74519300    
   2.16999984       1.75340164    
   2.18000007       1.76150846    
   2.19000006       1.76951432    
   2.20000005       1.77743471    
   2.21000004       1.78526664    
   2.22000003       1.79302716    
   2.23000002       1.80071223    
   2.24000001       1.80833232    
   2.25000000       1.81588769    
   2.25999999       1.82338405    
   2.26999998       1.83082592    
   2.27999997       1.83821487    
   2.28999996       1.84555554    
   2.29999995       1.85285115    
   2.30999994       1.86010110    
   2.31999993       1.86731350    
   2.32999992       1.87448359    
   2.33999991       1.88161922    
   2.34999990       1.88871861    
   2.35999990       1.89578593    
   2.36999989       1.90282381    
   2.37999988       1.90982974    
   2.38999987       1.91680765    
   2.39999986       1.92375970    
   2.40999985       1.93068588    
   2.41999984       1.93758738    
   2.42999983       1.94446409    
   2.44000006       1.95132065    
   2.45000005       1.95815349    
   2.46000004       1.96496940    
   2.47000003       1.97176468    
   2.48000002       1.97854030    
   2.49000001       1.98529792    
   2.50000000       1.99203980    
   2.50999999       1.99876356    
   2.51999998       2.00547290    
   2.52999997       2.01216578    
   2.53999996       2.01884604    
   2.54999995       2.02550960    
   2.55999994       2.03216147    
   2.56999993       2.03880143    
   2.57999992       2.04542685    
   2.58999991       2.05204153    
   2.59999990       2.05864382    
   2.60999990       2.06523347    
   2.61999989       2.07181501    
   2.62999988       2.07838655    
   2.63999987       2.08494544    
   2.64999986       2.09149504    
   2.65999985       2.09803724    
   2.66999984       2.10456586    
   2.67999983       2.11108756    
   2.69000006       2.11760259    
   2.70000005       2.12410879    
   2.71000004       2.13060570    
   2.72000003       2.13709521    
   2.73000002       2.14357781    
   2.74000001       2.15005422    
   2.75000000       2.15652156    
   2.75999999       2.16298103    
   2.76999998       2.16943669    
   2.77999997       2.17588186    
   2.78999996       2.18232250    
   2.79999995       2.18876028    
   2.80999994       2.19518948    
   2.81999993       2.20161271    
   2.82999992       2.20803118    
   2.83999991       2.21444321    
   2.84999990       2.22084856    
   2.85999990       2.22725201    
   2.86999989       2.23364735    
   2.87999988       2.24004221    
   2.88999987       2.24642754    
   2.89999986       2.25280809    
   2.90999985       2.25918651    
   2.91999984       2.26555943    
   2.92999983       2.27192736    
   2.93999982       2.27829194    
   2.95000005       2.28465247    
   2.96000004       2.29100871    
   2.97000003       2.29736161    
   2.98000002       2.30370951    
   2.99000001       2.31005573    
   3.00000000       2.31639528    
   3.00999999       2.32273293    
   3.01999998       2.32906675    
   3.02999997       2.33539534    
   3.03999996       2.34172177    
   3.04999995       2.34804535    
   3.05999994       2.35436440    
   3.06999993       2.36068320    
   3.07999992       2.36699486    
   3.08999991       2.37330770    
   3.09999990       2.37961459    
   3.10999990       2.38592148    
   3.11999989       2.39222145    
   3.12999988       2.39852095    
   3.13999987       2.40481997    
   3.14999986       2.41111183    
   3.15999985       2.41740346    
   3.16999984       2.42369032    
   3.17999983       2.42997766    
   3.18999982       2.43625808    
   3.19999981       2.44254255    
   3.21000004       2.44882011    
   3.22000003       2.45509720    
   3.23000002       2.46136928    
   3.24000001       2.46764088    
   3.25000000       2.47391033    
   3.25999999       2.48017907    
   3.26999998       2.48644328    
   3.27999997       2.49266720    
   3.28999996       2.49896741    
   3.29999995       2.50522375    
   3.30999994       2.51148248    
   3.31999993       2.51773596    
   3.32999992       2.52398872    
   3.33999991       2.53024077    
   3.34999990       2.53648663    
   3.35999990       2.54273510    
   3.36999989       2.54898143    
   3.37999988       2.55522490    
   3.38999987       2.56146526    
   3.39999986       2.56770587    
   3.40999985       2.57394290    
   3.41999984       2.58018041    
   3.42999983       2.58641338    
   3.43999982       2.59264708    
   3.44999981       2.59887624    
   3.46000004       2.60510778    
   3.47000003       2.61133552    
   3.48000002       2.61756444    
   3.49000001       2.62378836    
   3.50000000       2.63001251    
   3.50999999       2.63623214    
