   9.99999978E-03   5.46666619E-04
   1.99999996E-02   9.34151409E-04
   2.99999993E-02   1.35139609E-03
   3.99999991E-02   1.62974780E-03
   4.99999970E-02   1.93519029E-03
   5.99999987E-02   2.04764493E-03
   7.00000003E-02   2.39035441E-03
   7.99999982E-02   2.80060060E-03
   8.99999961E-02   3.08448938E-03
   9.99999940E-02   3.21243005E-03
  0.109999999       3.24830133E-03
  0.119999997       3.25497240E-03
  0.129999995       3.27421515E-03
  0.140000001       3.32975783E-03
  0.149999991       3.43648181E-03
  0.159999996       3.61572439E-03
  0.170000002       3.90627142E-03
  0.179999992       4.23386367E-03
  0.189999998       4.78615984E-03
  0.199999988       5.33684716E-03
  0.209999993       6.30796701E-03
  0.219999999       6.98706321E-03
  0.229999989       8.46318994E-03
  0.239999995       1.00382883E-02
  0.250000000       1.09875323E-02
  0.259999990       1.33249843E-02
  0.269999981       1.63513925E-02
  0.280000001       1.81101300E-02
  0.289999992       1.97396223E-02
  0.299999982       2.33304556E-02
  0.310000002       2.82584652E-02
  0.319999993       3.33897471E-02
  0.329999983       3.49675529E-02
  0.340000004       3.69735099E-02
  0.349999994       4.13769707E-02
  0.359999985       4.74774092E-02
  0.370000005       5.54074347E-02
  0.379999995       6.47114664E-02
  0.389999986       7.21802115E-02
  0.399999976       7.18590319E-02
  0.409999996       7.41782933E-02
  0.419999987       7.87846819E-02
  0.429999977       8.49977657E-02
  0.439999998       9.28689688E-02
  0.449999988      0.102633335    
  0.459999979      0.114582635    
  0.469999999      0.128828675    
  0.479999989      0.144511744    
  0.489999980      0.157268047    
  0.500000000      0.156744033    
  0.509999990      0.156438529    
  0.519999981      0.159385890    
  0.529999971      0.163927555    
  0.539999962      0.169707596    
  0.550000012      0.176632121    
  0.560000002      0.184716210    
  0.569999993      0.194043264    
  0.579999983      0.204747498    
  0.589999974      0.217010051    
  0.599999964      0.231058463    
  0.610000014      0.247152522    
  0.620000005      0.265547097    
  0.629999995      0.286373645    
  0.639999986      0.309288591    
  0.649999976      0.332440436    
  0.659999967      0.349513024    
  0.669999957      0.349186569    
  0.680000007      0.348573059    
  0.689999998      0.350109965    
  0.699999988      0.352886736    
  0.709999979      0.356554240    
  0.719999969      0.360939115    
  0.729999959      0.365941286    
  0.740000010      0.371501803    
  0.750000000      0.377588391    
  0.759999990      0.384182483    
  0.769999981      0.391276836    
  0.779999971      0.398883998    
  0.789999962      0.407005459    
  0.799999952      0.415661335    
  0.810000002      0.424874842    
  0.819999993      0.434676349    
  0.829999983      0.445099741    
  0.839999974      0.456186116    
  0.849999964      0.467981696    
  0.859999955      0.480539948    
  0.870000005      0.493922383    
  0.879999995      0.508193970    
  0.889999986      0.523429751    
  0.899999976      0.539710283    
  0.909999967      0.557119071    
  0.919999957      0.575743496    
  0.930000007      0.595660746    
  0.939999998      0.616925955    
  0.949999988      0.639541805    
  0.959999979      0.663397551    
  0.969999969      0.688156307    
  0.979999959      0.712997198    
  0.989999950      0.736064374    
   1.00000000      0.753118515    
   1.00999999      0.762186527    
   1.01999998      0.769219041    
   1.02999997      0.775459826    
   1.03999996      0.781316519    
   1.04999995      0.786978126    
   1.05999994      0.792542636    
   1.06999993      0.798068821    
   1.07999992      0.803592563    
   1.09000003      0.809136212    
   1.10000002      0.814712107    
   1.11000001      0.820333302    
   1.12000000      0.826003909    
   1.13000000      0.831729591    
   1.13999999      0.837512970    
   1.14999998      0.843356192    
   1.15999997      0.849261880    
   1.16999996      0.855229616    
   1.17999995      0.861262023    
   1.18999994      0.867358267    
   1.19999993      0.873519540    
   1.20999992      0.879746079    
   1.22000003      0.886038184    
   1.23000002      0.892396450    
   1.24000001      0.898822010    
   1.25000000      0.905314028    
   1.25999999      0.911872625    
   1.26999998      0.918500781    
   1.27999997      0.925197423    
   1.28999996      0.931962371    
   1.29999995      0.938797355    
   1.30999994      0.945701659    
   1.31999993      0.952677667    
   1.32999992      0.959725082    
   1.33999991      0.966846466    
   1.35000002      0.974038184    
   1.36000001      0.981305599    
   1.37000000      0.988648117    
   1.38000000      0.996065855    
   1.38999999       1.00356102    
   1.39999998       1.01113367    
   1.40999997       1.01878524    
   1.41999996       1.02651763    
   1.42999995       1.03433037    
   1.43999994       1.04222691    
   1.44999993       1.05020595    
   1.45999992       1.05826902    
   1.46999991       1.06641984    
   1.48000002       1.07465553    
   1.49000001       1.08298314    
   1.50000000       1.09139848    
   1.50999999       1.09990776    
   1.51999998       1.10850871    
   1.52999997       1.11720395    
   1.53999996       1.12599647    
   1.54999995       1.13488603    
   1.55999994       1.14387524    
   1.56999993       1.15296686    
   1.57999992       1.16215944    
   1.58999991       1.17145598    
   1.59999990       1.18085873    
   1.61000001       1.19037008    
   1.62000000       1.19999075    
   1.63000000       1.20972180    
   1.63999999       1.21956575    
   1.64999998       1.22952378    
   1.65999997       1.23959982    
   1.66999996       1.24979329    
   1.67999995       1.26010704    
   1.68999994       1.27054131    
   1.69999993       1.28109848    
   1.70999992       1.29178154    
   1.71999991       1.30258954    
   1.73000002       1.31352592    
   1.74000001       1.32458973    
   1.75000000       1.33578444    
   1.75999999       1.34710884    
   1.76999998       1.35856676    
   1.77999997       1.37015605    
   1.78999996       1.38187802    
   1.79999995       1.39373100    
   1.80999994       1.40571773    
   1.81999993       1.41783631    
   1.82999992       1.43008256    
   1.83999991       1.44245851    
   1.84999990       1.45495999    
   1.86000001       1.46757889    
   1.87000000       1.48032379    
   1.88000000       1.49317622    
   1.88999999       1.50613427    
   1.89999998       1.51919091    
   1.90999997       1.53233385    
   1.91999996       1.54555285    
   1.92999995       1.55883157    
   1.93999994       1.57215571    
   1.94999993       1.58550334    
   1.95999992       1.59884977    
   1.96999991       1.61216688    
   1.97999990       1.62542021    
   1.99000001       1.63857150    
   2.00000000       1.65156806    
   2.00999999       1.66414285    
   2.01999998       1.67611015    
   2.02999997       1.68756258    
   2.03999996       1.69857085    
   2.04999995       1.70919931    
   2.05999994       1.71948743    
   2.06999993       1.72948182    
   2.07999992       1.73921502    
   2.08999991       1.74871564    
   2.09999990       1.75800371    
   2.10999990       1.76710463    
   2.11999989       1.77603281    
   2.12999988       1.78480649    
   2.13999987       1.79343808    
   2.14999986       1.80194128    
   2.15999985       1.81032383    
   2.16999984       1.81859720    
   2.18000007       1.82677138    
   2.19000006       1.83485055    
   2.20000005       1.84284389    
   2.21000004       1.85075366    
   2.22000003       1.85859454    
   2.23000002       1.86636376    
   2.24000001       1.87406814    
   2.25000000       1.88171065    
   2.25999999       1.88929617    
   2.26999998       1.89683020    
   2.27999997       1.90431166    
   2.28999996       1.91174626    
   2.29999995       1.91913760    
   2.30999994       1.92648637    
   2.31999993       1.93379474    
   2.32999992       1.94106591    
   2.33999991       1.94830334    
   2.34999990       1.95550621    
   2.35999990       1.96267664    
   2.36999989       1.96981692    
   2.37999988       1.97692990    
   2.38999987       1.98401415    
   2.39999986       1.99107146    
   2.40999985       1.99810565    
   2.41999984       2.00511503    
   2.42999983       2.01210213    
   2.44000006       2.01906848    
   2.45000005       2.02601314    
   2.46000004       2.03293848    
   2.47000003       2.03984666    
   2.48000002       2.04673433    
   2.49000001       2.05360556    
   2.50000000       2.06045842    
   2.50999999       2.06729746    
   2.51999998       2.07411933    
   2.52999997       2.08092809    
   2.53999996       2.08772254    
   2.54999995       2.09450364    
   2.55999994       2.10127258    
   2.56999993       2.10802722    
   2.57999992       2.11476779    
   2.58999991       2.12150002    
   2.59999990       2.12822104    
   2.60999990       2.13492894    
   2.61999989       2.14162517    
   2.62999988       2.14831305    
   2.63999987       2.15499401    
   2.64999986       2.16166210    
   2.65999985       2.16832113    
   2.66999984       2.17497110    
   2.67999983       2.18161297    
   2.69000006       2.18824744    
   2.70000005       2.19487143    
   2.71000004       2.20148969    
   2.72000003       2.20810270    
   2.73000002       2.21470356    
   2.74000001       2.22129989    
   2.75000000       2.22788811    
   2.75999999       2.23446941    
   2.76999998       2.24104619    
   2.77999997       2.24761605    
   2.78999996       2.25417995    
   2.79999995       2.26073575    
   2.80999994       2.26728678    
   2.81999993       2.27383280    
   2.82999992       2.28037429    
   2.83999991       2.28690958    
   2.84999990       2.29343748    
   2.85999990       2.29996300    
   2.86999989       2.30648255    
   2.87999988       2.31299901    
   2.88999987       2.31950855    
   2.89999986       2.32601142    
   2.90999985       2.33251214    
   2.91999984       2.33901191    
   2.92999983       2.34550166    
   2.93999982       2.35199237    
   2.95000005       2.35847497    
   2.96000004       2.36495733    
   2.97000003       2.37143087    
   2.98000002       2.37790322    
   2.99000001       2.38437200    
   3.00000000       2.39083886    
   3.00999999       2.39729977    
   3.01999998       2.40375996    
   3.02999997       2.41021323    
   3.03999996       2.41666389    
   3.04999995       2.42311311    
   3.05999994       2.42956066    
   3.06999993       2.43600249    
   3.07999992       2.44244027    
   3.08999991       2.44887590    
   3.09999990       2.45531011    
   3.10999990       2.46173859    
   3.11999989       2.46816754    
   3.12999988       2.47459340    
   3.13999987       2.48101425    
   3.14999986       2.48743415    
   3.15999985       2.49385047    
   3.16999984       2.50026584    
   3.17999983       2.50667691    
   3.18999982       2.51308632    
   3.19999981       2.51949310    
   3.21000004       2.52589965    
   3.22000003       2.53230143    
   3.23000002       2.53870082    
   3.24000001       2.54509854    
   3.25000000       2.55149460    
   3.25999999       2.55788922    
   3.26999998       2.56427813    
   3.27999997       2.57066822    
   3.28999996       2.57705545    
   3.29999995       2.58344269    
   3.30999994       2.58982635    
   3.31999993       2.59620619    
   3.32999992       2.60258460    
   3.33999991       2.60896277    
   3.34999990       2.61533880    
   3.35999990       2.62171149    
   3.36999989       2.62808418    
   3.37999988       2.63445663    
   3.38999987       2.64082336    
   3.39999986       2.64718962    
   3.40999985       2.65355635    
   3.41999984       2.65992022    
   3.42999983       2.66627979    
   3.43999982       2.67264128    
   3.44999981       2.67899942    
   3.46000004       2.68535829    
   3.47000003       2.69171143    
   3.48000002       2.69806623    
   3.49000001       2.70441699    
   3.50000000       2.71076846    
   3.50999999       2.71711826    
