   9.99999978E-03   5.45097457E-04
   1.99999996E-02   9.32443945E-04
   2.99999993E-02   1.34879176E-03
   3.99999991E-02   1.63053779E-03
   4.99999970E-02   1.92757696E-03
   5.99999987E-02   2.04384699E-03
   7.00000003E-02   2.39113951E-03
   7.99999982E-02   2.79985019E-03
   8.99999961E-02   3.07816290E-03
   9.99999940E-02   3.20178247E-03
  0.109999999       3.23534035E-03
  0.119999997       3.24123935E-03
  0.129999995       3.26010352E-03
  0.140000001       3.31479381E-03
  0.149999991       3.41935991E-03
  0.159999996       3.59448185E-03
  0.170000002       3.87638272E-03
  0.179999992       4.19437792E-03
  0.189999998       4.73058177E-03
  0.199999988       5.26281679E-03
  0.209999993       6.20499114E-03
  0.219999999       6.86411932E-03
  0.229999989       8.29137303E-03
  0.239999995       9.82870813E-03
  0.250000000       1.07473778E-02
  0.259999990       1.30120991E-02
  0.269999981       1.59633756E-02
  0.280000001       1.76940840E-02
  0.289999992       1.92677453E-02
  0.299999982       2.27584261E-02
  0.310000002       2.75672507E-02
  0.319999993       3.26100662E-02
  0.329999983       3.41755673E-02
  0.340000004       3.61161418E-02
  0.349999994       4.04103473E-02
  0.359999985       4.63706702E-02
  0.370000005       5.41368797E-02
  0.379999995       6.32915571E-02
  0.389999986       7.06960037E-02
  0.399999976       7.03862682E-02
  0.409999996       7.26420656E-02
  0.419999987       7.71509930E-02
  0.429999977       8.32403302E-02
  0.439999998       9.09626111E-02
  0.449999988      0.100553818    
  0.459999979      0.112310812    
  0.469999999      0.126361430    
  0.479999989      0.141887873    
  0.489999980      0.154597968    
  0.500000000      0.154102296    
  0.509999990      0.153764680    
  0.519999981      0.156653553    
  0.529999971      0.161118492    
  0.539999962      0.166807041    
  0.550000012      0.173625812    
  0.560000002      0.181590587    
  0.569999993      0.190785050    
  0.579999983      0.201342791    
  0.589999974      0.213446125    
  0.599999964      0.227323502    
  0.610000014      0.243237510    
  0.620000005      0.261450142    
  0.629999995      0.282105863    
  0.639999986      0.304886222    
  0.649999976      0.327977479    
  0.659999967      0.345080167    
  0.669999957      0.344738215    
  0.680000007      0.344083428    
  0.689999998      0.345578164    
  0.699999988      0.348307282    
  0.709999979      0.351923853    
  0.719999969      0.356252968    
  0.729999959      0.361194938    
  0.740000010      0.366691679    
  0.750000000      0.372710705    
  0.759999990      0.379233450    
  0.769999981      0.386252850    
  0.779999971      0.393781215    
  0.789999962      0.401820719    
  0.799999952      0.410391361    
  0.810000002      0.419516563    
  0.819999993      0.429226428    
  0.829999983      0.439554751    
  0.839999974      0.450543225    
  0.849999964      0.462237924    
  0.859999955      0.474694043    
  0.870000005      0.487971425    
  0.879999995      0.502136946    
  0.889999986      0.517266393    
  0.899999976      0.533440590    
  0.909999967      0.550747395    
  0.919999957      0.569271982    
  0.930000007      0.589097321    
  0.939999998      0.610282183    
  0.949999988      0.632833898    
  0.959999979      0.656649649    
  0.969999969      0.681398034    
  0.979999959      0.706264794    
  0.989999950      0.729387224    
   1.00000000      0.746482849    
   1.00999999      0.755517006    
   1.01999998      0.762503147    
   1.02999997      0.768697560    
   1.03999996      0.774506509    
   1.04999995      0.780121446    
   1.05999994      0.785639465    
   1.06999993      0.791121423    
   1.07999992      0.796599567    
   1.09000003      0.802098632    
   1.10000002      0.807630241    
   1.11000001      0.813206196    
   1.12000000      0.818834066    
   1.13000000      0.824515224    
   1.13999999      0.830257952    
   1.14999998      0.836055458    
   1.15999997      0.841916800    
   1.16999996      0.847841501    
   1.17999995      0.853829861    
   1.18999994      0.859881818    
   1.19999993      0.866000056    
   1.20999992      0.872182548    
   1.22000003      0.878430784    
   1.23000002      0.884745657    
   1.24000001      0.891126096    
   1.25000000      0.897573888    
   1.25999999      0.904088914    
   1.26999998      0.910672843    
   1.27999997      0.917324483    
   1.28999996      0.924045444    
   1.29999995      0.930835783    
   1.30999994      0.937695861    
   1.31999993      0.944627762    
   1.32999992      0.951629281    
   1.33999991      0.958705604    
   1.35000002      0.965854228    
   1.36000001      0.973082602    
   1.37000000      0.980373561    
   1.38000000      0.987745643    
   1.38999999      0.995195866    
   1.39999998       1.00272346    
   1.40999997       1.01033092    
   1.41999996       1.01801765    
   1.42999995       1.02578533    
   1.43999994       1.03363645    
   1.44999993       1.04157019    
   1.45999992       1.04958904    
   1.46999991       1.05769408    
   1.48000002       1.06588662    
   1.49000001       1.07416892    
   1.50000000       1.08253980    
   1.50999999       1.09100389    
   1.51999998       1.09956098    
   1.52999997       1.10821152    
   1.53999996       1.11696088    
   1.54999995       1.12580729    
   1.55999994       1.13475204    
   1.56999993       1.14379883    
   1.57999992       1.15294814    
   1.58999991       1.16220284    
   1.59999990       1.17156219    
   1.61000001       1.18103206    
   1.62000000       1.19061065    
   1.63000000       1.20030046    
   1.63999999       1.21010423    
   1.64999998       1.22002220    
   1.65999997       1.23005807    
   1.66999996       1.24021161    
   1.67999995       1.25048649    
   1.68999994       1.26088333    
   1.69999993       1.27140355    
   1.70999992       1.28204823    
   1.71999991       1.29282212    
   1.73000002       1.30372310    
   1.74000001       1.31475258    
   1.75000000       1.32591450    
   1.75999999       1.33720815    
   1.76999998       1.34863460    
   1.77999997       1.36019576    
   1.78999996       1.37188959    
   1.79999995       1.38371599    
   1.80999994       1.39567935    
   1.81999993       1.40777302    
   1.82999992       1.41999853    
   1.83999991       1.43235481    
   1.84999990       1.44483733    
   1.86000001       1.45744050    
   1.87000000       1.47016954    
   1.88000000       1.48301029    
   1.88999999       1.49596083    
   1.89999998       1.50900745    
   1.90999997       1.52214658    
   1.91999996       1.53536296    
   1.92999995       1.54864335    
   1.93999994       1.56196976    
   1.94999993       1.57532060    
   1.95999992       1.58867562    
   1.96999991       1.60200334    
   1.97999990       1.61526752    
   1.99000001       1.62843180    
   2.00000000       1.64144397    
   2.00999999       1.65403140    
   2.01999998       1.66601193    
   2.02999997       1.67747319    
   2.03999996       1.68848956    
   2.04999995       1.69912100    
   2.05999994       1.70941257    
   2.06999993       1.71940815    
   2.07999992       1.72914076    
   2.08999991       1.73863602    
   2.09999990       1.74792254    
   2.10999990       1.75701761    
   2.11999989       1.76594067    
   2.12999988       1.77470672    
   2.13999987       1.78333187    
   2.14999986       1.79182625    
   2.15999985       1.80020022    
   2.16999984       1.80846417    
   2.18000007       1.81662834    
   2.19000006       1.82469463    
   2.20000005       1.83267641    
   2.21000004       1.84057629    
   2.22000003       1.84840500    
   2.23000002       1.85616040    
   2.24000001       1.86385298    
   2.25000000       1.87148178    
   2.25999999       1.87905407    
   2.26999998       1.88657284    
   2.27999997       1.89404058    
   2.28999996       1.90146029    
   2.29999995       1.90883768    
   2.30999994       1.91617334    
   2.31999993       1.92346501    
   2.32999992       1.93072164    
   2.33999991       1.93794191    
   2.34999990       1.94512963    
   2.35999990       1.95228422    
   2.36999989       1.95940912    
   2.37999988       1.96650577    
   2.38999987       1.97357178    
   2.39999986       1.98061585    
   2.40999985       1.98763192    
   2.41999984       1.99462509    
   2.42999983       2.00159526    
   2.44000006       2.00854516    
   2.45000005       2.01547074    
   2.46000004       2.02238083    
   2.47000003       2.02927065    
   2.48000002       2.03614140    
   2.49000001       2.04299402    
   2.50000000       2.04983425    
   2.50999999       2.05665302    
   2.51999998       2.06345916    
   2.52999997       2.07024860    
   2.53999996       2.07702637    
   2.54999995       2.08379006    
   2.55999994       2.09053826    
   2.56999993       2.09727645    
   2.57999992       2.10399938    
   2.58999991       2.11071229    
   2.59999990       2.11741447    
   2.60999990       2.12410402    
   2.61999989       2.13078642    
   2.62999988       2.13745522    
   2.63999987       2.14411545    
   2.64999986       2.15076637    
   2.65999985       2.15740824    
   2.66999984       2.16403961    
   2.67999983       2.17066479    
   2.69000006       2.17728043    
   2.70000005       2.18388677    
   2.71000004       2.19048476    
   2.72000003       2.19707680    
   2.73000002       2.20366192    
   2.74000001       2.21023822    
   2.75000000       2.21680951    
   2.75999999       2.22337389    
   2.76999998       2.22992873    
   2.77999997       2.23647976    
   2.78999996       2.24302578    
   2.79999995       2.24956441    
   2.80999994       2.25609469    
   2.81999993       2.26262307    
   2.82999992       2.26914549    
   2.83999991       2.27565908    
   2.84999990       2.28217101    
   2.85999990       2.28867507    
   2.86999989       2.29517651    
   2.87999988       2.30167365    
   2.88999987       2.30816269    
   2.89999986       2.31465125    
   2.90999985       2.32113504    
   2.91999984       2.32761002    
   2.92999983       2.33408475    
   2.93999982       2.34055448    
   2.95000005       2.34701920    
   2.96000004       2.35348105    
   2.97000003       2.35993648    
   2.98000002       2.36639142    
   2.99000001       2.37283850    
   3.00000000       2.37928772    
   3.00999999       2.38572788    
   3.01999998       2.39216852    
   3.02999997       2.39860368    
   3.03999996       2.40503693    
   3.04999995       2.41146612    
   3.05999994       2.41788960    
   3.06999993       2.42431426    
   3.07999992       2.43073487    
   3.08999991       2.43715072    
   3.09999990       2.44356585    
   3.10999990       2.44997525    
   3.11999989       2.45638371    
   3.12999988       2.46279049    
   3.13999987       2.46919370    
   3.14999986       2.47559452    
   3.15999985       2.48199010    
   3.16999984       2.48838496    
   3.17999983       2.49477768    
   3.18999982       2.50116658    
   3.19999981       2.50755620    
   3.21000004       2.51394224    
   3.22000003       2.52032399    
   3.23000002       2.52670693    
   3.24000001       2.53308201    
   3.25000000       2.53946018    
   3.25999999       2.54583430    
   3.26999998       2.55220771    
   3.27999997       2.55857539    
   3.28999996       2.56494331    
   3.29999995       2.57130957    
   3.30999994       2.57767200    
   3.31999993       2.58403397    
   3.32999992       2.59039497    
   3.33999991       2.59675431    
   3.34999990       2.60310960    
   3.35999990       2.60946202    
   3.36999989       2.61581707    
   3.37999988       2.62216592    
   3.38999987       2.62851477    
   3.39999986       2.63486362    
   3.40999985       2.64120984    
   3.41999984       2.64755297    
   3.42999983       2.65389371    
   3.43999982       2.66023636    
   3.44999981       2.66657519    
   3.46000004       2.67291188    
   3.47000003       2.67924881    
   3.48000002       2.68558145    
   3.49000001       2.69191384    
   3.50000000       2.69824600    
   3.50999999       2.70457602    
