   9.99999978E-03   5.48299751E-04
   1.99999996E-02   9.36632045E-04
   2.99999993E-02   1.35486573E-03
   3.99999991E-02   1.62867096E-03
   4.99999970E-02   1.94656581E-03
   5.99999987E-02   2.05350178E-03
   7.00000003E-02   2.38914602E-03
   7.99999982E-02   2.80149630E-03
   8.99999961E-02   3.09316488E-03
   9.99999940E-02   3.22876521E-03
  0.109999999       3.26769496E-03
  0.119999997       3.27567710E-03
  0.129999995       3.29574244E-03
  0.140000001       3.35299107E-03
  0.149999991       3.46326851E-03
  0.159999996       3.64922383E-03
  0.170000002       3.95357376E-03
  0.179999992       4.29652072E-03
  0.189999998       4.87406226E-03
  0.199999988       5.45397727E-03
  0.209999993       6.47024577E-03
  0.219999999       7.18080904E-03
  0.229999989       8.73330981E-03
  0.239999995       1.03664426E-02
  0.250000000       1.13672437E-02
  0.259999990       1.38142696E-02
  0.269999981       1.69565063E-02
  0.280000001       1.87577363E-02
  0.289999992       2.04744469E-02
  0.299999982       2.42201239E-02
  0.310000002       2.93310937E-02
  0.319999993       3.45964991E-02
  0.329999983       3.61931920E-02
  0.340000004       3.83005440E-02
  0.349999994       4.28722650E-02
  0.359999985       4.91878130E-02
  0.370000005       5.73654436E-02
  0.379999995       6.68977648E-02
  0.389999986       7.44595304E-02
  0.399999976       7.41246939E-02
  0.409999996       7.65418112E-02
  0.419999987       8.12976584E-02
  0.429999977       8.76998380E-02
  0.439999998       9.57983658E-02
  0.449999988      0.105826244    
  0.459999979      0.118067317    
  0.469999999      0.132608175    
  0.479999989      0.148525015    
  0.489999980      0.161348403    
  0.500000000      0.160782948    
  0.509999990      0.160527468    
  0.519999981      0.163564339    
  0.529999971      0.168222904    
  0.539999962      0.174142852    
  0.550000012      0.181227759    
  0.560000002      0.189492777    
  0.569999993      0.199021041    
  0.579999983      0.209946558    
  0.589999974      0.222450122    
  0.599999964      0.236756772    
  0.610000014      0.253121346    
  0.620000005      0.271788657    
  0.629999995      0.292869568    
  0.639999986      0.316005915    
  0.649999976      0.339223385    
  0.659999967      0.356247425    
  0.669999957      0.355947286    
  0.680000007      0.355396926    
  0.689999998      0.356999874    
  0.699999988      0.359848082    
  0.709999979      0.363594145    
  0.719999969      0.368063331    
  0.729999959      0.373156488    
  0.740000010      0.378813684    
  0.750000000      0.385002464    
  0.759999990      0.391704828    
  0.769999981      0.398912072    
  0.779999971      0.406637579    
  0.789999962      0.414882123    
  0.799999952      0.423666716    
  0.810000002      0.433013648    
  0.819999993      0.442953318    
  0.829999983      0.453519911    
  0.839999974      0.464752644    
  0.849999964      0.476699054    
  0.859999955      0.489412248    
  0.870000005      0.502951264    
  0.879999995      0.517381907    
  0.889999986      0.532776952    
  0.899999976      0.549214900    
  0.909999967      0.566778719    
  0.919999957      0.585549712    
  0.930000007      0.605601847    
  0.939999998      0.626984537    
  0.949999988      0.649693549    
  0.959999979      0.673607707    
  0.969999969      0.698380291    
  0.979999959      0.723180652    
  0.989999950      0.746160686    
   1.00000000      0.763156414    
   1.00999999      0.772274792    
   1.01999998      0.779374599    
   1.02999997      0.785687566    
   1.03999996      0.791615307    
   1.04999995      0.797346294    
   1.05999994      0.802980065    
   1.06999993      0.808574975    
   1.07999992      0.814166009    
   1.09000003      0.819776237    
   1.10000002      0.825420082    
   1.11000001      0.831106484    
   1.12000000      0.836843848    
   1.13000000      0.842635393    
   1.13999999      0.848484397    
   1.14999998      0.854393899    
   1.15999997      0.860364735    
   1.16999996      0.866398871    
   1.17999995      0.872496426    
   1.18999994      0.878658533    
   1.19999993      0.884885907    
   1.20999992      0.891177833    
   1.22000003      0.897536397    
   1.23000002      0.903960645    
   1.24000001      0.910452306    
   1.25000000      0.917010903    
   1.25999999      0.923635304    
   1.26999998      0.930330575    
   1.27999997      0.937094271    
   1.28999996      0.943925858    
   1.29999995      0.950826526    
   1.30999994      0.957798541    
   1.31999993      0.964841962    
   1.32999992      0.971956193    
   1.33999991      0.979143798    
   1.35000002      0.986403883    
   1.36000001      0.993739426    
   1.37000000       1.00114906    
   1.38000000       1.00863469    
   1.38999999       1.01619661    
   1.39999998       1.02383697    
   1.40999997       1.03155649    
   1.41999996       1.03935659    
   1.42999995       1.04723644    
   1.43999994       1.05520010    
   1.44999993       1.06324661    
   1.45999992       1.07137728    
   1.46999991       1.07959473    
   1.48000002       1.08789968    
   1.49000001       1.09629309    
   1.50000000       1.10477626    
   1.50999999       1.11335266    
   1.51999998       1.12201893    
   1.52999997       1.13078272    
   1.53999996       1.13963890    
   1.54999995       1.14859581    
   1.55999994       1.15765011    
   1.56999993       1.16680396    
   1.57999992       1.17606151    
   1.58999991       1.18542325    
   1.59999990       1.19489026    
   1.61000001       1.20446408    
   1.62000000       1.21414518    
   1.63000000       1.22393799    
   1.63999999       1.23384452    
   1.64999998       1.24386346    
   1.65999997       1.25399852    
   1.66999996       1.26424992    
   1.67999995       1.27462173    
   1.68999994       1.28511262    
   1.69999993       1.29572570    
   1.70999992       1.30646229    
   1.71999991       1.31732333    
   1.73000002       1.32831144    
   1.74000001       1.33942580    
   1.75000000       1.35066819    
   1.75999999       1.36203969    
   1.76999998       1.37354255    
   1.77999997       1.38517547    
   1.78999996       1.39693892    
   1.79999995       1.40883160    
   1.80999994       1.42085540    
   1.81999993       1.43300676    
   1.82999992       1.44528663    
   1.83999991       1.45769191    
   1.84999990       1.47021937    
   1.86000001       1.48286164    
   1.87000000       1.49562693    
   1.88000000       1.50849640    
   1.88999999       1.52146983    
   1.89999998       1.53453493    
   1.90999997       1.54768515    
   1.91999996       1.56090534    
   1.92999995       1.57418668    
   1.93999994       1.58750594    
   1.94999993       1.60084403    
   1.95999992       1.61418080    
   1.96999991       1.62748337    
   1.97999990       1.64072001    
   1.99000001       1.65384853    
   2.00000000       1.66682386    
   2.00999999       1.67937481    
   2.01999998       1.69132459    
   2.02999997       1.70276070    
   2.03999996       1.71376145    
   2.04999995       1.72438097    
   2.05999994       1.73466659    
   2.06999993       1.74466038    
   2.07999992       1.75439537    
   2.08999991       1.76389730    
   2.09999990       1.77319264    
   2.10999990       1.78229988    
   2.11999989       1.79123735    
   2.12999988       1.80002022    
   2.13999987       1.80866385    
   2.14999986       1.81717861    
   2.15999985       1.82557511    
   2.16999984       1.83386457    
   2.18000007       1.84205461    
   2.19000006       1.85014963    
   2.20000005       1.85815942    
   2.21000004       1.86608660    
   2.22000003       1.87394631    
   2.23000002       1.88173532    
   2.24000001       1.88945758    
   2.25000000       1.89711952    
   2.25999999       1.90472674    
   2.26999998       1.91227996    
   2.27999997       1.91978395    
   2.28999996       1.92723906    
   2.29999995       1.93465316    
   2.30999994       1.94202566    
   2.31999993       1.94935632    
   2.32999992       1.95665133    
   2.33999991       1.96391058    
   2.34999990       1.97113609    
   2.35999990       1.97833061    
   2.36999989       1.98549557    
   2.37999988       1.99263179    
   2.38999987       1.99974072    
   2.39999986       2.00682235    
   2.40999985       2.01388097    
   2.41999984       2.02091503    
   2.42999983       2.02792931    
   2.44000006       2.03491879    
   2.45000005       2.04188800    
   2.46000004       2.04884028    
   2.47000003       2.05577087    
   2.48000002       2.06268787    
   2.49000001       2.06958461    
   2.50000000       2.07646513    
   2.50999999       2.08332825    
   2.51999998       2.09017801    
   2.52999997       2.09701252    
   2.53999996       2.10383320    
   2.54999995       2.11064076    
   2.55999994       2.11743379    
   2.56999993       2.12421632    
   2.57999992       2.13098526    
   2.58999991       2.13774276    
   2.59999990       2.14449191    
   2.60999990       2.15122509    
   2.61999989       2.15795040    
   2.62999988       2.16466594    
   2.63999987       2.17137241    
   2.64999986       2.17806935    
   2.65999985       2.18475413    
   2.66999984       2.19143295    
   2.67999983       2.19810295    
   2.69000006       2.20476270    
   2.70000005       2.21141768    
   2.71000004       2.21806240    
   2.72000003       2.22470284    
   2.73000002       2.23133183    
   2.74000001       2.23795557    
   2.75000000       2.24457002    
   2.75999999       2.25118279    
   2.76999998       2.25778556    
   2.77999997       2.26438212    
   2.78999996       2.27097631    
   2.79999995       2.27755880    
   2.80999994       2.28413916    
   2.81999993       2.29071283    
   2.82999992       2.29728007    
   2.83999991       2.30384398    
   2.84999990       2.31040287    
   2.85999990       2.31695628    
   2.86999989       2.32350254    
   2.87999988       2.33004856    
   2.88999987       2.33658457    
   2.89999986       2.34311700    
   2.90999985       2.34964919    
   2.91999984       2.35617423    
   2.92999983       2.36267328    
   2.93999982       2.36921167    
   2.95000005       2.37572384    
   2.96000004       2.38223290    
   2.97000003       2.38873601    
   2.98000002       2.39523911    
   2.99000001       2.40173697    
   3.00000000       2.40823126    
   3.00999999       2.41472054    
   3.01999998       2.42120767    
   3.02999997       2.42769170    
   3.03999996       2.43417311    
   3.04999995       2.44064856    
   3.05999994       2.44712353    
   3.06999993       2.45359612    
   3.07999992       2.46006250    
   3.08999991       2.46652794    
   3.09999990       2.47299099    
   3.10999990       2.47945023    
   3.11999989       2.48590565    
   3.12999988       2.49236059    
   3.13999987       2.49881220    
   3.14999986       2.50525951    
   3.15999985       2.51170349    
   3.16999984       2.51814747    
   3.17999983       2.52459002    
   3.18999982       2.53102827    
   3.19999981       2.53746367    
   3.21000004       2.54389715    
   3.22000003       2.55032969    
   3.23000002       2.55675626    
   3.24000001       2.56318498    
   3.25000000       2.56960940    
   3.25999999       2.57603288    
   3.26999998       2.58245325    
   3.27999997       2.58887076    
   3.28999996       2.59528899    
   3.29999995       2.60170388    
   3.30999994       2.60811377    
   3.31999993       2.61452460    
   3.32999992       2.62093377    
   3.33999991       2.62733960    
   3.34999990       2.63374496    
   3.35999990       2.64014745    
   3.36999989       2.64655018    
   3.37999988       2.65294981    
   3.38999987       2.65934849    
   3.39999986       2.66574311    
   3.40999985       2.67213821    
   3.41999984       2.67853022    
   3.42999983       2.68492222    
   3.43999982       2.69130921    
   3.44999981       2.69769931    
   3.46000004       2.70408297    
   3.47000003       2.71046972    
   3.48000002       2.71685290    
   3.49000001       2.72323370    
   3.50000000       2.72961712    
   3.50999999       2.73599339    
