   9.99999978E-03   5.48816344E-04
   1.99999996E-02   9.37756617E-04
   2.99999993E-02   1.35587715E-03
   3.99999991E-02   1.62826886E-03
   4.99999970E-02   1.95033476E-03
   5.99999987E-02   2.05555232E-03
   7.00000003E-02   2.38880073E-03
   7.99999982E-02   2.80175311E-03
   8.99999961E-02   3.09606665E-03
   9.99999940E-02   3.23394639E-03
  0.109999999       3.27415625E-03
  0.119999997       3.28279589E-03
  0.129999995       3.30298534E-03
  0.140000001       3.36090522E-03
  0.149999991       3.47253564E-03
  0.159999996       3.66083300E-03
  0.170000002       3.97000648E-03
  0.179999992       4.31837840E-03
  0.189999998       4.90464037E-03
  0.199999988       5.49476827E-03
  0.209999993       6.52625225E-03
  0.219999999       7.24800350E-03
  0.229999989       8.82680528E-03
  0.239999995       1.04796672E-02
  0.250000000       1.14936121E-02
  0.259999990       1.39828892E-02
  0.269999981       1.71645116E-02
  0.280000001       1.89801250E-02
  0.289999992       2.07268633E-02
  0.299999982       2.45254375E-02
  0.310000002       2.96985544E-02
  0.319999993       3.50088216E-02
  0.329999983       3.66121866E-02
  0.340000004       3.87542434E-02
  0.349999994       4.33832593E-02
  0.359999985       4.97718714E-02
  0.370000005       5.80331795E-02
  0.379999995       6.76421523E-02
  0.389999986       7.52346516E-02
  0.399999976       7.48956129E-02
  0.409999996       7.73459747E-02
  0.419999987       8.21524560E-02
  0.429999977       8.86188522E-02
  0.439999998       9.67941210E-02
  0.449999988      0.106910892    
  0.459999979      0.119250245    
  0.469999999      0.133889765    
  0.479999989      0.149884358    
  0.489999980      0.162729383    
  0.500000000      0.162150458    
  0.509999990      0.161912233    
  0.519999981      0.164979532    
  0.529999971      0.169677421    
  0.539999962      0.175644264    
  0.550000012      0.182783410    
  0.560000002      0.191109315    
  0.569999993      0.200705156    
  0.579999983      0.211705193    
  0.589999974      0.224289313    
  0.599999964      0.238682762    
  0.610000014      0.255137861    
  0.620000005      0.273896128    
  0.629999995      0.295060694    
  0.639999986      0.318240911    
  0.649999976      0.341508836    
  0.659999967      0.358515143    
  0.669999957      0.358225703    
  0.680000007      0.357696772    
  0.689999998      0.359321713    
  0.699999988      0.362194210    
  0.709999979      0.365966976    
  0.719999969      0.370464563    
  0.729999959      0.375588417    
  0.740000010      0.381277889    
  0.750000000      0.387500972    
  0.759999990      0.394239515    
  0.769999981      0.401484817    
  0.779999971      0.409249991    
  0.789999962      0.417536050    
  0.799999952      0.426363379    
  0.810000002      0.435755223    
  0.819999993      0.445741177    
  0.829999983      0.456354946    
  0.839999974      0.467637122    
  0.849999964      0.479633927    
  0.859999955      0.492390454    
  0.870000005      0.505990028    
  0.879999995      0.520473003    
  0.889999986      0.535921037    
  0.899999976      0.552411258    
  0.909999967      0.570026696    
  0.919999957      0.588845789    
  0.930000007      0.608942747    
  0.939999998      0.630364001    
  0.949999988      0.653102934    
  0.959999979      0.677036881    
  0.969999969      0.701812088    
  0.979999959      0.726597548    
  0.989999950      0.749549627    
   1.00000000      0.766525805    
   1.00999999      0.775661290    
   1.01999998      0.782784343    
   1.02999997      0.789119363    
   1.03999996      0.795071483    
   1.04999995      0.800826073    
   1.05999994      0.806482315    
   1.06999993      0.812100112    
   1.07999992      0.817714512    
   1.09000003      0.823346972    
   1.10000002      0.829013050    
   1.11000001      0.834721923    
   1.12000000      0.840481281    
   1.13000000      0.846294761    
   1.13999999      0.852165580    
   1.14999998      0.858097076    
   1.15999997      0.864089847    
   1.16999996      0.870145977    
   1.17999995      0.876265466    
   1.18999994      0.882449627    
   1.19999993      0.888698220    
   1.20999992      0.895013750    
   1.22000003      0.901393592    
   1.23000002      0.907840192    
   1.24000001      0.914354444    
   1.25000000      0.920934260    
   1.25999999      0.927581787    
   1.26999998      0.934299588    
   1.27999997      0.941084325    
   1.28999996      0.947937787    
   1.29999995      0.954862356    
   1.30999994      0.961856306    
   1.31999993      0.968921363    
   1.32999992      0.976058602    
   1.33999991      0.983268797    
   1.35000002      0.990550995    
   1.36000001      0.997908473    
   1.37000000       1.00534105    
   1.38000000       1.01284885    
   1.38999999       1.02043474    
   1.39999998       1.02809811    
   1.40999997       1.03583896    
   1.41999996       1.04366136    
   1.42999995       1.05156446    
   1.43999994       1.05954981    
   1.44999993       1.06761897    
   1.45999992       1.07577324    
   1.46999991       1.08401227    
   1.48000002       1.09233963    
   1.49000001       1.10075581    
   1.50000000       1.10926127    
   1.50999999       1.11785901    
   1.51999998       1.12654793    
   1.52999997       1.13533235    
   1.53999996       1.14421201    
   1.54999995       1.15318966    
   1.55999994       1.16226685    
   1.56999993       1.17144299    
   1.57999992       1.18072200    
   1.58999991       1.19010377    
   1.59999990       1.19959152    
   1.61000001       1.20918596    
   1.62000000       1.21888888    
   1.63000000       1.22870374    
   1.63999999       1.23862791    
   1.64999998       1.24866617    
   1.65999997       1.25882196    
   1.66999996       1.26909316    
   1.67999995       1.27948248    
   1.68999994       1.28999412    
   1.69999993       1.30062473    
   1.70999992       1.31138051    
   1.71999991       1.32225752    
   1.73000002       1.33326232    
   1.74000001       1.34439468    
   1.75000000       1.35565269    
   1.75999999       1.36704111    
   1.76999998       1.37855864    
   1.77999997       1.39020574    
   1.78999996       1.40198243    
   1.79999995       1.41388822    
   1.80999994       1.42592371    
   1.81999993       1.43808770    
   1.82999992       1.45037699    
   1.83999991       1.46279097    
   1.84999990       1.47532690    
   1.86000001       1.48797762    
   1.87000000       1.50074852    
   1.88000000       1.51362550    
   1.88999999       1.52660155    
   1.89999998       1.53967083    
   1.90999997       1.55282295    
   1.91999996       1.56604624    
   1.92999995       1.57932496    
   1.93999994       1.59264255    
   1.94999993       1.60597908    
   1.95999992       1.61931098    
   1.96999991       1.63260853    
   1.97999990       1.64583874    
   1.99000001       1.65896118    
   2.00000000       1.67192888    
   2.00999999       1.68447256    
   2.01999998       1.69641590    
   2.02999997       1.70784903    
   2.03999996       1.71884394    
   2.04999995       1.72946155    
   2.05999994       1.73974574    
   2.06999993       1.74973965    
   2.07999992       1.75947440    
   2.08999991       1.76897788    
   2.09999990       1.77827418    
   2.10999990       1.78738379    
   2.11999989       1.79632449    
   2.12999988       1.80511189    
   2.13999987       1.81375837    
   2.14999986       1.82227755    
   2.15999985       1.83068001    
   2.16999984       1.83897221    
   2.18000007       1.84716713    
   2.19000006       1.85526800    
   2.20000005       1.86328363    
   2.21000004       1.87121785    
   2.22000003       1.87908387    
   2.23000002       1.88687754    
   2.24000001       1.89460695    
   2.25000000       1.90227652    
   2.25999999       1.90988982    
   2.26999998       1.91744947    
   2.27999997       1.92496097    
   2.28999996       1.93242514    
   2.29999995       1.93984497    
   2.30999994       1.94722319    
   2.31999993       1.95456338    
   2.32999992       1.96186519    
   2.33999991       1.96913314    
   2.34999990       1.97636676    
   2.35999990       1.98356903    
   2.36999989       1.99074006    
   2.37999988       1.99788487    
   2.38999987       2.00500226    
   2.39999986       2.01209235    
   2.40999985       2.01915860    
   2.41999984       2.02620316    
   2.42999983       2.03322411    
   2.44000006       2.04022312    
   2.45000005       2.04720140    
   2.46000004       2.05415893    
   2.47000003       2.06109881    
   2.48000002       2.06802297    
   2.49000001       2.07492995    
   2.50000000       2.08181834    
   2.50999999       2.08869147    
   2.51999998       2.09554911    
   2.52999997       2.10239339    
   2.53999996       2.10922194    
   2.54999995       2.11603856    
   2.55999994       2.12284160    
   2.56999993       2.12963414    
   2.57999992       2.13641119    
   2.58999991       2.14317656    
   2.59999990       2.14993238    
   2.60999990       2.15667725    
   2.61999989       2.16341233    
   2.62999988       2.17013669    
   2.63999987       2.17684889    
   2.64999986       2.18355703    
   2.65999985       2.19025302    
   2.66999984       2.19693851    
   2.67999983       2.20361996    
   2.69000006       2.21028924    
   2.70000005       2.21695113    
   2.71000004       2.22360611    
   2.72000003       2.23025298    
   2.73000002       2.23689389    
   2.74000001       2.24352694    
   2.75000000       2.25015259    
   2.75999999       2.25677156    
   2.76999998       2.26338315    
   2.77999997       2.26999092    
   2.78999996       2.27659321    
   2.79999995       2.28318357    
   2.80999994       2.28977656    
   2.81999993       2.29635763    
   2.82999992       2.30293775    
   2.83999991       2.30950761    
   2.84999990       2.31607795    
   2.85999990       2.32263851    
   2.86999989       2.32919502    
   2.87999988       2.33574843    
   2.88999987       2.34229684    
   2.89999986       2.34883976    
   2.90999985       2.35537863    
   2.91999984       2.36191463    
   2.92999983       2.36842084    
   2.93999982       2.37497020    
   2.95000005       2.38149309    
   2.96000004       2.38801289    
   2.97000003       2.39452434    
   2.98000002       2.40103698    
   2.99000001       2.40754199    
   3.00000000       2.41404653    
   3.00999999       2.42054558    
   3.01999998       2.42704177    
   3.02999997       2.43353772    
   3.03999996       2.44002628    
   3.04999995       2.44651270    
   3.05999994       2.45299816    
   3.06999993       2.45947838    
   3.07999992       2.46595550    
   3.08999991       2.47242975    
   3.09999990       2.47890234    
   3.10999990       2.48537064    
   3.11999989       2.49183512    
   3.12999988       2.49829841    
   3.13999987       2.50476170    
   3.14999986       2.51121974    
   3.15999985       2.51767468    
   3.16999984       2.52412510    
   3.17999983       2.53057909    
   3.18999982       2.53702617    
   3.19999981       2.54347205    
   3.21000004       2.54991674    
   3.22000003       2.55635762    
   3.23000002       2.56279540    
   3.24000001       2.56923151    
   3.25000000       2.57566690    
   3.25999999       2.58210135    
   3.26999998       2.58852935    
   3.27999997       2.59495831    
   3.28999996       2.60138369    
   3.29999995       2.60780954    
   3.30999994       2.61423159    
   3.31999993       2.62065101    
   3.32999992       2.62706852    
   3.33999991       2.63348556    
   3.34999990       2.63989830    
   3.35999990       2.64631248    
   3.36999989       2.65272307    
   3.37999988       2.65913248    
   3.38999987       2.66553807    
   3.39999986       2.67194557    
   3.40999985       2.67834997    
   3.41999984       2.68475318    
   3.42999983       2.69115376    
   3.43999982       2.69755292    
   3.44999981       2.70395112    
   3.46000004       2.71034789    
   3.47000003       2.71674299    
   3.48000002       2.72313476    
   3.49000001       2.72952652    
   3.50000000       2.73591661    
   3.50999999       2.74230552    
