   9.99999978E-03   5.50336903E-04
   1.99999996E-02   9.53501090E-04
   2.99999993E-02   1.36406382E-03
   3.99999991E-02   1.62540667E-03
   4.99999970E-02   1.99035811E-03
   5.99999987E-02   2.08081026E-03
   7.00000003E-02   2.38548731E-03
   7.99999982E-02   2.80235498E-03
   8.99999961E-02   3.12442123E-03
   9.99999940E-02   3.28841619E-03
  0.109999999       3.34501453E-03
  0.119999997       3.36105702E-03
  0.129999995       3.38748586E-03
  0.140000001       3.45576345E-03
  0.149999991       3.58562102E-03
  0.159999996       3.80707951E-03
  0.170000002       4.17641830E-03
  0.179999992       4.59433394E-03
  0.189999998       5.28736738E-03
  0.199999988       6.00615051E-03
  0.209999993       7.22397631E-03
  0.219999999       8.08164850E-03
  0.229999989       9.97855421E-03
  0.239999995       1.18619408E-02
  0.250000000       1.30820600E-02
  0.259999990       1.60353109E-02
  0.269999981       1.96743514E-02
  0.280000001       2.16561668E-02
  0.289999992       2.37665344E-02
  0.299999982       2.81904247E-02
  0.310000002       3.40841748E-02
  0.319999993       3.99020985E-02
  0.329999983       4.15820219E-02
  0.340000004       4.41381186E-02
  0.349999994       4.94383201E-02
  0.359999985       5.66726811E-02
  0.370000005       6.58945888E-02
  0.379999995       7.63623044E-02
  0.389999986       8.42825323E-02
  0.399999976       8.39096382E-02
  0.409999996       8.67509991E-02
  0.419999987       9.21446159E-02
  0.429999977       9.93491560E-02
  0.439999998      0.108404845    
  0.449999988      0.119533278    
  0.459999979      0.132979736    
  0.469999999      0.148717225    
  0.479999989      0.165556625    
  0.489999980      0.178619951    
  0.500000000      0.177906170    
  0.509999990      0.177872568    
  0.519999981      0.181289658    
  0.529999971      0.186438650    
  0.539999962      0.192941263    
  0.550000012      0.200694308    
  0.560000002      0.209709391    
  0.569999993      0.220069334    
  0.579999983      0.231905058    
  0.589999974      0.245393738    
  0.599999964      0.260750026    
  0.610000014      0.278206021    
  0.620000005      0.297959983    
  0.629999995      0.320037961    
  0.639999986      0.343910873    
  0.649999976      0.367458731    
  0.659999967      0.384273678    
  0.669999957      0.384107590    
  0.680000007      0.383827895    
  0.689999998      0.385707051    
  0.699999988      0.388855189    
  0.709999979      0.392927110    
  0.719999969      0.397746801    
  0.729999959      0.403214067    
  0.740000010      0.409269065    
  0.750000000      0.415877730    
  0.759999990      0.423021227    
  0.769999981      0.430694371    
  0.779999971      0.438899159    
  0.789999962      0.447646201    
  0.799999952      0.456952512    
  0.810000002      0.466840267    
  0.819999993      0.477338046    
  0.829999983      0.488480240    
  0.839999974      0.500304997    
  0.849999964      0.512857020    
  0.859999955      0.526187181    
  0.870000005      0.540351748    
  0.879999995      0.555412471    
  0.889999986      0.571436644    
  0.899999976      0.588494241    
  0.909999967      0.606658757    
  0.919999957      0.625997901    
  0.930000007      0.646568298    
  0.939999998      0.668395042    
  0.949999988      0.691442728    
  0.959999979      0.715557456    
  0.969999969      0.740347683    
  0.979999959      0.764962077    
  0.989999950      0.787589252    
   1.00000000      0.804352343    
   1.00999999      0.813670158    
   1.01999998      0.821042776    
   1.02999997      0.827638388    
   1.03999996      0.833851337    
   1.04999995      0.839864552    
   1.05999994      0.845777810    
   1.06999993      0.851648211    
   1.07999992      0.857513547    
   1.09000003      0.863395035    
   1.10000002      0.869308710    
   1.11000001      0.875264287    
   1.12000000      0.881268740    
   1.13000000      0.887326658    
   1.13999999      0.893442154    
   1.14999998      0.899617553    
   1.15999997      0.905854583    
   1.16999996      0.912154317    
   1.17999995      0.918517113    
   1.18999994      0.924945056    
   1.19999993      0.931437612    
   1.20999992      0.937996626    
   1.22000003      0.944621563    
   1.23000002      0.951312542    
   1.24000001      0.958071291    
   1.25000000      0.964896858    
   1.25999999      0.971789837    
   1.26999998      0.978754759    
   1.27999997      0.985784352    
   1.28999996      0.992885053    
   1.29999995       1.00005555    
   1.30999994       1.00729609    
   1.31999993       1.01461017    
   1.32999992       1.02199447    
   1.33999991       1.02945173    
   1.35000002       1.03698242    
   1.36000001       1.04458797    
   1.37000000       1.05226862    
   1.38000000       1.06002510    
   1.38999999       1.06785738    
   1.39999998       1.07577002    
   1.40999997       1.08375990    
   1.41999996       1.09182858    
   1.42999995       1.09998000    
   1.43999994       1.10821271    
   1.44999993       1.11652911    
   1.45999992       1.12492931    
   1.46999991       1.13341522    
   1.48000002       1.14198828    
   1.49000001       1.15064895    
   1.50000000       1.15939784    
   1.50999999       1.16823852    
   1.51999998       1.17717123    
   1.52999997       1.18619621    
   1.53999996       1.19531536    
   1.54999995       1.20453274    
   1.55999994       1.21384561    
   1.56999993       1.22325742    
   1.57999992       1.23277080    
   1.58999991       1.24238443    
   1.59999990       1.25210142    
   1.61000001       1.26192415    
   1.62000000       1.27185345    
   1.63000000       1.28189003    
   1.63999999       1.29203475    
   1.64999998       1.30229127    
   1.65999997       1.31265926    
   1.66999996       1.32314074    
   1.67999995       1.33373630    
   1.68999994       1.34444797    
   1.69999993       1.35527861    
   1.70999992       1.36622620    
   1.71999991       1.37729263    
   1.73000002       1.38848078    
   1.74000001       1.39979064    
   1.75000000       1.41122043    
   1.75999999       1.42277431    
   1.76999998       1.43444955    
   1.77999997       1.44624734    
   1.78999996       1.45816875    
   1.79999995       1.47021091    
   1.80999994       1.48237443    
   1.81999993       1.49465704    
   1.82999992       1.50705612    
   1.83999991       1.51957071    
   1.84999990       1.53219628    
   1.86000001       1.54492974    
   1.87000000       1.55776453    
   1.88000000       1.57069635    
   1.88999999       1.58371699    
   1.89999998       1.59681606    
   1.90999997       1.60998821    
   1.91999996       1.62321627    
   1.92999995       1.63648665    
   1.93999994       1.64978528    
   1.94999993       1.66308892    
   1.95999992       1.67637289    
   1.96999991       1.68961394    
   1.97999990       1.70277572    
   1.99000001       1.71582067    
   2.00000000       1.72870564    
   2.00999999       1.74116755    
   2.01999998       1.75304317    
   2.02999997       1.76442337    
   2.03999996       1.77538085    
   2.04999995       1.78597271    
   2.05999994       1.79624236    
   2.06999993       1.80623043    
   2.07999992       1.81596947    
   2.08999991       1.82548702    
   2.09999990       1.83480251    
   2.10999990       1.84393799    
   2.11999989       1.85290921    
   2.12999988       1.86173260    
   2.13999987       1.87042105    
   2.14999986       1.87898397    
   2.15999985       1.88743639    
   2.16999984       1.89578176    
   2.18000007       1.90403318    
   2.19000006       1.91219223    
   2.20000005       1.92026961    
   2.21000004       1.92826748    
   2.22000003       1.93619967    
   2.23000002       1.94406140    
   2.24000001       1.95186222    
   2.25000000       1.95960498    
   2.25999999       1.96729159    
   2.26999998       1.97492790    
   2.27999997       1.98251605    
   2.28999996       1.99005830    
   2.29999995       1.99755859    
   2.30999994       2.00501990    
   2.31999993       2.01244068    
   2.32999992       2.01982570    
   2.33999991       2.02717829    
   2.34999990       2.03449702    
   2.35999990       2.04178643    
   2.36999989       2.04904461    
   2.37999988       2.05627728    
   2.38999987       2.06348252    
   2.39999986       2.07066345    
   2.40999985       2.07781887    
   2.41999984       2.08494925    
   2.42999983       2.09206581    
   2.44000006       2.09915686    
   2.45000005       2.10622811    
   2.46000004       2.11328125    
   2.47000003       2.12031555    
   2.48000002       2.12733269    
   2.49000001       2.13433051    
   2.50000000       2.14131856    
   2.50999999       2.14828444    
   2.51999998       2.15523791    
   2.52999997       2.16217828    
   2.53999996       2.16910505    
   2.54999995       2.17601871    
   2.55999994       2.18291950    
   2.56999993       2.18980503    
   2.57999992       2.19668102    
   2.58999991       2.20354795    
   2.59999990       2.21040154    
   2.60999990       2.21724629    
   2.61999989       2.22407937    
   2.62999988       2.23090506    
   2.63999987       2.23771906    
   2.64999986       2.24452353    
   2.65999985       2.25131869    
   2.66999984       2.25810719    
   2.67999983       2.26488709    
   2.69000006       2.27165580    
   2.70000005       2.27841926    
   2.71000004       2.28517890    
   2.72000003       2.29192567    
   2.73000002       2.29866624    
   2.74000001       2.30539989    
   2.75000000       2.31212735    
   2.75999999       2.31885242    
   2.76999998       2.32556581    
   2.77999997       2.33227491    
   2.78999996       2.33897877    
   2.79999995       2.34567642    
   2.80999994       2.35236859    
   2.81999993       2.35905337    
   2.82999992       2.36573339    
   2.83999991       2.37240863    
   2.84999990       2.37908196    
   2.85999990       2.38574719    
   2.86999989       2.39240789    
   2.87999988       2.39906454    
   2.88999987       2.40571666    
   2.89999986       2.41236353    
   2.90999985       2.41900754    
   2.91999984       2.42564535    
   2.92999983       2.43228102    
   2.93999982       2.43891048    
   2.95000005       2.44553638    
   2.96000004       2.45216155    
   2.97000003       2.45878077    
   2.98000002       2.46539640    
   2.99000001       2.47200704    
   3.00000000       2.47861648    
   3.00999999       2.48522234    
   3.01999998       2.49182439    
   3.02999997       2.49842119    
   3.03999996       2.50501990    
   3.04999995       2.51160908    
   3.05999994       2.51819801    
   3.06999993       2.52478600    
   3.07999992       2.53136826    
   3.08999991       2.53794837    
   3.09999990       2.54452491    
   3.10999990       2.55110192    
   3.11999989       2.55767417    
   3.12999988       2.56424236    
   3.13999987       2.57080722    
   3.14999986       2.57737494    
   3.15999985       2.58393526    
   3.16999984       2.59049344    
   3.17999983       2.59705114    
   3.18999982       2.60360575    
   3.19999981       2.61015797    
   3.21000004       2.61670804    
   3.22000003       2.62325454    
   3.23000002       2.62979960    
   3.24000001       2.63634634    
   3.25000000       2.64288640    
   3.25999999       2.64942360    
   3.26999998       2.65595865    
   3.27999997       2.66249704    
   3.28999996       2.66902924    
   3.29999995       2.67556143    
   3.30999994       2.68208933    
   3.31999993       2.68861532    
   3.32999992       2.69514251    
   3.33999991       2.70166659    
   3.34999990       2.70818901    
   3.35999990       2.71470714    
   3.36999989       2.72122431    
   3.37999988       2.72774410    
   3.38999987       2.73425579    
   3.39999986       2.74077058    
   3.40999985       2.74728107    
   3.41999984       2.75379252    
   3.42999983       2.76029992    
   3.43999982       2.76680565    
   3.44999981       2.77331209    
   3.46000004       2.77981520    
   3.47000003       2.78631663    
   3.48000002       2.79281735    
   3.49000001       2.79931688    
   3.50000000       2.80581403    
   3.50999999       2.81231380    
