   9.99999978E-03   5.50248020E-04
   1.99999996E-02   9.44318366E-04
   2.99999993E-02   1.36025541E-03
   3.99999991E-02   1.62680005E-03
   4.99999970E-02   1.96884223E-03
   5.99999987E-02   2.06672680E-03
   7.00000003E-02   2.38716276E-03
   7.99999982E-02   2.80239643E-03
   8.99999961E-02   3.10958643E-03
   9.99999940E-02   3.25939339E-03
  0.109999999       3.30624683E-03
  0.119999997       3.31797684E-03
  0.129999995       3.34044965E-03
  0.140000001       3.40224430E-03
  0.149999991       3.52119328E-03
  0.159999996       3.72259831E-03
  0.170000002       4.05778876E-03
  0.179999992       4.43627592E-03
  0.189999998       5.06760506E-03
  0.199999988       5.71229588E-03
  0.209999993       6.82483101E-03
  0.219999999       7.60462042E-03
  0.229999989       9.32125468E-03
  0.239999995       1.10758506E-02
  0.250000000       1.21781370E-02
  0.259999990       1.48697020E-02
  0.269999981       1.82534251E-02
  0.280000001       2.01427266E-02
  0.289999992       2.20469944E-02
  0.299999982       2.61197016E-02
  0.310000002       3.16117778E-02
  0.319999993       3.71497199E-02
  0.329999983       3.87869999E-02
  0.340000004       4.11098003E-02
  0.349999994       4.60345037E-02
  0.359999985       5.27965203E-02
  0.370000005       6.14866279E-02
  0.379999995       7.14824051E-02
  0.389999986       7.92266056E-02
  0.399999976       7.88686499E-02
  0.409999996       8.14912915E-02
  0.419999987       8.65579098E-02
  0.429999977       9.33521241E-02
  0.439999998      0.101919480    
  0.449999988      0.112488441    
  0.459999979      0.125324756    
  0.469999999      0.140460610    
  0.479999989      0.156841666    
  0.489999980      0.169790506    
  0.500000000      0.169147208    
  0.509999990      0.168998167    
  0.519999981      0.172221020    
  0.529999971      0.177120045    
  0.539999962      0.183326244    
  0.550000012      0.190740317    
  0.560000002      0.199374989    
  0.569999993      0.209313825    
  0.579999983      0.220689520    
  0.589999974      0.233681470    
  0.599999964      0.248509824    
  0.610000014      0.265418857    
  0.620000005      0.284630358    
  0.629999995      0.306214124    
  0.639999986      0.329715163    
  0.649999976      0.353117794    
  0.659999967      0.370039076    
  0.669999957      0.369801283    
  0.680000007      0.369382739    
  0.689999998      0.371120781    
  0.699999988      0.374115884    
  0.709999979      0.378022909    
  0.719999969      0.382665306    
  0.729999959      0.387943327    
  0.740000010      0.393797129    
  0.750000000      0.400193483    
  0.759999990      0.407114565    
  0.769999981      0.414554536    
  0.779999971      0.422516108    
  0.789999962      0.431010634    
  0.799999952      0.440054327    
  0.810000002      0.449670225    
  0.819999993      0.459888101    
  0.829999983      0.470741093    
  0.839999974      0.482269675    
  0.849999964      0.494518548    
  0.859999955      0.507540643    
  0.870000005      0.521392465    
  0.879999995      0.536139429    
  0.889999986      0.551850736    
  0.899999976      0.568601251    
  0.909999967      0.586468339    
  0.919999957      0.605527043    
  0.930000007      0.625843585    
  0.939999998      0.647453845    
  0.949999988      0.670338631    
  0.959999979      0.694360316    
  0.969999969      0.719147921    
  0.979999959      0.743859529    
  0.989999950      0.766665697    
   1.00000000      0.783543587    
   1.00999999      0.792762041    
   1.01999998      0.799998999    
   1.02999997      0.806453407    
   1.03999996      0.812523067    
   1.04999995      0.818395317    
   1.05999994      0.824167967    
   1.06999993      0.829899907    
   1.07999992      0.835628152    
   1.09000003      0.841373861    
   1.10000002      0.847150683    
   1.11000001      0.852971911    
   1.12000000      0.858842075    
   1.13000000      0.864766002    
   1.13999999      0.870747745    
   1.14999998      0.876789391    
   1.15999997      0.882893026    
   1.16999996      0.889059186    
   1.17999995      0.895288765    
   1.18999994      0.901583731    
   1.19999993      0.907943249    
   1.20999992      0.914368272    
   1.22000003      0.920859277    
   1.23000002      0.927416801    
   1.24000001      0.934041381    
   1.25000000      0.940733314    
   1.25999999      0.947491050    
   1.26999998      0.954319775    
   1.27999997      0.961216927    
   1.28999996      0.968182862    
   1.29999995      0.975218892    
   1.30999994      0.982325077    
   1.31999993      0.989502788    
   1.32999992      0.996751785    
   1.33999991       1.00407434    
   1.35000002       1.01146960    
   1.36000001       1.01893926    
   1.37000000       1.02648509    
   1.38000000       1.03410566    
   1.38999999       1.04180300    
   1.39999998       1.04957795    
   1.40999997       1.05743337    
   1.41999996       1.06536853    
   1.42999995       1.07338428    
   1.43999994       1.08148205    
   1.44999993       1.08966422    
   1.45999992       1.09792972    
   1.46999991       1.10628128    
   1.48000002       1.11471915    
   1.49000001       1.12324667    
   1.50000000       1.13186312    
   1.50999999       1.14057219    
   1.51999998       1.14937198    
   1.52999997       1.15826690    
   1.53999996       1.16725671    
   1.54999995       1.17634284    
   1.55999994       1.18552661    
   1.56999993       1.19481122    
   1.57999992       1.20419621    
   1.58999991       1.21368527    
   1.59999990       1.22327745    
   1.61000001       1.23297620    
   1.62000000       1.24278271    
   1.63000000       1.25269806    
   1.63999999       1.26272416    
   1.64999998       1.27286255    
   1.65999997       1.28311491    
   1.66999996       1.29348254    
   1.67999995       1.30396712    
   1.68999994       1.31457019    
   1.69999993       1.32529092    
   1.70999992       1.33613586    
   1.71999991       1.34710181    
   1.73000002       1.35819006    
   1.74000001       1.36940408    
   1.75000000       1.38074160    
   1.75999999       1.39220476    
   1.76999998       1.40379620    
   1.77999997       1.41551197    
   1.78999996       1.42735636    
   1.79999995       1.43932617    
   1.80999994       1.45142043    
   1.81999993       1.46363795    
   1.82999992       1.47598040    
   1.83999991       1.48844087    
   1.84999990       1.50101936    
   1.86000001       1.51371121    
   1.87000000       1.52651060    
   1.88000000       1.53941226    
   1.88999999       1.55240977    
   1.89999998       1.56549525    
   1.90999997       1.57865751    
   1.91999996       1.59188390    
   1.92999995       1.60515976    
   1.93999994       1.61846900    
   1.94999993       1.63179123    
   1.95999992       1.64510322    
   1.96999991       1.65837467    
   1.97999990       1.67157328    
   1.99000001       1.68466246    
   2.00000000       1.69759214    
   2.00999999       1.71009874    
   2.01999998       1.72201157    
   2.02999997       1.73342121    
   2.03999996       1.74439836    
   2.04999995       1.75500512    
   2.05999994       1.76528251    
   2.06999993       1.77527463    
   2.07999992       1.78501141    
   2.08999991       1.79452062    
   2.09999990       1.80382645    
   2.10999990       1.81294763    
   2.11999989       1.82190228    
   2.12999988       1.83070505    
   2.13999987       1.83937073    
   2.14999986       1.84791148    
   2.15999985       1.85633564    
   2.16999984       1.86465287    
   2.18000007       1.87287295    
   2.19000006       1.88100076    
   2.20000005       1.88904428    
   2.21000004       1.89700758    
   2.22000003       1.90490413    
   2.23000002       1.91272998    
   2.24000001       1.92049146    
   2.25000000       1.92819381    
   2.25999999       1.93583989    
   2.26999998       1.94343555    
   2.27999997       1.95098102    
   2.28999996       1.95848036    
   2.29999995       1.96593809    
   2.30999994       1.97335339    
   2.31999993       1.98072982    
   2.32999992       1.98806953    
   2.33999991       1.99537683    
   2.34999990       2.00264907    
   2.35999990       2.00989032    
   2.36999989       2.01710153    
   2.37999988       2.02428651    
   2.38999987       2.03144383    
   2.39999986       2.03857493    
   2.40999985       2.04568243    
   2.41999984       2.05276704    
   2.42999983       2.05982852    
   2.44000006       2.06687164    
   2.45000005       2.07389259    
   2.46000004       2.08089256    
   2.47000003       2.08787656    
   2.48000002       2.09484148    
   2.49000001       2.10179138    
   2.50000000       2.10872340    
   2.50999999       2.11564183    
   2.51999998       2.12254190    
   2.52999997       2.12942910    
   2.53999996       2.13630271    
   2.54999995       2.14316392    
   2.55999994       2.15001035    
   2.56999993       2.15684533    
   2.57999992       2.16366673    
   2.58999991       2.17047954    
   2.59999990       2.17728043    
   2.60999990       2.18406987    
   2.61999989       2.19069004    
   2.62999988       2.19761848    
   2.63999987       2.20437789    
   2.64999986       2.21112895    
   2.65999985       2.21787286    
   2.66999984       2.22460532    
   2.67999983       2.23132706    
   2.69000006       2.23804522    
   2.70000005       2.24475336    
   2.71000004       2.25145531    
   2.72000003       2.25814772    
   2.73000002       2.26483417    
   2.74000001       2.27151322    
   2.75000000       2.27818441    
   2.75999999       2.28485036    
   2.76999998       2.29151130    
   2.77999997       2.29816341    
   2.78999996       2.30481172    
   2.79999995       2.31145072    
   2.80999994       2.31808710    
   2.81999993       2.32471871    
   2.82999992       2.33134198    
   2.83999991       2.33796191    
   2.84999990       2.34457850    
   2.85999990       2.35118484    
   2.86999989       2.35779214    
   2.87999988       2.36439109    
   2.88999987       2.37098551    
   2.89999986       2.37757659    
   2.90999985       2.38416243    
   2.91999984       2.39074588    
   2.92999983       2.39732313    
   2.93999982       2.40389585    
   2.95000005       2.41046715    
   2.96000004       2.41703320    
   2.97000003       2.42359519    
   2.98000002       2.43015265    
   2.99000001       2.43670797    
   3.00000000       2.44325995    
   3.00999999       2.44980717    
   3.01999998       2.45635200    
   3.02999997       2.46289253    
   3.03999996       2.46943116    
   3.04999995       2.47596550    
   3.05999994       2.48249650    
   3.06999993       2.48902822    
   3.07999992       2.49554992    
   3.08999991       2.50207615    
   3.09999990       2.50859404    
   3.10999990       2.51511073    
   3.11999989       2.52162576    
   3.12999988       2.52813816    
   3.13999987       2.53464532    
   3.14999986       2.54115033    
   3.15999985       2.54765630    
   3.16999984       2.55415654    
   3.17999983       2.56065774    
   3.18999982       2.56715178    
   3.19999981       2.57364821    
   3.21000004       2.58013701    
   3.22000003       2.58662772    
   3.23000002       2.59311342    
   3.24000001       2.59960222    
   3.25000000       2.60608459    
   3.25999999       2.61256480    
   3.26999998       2.61904407    
   3.27999997       2.62552047    
   3.28999996       2.63199806    
   3.29999995       2.63846779    
   3.30999994       2.64493847    
   3.31999993       2.65140891    
   3.32999992       2.65787387    
   3.33999991       2.66433930    
   3.34999990       2.67080450    
   3.35999990       2.67726588    
   3.36999989       2.68372536    
   3.37999988       2.69018292    
   3.38999987       2.69663596    
   3.39999986       2.70309472    
   3.40999985       2.70954561    
   3.41999984       2.71599793    
   3.42999983       2.72244978    
   3.43999982       2.72889543    
   3.44999981       2.73534250    
   3.46000004       2.74178743    
   3.47000003       2.74823093    
   3.48000002       2.75467324    
   3.49000001       2.76111317    
   3.50000000       2.76755381    
   3.50999999       2.77398896    
