   9.99999978E-03   5.50667522E-04
   1.99999996E-02   9.71451227E-04
   2.99999993E-02   1.36577885E-03
   3.99999991E-02   1.62547803E-03
   4.99999970E-02   2.02395511E-03
   5.99999987E-02   2.10782140E-03
   7.00000003E-02   2.38447520E-03
   7.99999982E-02   2.79982714E-03
   8.99999961E-02   3.14523256E-03
   9.99999940E-02   3.33502539E-03
  0.109999999       3.40904109E-03
  0.119999997       3.43565131E-03
  0.129999995       3.47216241E-03
  0.140000001       3.55581380E-03
  0.149999991       3.71039496E-03
  0.159999996       3.96945421E-03
  0.170000002       4.41213790E-03
  0.179999992       4.91212262E-03
  0.189999998       5.72148059E-03
  0.199999988       6.58765947E-03
  0.209999993       8.00231285E-03
  0.219999999       9.01244581E-03
  0.229999989       1.12488251E-02
  0.239999995       1.33640887E-02
  0.250000000       1.48128616E-02
  0.259999990       1.82526466E-02
  0.269999981       2.23469716E-02
  0.280000001       2.44950838E-02
  0.289999992       2.69940514E-02
  0.299999982       3.20600569E-02
  0.310000002       3.86698134E-02
  0.319999993       4.49637733E-02
  0.329999983       4.67275456E-02
  0.340000004       4.97153550E-02
  0.349999994       5.56937940E-02
  0.359999985       6.37711361E-02
  0.370000005       7.39252567E-02
  0.379999995       8.51963833E-02
  0.389999986       9.34012830E-02
  0.399999976       9.30171534E-02
  0.409999996       9.62546468E-02
  0.419999987      0.102230661    
  0.429999977      0.110160865    
  0.439999998      0.120073400    
  0.449999988      0.132175460    
  0.459999979      0.146669999    
  0.469999999      0.163422033    
  0.479999989      0.181008339    
  0.489999980      0.194240540    
  0.500000000      0.193427131    
  0.509999990      0.193605781    
  0.519999981      0.197367147    
  0.529999971      0.202953681    
  0.539999962      0.209972769    
  0.550000012      0.218306825    
  0.560000002      0.227986515    
  0.569999993      0.239069596    
  0.579999983      0.251693606    
  0.589999974      0.266027451    
  0.599999964      0.282275766    
  0.610000014      0.300647587    
  0.620000005      0.321298093    
  0.629999995      0.344178200    
  0.639999986      0.368634135    
  0.649999976      0.392385751    
  0.659999967      0.409016401    
  0.669999957      0.408990443    
  0.680000007      0.408958763    
  0.689999998      0.411086828    
  0.699999988      0.414501160    
  0.709999979      0.418859601    
  0.719999969      0.423986077    
  0.729999959      0.429779023    
  0.740000010      0.436178744    
  0.750000000      0.443149269    
  0.759999990      0.450672805    
  0.769999981      0.458741814    
  0.779999971      0.467359126    
  0.789999962      0.476534814    
  0.799999952      0.486284465    
  0.810000002      0.496630549    
  0.819999993      0.507600546    
  0.829999983      0.519226789    
  0.839999974      0.531546474    
  0.849999964      0.544604361    
  0.859999955      0.558447838    
  0.870000005      0.573129475    
  0.879999995      0.588707268    
  0.889999986      0.605243564    
  0.899999976      0.622801900    
  0.909999967      0.641446531    
  0.919999957      0.661225438    
  0.930000007      0.682203829    
  0.939999998      0.704363465    
  0.949999988      0.727654934    
  0.959999979      0.751893461    
  0.969999969      0.776661932    
  0.979999959      0.801091373    
  0.989999950      0.823417187    
   1.00000000      0.839991748    
   1.00999999      0.849473596    
   1.01999998      0.857070565    
   1.02999997      0.863902688    
   1.03999996      0.870353222    
   1.04999995      0.876603723    
   1.05999994      0.882751644    
   1.06999993      0.888855994    
   1.07999992      0.894952595    
   1.09000003      0.901063919    
   1.10000002      0.907205284    
   1.11000001      0.913388312    
   1.12000000      0.919618964    
   1.13000000      0.925903320    
   1.13999999      0.932243764    
   1.14999998      0.938643634    
   1.15999997      0.945104897    
   1.16999996      0.951629281    
   1.17999995      0.958217084    
   1.18999994      0.964869261    
   1.19999993      0.971587360    
   1.20999992      0.978370488    
   1.22000003      0.985219777    
   1.23000002      0.992135823    
   1.24000001      0.999119401    
   1.25000000       1.00617087    
   1.25999999       1.01328886    
   1.26999998       1.02047694    
   1.27999997       1.02773476    
   1.28999996       1.03506148    
   1.29999995       1.04245770    
   1.30999994       1.04992497    
   1.31999993       1.05746388    
   1.32999992       1.06507528    
   1.33999991       1.07275867    
   1.35000002       1.08051515    
   1.36000001       1.08834755    
   1.37000000       1.09625363    
   1.38000000       1.10423648    
   1.38999999       1.11229455    
   1.39999998       1.12043190    
   1.40999997       1.12864721    
   1.41999996       1.13694274    
   1.42999995       1.14531803    
   1.43999994       1.15377438    
   1.44999993       1.16231453    
   1.45999992       1.17093921    
   1.46999991       1.17964673    
   1.48000002       1.18844163    
   1.49000001       1.19732380    
   1.50000000       1.20629346    
   1.50999999       1.21535242    
   1.51999998       1.22450209    
   1.52999997       1.23374403    
   1.53999996       1.24308002    
   1.54999995       1.25250947    
   1.55999994       1.26203585    
   1.56999993       1.27165937    
   1.57999992       1.28138006    
   1.58999991       1.29120147    
   1.59999990       1.30112422    
   1.61000001       1.31114948    
   1.62000000       1.32127774    
   1.63000000       1.33151102    
   1.63999999       1.34185195    
   1.64999998       1.35229957    
   1.65999997       1.36285520    
   1.66999996       1.37352085    
   1.67999995       1.38429916    
   1.68999994       1.39518785    
   1.69999993       1.40619159    
   1.70999992       1.41730845    
   1.71999991       1.42853940    
   1.73000002       1.43988681    
   1.74000001       1.45134902    
   1.75000000       1.46292806    
   1.75999999       1.47462463    
   1.76999998       1.48643684    
   1.77999997       1.49836481    
   1.78999996       1.51040614    
   1.79999995       1.52256656    
   1.80999994       1.53483510    
   1.81999993       1.54721856    
   1.82999992       1.55970740    
   1.83999991       1.57230377    
   1.84999990       1.58500254    
   1.86000001       1.59779775    
   1.87000000       1.61068630    
   1.88000000       1.62365997    
   1.88999999       1.63671219    
   1.89999998       1.64983332    
   1.90999997       1.66301239    
   1.91999996       1.67623937    
   1.92999995       1.68949735    
   1.93999994       1.70276916    
   1.94999993       1.71603549    
   1.95999992       1.72927487    
   1.96999991       1.74245739    
   1.97999990       1.75555491    
   1.99000001       1.76852834    
   2.00000000       1.78133440    
   2.00999999       1.79372263    
   2.01999998       1.80553722    
   2.02999997       1.81686938    
   2.03999996       1.82779121    
   2.04999995       1.83835924    
   2.05999994       1.84861517    
   2.06999993       1.85859871    
   2.07999992       1.86834192    
   2.08999991       1.87786806    
   2.09999990       1.88720071    
   2.10999990       1.89635801    
   2.11999989       1.90535891    
   2.12999988       1.91421533    
   2.13999987       1.92294037    
   2.14999986       1.93154192    
   2.15999985       1.94003773    
   2.16999984       1.94843197    
   2.18000007       1.95673108    
   2.19000006       1.96494329    
   2.20000005       1.97307682    
   2.21000004       1.98113143    
   2.22000003       1.98912346    
   2.23000002       1.99704838    
   2.24000001       2.00491190    
   2.25000000       2.01271987    
   2.25999999       2.02047420    
   2.26999998       2.02817702    
   2.27999997       2.03583479    
   2.28999996       2.04344773    
   2.29999995       2.05102062    
   2.30999994       2.05855417    
   2.31999993       2.06605029    
   2.32999992       2.07350922    
   2.33999991       2.08093810    
   2.34999990       2.08833623    
   2.35999990       2.09570074    
   2.36999989       2.10303974    
   2.37999988       2.11035061    
   2.38999987       2.11763692    
   2.39999986       2.12489772    
   2.40999985       2.13213515    
   2.41999984       2.13935161    
   2.42999983       2.14654613    
   2.44000006       2.15372086    
   2.45000005       2.16087508    
   2.46000004       2.16801310    
   2.47000003       2.17513275    
   2.48000002       2.18223453    
   2.49000001       2.18932009    
   2.50000000       2.19638944    
   2.50999999       2.20344424    
   2.51999998       2.21048546    
   2.52999997       2.21751285    
   2.53999996       2.22452736    
   2.54999995       2.23152709    
   2.55999994       2.23851395    
   2.56999993       2.24549079    
   2.57999992       2.25245667    
   2.58999991       2.25941229    
   2.59999990       2.26635456    
   2.60999990       2.27328730    
   2.61999989       2.28021216    
   2.62999988       2.28712296    
   2.63999987       2.29402852    
   2.64999986       2.30092573    
   2.65999985       2.30781198    
   2.66999984       2.31469035    
   2.67999983       2.32155967    
   2.69000006       2.32842350    
   2.70000005       2.33527732    
   2.71000004       2.34212470    
   2.72000003       2.34896684    
   2.73000002       2.35580063    
   2.74000001       2.36262727    
   2.75000000       2.36944890    
   2.75999999       2.37626147    
   2.76999998       2.38306999    
   2.77999997       2.38987064    
   2.78999996       2.39666700    
   2.79999995       2.40345740    
   2.80999994       2.41024208    
   2.81999993       2.41702271    
   2.82999992       2.42379904    
   2.83999991       2.43056631    
   2.84999990       2.43733239    
   2.85999990       2.44408965    
   2.86999989       2.45084620    
   2.87999988       2.45759726    
   2.88999987       2.46434498    
   2.89999986       2.47108555    
   2.90999985       2.47782326    
   2.91999984       2.48455524    
   2.92999983       2.49128580    
   2.93999982       2.49800968    
   2.95000005       2.50473142    
   2.96000004       2.51145172    
   2.97000003       2.51816487    
   2.98000002       2.52487540    
   2.99000001       2.53158402    
   3.00000000       2.53828764    
   3.00999999       2.54498553    
   3.01999998       2.55168390    
   3.02999997       2.55837965    
   3.03999996       2.56506920    
   3.04999995       2.57175565    
   3.05999994       2.57844019    
   3.06999993       2.58512330    
   3.07999992       2.59180284    
   3.08999991       2.59847879    
   3.09999990       2.60515451    
   3.10999990       2.61182404    
   3.11999989       2.61849284    
   3.12999988       2.62515473    
   3.13999987       2.63182211    
   3.14999986       2.63848138    
   3.15999985       2.64513826    
   3.16999984       2.65179443    
   3.17999983       2.65844893    
   3.18999982       2.66509843    
   3.19999981       2.67174792    
   3.21000004       2.67839456    
   3.22000003       2.68503642    
   3.23000002       2.69168186    
   3.24000001       2.69831944    
   3.25000000       2.70496058    
   3.25999999       2.71159506    
   3.26999998       2.71822882    
   3.27999997       2.72486019    
   3.28999996       2.73149085    
   3.29999995       2.73811817    
   3.30999994       2.74474621    
   3.31999993       2.75136900    
   3.32999992       2.75799322    
   3.33999991       2.76461554    
   3.34999990       2.77123165    
   3.35999990       2.77784872    
   3.36999989       2.78446579    
   3.37999988       2.79107857    
   3.38999987       2.79768872    
   3.39999986       2.80430508    
   3.40999985       2.81091189    
   3.41999984       2.81751800    
   3.42999983       2.82412481    
   3.43999982       2.83072829    
   3.44999981       2.83732939    
   3.46000004       2.84393215    
   3.47000003       2.85053253    
   3.48000002       2.85713053    
   3.49000001       2.86372733    
   3.50000000       2.87032294    
   3.50999999       2.87691665    
