   9.99999978E-03   5.50365250E-04
   1.99999996E-02   9.63925209E-04
   2.99999993E-02   1.36537000E-03
   3.99999991E-02   1.62515114E-03
   4.99999970E-02   2.01088632E-03
   5.99999987E-02   2.09653517E-03
   7.00000003E-02   2.38454598E-03
   7.99999982E-02   2.80107395E-03
   8.99999961E-02   3.13744252E-03
   9.99999940E-02   3.31677217E-03
  0.109999999       3.38348653E-03
  0.119999997       3.40541964E-03
  0.129999995       3.43728578E-03
  0.140000001       3.51392990E-03
  0.149999991       3.65763740E-03
  0.159999996       3.89961479E-03
  0.170000002       4.31165099E-03
  0.179999992       4.77642380E-03
  0.189999998       5.53681422E-03
  0.199999988       6.34015119E-03
  0.209999993       7.67270103E-03
  0.219999999       8.61822627E-03
  0.229999989       1.07129132E-02
  0.239999995       1.27325496E-02
  0.250000000       1.40847061E-02
  0.259999990       1.73220299E-02
  0.269999981       2.12296173E-02
  0.280000001       2.33091749E-02
  0.289999992       2.56458074E-02
  0.299999982       3.04461643E-02
  0.310000002       3.67624685E-02
  0.319999993       4.28643152E-02
  0.329999983       4.45928387E-02
  0.340000004       4.74015586E-02
  0.349999994       5.31003363E-02
  0.359999985       6.08324744E-02
  0.370000005       7.06064254E-02
  0.379999995       8.15538391E-02
  0.389999986       8.96466151E-02
  0.399999976       8.92642960E-02
  0.409999996       9.23385769E-02
  0.419999987       9.80758369E-02
  0.429999977      0.105709463    
  0.439999998      0.115272790    
  0.449999988      0.126979291    
  0.459999979      0.141049087    
  0.469999999      0.157394722    
  0.479999989      0.174685299    
  0.489999980      0.187853217    
  0.500000000      0.187076554    
  0.509999990      0.187167287    
  0.519999981      0.190787897    
  0.529999971      0.196195990    
  0.539999962      0.203005284    
  0.550000012      0.211107865    
  0.560000002      0.220513806    
  0.569999993      0.231304288    
  0.579999983      0.243610382    
  0.589999974      0.257603317    
  0.599999964      0.273493320    
  0.610000014      0.291498184    
  0.620000005      0.311791480    
  0.629999995      0.334354430    
  0.639999986      0.358582944    
  0.649999976      0.382258683    
  0.659999967      0.398963928    
  0.669999957      0.398878336    
  0.680000007      0.398745418    
  0.689999998      0.400771737    
  0.699999988      0.404077500    
  0.709999979      0.408319682    
  0.719999969      0.413321793    
  0.729999959      0.418983370    
  0.740000010      0.425243437    
  0.750000000      0.432068229    
  0.759999990      0.439437866    
  0.769999981      0.447347820    
  0.779999971      0.455799103    
  0.789999962      0.464802146    
  0.799999952      0.474373817    
  0.810000002      0.484535009    
  0.819999993      0.495316237    
  0.829999983      0.506748259    
  0.839999974      0.518869758    
  0.849999964      0.531725585    
  0.859999955      0.545363784    
  0.870000005      0.559838891    
  0.879999995      0.575211406    
  0.889999986      0.591544151    
  0.899999976      0.608904302    
  0.909999967      0.627358556    
  0.919999957      0.646970332    
  0.930000007      0.667783737    
  0.939999998      0.689814389    
  0.949999988      0.713013232    
  0.959999979      0.737205863    
  0.969999969      0.761987329    
  0.979999959      0.786493421    
  0.989999950      0.808941543    
   1.00000000      0.825590253    
   1.00999999      0.835006952    
   1.01999998      0.842513740    
   1.02999997      0.849252343    
   1.03999996      0.855607331    
   1.04999995      0.861762702    
   1.05999994      0.867817402    
   1.06999993      0.873827815    
   1.07999992      0.879831553    
   1.09000003      0.885850132    
   1.10000002      0.891899645    
   1.11000001      0.897991359    
   1.12000000      0.904130995    
   1.13000000      0.910324633    
   1.13999999      0.916574895    
   1.14999998      0.922884941    
   1.15999997      0.929255486    
   1.16999996      0.935690641    
   1.17999995      0.942188263    
   1.18999994      0.948749781    
   1.19999993      0.955377579    
   1.20999992      0.962070704    
   1.22000003      0.968830526    
   1.23000002      0.975656331    
   1.24000001      0.982548654    
   1.25000000      0.989510179    
   1.25999999      0.996537089    
   1.26999998       1.00363612    
   1.27999997       1.01080275    
   1.28999996       1.01803803    
   1.29999995       1.02534485    
   1.30999994       1.03272116    
   1.31999993       1.04016900    
   1.32999992       1.04768944    
   1.33999991       1.05528271    
   1.35000002       1.06294966    
   1.36000001       1.07069051    
   1.37000000       1.07850635    
   1.38000000       1.08639836    
   1.38999999       1.09436750    
   1.39999998       1.10240042    
   1.40999997       1.11053884    
   1.41999996       1.11874461    
   1.42999995       1.12703025    
   1.43999994       1.13539791    
   1.44999993       1.14384830    
   1.45999992       1.15238142    
   1.46999991       1.16100168    
   1.48000002       1.16970766    
   1.49000001       1.17850101    
   1.50000000       1.18738377    
   1.50999999       1.19635439    
   1.51999998       1.20541918    
   1.52999997       1.21457374    
   1.53999996       1.22382331    
   1.54999995       1.23316813    
   1.55999994       1.24260998    
   1.56999993       1.25214922    
   1.57999992       1.26178765    
   1.58999991       1.27152598    
   1.59999990       1.28136718    
   1.61000001       1.29131150    
   1.62000000       1.30136085    
   1.63000000       1.31151605    
   1.63999999       1.32177937    
   1.64999998       1.33214998    
   1.65999997       1.34263194    
   1.66999996       1.35322583    
   1.67999995       1.36393082    
   1.68999994       1.37475002    
   1.69999993       1.38568425    
   1.70999992       1.39673448    
   1.71999991       1.40790164    
   1.73000002       1.41918528    
   1.74000001       1.43058634    
   1.75000000       1.44210827    
   1.75999999       1.45374882    
   1.76999998       1.46550560    
   1.77999997       1.47738409    
   1.78999996       1.48937857    
   1.79999995       1.50149155    
   1.80999994       1.51371920    
   1.81999993       1.52606285    
   1.82999992       1.53851759    
   1.83999991       1.55108309    
   1.84999990       1.56375265    
   1.86000001       1.57652521    
   1.87000000       1.58939326    
   1.88000000       1.60235083    
   1.88999999       1.61539114    
   1.89999998       1.62850571    
   1.90999997       1.64168286    
   1.91999996       1.65490127    
   1.92999995       1.66817343    
   1.93999994       1.68145633    
   1.94999993       1.69473803    
   1.95999992       1.70799613    
   1.96999991       1.72120214    
   1.97999990       1.73432553    
   1.99000001       1.74732840    
   2.00000000       1.76016676    
   2.00999999       1.77258313    
   2.01999998       1.78442180    
   2.02999997       1.79577398    
   2.03999996       1.80671060    
   2.04999995       1.81728840    
   2.05999994       1.82755065    
   2.06999993       1.83753562    
   2.07999992       1.84727526    
   2.08999991       1.85679865    
   2.09999990       1.86612487    
   2.10999990       1.87526727    
   2.11999989       1.88426185    
   2.12999988       1.89310586    
   2.13999987       1.90181530    
   2.14999986       1.91040254    
   2.15999985       1.91888118    
   2.16999984       1.92725587    
   2.18000007       1.93553603    
   2.19000006       1.94372797    
   2.20000005       1.95183849    
   2.21000004       1.95987177    
   2.22000003       1.96783900    
   2.23000002       1.97573829    
   2.24000001       1.98357701    
   2.25000000       1.99135816    
   2.25999999       1.99908602    
   2.26999998       2.00676346    
   2.27999997       2.01439261    
   2.28999996       2.02197790    
   2.29999995       2.02952147    
   2.30999994       2.03702641    
   2.31999993       2.04449272    
   2.32999992       2.05192089    
   2.33999991       2.05931950    
   2.34999990       2.06668425    
   2.35999990       2.07401991    
   2.36999989       2.08132648    
   2.37999988       2.08860683    
   2.38999987       2.09585929    
   2.39999986       2.10308957    
   2.40999985       2.11029530    
   2.41999984       2.11747789    
   2.42999983       2.12463999    
   2.44000006       2.13178229    
   2.45000005       2.13890243    
   2.46000004       2.14600515    
   2.47000003       2.15309119    
   2.48000002       2.16015983    
   2.49000001       2.16721034    
   2.50000000       2.17424798    
   2.50999999       2.18126822    
   2.51999998       2.18827415    
   2.52999997       2.19526601    
   2.53999996       2.20224309    
   2.54999995       2.20920753    
   2.55999994       2.21616173    
   2.56999993       2.22310567    
   2.57999992       2.23003507    
   2.58999991       2.23695278    
   2.59999990       2.24386144    
   2.60999990       2.25075650    
   2.61999989       2.25764608    
   2.62999988       2.26452208    
   2.63999987       2.27139235    
   2.64999986       2.27825046    
   2.65999985       2.28510022    
   2.66999984       2.29194474    
   2.67999983       2.29877782    
   2.69000006       2.30560255    
   2.70000005       2.31242251    
   2.71000004       2.31923461    
   2.72000003       2.32603621    
   2.73000002       2.33283353    
   2.74000001       2.33962464    
   2.75000000       2.34640670    
   2.75999999       2.35318375    
   2.76999998       2.35995483    
   2.77999997       2.36672068    
   2.78999996       2.37348104    
   2.79999995       2.38023281    
   2.80999994       2.38698030    
   2.81999993       2.39372468    
   2.82999992       2.40045810    
   2.83999991       2.40719223    
   2.84999990       2.41391850    
   2.85999990       2.42063999    
   2.86999989       2.42735958    
   2.87999988       2.43407011    
   2.88999987       2.44078016    
   2.89999986       2.44748378    
   2.90999985       2.45418406    
   2.91999984       2.46087885    
   2.92999983       2.46756887    
   2.93999982       2.47425771    
   2.95000005       2.48094225    
   2.96000004       2.48762059    
   2.97000003       2.49429822    
   2.98000002       2.50097036    
   2.99000001       2.50764108    
   3.00000000       2.51430774    
   3.00999999       2.52096939    
   3.01999998       2.52762818    
   3.02999997       2.53428340    
   3.03999996       2.54093623    
   3.04999995       2.54758787    
   3.05999994       2.55423093    
   3.06999993       2.56087518    
   3.07999992       2.56751752    
   3.08999991       2.57415533    
   3.09999990       2.58079076    
   3.10999990       2.58742046    
   3.11999989       2.59405160    
   3.12999988       2.60068154    
   3.13999987       2.60730457    
   3.14999986       2.61392522    
   3.15999985       2.62054420    
   3.16999984       2.62716246    
   3.17999983       2.63377690    
   3.18999982       2.64038706    
   3.19999981       2.64699864    
   3.21000004       2.65360713    
   3.22000003       2.66021562    
   3.23000002       2.66681671    
   3.24000001       2.67341924    
   3.25000000       2.68001795    
   3.25999999       2.68661714    
   3.26999998       2.69321036    
   3.27999997       2.69980574    
   3.28999996       2.70639586    
   3.29999995       2.71298313    
   3.30999994       2.71957064    
   3.31999993       2.72615623    
   3.32999992       2.73273993    
   3.33999991       2.73932099    
   3.34999990       2.74590397    
   3.35999990       2.75248146    
   3.36999989       2.75905633    
   3.37999988       2.76563334    
   3.38999987       2.77220345    
   3.39999986       2.77877760    
   3.40999985       2.78534675    
   3.41999984       2.79191542    
   3.42999983       2.79848289    
   3.43999982       2.80504799    
   3.44999981       2.81160951    
   3.46000004       2.81817293    
   3.47000003       2.82473350    
   3.48000002       2.83129382    
   3.49000001       2.83785176    
   3.50000000       2.84440899    
   3.50999999       2.85096383    
