   9.99999978E-03   5.54755738E-04
   1.99999996E-02   9.88848973E-04
   2.99999993E-02   1.36452622E-03
   3.99999991E-02   1.62818970E-03
   4.99999970E-02   2.05099653E-03
   5.99999987E-02   2.13507377E-03
   7.00000003E-02   2.38572154E-03
   7.99999982E-02   2.79600569E-03
   8.99999961E-02   3.15994699E-03
   9.99999940E-02   3.37412115E-03
  0.109999999       3.46641568E-03
  0.119999997       3.50609212E-03
  0.129999995       3.55653279E-03
  0.140000001       3.66049260E-03
  0.149999991       3.84597853E-03
  0.159999996       4.14952869E-03
  0.170000002       4.67317784E-03
  0.179999992       5.26652439E-03
  0.189999998       6.19851705E-03
  0.199999988       7.22700404E-03
  0.209999993       8.84339213E-03
  0.219999999       1.00195277E-02
  0.229999989       1.26072569E-02
  0.239999995       1.49506936E-02
  0.250000000       1.66446604E-02
  0.259999990       2.05805432E-02
  0.269999981       2.51175631E-02
  0.280000001       2.74295639E-02
  0.289999992       3.03207710E-02
  0.299999982       3.60403545E-02
  0.310000002       4.33449224E-02
  0.319999993       5.00786304E-02
  0.329999983       5.19316494E-02
  0.340000004       5.53544164E-02
  0.349999994       6.20038249E-02
  0.359999985       7.09040239E-02
  0.370000005       8.19444805E-02
  0.379999995       9.39529762E-02
  0.389999986      0.102401987    
  0.399999976      0.102028035    
  0.409999996      0.105657510    
  0.419999987      0.112199508    
  0.429999977      0.120828360    
  0.439999998      0.131558925    
  0.449999988      0.144579798    
  0.459999979      0.160048693    
  0.469999999      0.177721918    
  0.479999989      0.195962220    
  0.489999980      0.209319159    
  0.500000000      0.208438590    
  0.509999990      0.208831534    
  0.519999981      0.212924808    
  0.529999971      0.218927100    
  0.539999962      0.226436242    
  0.550000012      0.235331327    
  0.560000002      0.245619178    
  0.569999993      0.257376879    
  0.579999983      0.270729899    
  0.589999974      0.285842210    
  0.599999964      0.302903712    
  0.610000014      0.322100222    
  0.620000005      0.343546450    
  0.629999995      0.367121965    
  0.639999986      0.392062068    
  0.649999976      0.415955901    
  0.659999967      0.432413608    
  0.669999957      0.432539046    
  0.680000007      0.432748348    
  0.689999998      0.435114831    
  0.699999988      0.438782245    
  0.709999979      0.443410546    
  0.719999969      0.448823810    
  0.729999959      0.454920620    
  0.740000010      0.461640090    
  0.750000000      0.468946218    
  0.759999990      0.476820022    
  0.769999981      0.485254228    
  0.779999971      0.494250715    
  0.789999962      0.503818870    
  0.799999952      0.513974071    
  0.810000002      0.524736822    
  0.819999993      0.536135316    
  0.829999983      0.548199594    
  0.839999974      0.560967088    
  0.849999964      0.574478805    
  0.859999955      0.588779986    
  0.870000005      0.603921473    
  0.879999995      0.619956672    
  0.889999986      0.636943281    
  0.899999976      0.654937983    
  0.909999967      0.673997045    
  0.919999957      0.694164693    
  0.930000007      0.715470135    
  0.939999998      0.737901092    
  0.949999988      0.761378944    
  0.959999979      0.785697341    
  0.969999969      0.810415924    
  0.979999959      0.834659576    
  0.989999950      0.856708288    
   1.00000000      0.873118281    
   1.00999999      0.882743657    
   1.01999998      0.890540242    
   1.02999997      0.897584975    
   1.03999996      0.904251039    
   1.04999995      0.910716772    
   1.05999994      0.917077720    
   1.06999993      0.923393846    
   1.07999992      0.929700494    
   1.09000003      0.936020792    
   1.10000002      0.942369640    
   1.11000001      0.948759198    
   1.12000000      0.955196559    
   1.13000000      0.961686373    
   1.13999999      0.968233466    
   1.14999998      0.974836648    
   1.15999997      0.981503606    
   1.16999996      0.988231719    
   1.17999995      0.995024025    
   1.18999994       1.00187969    
   1.19999993       1.00880206    
   1.20999992       1.01578856    
   1.22000003       1.02284193    
   1.23000002       1.02996242    
   1.24000001       1.03715074    
   1.25000000       1.04440570    
   1.25999999       1.05172837    
   1.26999998       1.05912125    
   1.27999997       1.06658173    
   1.28999996       1.07411397    
   1.29999995       1.08171463    
   1.30999994       1.08938515    
   1.31999993       1.09712851    
   1.32999992       1.10494435    
   1.33999991       1.11282516    
   1.35000002       1.12079310    
   1.36000001       1.12882853    
   1.37000000       1.13693869    
   1.38000000       1.14512503    
   1.38999999       1.15338755    
   1.39999998       1.16172659    
   1.40999997       1.17014420    
   1.41999996       1.17864168    
   1.42999995       1.18721890    
   1.43999994       1.19587648    
   1.44999993       1.20461762    
   1.45999992       1.21344054    
   1.46999991       1.22234738    
   1.48000002       1.23133981    
   1.49000001       1.24042058    
   1.50000000       1.24958682    
   1.50999999       1.25884092    
   1.51999998       1.26818383    
   1.52999997       1.27761936    
   1.53999996       1.28714561    
   1.54999995       1.29676545    
   1.55999994       1.30648041    
   1.56999993       1.31629002    
   1.57999992       1.32619798    
   1.58999991       1.33620059    
   1.59999990       1.34630275    
   1.61000001       1.35650754    
   1.62000000       1.36681092    
   1.63000000       1.37721848    
   1.63999999       1.38772976    
   1.64999998       1.39834476    
   1.65999997       1.40906608    
   1.66999996       1.41989374    
   1.67999995       1.43082952    
   1.68999994       1.44187307    
   1.69999993       1.45302570    
   1.70999992       1.46428859    
   1.71999991       1.47566295    
   1.73000002       1.48714626    
   1.74000001       1.49874091    
   1.75000000       1.51044714    
   1.75999999       1.52226377    
   1.76999998       1.53419173    
   1.77999997       1.54622936    
   1.78999996       1.55837536    
   1.79999995       1.57062829    
   1.80999994       1.58298922    
   1.81999993       1.59545398    
   1.82999992       1.60801971    
   1.83999991       1.62068009    
   1.84999990       1.63343740    
   1.86000001       1.64628351    
   1.87000000       1.65921009    
   1.88000000       1.67221534    
   1.88999999       1.68528986    
   1.89999998       1.69842231    
   1.90999997       1.71160555    
   1.91999996       1.72482324    
   1.92999995       1.73806274    
   1.93999994       1.75130725    
   1.94999993       1.76453733    
   1.95999992       1.77773106    
   1.96999991       1.79085982    
   1.97999990       1.80389643    
   1.99000001       1.81680405    
   2.00000000       1.82954001    
   2.00999999       1.84185994    
   2.01999998       1.85361791    
   2.02999997       1.86490715    
   2.03999996       1.87579727    
   2.04999995       1.88634193    
   2.05999994       1.89658523    
   2.06999993       1.90656567    
   2.07999992       1.91631031    
   2.08999991       1.92584550    
   2.09999990       1.93519282    
   2.10999990       1.94437087    
   2.11999989       1.95338786    
   2.12999988       1.96227944    
   2.13999987       1.97103655    
   2.14999986       1.97967649    
   2.15999985       1.98821020    
   2.16999984       1.99664545    
   2.18000007       2.00499010    
   2.19000006       2.01324821    
   2.20000005       2.02143073    
   2.21000004       2.02953863    
   2.22000003       2.03758287    
   2.23000002       2.04556322    
   2.24000001       2.05348253    
   2.25000000       2.06134701    
   2.25999999       2.06916094    
   2.26999998       2.07692528    
   2.27999997       2.08464670    
   2.28999996       2.09232211    
   2.29999995       2.09995866    
   2.30999994       2.10755944    
   2.31999993       2.11511922    
   2.32999992       2.12264729    
   2.33999991       2.13014269    
   2.34999990       2.13760877    
   2.35999990       2.14504719    
   2.36999989       2.15245366    
   2.37999988       2.15983725    
   2.38999987       2.16719508    
   2.39999986       2.17452765    
   2.40999985       2.18183661    
   2.41999984       2.18912911    
   2.42999983       2.19639421    
   2.44000006       2.20364571    
   2.45000005       2.21087503    
   2.46000004       2.21808791    
   2.47000003       2.22528481    
   2.48000002       2.23246074    
   2.49000001       2.23962474    
   2.50000000       2.24677467    
   2.50999999       2.25390220    
   2.51999998       2.26102185    
   2.52999997       2.26812553    
   2.53999996       2.27521896    
   2.54999995       2.28229666    
   2.55999994       2.28936744    
   2.56999993       2.29642153    
   2.57999992       2.30346537    
   2.58999991       2.31050014    
   2.59999990       2.31752419    
   2.60999990       2.32453680    
   2.61999989       2.33154035    
   2.62999988       2.33853459    
   2.63999987       2.34552145    
   2.64999986       2.35249972    
   2.65999985       2.35946584    
   2.66999984       2.36642694    
   2.67999983       2.37337995    
   2.69000006       2.38032174    
   2.70000005       2.38726020    
   2.71000004       2.39418888    
   2.72000003       2.40111542    
   2.73000002       2.40803003    
   2.74000001       2.41494036    
   2.75000000       2.42184377    
   2.75999999       2.42874050    
   2.76999998       2.43563104    
   2.77999997       2.44251657    
   2.78999996       2.44939685    
   2.79999995       2.45627117    
   2.80999994       2.46313906    
   2.81999993       2.47000217    
   2.82999992       2.47685957    
   2.83999991       2.48371601    
   2.84999990       2.49056482    
   2.85999990       2.49740839    
   2.86999989       2.50424528    
   2.87999988       2.51108217    
   2.88999987       2.51791286    
   2.89999986       2.52474165    
   2.90999985       2.53156185    
   2.91999984       2.53838348    
   2.92999983       2.54519629    
   2.93999982       2.55200481    
   2.95000005       2.55881357    
   2.96000004       2.56561899    
   2.97000003       2.57241511    
   2.98000002       2.57921314    
   2.99000001       2.58600450    
   3.00000000       2.59279394    
   3.00999999       2.59958076    
   3.01999998       2.60636258    
   3.02999997       2.61314344    
   3.03999996       2.61991906    
   3.04999995       2.62669325    
   3.05999994       2.63346338    
   3.06999993       2.64023089    
   3.07999992       2.64699650    
   3.08999991       2.65375948    
   3.09999990       2.66052008    
   3.10999990       2.66727614    
   3.11999989       2.67403316    
   3.12999988       2.68078279    
   3.13999987       2.68753529    
   3.14999986       2.69427991    
   3.15999985       2.70102906    
   3.16999984       2.70776844    
   3.17999983       2.71450830    
   3.18999982       2.72124767    
   3.19999981       2.72798324    
   3.21000004       2.73471379    
   3.22000003       2.74144602    
   3.23000002       2.74817562    
   3.24000001       2.75489998    
   3.25000000       2.76162672    
   3.25999999       2.76835036    
   3.26999998       2.77507043    
   3.27999997       2.78179049    
   3.28999996       2.78850770    
   3.29999995       2.79522586    
   3.30999994       2.80193663    
   3.31999993       2.80864882    
   3.32999992       2.81535888    
   3.33999991       2.82206297    
   3.34999990       2.82877302    
   3.35999990       2.83547807    
   3.36999989       2.84218192    
   3.37999988       2.84888172    
   3.38999987       2.85558081    
   3.39999986       2.86227870    
   3.40999985       2.86897755    
   3.41999984       2.87567139    
   3.42999983       2.88236666    
   3.43999982       2.88905954    
   3.44999981       2.89574981    
   3.46000004       2.90243506    
   3.47000003       2.90912557    
   3.48000002       2.91581130    
   3.49000001       2.92249680    
   3.50000000       2.92918015    
   3.50999999       2.93586326    
