   9.99999978E-03   5.56659943E-04
   1.99999996E-02   9.92618967E-04
   2.99999993E-02   1.36390002E-03
   3.99999991E-02   1.62920111E-03
   4.99999970E-02   2.05651810E-03
   5.99999987E-02   2.14147242E-03
   7.00000003E-02   2.38625659E-03
   7.99999982E-02   2.79494375E-03
   8.99999961E-02   3.16277775E-03
   9.99999940E-02   3.38245532E-03
  0.109999999       3.47916014E-03
  0.119999997       3.52229550E-03
  0.129999995       3.57656926E-03
  0.140000001       3.68601619E-03
  0.149999991       3.87962721E-03
  0.159999996       4.19470994E-03
  0.170000002       4.73860744E-03
  0.179999992       5.35549363E-03
  0.189999998       6.31736219E-03
  0.199999988       7.38508441E-03
  0.209999993       9.05085541E-03
  0.219999999       1.02680642E-02
  0.229999989       1.29402867E-02
  0.239999995       1.53372250E-02
  0.250000000       1.70912985E-02
  0.259999990       2.11452134E-02
  0.269999981       2.57849935E-02
  0.280000001       2.81355567E-02
  0.289999992       3.11348587E-02
  0.299999982       3.69949937E-02
  0.310000002       4.44605872E-02
  0.319999993       5.12933023E-02
  0.329999983       5.31682521E-02
  0.340000004       5.66947944E-02
  0.349999994       6.35012016E-02
  0.359999985       7.25916475E-02
  0.370000005       8.38355273E-02
  0.379999995       9.60095674E-02
  0.389999986      0.104511254    
  0.399999976      0.104142442    
  0.409999996      0.107863873    
  0.419999987      0.114537194    
  0.429999977      0.123327307    
  0.439999998      0.134245649    
  0.449999988      0.147476271    
  0.459999979      0.163165107    
  0.469999999      0.181043968    
  0.479999989      0.199426278    
  0.489999980      0.212808326    
  0.500000000      0.211915940    
  0.509999990      0.212359607    
  0.519999981      0.216529340    
  0.529999971      0.222627327    
  0.539999962      0.230248258    
  0.550000012      0.239269719    
  0.560000002      0.249697551    
  0.569999993      0.261607766    
  0.579999983      0.275125504    
  0.589999974      0.290412486    
  0.599999964      0.307655931    
  0.610000014      0.327035993    
  0.620000005      0.348656714    
  0.629999995      0.372382343    
  0.639999986      0.397425383    
  0.649999976      0.421345741    
  0.659999967      0.437764287    
  0.669999957      0.437926382    
  0.680000007      0.438191950    
  0.689999998      0.440613359    
  0.699999988      0.444338262    
  0.709999979      0.449028164    
  0.719999969      0.454506487    
  0.729999959      0.460672349    
  0.740000010      0.467464298    
  0.750000000      0.474846005    
  0.759999990      0.482799143    
  0.769999981      0.491315275    
  0.779999971      0.500396609    
  0.789999962      0.510052979    
  0.799999952      0.520298660    
  0.810000002      0.531155050    
  0.819999993      0.542649448    
  0.829999983      0.554811120    
  0.839999974      0.567677915    
  0.849999964      0.581289828    
  0.859999955      0.595691919    
  0.870000005      0.610935628    
  0.879999995      0.627071977    
  0.889999986      0.644156516    
  0.899999976      0.662246168    
  0.909999967      0.681394577    
  0.919999957      0.701644182    
  0.930000007      0.723019719    
  0.939999998      0.745507836    
  0.949999988      0.769023299    
  0.959999979      0.793355048    
  0.969999969      0.818058610    
  0.979999959      0.842259288    
  0.989999950      0.864245117    
   1.00000000      0.880619586    
   1.00999999      0.890275717    
   1.01999998      0.898116350    
   1.02999997      0.905208528    
   1.03999996      0.911923170    
   1.04999995      0.918435574    
   1.05999994      0.924845815    
   1.06999993      0.931208372    
   1.07999992      0.937561691    
   1.09000003      0.943929195    
   1.10000002      0.950325012    
   1.11000001      0.956760883    
   1.12000000      0.963244259    
   1.13000000      0.969779849    
   1.13999999      0.976371169    
   1.14999998      0.983021498    
   1.15999997      0.989733458    
   1.16999996      0.996505320    
   1.17999995       1.00334561    
   1.18999994       1.01024747    
   1.19999993       1.01721501    
   1.20999992       1.02424788    
   1.22000003       1.03134656    
   1.23000002       1.03851306    
   1.24000001       1.04574597    
   1.25000000       1.05304706    
   1.25999999       1.06041396    
   1.26999998       1.06785345    
   1.27999997       1.07536042    
   1.28999996       1.08293641    
   1.29999995       1.09058225    
   1.30999994       1.09830010    
   1.31999993       1.10608959    
   1.32999992       1.11394978    
   1.33999991       1.12188208    
   1.35000002       1.12988877    
   1.36000001       1.13797033    
   1.37000000       1.14612627    
   1.38000000       1.15435743    
   1.38999999       1.16266406    
   1.39999998       1.17104864    
   1.40999997       1.17951167    
   1.41999996       1.18805337    
   1.42999995       1.19667602    
   1.43999994       1.20537770    
   1.44999993       1.21416247    
   1.45999992       1.22302985    
   1.46999991       1.23198104    
   1.48000002       1.24101853    
   1.49000001       1.25014043    
   1.50000000       1.25934958    
   1.50999999       1.26864696    
   1.51999998       1.27803385    
   1.52999997       1.28751206    
   1.53999996       1.29708087    
   1.54999995       1.30674124    
   1.55999994       1.31649816    
   1.56999993       1.32634795    
   1.57999992       1.33629632    
   1.58999991       1.34633994    
   1.59999990       1.35648215    
   1.61000001       1.36672497    
   1.62000000       1.37706935    
   1.63000000       1.38751471    
   1.63999999       1.39806283    
   1.64999998       1.40871477    
   1.65999997       1.41947186    
   1.66999996       1.43033516    
   1.67999995       1.44130373    
   1.68999994       1.45238090    
   1.69999993       1.46356714    
   1.70999992       1.47486115    
   1.71999991       1.48626578    
   1.73000002       1.49777973    
   1.74000001       1.50940192    
   1.75000000       1.52113581    
   1.75999999       1.53297973    
   1.76999998       1.54493153    
   1.77999997       1.55699337    
   1.78999996       1.56915975    
   1.79999995       1.58143556    
   1.80999994       1.59381390    
   1.81999993       1.60629487    
   1.82999992       1.61887622    
   1.83999991       1.63155174    
   1.84999990       1.64432061    
   1.86000001       1.65717626    
   1.87000000       1.67011189    
   1.88000000       1.68312371    
   1.88999999       1.69620216    
   1.89999998       1.70933700    
   1.90999997       1.72251844    
   1.91999996       1.73573327    
   1.92999995       1.74896896    
   1.93999994       1.76220655    
   1.94999993       1.77542973    
   1.95999992       1.78861201    
   1.96999991       1.80172741    
   1.97999990       1.81475055    
   1.99000001       1.82764208    
   2.00000000       1.84036350    
   2.00999999       1.85266709    
   2.01999998       1.86441350    
   2.02999997       1.87569344    
   2.03999996       1.88657629    
   2.04999995       1.89711618    
   2.05999994       1.90735781    
   2.06999993       1.91733658    
   2.07999992       1.92708051    
   2.08999991       1.93661821    
   2.09999990       1.94596791    
   2.10999990       1.95515049    
   2.11999989       1.96418011    
   2.12999988       1.97306979    
   2.13999987       1.98183513    
   2.14999986       1.99048364    
   2.15999985       1.99902618    
   2.16999984       2.00746965    
   2.18000007       2.01582456    
   2.19000006       2.02409220    
   2.20000005       2.03228736    
   2.21000004       2.04040504    
   2.22000003       2.04845977    
   2.23000002       2.05645323    
   2.24000001       2.06438518    
   2.25000000       2.07226276    
   2.25999999       2.08008885    
   2.26999998       2.08787012    
   2.27999997       2.09560275    
   2.28999996       2.10329366    
   2.29999995       2.11094332    
   2.30999994       2.11855769    
   2.31999993       2.12613368    
   2.32999992       2.13367581    
   2.33999991       2.14118958    
   2.34999990       2.14866900    
   2.35999990       2.15611887    
   2.36999989       2.16354418    
   2.37999988       2.17094350    
   2.38999987       2.17831612    
   2.39999986       2.18566489    
   2.40999985       2.19299269    
   2.41999984       2.20029783    
   2.42999983       2.20758128    
   2.44000006       2.21484828    
   2.45000005       2.22209597    
   2.46000004       2.22932243    
   2.47000003       2.23653412    
   2.48000002       2.24373078    
   2.49000001       2.25091147    
   2.50000000       2.25807548    
   2.50999999       2.26522493    
   2.51999998       2.27235961    
   2.52999997       2.27948284    
   2.53999996       2.28659248    
   2.54999995       2.29368925    
   2.55999994       2.30077553    
   2.56999993       2.30784869    
   2.57999992       2.31491065    
   2.58999991       2.32196188    
   2.59999990       2.32900357    
   2.60999990       2.33603454    
   2.61999989       2.34305716    
   2.62999988       2.35006618    
   2.63999987       2.35706997    
   2.64999986       2.36406684    
   2.65999985       2.37105346    
   2.66999984       2.37803149    
   2.67999983       2.38500118    
   2.69000006       2.39196587    
   2.70000005       2.39892077    
   2.71000004       2.40587044    
   2.72000003       2.41280961    
   2.73000002       2.41974425    
   2.74000001       2.42667007    
   2.75000000       2.43359375    
   2.75999999       2.44050956    
   2.76999998       2.44741869    
   2.77999997       2.45432329    
   2.78999996       2.46122169    
   2.79999995       2.46811461    
   2.80999994       2.47499943    
   2.81999993       2.48188353    
   2.82999992       2.48876095    
   2.83999991       2.49563289    
   2.84999990       2.50250101    
   2.85999990       2.50936151    
   2.86999989       2.51621914    
   2.87999988       2.52307701    
   2.88999987       2.52992702    
   2.89999986       2.53677034    
   2.90999985       2.54361176    
   2.91999984       2.55045033    
   2.92999983       2.55728459    
   2.93999982       2.56411147    
   2.95000005       2.57093859    
   2.96000004       2.57776308    
   2.97000003       2.58457994    
   2.98000002       2.59139490    
   2.99000001       2.59820676    
   3.00000000       2.60501456    
   3.00999999       2.61182046    
   3.01999998       2.61862063    
   3.02999997       2.62542057    
   3.03999996       2.63221574    
   3.04999995       2.63900900    
   3.05999994       2.64580131    
   3.06999993       2.65258551    
   3.07999992       2.65937138    
   3.08999991       2.66615248    
   3.09999990       2.67293024    
   3.10999990       2.67970920    
   3.11999989       2.68648171    
   3.12999988       2.69325423    
   3.13999987       2.70002055    
   3.14999986       2.70678663    
   3.15999985       2.71355391    
   3.16999984       2.72031260    
   3.17999983       2.72707176    
   3.18999982       2.73383093    
   3.19999981       2.74058509    
   3.21000004       2.74733806    
   3.22000003       2.75408888    
   3.23000002       2.76083493    
   3.24000001       2.76758432    
   3.25000000       2.77432752    
   3.25999999       2.78106856    
   3.26999998       2.78780890    
   3.27999997       2.79454732    
   3.28999996       2.80128598    
   3.29999995       2.80802155    
   3.30999994       2.81475353    
   3.31999993       2.82148409    
   3.32999992       2.82821178    
   3.33999991       2.83494115    
   3.34999990       2.84166598    
   3.35999990       2.84839416    
   3.36999989       2.85511398    
   3.37999988       2.86183619    
   3.38999987       2.86855268    
   3.39999986       2.87527299    
   3.40999985       2.88198709    
   3.41999984       2.88870120    
   3.42999983       2.89541435    
   3.43999982       2.90212607    
   3.44999981       2.90883851    
   3.46000004       2.91554379    
   3.47000003       2.92225289    
   3.48000002       2.92895937    
   3.49000001       2.93566275    
   3.50000000       2.94236469    
   3.50999999       2.94906735    
