   9.99999978E-03   5.61697758E-04
   1.99999996E-02   1.00115826E-03
   2.99999993E-02   1.36235531E-03
   3.99999991E-02   1.63254864E-03
   4.99999970E-02   2.06940342E-03
   5.99999987E-02   2.15816102E-03
   7.00000003E-02   2.38814228E-03
   7.99999982E-02   2.79221660E-03
   8.99999961E-02   3.16898292E-03
   9.99999940E-02   3.40267969E-03
  0.109999999       3.51118110E-03
  0.119999997       3.56422295E-03
  0.129999995       3.62876756E-03
  0.140000001       3.75390030E-03
  0.149999991       3.97040509E-03
  0.159999996       4.31677932E-03
  0.170000002       4.91519412E-03
  0.179999992       5.59633598E-03
  0.189999998       6.63697068E-03
  0.199999988       7.81512074E-03
  0.209999993       9.60560516E-03
  0.219999999       1.09328358E-02
  0.229999989       1.38266748E-02
  0.239999995       1.63612105E-02
  0.250000000       1.82756055E-02
  0.259999990       2.26383004E-02
  0.269999981       2.75415052E-02
  0.280000001       2.99921762E-02
  0.289999992       3.32466215E-02
  0.299999982       3.94999422E-02
  0.310000002       4.73782122E-02
  0.319999993       5.44605814E-02
  0.329999983       5.63940369E-02
  0.340000004       6.01911843E-02
  0.349999994       6.74031153E-02
  0.359999985       7.69820362E-02
  0.370000005       8.87436420E-02
  0.379999995      0.101333663    
  0.389999986      0.109964460    
  0.399999976      0.109613813    
  0.409999996      0.113572724    
  0.419999987      0.120583236    
  0.429999977      0.129786044    
  0.439999998      0.141183361    
  0.449999988      0.154946104    
  0.459999979      0.171190739    
  0.469999999      0.189583674    
  0.479999989      0.208316058    
  0.489999980      0.221756667    
  0.500000000      0.220839307    
  0.509999990      0.221414894    
  0.519999981      0.225781217    
  0.529999971      0.232126564    
  0.539999962      0.240027949    
  0.550000012      0.249368995    
  0.560000002      0.260152072    
  0.569999993      0.272448540    
  0.579999983      0.286381751    
  0.589999974      0.302108347    
  0.599999964      0.319807529    
  0.610000014      0.339644343    
  0.620000005      0.361699432    
  0.629999995      0.385794878    
  0.639999986      0.411084235    
  0.649999976      0.435062826    
  0.659999967      0.451383710    
  0.669999957      0.451642245    
  0.680000007      0.452051163    
  0.689999998      0.454612970    
  0.699999988      0.458485544    
  0.709999979      0.463331729    
  0.719999969      0.468975276    
  0.729999959      0.475315243    
  0.740000010      0.482289821    
  0.750000000      0.489863247    
  0.759999990      0.498015434    
  0.769999981      0.506737709    
  0.779999971      0.516034484    
  0.789999962      0.525911152    
  0.799999952      0.536385000    
  0.810000002      0.547475636    
  0.819999993      0.559208870    
  0.829999983      0.571615458    
  0.839999974      0.584730089    
  0.849999964      0.598593235    
  0.859999955      0.613247812    
  0.870000005      0.628742814    
  0.879999995      0.645127714    
  0.889999986      0.662456095    
  0.899999976      0.680774450    
  0.909999967      0.700146675    
  0.919999957      0.720596433    
  0.930000007      0.742145002    
  0.939999998      0.764766216    
  0.949999988      0.788369119    
  0.959999979      0.812727928    
  0.969999969      0.837390840    
  0.979999959      0.861476958    
  0.989999950      0.883305728    
   1.00000000      0.899590671    
   1.00999999      0.909326375    
   1.01999998      0.917277336    
   1.02999997      0.924487114    
   1.03999996      0.931317389    
   1.04999995      0.937953234    
   1.05999994      0.944482923    
   1.06999993      0.950963438    
   1.07999992      0.957435548    
   1.09000003      0.963919222    
   1.10000002      0.970431387    
   1.11000001      0.976984382    
   1.12000000      0.983582616    
   1.13000000      0.990233779    
   1.13999999      0.996940970    
   1.14999998       1.00370800    
   1.15999997       1.01053226    
   1.16999996       1.01741958    
   1.17999995       1.02437449    
   1.18999994       1.03139055    
   1.19999993       1.03847170    
   1.20999992       1.04561901    
   1.22000003       1.05283248    
   1.23000002       1.06011176    
   1.24000001       1.06745911    
   1.25000000       1.07487321    
   1.25999999       1.08235669    
   1.26999998       1.08991182    
   1.27999997       1.09753096    
   1.28999996       1.10522103    
   1.29999995       1.11298120    
   1.30999994       1.12081206    
   1.31999993       1.12871456    
   1.32999992       1.13668919    
   1.33999991       1.14473605    
   1.35000002       1.15285563    
   1.36000001       1.16105008    
   1.37000000       1.16931915    
   1.38000000       1.17766237    
   1.38999999       1.18608236    
   1.39999998       1.19457984    
   1.40999997       1.20315444    
   1.41999996       1.21180892    
   1.42999995       1.22054160    
   1.43999994       1.22935569    
   1.44999993       1.23824978    
   1.45999992       1.24722838    
   1.46999991       1.25628924    
   1.48000002       1.26543474    
   1.49000001       1.27466667    
   1.50000000       1.28398335    
   1.50999999       1.29338789    
   1.51999998       1.30288112    
   1.52999997       1.31246603    
   1.53999996       1.32213783    
   1.54999995       1.33190429    
   1.55999994       1.34176326    
   1.56999993       1.35171568    
   1.57999992       1.36176360    
   1.58999991       1.37190711    
   1.59999990       1.38214791    
   1.61000001       1.39248824    
   1.62000000       1.40292656    
   1.63000000       1.41346622    
   1.63999999       1.42410600    
   1.64999998       1.43484890    
   1.65999997       1.44569468    
   1.66999996       1.45664513    
   1.67999995       1.46769989    
   1.68999994       1.47885942    
   1.69999993       1.49012506    
   1.70999992       1.50149775    
   1.71999991       1.51297700    
   1.73000002       1.52456295    
   1.74000001       1.53625655    
   1.75000000       1.54805708    
   1.75999999       1.55996382    
   1.76999998       1.57196796    
   1.77999997       1.58409512    
   1.78999996       1.59631693    
   1.79999995       1.60864139    
   1.80999994       1.62106693    
   1.81999993       1.63358736    
   1.82999992       1.64620638    
   1.83999991       1.65891564    
   1.84999990       1.67171383    
   1.86000001       1.68459177    
   1.87000000       1.69754636    
   1.88000000       1.71057057    
   1.88999999       1.72365773    
   1.89999998       1.73679698    
   1.90999997       1.74997580    
   1.91999996       1.76318431    
   1.92999995       1.77640831    
   1.93999994       1.78962743    
   1.94999993       1.80282712    
   1.95999992       1.81598282    
   1.96999991       1.82906699    
   1.97999990       1.84205389    
   1.99000001       1.85490835    
   2.00000000       1.86759007    
   2.00999999       1.87985682    
   2.01999998       1.89157224    
   2.02999997       1.90282798    
   2.03999996       1.91369271    
   2.04999995       1.92422056    
   2.05999994       1.93445563    
   2.06999993       1.94443047    
   2.07999992       1.95417666    
   2.08999991       1.96371830    
   2.09999990       1.97307670    
   2.10999990       1.98227036    
   2.11999989       1.99131286    
   2.12999988       2.00021863    
   2.13999987       2.00900030    
   2.14999986       2.01766896    
   2.15999985       2.02623153    
   2.16999984       2.03470039    
   2.18000007       2.04307938    
   2.19000006       2.05137348    
   2.20000005       2.05959392    
   2.21000004       2.06773853    
   2.22000003       2.07582521    
   2.23000002       2.08384681    
   2.24000001       2.09181023    
   2.25000000       2.09972310    
   2.25999999       2.10757947    
   2.26999998       2.11539507    
   2.27999997       2.12315941    
   2.28999996       2.13088536    
   2.29999995       2.13857222    
   2.30999994       2.14622378    
   2.31999993       2.15383649    
   2.32999992       2.16141415    
   2.33999991       2.16896415    
   2.34999990       2.17648292    
   2.35999990       2.18397188    
   2.36999989       2.19143486    
   2.37999988       2.19887185    
   2.38999987       2.20628786    
   2.39999986       2.21367621    
   2.40999985       2.22104311    
   2.41999984       2.22839046    
   2.42999983       2.23571610    
   2.44000006       2.24302125    
   2.45000005       2.25030994    
   2.46000004       2.25757980    
   2.47000003       2.26483488    
   2.48000002       2.27207351    
   2.49000001       2.27929282    
   2.50000000       2.28650165    
   2.50999999       2.29369211    
   2.51999998       2.30087113    
   2.52999997       2.30803776    
   2.53999996       2.31519270    
   2.54999995       2.32232976    
   2.55999994       2.32946062    
   2.56999993       2.33657646    
   2.57999992       2.34368491    
   2.58999991       2.35078096    
   2.59999990       2.35786462    
   2.60999990       2.36494088    
   2.61999989       2.37200785    
   2.62999988       2.37906599    
   2.63999987       2.38611364    
   2.64999986       2.39315295    
   2.65999985       2.40018487    
   2.66999984       2.40720677    
   2.67999983       2.41422462    
   2.69000006       2.42123222    
   2.70000005       2.42823434    
   2.71000004       2.43522811    
   2.72000003       2.44221497    
   2.73000002       2.44919538    
   2.74000001       2.45617247    
   2.75000000       2.46313500    
   2.75999999       2.47009945    
   2.76999998       2.47705340    
   2.77999997       2.48400426    
   2.78999996       2.49094725    
   2.79999995       2.49788785    
   2.80999994       2.50482154    
   2.81999993       2.51175094    
   2.82999992       2.51867437    
   2.83999991       2.52559209    
   2.84999990       2.53250742    
   2.85999990       2.53941751    
   2.86999989       2.54632235    
   2.87999988       2.55322242    
   2.88999987       2.56012058    
   2.89999986       2.56701064    
   2.90999985       2.57390118    
   2.91999984       2.58078337    
   2.92999983       2.58766365    
   2.93999982       2.59454250    
   2.95000005       2.60141349    
   2.96000004       2.60828614    
   2.97000003       2.61514997    
   2.98000002       2.62201381    
   2.99000001       2.62887383    
   3.00000000       2.63572645    
   3.00999999       2.64258242    
   3.01999998       2.64943242    
   3.02999997       2.65627813    
   3.03999996       2.66312337    
   3.04999995       2.66996074    
   3.05999994       2.67679834    
   3.06999993       2.68363643    
   3.07999992       2.69046593    
   3.08999991       2.69729495    
   3.09999990       2.70412207    
   3.10999990       2.71094847    
   3.11999989       2.71777105    
   3.12999988       2.72458649    
   3.13999987       2.73140526    
   3.14999986       2.73821998    
   3.15999985       2.74503064    
   3.16999984       2.75184083    
   3.17999983       2.75865102    
   3.18999982       2.76545286    
   3.19999981       2.77225471    
   3.21000004       2.77905917    
   3.22000003       2.78585625    
   3.23000002       2.79265499    
   3.24000001       2.79944849    
   3.25000000       2.80624056    
   3.25999999       2.81302905    
   3.26999998       2.81981921    
   3.27999997       2.82660985    
   3.28999996       2.83339119    
   3.29999995       2.84017491    
   3.30999994       2.84695482    
   3.31999993       2.85373592    
   3.32999992       2.86051369    
   3.33999991       2.86729050    
   3.34999990       2.87406445    
   3.35999990       2.88083553    
   3.36999989       2.88760829    
   3.37999988       2.89437938    
   3.38999987       2.90114212    
   3.39999986       2.90790987    
   3.40999985       2.91467714    
   3.41999984       2.92143989    
   3.42999983       2.92820168    
   3.43999982       2.93496132    
   3.44999981       2.94172025    
   3.46000004       2.94847822    
   3.47000003       2.95523381    
   3.48000002       2.96198916    
   3.49000001       2.96874022    
   3.50000000       2.97549319    
   3.50999999       2.98224449    
