   9.99999978E-03   5.62818022E-04
   1.99999996E-02   1.00333826E-03
   2.99999993E-02   1.36236020E-03
   3.99999991E-02   1.63338089E-03
   4.99999970E-02   2.07185908E-03
   5.99999987E-02   2.16151658E-03
   7.00000003E-02   2.38859723E-03
   7.99999982E-02   2.79160985E-03
   8.99999961E-02   3.17021064E-03
   9.99999940E-02   3.40660312E-03
  0.109999999       3.51975020E-03
  0.119999997       3.57224210E-03
  0.129999995       3.63981444E-03
  0.140000001       3.76820238E-03
  0.149999991       3.98969930E-03
  0.159999996       4.34287451E-03
  0.170000002       4.95291641E-03
  0.179999992       5.64778782E-03
  0.189999998       6.70502009E-03
  0.199999988       7.90587068E-03
  0.209999993       9.72303003E-03
  0.219999999       1.10758599E-02
  0.229999989       1.40135931E-02
  0.239999995       1.65764373E-02
  0.250000000       1.85246356E-02
  0.259999990       2.29513887E-02
  0.269999981       2.79085264E-02
  0.280000001       3.03797871E-02
  0.289999992       3.36874761E-02
  0.299999982       4.00220267E-02
  0.310000002       4.79843616E-02
  0.319999993       5.51171005E-02
  0.329999983       5.70629202E-02
  0.340000004       6.09161668E-02
  0.349999994       6.82116076E-02
  0.359999985       7.78903663E-02
  0.370000005       8.97570327E-02
  0.379999995      0.102430612    
  0.389999986      0.111086786    
  0.399999976      0.110740572    
  0.409999996      0.114748515    
  0.419999987      0.121827953    
  0.429999977      0.131114915    
  0.439999998      0.142609656    
  0.449999988      0.156480238    
  0.459999979      0.172837004    
  0.469999999      0.191332504    
  0.479999989      0.210134134    
  0.489999980      0.223585665    
  0.500000000      0.222664490    
  0.509999990      0.223266795    
  0.519999981      0.227673411    
  0.529999971      0.234064803    
  0.539999962      0.242027596    
  0.550000012      0.251433671    
  0.560000002      0.262287974    
  0.569999993      0.274662733    
  0.579999983      0.288679302    
  0.589999974      0.304494470    
  0.599999964      0.322285116    
  0.610000014      0.342213064    
  0.620000005      0.364353985    
  0.629999995      0.388522267    
  0.639999986      0.413859874    
  0.649999976      0.437848061    
  0.659999967      0.454149693    
  0.669999957      0.454428703    
  0.680000007      0.454866797    
  0.689999998      0.457457036    
  0.699999988      0.461359650    
  0.709999979      0.466237426    
  0.719999969      0.471914142    
  0.729999959      0.478289723    
  0.740000010      0.485301077    
  0.750000000      0.492913276    
  0.759999990      0.501104712    
  0.769999981      0.509869516    
  0.779999971      0.519208789    
  0.789999962      0.529130399    
  0.799999952      0.539650023    
  0.810000002      0.550786734    
  0.819999993      0.562568367    
  0.829999983      0.575024307    
  0.839999974      0.588188887    
  0.849999964      0.602101266    
  0.859999955      0.616806328    
  0.870000005      0.632351458    
  0.879999995      0.648785233    
  0.889999986      0.666162252    
  0.899999976      0.684526861    
  0.909999967      0.703942358    
  0.919999957      0.724431098    
  0.930000007      0.746011674    
  0.939999998      0.768660009    
  0.949999988      0.792279780    
  0.959999979      0.816641867    
  0.969999969      0.841295004    
  0.979999959      0.865357935    
  0.989999950      0.887155533    
   1.00000000      0.903423429    
   1.00999999      0.913174033    
   1.01999998      0.921146870    
   1.02999997      0.928380787    
   1.03999996      0.935237586    
   1.04999995      0.941895008    
   1.05999994      0.948447645    
   1.06999993      0.954952419    
   1.07999992      0.961448252    
   1.09000003      0.967955232    
   1.10000002      0.974491835    
   1.11000001      0.981067002    
   1.12000000      0.987689376    
   1.13000000      0.994363010    
   1.13999999       1.00109351    
   1.14999998       1.00788236    
   1.15999997       1.01473212    
   1.16999996       1.02164078    
   1.17999995       1.02861857    
   1.18999994       1.03565788    
   1.19999993       1.04276240    
   1.20999992       1.04993165    
   1.22000003       1.05716789    
   1.23000002       1.06447196    
   1.24000001       1.07184112    
   1.25000000       1.07927883    
   1.25999999       1.08678353    
   1.26999998       1.09436285    
   1.27999997       1.10200334    
   1.28999996       1.10971749    
   1.29999995       1.11749983    
   1.30999994       1.12535441    
   1.31999993       1.13327944    
   1.32999992       1.14127624    
   1.33999991       1.14934504    
   1.35000002       1.15748811    
   1.36000001       1.16570425    
   1.37000000       1.17399669    
   1.38000000       1.18236375    
   1.38999999       1.19080484    
   1.39999998       1.19932485    
   1.40999997       1.20792246    
   1.41999996       1.21659815    
   1.42999995       1.22535253    
   1.43999994       1.23419046    
   1.44999993       1.24310791    
   1.45999992       1.25210786    
   1.46999991       1.26119006    
   1.48000002       1.27035737    
   1.49000001       1.27960968    
   1.50000000       1.28894949    
   1.50999999       1.29837394    
   1.51999998       1.30789006    
   1.52999997       1.31749475    
   1.53999996       1.32718801    
   1.54999995       1.33697593    
   1.55999994       1.34685385    
   1.56999993       1.35682702    
   1.57999992       1.36689425    
   1.58999991       1.37705708    
   1.59999990       1.38731861    
   1.61000001       1.39767766    
   1.62000000       1.40813553    
   1.63000000       1.41869307    
   1.63999999       1.42935193    
   1.64999998       1.44011247    
   1.65999997       1.45097566    
   1.66999996       1.46194279    
   1.67999995       1.47301269    
   1.68999994       1.48418927    
   1.69999993       1.49547184    
   1.70999992       1.50685823    
   1.71999991       1.51835525    
   1.73000002       1.52995455    
   1.74000001       1.54166067    
   1.75000000       1.55347466    
   1.75999999       1.56539524    
   1.76999998       1.57741201    
   1.77999997       1.58954930    
   1.78999996       1.60178149    
   1.79999995       1.61411655    
   1.80999994       1.62654901    
   1.81999993       1.63907921    
   1.82999992       1.65170527    
   1.83999991       1.66442132    
   1.84999990       1.67722225    
   1.86000001       1.69010675    
   1.87000000       1.70306361    
   1.88000000       1.71609223    
   1.88999999       1.72917986    
   1.89999998       1.74231851    
   1.90999997       1.75549853    
   1.91999996       1.76870501    
   1.92999995       1.78192627    
   1.93999994       1.79514158    
   1.94999993       1.80833650    
   1.95999992       1.82148647    
   1.96999991       1.83456337    
   1.97999990       1.84754491    
   1.99000001       1.86039066    
   2.00000000       1.87306488    
   2.00999999       1.88532519    
   2.01999998       1.89703357    
   2.02999997       1.90828347    
   2.03999996       1.91914570    
   2.04999995       1.92967117    
   2.05999994       1.93990409    
   2.06999993       1.94987786    
   2.07999992       1.95962548    
   2.08999991       1.96916878    
   2.09999990       1.97852838    
   2.10999990       1.98772311    
   2.11999989       1.99676752    
   2.12999988       2.00567770    
   2.13999987       2.01446390    
   2.14999986       2.02313447    
   2.15999985       2.03170180    
   2.16999984       2.04017544    
   2.18000007       2.04855680    
   2.19000006       2.05685854    
   2.20000005       2.06508327    
   2.21000004       2.07323456    
   2.22000003       2.08132792    
   2.23000002       2.08935547    
   2.24000001       2.09732437    
   2.25000000       2.10524297    
   2.25999999       2.11310840    
   2.26999998       2.12092853    
   2.27999997       2.12870121    
   2.28999996       2.13643074    
   2.29999995       2.14412737    
   2.30999994       2.15178370    
   2.31999993       2.15940309    
   2.32999992       2.16698933    
   2.33999991       2.17454910    
   2.34999990       2.18207479    
   2.35999990       2.18957043    
   2.36999989       2.19704175    
   2.37999988       2.20448828    
   2.38999987       2.21190739    
   2.39999986       2.21930623    
   2.40999985       2.22668338    
   2.41999984       2.23403454    
   2.42999983       2.24137068    
   2.44000006       2.24868464    
   2.45000005       2.25598288    
   2.46000004       2.26326132    
   2.47000003       2.27052259    
   2.48000002       2.27777171    
   2.49000001       2.28499436    
   2.50000000       2.29221535    
   2.50999999       2.29941559    
   2.51999998       2.30660272    
   2.52999997       2.31377769    
   2.53999996       2.32094002    
   2.54999995       2.32808757    
   2.55999994       2.33522654    
   2.56999993       2.34235072    
   2.57999992       2.34946656    
   2.58999991       2.35657215    
   2.59999990       2.36366701    
   2.60999990       2.37075281    
   2.61999989       2.37782741    
   2.62999988       2.38489294    
   2.63999987       2.39195061    
   2.64999986       2.39900041    
   2.65999985       2.40603971    
   2.66999984       2.41307187    
   2.67999983       2.42009568    
   2.69000006       2.42711449    
   2.70000005       2.43412399    
   2.71000004       2.44112897    
   2.72000003       2.44812608    
   2.73000002       2.45511413    
   2.74000001       2.46209931    
   2.75000000       2.46907282    
   2.75999999       2.47604442    
   2.76999998       2.48301101    
   2.77999997       2.48996902    
   2.78999996       2.49692249    
   2.79999995       2.50387025    
   2.80999994       2.51081324    
   2.81999993       2.51775312    
   2.82999992       2.52468562    
   2.83999991       2.53161287    
   2.84999990       2.53853774    
   2.85999990       2.54545641    
   2.86999989       2.55237222    
   2.87999988       2.55928206    
   2.88999987       2.56618667    
   2.89999986       2.57308936    
   2.90999985       2.57998562    
   2.91999984       2.58687997    
   2.92999983       2.59377098    
   2.93999982       2.60065675    
   2.95000005       2.60754037    
   2.96000004       2.61441827    
   2.97000003       2.62129498    
   2.98000002       2.62816644    
   2.99000001       2.63503480    
   3.00000000       2.64189863    
   3.00999999       2.64876223    
   3.01999998       2.65562224    
   3.02999997       2.66247869    
   3.03999996       2.66933107    
   3.04999995       2.67617965    
   3.05999994       2.68302894    
   3.06999993       2.68987226    
   3.07999992       2.69671535    
   3.08999991       2.70355320    
   3.09999990       2.71038961    
   3.10999990       2.71722436    
   3.11999989       2.72405481    
   3.12999988       2.73088288    
   3.13999987       2.73771024    
   3.14999986       2.74453449    
   3.15999985       2.75135446    
   3.16999984       2.75817490    
   3.17999983       2.76499224    
   3.18999982       2.77180648    
   3.19999981       2.77861762    
   3.21000004       2.78542995    
   3.22000003       2.79223871    
   3.23000002       2.79904318    
   3.24000001       2.80584979    
   3.25000000       2.81265283    
   3.25999999       2.81945181    
   3.26999998       2.82624984    
   3.27999997       2.83304715    
   3.28999996       2.83983970    
   3.29999995       2.84663486    
   3.30999994       2.85342550    
   3.31999993       2.86021256    
   3.32999992       2.86700153    
   3.33999991       2.87378812    
   3.34999990       2.88057303    
   3.35999990       2.88735414    
   3.36999989       2.89413500    
   3.37999988       2.90091491    
   3.38999987       2.90769076    
   3.39999986       2.91446686    
   3.40999985       2.92124319    
   3.41999984       2.92801309    
   3.42999983       2.93478513    
   3.43999982       2.94155741    
   3.44999981       2.94832468    
   3.46000004       2.95509148    
   3.47000003       2.96185899    
   3.48000002       2.96862078    
   3.49000001       2.97538400    
   3.50000000       2.98214626    
   3.50999999       2.98890567    
