   9.99999978E-03   5.69140480E-04
   1.99999996E-02   1.01254659E-03
   2.99999993E-02   1.36044505E-03
   3.99999991E-02   1.63910538E-03
   4.99999970E-02   2.08560564E-03
   5.99999987E-02   2.18269601E-03
   7.00000003E-02   2.39211926E-03
   7.99999982E-02   2.78845709E-03
   8.99999961E-02   3.17614875E-03
   9.99999940E-02   3.42965918E-03
  0.109999999       3.55608203E-03
  0.119999997       3.62467510E-03
  0.129999995       3.70829320E-03
  0.140000001       3.85997863E-03
  0.149999991       4.11467999E-03
  0.159999996       4.51241247E-03
  0.170000002       5.19759487E-03
  0.179999992       5.98202599E-03
  0.189999998       7.14438409E-03
  0.199999988       8.49440228E-03
  0.209999993       1.04762549E-02
  0.219999999       1.19789541E-02
  0.229999989       1.52076893E-02
  0.239999995       1.79459602E-02
  0.250000000       2.01100186E-02
  0.259999990       2.49378867E-02
  0.269999981       3.02263796E-02
  0.280000001       3.28269228E-02
  0.289999992       3.64702046E-02
  0.299999982       4.33097221E-02
  0.310000002       5.17906025E-02
  0.319999993       5.92266284E-02
  0.329999983       6.12519532E-02
  0.340000004       6.54557720E-02
  0.349999994       7.32678175E-02
  0.359999985       8.35619122E-02
  0.370000005       9.60706398E-02
  0.379999995      0.109247081    
  0.389999986      0.118052721    
  0.399999976      0.117740460    
  0.409999996      0.122051425    
  0.419999987      0.129555881    
  0.429999977      0.139359683    
  0.439999998      0.151450470    
  0.449999988      0.165977612    
  0.459999979      0.183012441    
  0.469999999      0.202124849    
  0.479999989      0.221334457    
  0.489999980      0.234845623    
  0.500000000      0.233907670    
  0.509999990      0.234679744    
  0.519999981      0.239332736    
  0.529999971      0.246027887    
  0.539999962      0.254342288    
  0.550000012      0.264144421    
  0.560000002      0.275433987    
  0.569999993      0.288281530    
  0.579999983      0.302804410    
  0.589999974      0.319153011    
  0.599999964      0.337492138    
  0.610000014      0.357966125    
  0.620000005      0.380618840    
  0.629999995      0.405215859    
  0.639999986      0.430829465    
  0.649999976      0.454869747    
  0.659999967      0.471052974    
  0.669999957      0.471459270    
  0.680000007      0.472077489    
  0.689999998      0.474843532    
  0.699999988      0.478929251    
  0.709999979      0.483999640    
  0.719999969      0.489883542    
  0.729999959      0.496469289    
  0.740000010      0.503704607    
  0.750000000      0.511549175    
  0.759999990      0.519984365    
  0.769999981      0.529000521    
  0.779999971      0.538600028    
  0.789999962      0.548790157    
  0.799999952      0.559584022    
  0.810000002      0.571004152    
  0.819999993      0.583073735    
  0.829999983      0.595821679    
  0.839999974      0.609283864    
  0.849999964      0.623495996    
  0.859999955      0.638500988    
  0.870000005      0.654344618    
  0.879999995      0.671072841    
  0.889999986      0.688734353    
  0.899999976      0.707371652    
  0.909999967      0.727042019    
  0.919999957      0.747758389    
  0.930000007      0.769532323    
  0.939999998      0.792328477    
  0.949999988      0.816037059    
  0.959999979      0.840418696    
  0.969999969      0.865007937    
  0.979999959      0.888927221    
  0.989999950      0.910533547    
   1.00000000      0.926697731    
   1.00999999      0.936540246    
   1.01999998      0.944644809    
   1.02999997      0.952019155    
   1.03999996      0.959020078    
   1.04999995      0.965821505    
   1.05999994      0.972516418    
   1.06999993      0.979165733    
   1.07999992      0.985803127    
   1.09000003      0.992452383    
   1.10000002      0.999128997    
   1.11000001       1.00584471    
   1.12000000       1.01260662    
   1.13000000       1.01942027    
   1.13999999       1.02628934    
   1.14999998       1.03321755    
   1.15999997       1.04020441    
   1.16999996       1.04725516    
   1.17999995       1.05436742    
   1.18999994       1.06154549    
   1.19999993       1.06878793    
   1.20999992       1.07609499    
   1.22000003       1.08347154    
   1.23000002       1.09090948    
   1.24000001       1.09841740    
   1.25000000       1.10599339    
   1.25999999       1.11363506    
   1.26999998       1.12134838    
   1.27999997       1.12912917    
   1.28999996       1.13698101    
   1.29999995       1.14490044    
   1.30999994       1.15289092    
   1.31999993       1.16095221    
   1.32999992       1.16908598    
   1.33999991       1.17729223    
   1.35000002       1.18557072    
   1.36000001       1.19392312    
   1.37000000       1.20234978    
   1.38000000       1.21085238    
   1.38999999       1.21942985    
   1.39999998       1.22808421    
   1.40999997       1.23681581    
   1.41999996       1.24562430    
   1.42999995       1.25451398    
   1.43999994       1.26348257    
   1.44999993       1.27253115    
   1.45999992       1.28166294    
   1.46999991       1.29087639    
   1.48000002       1.30017400    
   1.49000001       1.30955565    
   1.50000000       1.31902349    
   1.50999999       1.32857776    
   1.51999998       1.33821702    
   1.52999997       1.34794760    
   1.53999996       1.35776746    
   1.54999995       1.36767578    
   1.55999994       1.37767696    
   1.56999993       1.38777089    
   1.57999992       1.39795780    
   1.58999991       1.40823877    
   1.59999990       1.41861475    
   1.61000001       1.42908907    
   1.62000000       1.43965828    
   1.63000000       1.45032632    
   1.63999999       1.46109426    
   1.64999998       1.47196066    
   1.65999997       1.48292840    
   1.66999996       1.49399686    
   1.67999995       1.50516737    
   1.68999994       1.51643980    
   1.69999993       1.52781570    
   1.70999992       1.53929412    
   1.71999991       1.55087578    
   1.73000002       1.56256092    
   1.74000001       1.57434881    
   1.75000000       1.58623946    
   1.75999999       1.59823275    
   1.76999998       1.61032724    
   1.77999997       1.62252235    
   1.78999996       1.63481402    
   1.79999995       1.64720571    
   1.80999994       1.65968990    
   1.81999993       1.67226744    
   1.82999992       1.68493378    
   1.83999991       1.69766307    
   1.84999990       1.71051979    
   1.86000001       1.72342885    
   1.87000000       1.73640668    
   1.88000000       1.74944758    
   1.88999999       1.76254153    
   1.89999998       1.77568185    
   1.90999997       1.78885651    
   1.91999996       1.80205119    
   1.92999995       1.81525624    
   1.93999994       1.82844841    
   1.94999993       1.84161389    
   1.95999992       1.85472929    
   1.96999991       1.86776996    
   1.97999990       1.88070750    
   1.99000001       1.89350688    
   2.00000000       1.90613210    
   2.00999999       1.91834736    
   2.01999998       1.93001842    
   2.02999997       1.94124067    
   2.03999996       1.95208049    
   2.04999995       1.96259153    
   2.05999994       1.97281539    
   2.06999993       1.98278618    
   2.07999992       1.99253356    
   2.08999991       2.00208306    
   2.09999990       2.01145172    
   2.10999990       2.02065897    
   2.11999989       2.02972031    
   2.12999988       2.03864837    
   2.13999987       2.04745460    
   2.14999986       2.05614877    
   2.15999985       2.06474400    
   2.16999984       2.07324123    
   2.18000007       2.08165455    
   2.19000006       2.08998585    
   2.20000005       2.09824491    
   2.21000004       2.10642910    
   2.22000003       2.11455560    
   2.23000002       2.12261891    
   2.24000001       2.13062692    
   2.25000000       2.13858294    
   2.25999999       2.14648604    
   2.26999998       2.15434551    
   2.27999997       2.16216254    
   2.28999996       2.16993546    
   2.29999995       2.17767119    
   2.30999994       2.18537164    
   2.31999993       2.19303656    
   2.32999992       2.20066762    
   2.33999991       2.20827127    
   2.34999990       2.21584153    
   2.35999990       2.22338367    
   2.36999989       2.23090339    
   2.37999988       2.23839521    
   2.38999987       2.24586487    
   2.39999986       2.25330758    
   2.40999985       2.26073146    
   2.41999984       2.26813579    
   2.42999983       2.27551699    
   2.44000006       2.28288317    
   2.45000005       2.29022765    
   2.46000004       2.29755759    
   2.47000003       2.30486870    
   2.48000002       2.31216764    
   2.49000001       2.31944156    
   2.50000000       2.32671356    
   2.50999999       2.33396292    
   2.51999998       2.34120560    
   2.52999997       2.34843135    
   2.53999996       2.35564566    
   2.54999995       2.36284614    
   2.55999994       2.37003613    
   2.56999993       2.37721539    
   2.57999992       2.38438368    
   2.58999991       2.39154243    
   2.59999990       2.39868951    
   2.60999990       2.40582824    
   2.61999989       2.41295600    
   2.62999988       2.42007637    
   2.63999987       2.42718673    
   2.64999986       2.43428946    
   2.65999985       2.44138598    
   2.66999984       2.44847083    
   2.67999983       2.45554900    
   2.69000006       2.46262026    
   2.70000005       2.46968675    
   2.71000004       2.47674608    
   2.72000003       2.48379326    
   2.73000002       2.49084234    
   2.74000001       2.49787974    
   2.75000000       2.50491190    
   2.75999999       2.51193595    
   2.76999998       2.51895738    
   2.77999997       2.52597332    
   2.78999996       2.53298306    
   2.79999995       2.53998733    
   2.80999994       2.54698372    
   2.81999993       2.55397749    
   2.82999992       2.56096649    
   2.83999991       2.56795168    
   2.84999990       2.57493067    
   2.85999990       2.58190608    
   2.86999989       2.58887625    
   2.87999988       2.59584284    
   2.88999987       2.60280561    
   2.89999986       2.60976338    
   2.90999985       2.61671925    
   2.91999984       2.62366891    
   2.92999983       2.63061547    
   2.93999982       2.63755679    
   2.95000005       2.64449430    
   2.96000004       2.65143275    
   2.97000003       2.65836406    
   2.98000002       2.66529512    
   2.99000001       2.67221832    
   3.00000000       2.67914200    
   3.00999999       2.68605876    
   3.01999998       2.69297767    
   3.02999997       2.69988918    
   3.03999996       2.70679927    
   3.04999995       2.71370769    
   3.05999994       2.72061133    
   3.06999993       2.72751307    
   3.07999992       2.73441458    
   3.08999991       2.74130845    
   3.09999990       2.74820137    
   3.10999990       2.75509334    
   3.11999989       2.76198411    
   3.12999988       2.76886892    
   3.13999987       2.77575374    
   3.14999986       2.78263378    
   3.15999985       2.78951335    
   3.16999984       2.79639173    
   3.17999983       2.80326629    
   3.18999982       2.81013703    
   3.19999981       2.81701016    
   3.21000004       2.82387686    
   3.22000003       2.83074355    
   3.23000002       2.83760881    
   3.24000001       2.84446979    
   3.25000000       2.85132837    
   3.25999999       2.85818744    
   3.26999998       2.86504292    
   3.27999997       2.87190032    
   3.28999996       2.87875080    
   3.29999995       2.88560247    
   3.30999994       2.89245129    
   3.31999993       2.89930081    
   3.32999992       2.90614700    
   3.33999991       2.91298866    
   3.34999990       2.91983151    
   3.35999990       2.92667174    
   3.36999989       2.93351245    
   3.37999988       2.94034791    
   3.38999987       2.94718385    
   3.39999986       2.95401835    
   3.40999985       2.96085072    
   3.41999984       2.96768403    
   3.42999983       2.97451305    
   3.43999982       2.98134136    
   3.44999981       2.98816681    
   3.46000004       2.99499488    
   3.47000003       3.00181842    
   3.48000002       3.00863695    
   3.49000001       3.01546216    
   3.50000000       3.02228093    
   3.50999999       3.02910066    
