   9.99999978E-03   5.72273391E-04
   1.99999996E-02   1.01518433E-03
   2.99999993E-02   1.36023038E-03
   3.99999991E-02   1.64142647E-03
   4.99999970E-02   2.08978890E-03
   5.99999987E-02   2.19036150E-03
   7.00000003E-02   2.39350297E-03
   7.99999982E-02   2.78720609E-03
   8.99999961E-02   3.17822443E-03
   9.99999940E-02   3.43708461E-03
  0.109999999       3.56906094E-03
  0.119999997       3.64273437E-03
  0.129999995       3.73250339E-03
  0.140000001       3.89299821E-03
  0.149999991       4.16012295E-03
  0.159999996       4.57424438E-03
  0.170000002       5.28634666E-03
  0.179999992       6.10376848E-03
  0.189999998       7.30338832E-03
  0.199999988       8.70731287E-03
  0.209999993       1.07468935E-02
  0.219999999       1.23024052E-02
  0.229999989       1.56345330E-02
  0.239999995       1.84334759E-02
  0.250000000       2.06746757E-02
  0.259999990       2.56425515E-02
  0.269999981       3.10447868E-02
  0.280000001       3.36904451E-02
  0.289999992       3.74519303E-02
  0.299999982       4.44667190E-02
  0.310000002       5.31251058E-02
  0.319999993       6.06629886E-02
  0.329999983       6.27168268E-02
  0.340000004       6.70444369E-02
  0.349999994       7.50349313E-02
  0.359999985       8.55388120E-02
  0.370000005       9.82654169E-02
  0.379999995      0.111610159    
  0.389999986      0.120464422    
  0.399999976      0.120166585    
  0.409999996      0.124581948    
  0.419999987      0.132232398    
  0.429999977      0.142212898    
  0.439999998      0.154506624    
  0.449999988      0.169256136    
  0.459999979      0.186518952    
  0.469999999      0.205836713    
  0.479999989      0.225179568    
  0.489999980      0.238708943    
  0.500000000      0.237767890    
  0.509999990      0.238599062    
  0.519999981      0.243337438    
  0.529999971      0.250134796    
  0.539999962      0.258568764    
  0.550000012      0.268504888    
  0.560000002      0.279941648    
  0.569999993      0.292948812    
  0.579999983      0.307642043    
  0.589999974      0.324168980    
  0.599999964      0.342691392    
  0.610000014      0.363346428    
  0.620000005      0.386167884    
  0.629999995      0.410904616    
  0.639999986      0.436605304    
  0.649999976      0.460659593    
  0.659999967      0.476803511    
  0.669999957      0.477254242    
  0.680000007      0.477934539    
  0.689999998      0.480760902    
  0.699999988      0.484908432    
  0.709999979      0.490044624    
  0.719999969      0.495997518    
  0.729999959      0.502655029    
  0.740000010      0.509965479    
  0.750000000      0.517889559    
  0.759999990      0.526406288    
  0.769999981      0.535506368    
  0.779999971      0.545193553    
  0.789999962      0.555472434    
  0.799999952      0.566359520    
  0.810000002      0.577874064    
  0.819999993      0.590039134    
  0.829999983      0.602885127    
  0.839999974      0.616445780    
  0.849999964      0.630757570    
  0.859999955      0.645861864    
  0.870000005      0.661803424    
  0.879999995      0.678628266    
  0.889999986      0.696384192    
  0.899999976      0.715116262    
  0.909999967      0.734863579    
  0.919999957      0.755653679    
  0.930000007      0.777489543    
  0.939999998      0.800332189    
  0.949999988      0.824067175    
  0.959999979      0.848452568    
  0.969999969      0.873017609    
  0.979999959      0.896886647    
  0.989999950      0.918430448    
   1.00000000      0.934559524    
   1.00999999      0.944432497    
   1.01999998      0.952580452    
   1.02999997      0.960001767    
   1.03999996      0.967050672    
   1.04999995      0.973899961    
   1.05999994      0.980643332    
   1.06999993      0.987340868    
   1.07999992      0.994025111    
   1.09000003       1.00072169    
   1.10000002       1.00744534    
   1.11000001       1.01420808    
   1.12000000       1.02101660    
   1.13000000       1.02787733    
   1.13999999       1.03479254    
   1.14999998       1.04176748    
   1.15999997       1.04880071    
   1.16999996       1.05589652    
   1.17999995       1.06305695    
   1.18999994       1.07027960    
   1.19999993       1.07756841    
   1.20999992       1.08492124    
   1.22000003       1.09234214    
   1.23000002       1.09982896    
   1.24000001       1.10738182    
   1.25000000       1.11500263    
   1.25999999       1.12269187    
   1.26999998       1.13045049    
   1.27999997       1.13827753    
   1.28999996       1.14617348    
   1.29999995       1.15413976    
   1.30999994       1.16217613    
   1.31999993       1.17028332    
   1.32999992       1.17846274    
   1.33999991       1.18671346    
   1.35000002       1.19503808    
   1.36000001       1.20343506    
   1.37000000       1.21190763    
   1.38000000       1.22045481    
   1.38999999       1.22907627    
   1.39999998       1.23777533    
   1.40999997       1.24655128    
   1.41999996       1.25540578    
   1.42999995       1.26433802    
   1.43999994       1.27335179    
   1.44999993       1.28244436    
   1.45999992       1.29161954    
   1.46999991       1.30087721    
   1.48000002       1.31021845    
   1.49000001       1.31964302    
   1.50000000       1.32915139    
   1.50999999       1.33874822    
   1.51999998       1.34842980    
   1.52999997       1.35820234    
   1.53999996       1.36806369    
   1.54999995       1.37801230    
   1.55999994       1.38805413    
   1.56999993       1.39818799    
   1.57999992       1.40841365    
   1.58999991       1.41873276    
   1.59999990       1.42914844    
   1.61000001       1.43965793    
   1.62000000       1.45026433    
   1.63000000       1.46097183    
   1.63999999       1.47177303    
   1.64999998       1.48267484    
   1.65999997       1.49367690    
   1.66999996       1.50477839    
   1.67999995       1.51598024    
   1.68999994       1.52728617    
   1.69999993       1.53869200    
   1.70999992       1.55020082    
   1.71999991       1.56181049    
   1.73000002       1.57352257    
   1.74000001       1.58533692    
   1.75000000       1.59725428    
   1.75999999       1.60926986    
   1.76999998       1.62138629    
   1.77999997       1.63360238    
   1.78999996       1.64591610    
   1.79999995       1.65832376    
   1.80999994       1.67082644    
   1.81999993       1.68341792    
   1.82999992       1.69609749    
   1.83999991       1.70886016    
   1.84999990       1.72170401    
   1.86000001       1.73461950    
   1.87000000       1.74760425    
   1.88000000       1.76064849    
   1.88999999       1.77374566    
   1.89999998       1.78688514    
   1.90999997       1.80005717    
   1.91999996       1.81324911    
   1.92999995       1.82644451    
   1.93999994       1.83963144    
   1.94999993       1.85278630    
   1.95999992       1.86589086    
   1.96999991       1.87891722    
   1.97999990       1.89184093    
   1.99000001       1.90462458    
   2.00000000       1.91723299    
   2.00999999       1.92943275    
   2.01999998       1.94109178    
   2.02999997       1.95230448    
   2.03999996       1.96313775    
   2.04999995       1.97364378    
   2.05999994       1.98386407    
   2.06999993       1.99383640    
   2.07999992       2.00358295    
   2.08999991       2.01313376    
   2.09999990       2.02250504    
   2.10999990       2.03171754    
   2.11999989       2.04078412    
   2.12999988       2.04971814    
   2.13999987       2.05853009    
   2.14999986       2.06723428    
   2.15999985       2.07583547    
   2.16999984       2.08434558    
   2.18000007       2.09276676    
   2.19000006       2.10110760    
   2.20000005       2.10937595    
   2.21000004       2.11757326    
   2.22000003       2.12570953    
   2.23000002       2.13378692    
   2.24000001       2.14180684    
   2.25000000       2.14977336    
   2.25999999       2.15769148    
   2.26999998       2.16556573    
   2.27999997       2.17339396    
   2.28999996       2.18118119    
   2.29999995       2.18893170    
   2.30999994       2.19664574    
   2.31999993       2.20432448    
   2.32999992       2.21197200    
   2.33999991       2.21958756    
   2.34999990       2.22717261    
   2.35999990       2.23473334    
   2.36999989       2.24226570    
   2.37999988       2.24977374    
   2.38999987       2.25725889    
   2.39999986       2.26471877    
   2.40999985       2.27215981    
   2.41999984       2.27957964    
   2.42999983       2.28697872    
   2.44000006       2.29436016    
   2.45000005       2.30172157    
   2.46000004       2.30906796    
   2.47000003       2.31639743    
   2.48000002       2.32371020    
   2.49000001       2.33100152    
   2.50000000       2.33829308    
   2.50999999       2.34556007    
   2.51999998       2.35281801    
   2.52999997       2.36006117    
   2.53999996       2.36728907    
   2.54999995       2.37450862    
   2.55999994       2.38171816    
   2.56999993       2.38891506    
   2.57999992       2.39609861    
   2.58999991       2.40327573    
   2.59999990       2.41044092    
   2.60999990       2.41759443    
   2.61999989       2.42474318    
   2.62999988       2.43187928    
   2.63999987       2.43900943    
   2.64999986       2.44612956    
   2.65999985       2.45324302    
   2.66999984       2.46034813    
   2.67999983       2.46744323    
   2.69000006       2.47453642    
   2.70000005       2.48161912    
   2.71000004       2.48869205    
   2.72000003       2.49576354    
   2.73000002       2.50282669    
   2.74000001       2.50988197    
   2.75000000       2.51693320    
   2.75999999       2.52397728    
   2.76999998       2.53101611    
   2.77999997       2.53804922    
   2.78999996       2.54507685    
   2.79999995       2.55209994    
   2.80999994       2.55911803    
   2.81999993       2.56612921    
   2.82999992       2.57313681    
   2.83999991       2.58014250    
   2.84999990       2.58713984    
   2.85999990       2.59413242    
   2.86999989       2.60112190    
   2.87999988       2.60810733    
   2.88999987       2.61509061    
   2.89999986       2.62206364    
   2.90999985       2.62903833    
   2.91999984       2.63601136    
   2.92999983       2.64297175    
   2.93999982       2.64993596    
   2.95000005       2.65689182    
   2.96000004       2.66384745    
   2.97000003       2.67079592    
   2.98000002       2.67774582    
   2.99000001       2.68468952    
   3.00000000       2.69163179    
   3.00999999       2.69856977    
   3.01999998       2.70550561    
   3.02999997       2.71243811    
   3.03999996       2.71936798    
   3.04999995       2.72629333    
   3.05999994       2.73321533    
   3.06999993       2.74013615    
   3.07999992       2.74705577    
   3.08999991       2.75397086    
   3.09999990       2.76088333    
   3.10999990       2.76779222    
   3.11999989       2.77470136    
   3.12999988       2.78160739    
   3.13999987       2.78851008    
   3.14999986       2.79540968    
   3.15999985       2.80231237    
   3.16999984       2.80920768    
   3.17999983       2.81610155    
   3.18999982       2.82299328    
   3.19999981       2.82988334    
   3.21000004       2.83676910    
   3.22000003       2.84365416    
   3.23000002       2.85053706    
   3.24000001       2.85741925    
   3.25000000       2.86430025    
   3.25999999       2.87117648    
   3.26999998       2.87805200    
   3.27999997       2.88492775    
   3.28999996       2.89180112    
   3.29999995       2.89867091    
   3.30999994       2.90553737    
   3.31999993       2.91240478    
   3.32999992       2.91927052    
   3.33999991       2.92613149    
   3.34999990       2.93299508    
   3.35999990       2.93985438    
   3.36999989       2.94671440    
   3.37999988       2.95357347    
   3.38999987       2.96042562    
   3.39999986       2.96728063    
   3.40999985       2.97413206    
   3.41999984       2.98097992    
   3.42999983       2.98783159    
   3.43999982       2.99467969    
   3.44999981       3.00152493    
   3.46000004       3.00836945    
   3.47000003       3.01521468    
   3.48000002       3.02205682    
   3.49000001       3.02889752    
   3.50000000       3.03573680    
   3.50999999       3.04257369    
