   9.99999978E-03   5.73669153E-04
   1.99999996E-02   1.01779203E-03
   2.99999993E-02   1.35961547E-03
   3.99999991E-02   1.64387398E-03
   4.99999970E-02   2.09367974E-03
   5.99999987E-02   2.19736830E-03
   7.00000003E-02   2.39509251E-03
   7.99999982E-02   2.78551294E-03
   8.99999961E-02   3.17970873E-03
   9.99999940E-02   3.44437431E-03
  0.109999999       3.58208502E-03
  0.119999997       3.66114592E-03
  0.129999995       3.75749520E-03
  0.140000001       3.92729323E-03
  0.149999991       4.20759618E-03
  0.159999996       4.63891122E-03
  0.170000002       5.37939230E-03
  0.179999992       6.23106724E-03
  0.189999998       7.46919820E-03
  0.199999988       8.92921630E-03
  0.209999993       1.10279871E-02
  0.219999999       1.26385828E-02
  0.229999989       1.60767902E-02
  0.239999995       1.89374946E-02
  0.250000000       2.12585367E-02
  0.259999990       2.63699479E-02
  0.269999981       3.18873711E-02
  0.280000001       3.45793068E-02
  0.289999992       3.84622402E-02
  0.299999982       4.56559658E-02
  0.310000002       5.44927567E-02
  0.319999993       6.21342920E-02
  0.329999983       6.42178878E-02
  0.340000004       6.86706528E-02
  0.349999994       7.68427625E-02
  0.359999985       8.75608176E-02
  0.370000005      0.100507684    
  0.379999995      0.114020772    
  0.389999986      0.122923359    
  0.399999976      0.122640833    
  0.409999996      0.127162978    
  0.419999987      0.134961411    
  0.429999977      0.145121023    
  0.439999998      0.157619536    
  0.449999988      0.172593504    
  0.459999979      0.190085396    
  0.469999999      0.209607944    
  0.479999989      0.229083270    
  0.489999980      0.242629692    
  0.500000000      0.241687015    
  0.509999990      0.242578208    
  0.519999981      0.247402087    
  0.529999971      0.254304826    
  0.539999962      0.262858748    
  0.550000012      0.272929966    
  0.560000002      0.284515262    
  0.569999993      0.297683030    
  0.579999983      0.312547117    
  0.589999974      0.329253167    
  0.599999964      0.347958833    
  0.610000014      0.368794531    
  0.620000005      0.391782761    
  0.629999995      0.416658103    
  0.639999986      0.442444324    
  0.649999976      0.466510624    
  0.659999967      0.482615948    
  0.669999957      0.483111650    
  0.680000007      0.483854949    
  0.689999998      0.486741543    
  0.699999988      0.490952164    
  0.709999979      0.496154279    
  0.719999969      0.502176642    
  0.729999959      0.508906543    
  0.740000010      0.516293526    
  0.750000000      0.524296463    
  0.759999990      0.532894731    
  0.769999981      0.542080104    
  0.779999971      0.551854551    
  0.789999962      0.562224329    
  0.799999952      0.573203266    
  0.810000002      0.584811270    
  0.819999993      0.597073078    
  0.829999983      0.610016465    
  0.839999974      0.623675764    
  0.849999964      0.638087213    
  0.859999955      0.653290808    
  0.870000005      0.669330239    
  0.879999995      0.686251879    
  0.889999986      0.704100609    
  0.899999976      0.722920895    
  0.909999967      0.742749333    
  0.919999957      0.763610601    
  0.930000007      0.785508513    
  0.939999998      0.808395445    
  0.949999988      0.832156658    
  0.959999979      0.856542945    
  0.969999969      0.881083667    
  0.979999959      0.904901624    
  0.989999950      0.926380992    
   1.00000000      0.942476153    
   1.00999999      0.952380419    
   1.01999998      0.960571110    
   1.02999997      0.968039751    
   1.03999996      0.975135446    
   1.04999995      0.982033193    
   1.05999994      0.988825917    
   1.06999993      0.995570242    
   1.07999992       1.00230217    
   1.09000003       1.00904655    
   1.10000002       1.01581717    
   1.11000001       1.02262735    
   1.12000000       1.02948225    
   1.13000000       1.03638995    
   1.13999999       1.04335022    
   1.14999998       1.05037177    
   1.15999997       1.05745292    
   1.16999996       1.06459486    
   1.17999995       1.07180107    
   1.18999994       1.07907093    
   1.19999993       1.08640504    
   1.20999992       1.09380496    
   1.22000003       1.10127079    
   1.23000002       1.10880315    
   1.24000001       1.11640310    
   1.25000000       1.12407112    
   1.25999999       1.13180459    
   1.26999998       1.13961005    
   1.27999997       1.14748287    
   1.28999996       1.15542388    
   1.29999995       1.16343594    
   1.30999994       1.17151892    
   1.31999993       1.17967117    
   1.32999992       1.18789494    
   1.33999991       1.19619203    
   1.35000002       1.20456147    
   1.36000001       1.21300364    
   1.37000000       1.22152019    
   1.38000000       1.23011315    
   1.38999999       1.23877990    
   1.39999998       1.24752510    
   1.40999997       1.25634241    
   1.41999996       1.26524222    
   1.42999995       1.27422071    
   1.43999994       1.28327692    
   1.44999993       1.29241419    
   1.45999992       1.30163264    
   1.46999991       1.31093252    
   1.48000002       1.32031631    
   1.49000001       1.32978511    
   1.50000000       1.33933592    
   1.50999999       1.34897363    
   1.51999998       1.35869884    
   1.52999997       1.36851180    
   1.53999996       1.37841213    
   1.54999995       1.38840473    
   1.55999994       1.39848483    
   1.56999993       1.40865922    
   1.57999992       1.41892290    
   1.58999991       1.42928207    
   1.59999990       1.43973529    
   1.61000001       1.45028305    
   1.62000000       1.46092594    
   1.63000000       1.47166932    
   1.63999999       1.48250711    
   1.64999998       1.49344385    
   1.65999997       1.50447917    
   1.66999996       1.51561320    
   1.67999995       1.52684891    
   1.68999994       1.53818512    
   1.69999993       1.54962027    
   1.70999992       1.56115818    
   1.71999991       1.57279623    
   1.73000002       1.58453608    
   1.74000001       1.59637702    
   1.75000000       1.60831773    
   1.75999999       1.62035763    
   1.76999998       1.63249636    
   1.77999997       1.64473188    
   1.78999996       1.65706575    
   1.79999995       1.66949058    
   1.80999994       1.68200791    
   1.81999993       1.69461644    
   1.82999992       1.70730746    
   1.83999991       1.72008240    
   1.84999990       1.73293519    
   1.86000001       1.74585879    
   1.87000000       1.75884771    
   1.88000000       1.77189624    
   1.88999999       1.78499436    
   1.89999998       1.79813385    
   1.90999997       1.81130314    
   1.91999996       1.82448971    
   1.92999995       1.83768010    
   1.93999994       1.85085869    
   1.94999993       1.86400259    
   1.95999992       1.87709475    
   1.96999991       1.89010954    
   1.97999990       1.90301728    
   1.99000001       1.91578615    
   2.00000000       1.92837965    
   2.00999999       1.94056249    
   2.01999998       1.95221078    
   2.02999997       1.96341252    
   2.03999996       1.97423828    
   2.04999995       1.98474014    
   2.05999994       1.99495769    
   2.06999993       2.00492811    
   2.07999992       2.01467609    
   2.08999991       2.02422738    
   2.09999990       2.03360367    
   2.10999990       2.04281831    
   2.11999989       2.05188990    
   2.12999988       2.06083059    
   2.13999987       2.06965065    
   2.14999986       2.07836127    
   2.15999985       2.08697152    
   2.16999984       2.09548903    
   2.18000007       2.10391974    
   2.19000006       2.11227369    
   2.20000005       2.12055159    
   2.21000004       2.12875819    
   2.22000003       2.13690782    
   2.23000002       2.14499760    
   2.24000001       2.15303040    
   2.25000000       2.16101003    
   2.25999999       2.16893935    
   2.26999998       2.17682528    
   2.27999997       2.18466783    
   2.28999996       2.19246817    
   2.29999995       2.20023441    
   2.30999994       2.20796180    
   2.31999993       2.21565676    
   2.32999992       2.22331762    
   2.33999991       2.23094893    
   2.34999990       2.23855138    
   2.35999990       2.24612641    
   2.36999989       2.25367355    
   2.37999988       2.26119661    
   2.38999987       2.26869774    
   2.39999986       2.27617574    
   2.40999985       2.28362918    
   2.41999984       2.29106688    
   2.42999983       2.29848075    
   2.44000006       2.30588078    
   2.45000005       2.31325936    
   2.46000004       2.32062006    
   2.47000003       2.32796741    
   2.48000002       2.33529544    
   2.49000001       2.34260464    
   2.50000000       2.34991217    
   2.50999999       2.35719943    
   2.51999998       2.36447120    
   2.52999997       2.37173343    
   2.53999996       2.37898088    
   2.54999995       2.38621402    
   2.55999994       2.39344215    
   2.56999993       2.40065622    
   2.57999992       2.40786099    
   2.58999991       2.41505122    
   2.59999990       2.42223573    
   2.60999990       2.42940950    
   2.61999989       2.43657351    
   2.62999988       2.44372988    
   2.63999987       2.45087457    
   2.64999986       2.45801592    
   2.65999985       2.46514726    
   2.66999984       2.47226763    
   2.67999983       2.47938180    
   2.69000006       2.48648977    
   2.70000005       2.49359465    
   2.71000004       2.50068736    
   2.72000003       2.50777507    
   2.73000002       2.51485729    
   2.74000001       2.52193141    
   2.75000000       2.52899909    
   2.75999999       2.53606296    
   2.76999998       2.54311895    
   2.77999997       2.55016923    
   2.78999996       2.55721712    
   2.79999995       2.56426096    
   2.80999994       2.57129455    
   2.81999993       2.57832479    
   2.82999992       2.58535051    
   2.83999991       2.59237218    
   2.84999990       2.59939027    
   2.85999990       2.60640168    
   2.86999989       2.61340952    
   2.87999988       2.62041521    
   2.88999987       2.62741327    
   2.89999986       2.63440990    
   2.90999985       2.64140034    
   2.91999984       2.64839005    
   2.92999983       2.65537143    
   2.93999982       2.66235614    
   2.95000005       2.66932988    
   2.96000004       2.67630506    
   2.97000003       2.68327522    
   2.98000002       2.69024038    
   2.99000001       2.69720244    
   3.00000000       2.70416427    
   3.00999999       2.71112061    
   3.01999998       2.71807671    
   3.02999997       2.72502589    
   3.03999996       2.73197460    
   3.04999995       2.73892093    
   3.05999994       2.74586511    
   3.06999993       2.75280428    
   3.07999992       2.75974083    
   3.08999991       2.76667571    
   3.09999990       2.77360892    
   3.10999990       2.78053856    
   3.11999989       2.78746390    
   3.12999988       2.79438877    
   3.13999987       2.80131221    
   3.14999986       2.80823016    
   3.15999985       2.81514978    
   3.16999984       2.82206655    
   3.17999983       2.82897925    
   3.18999982       2.83588910    
   3.19999981       2.84279823    
   3.21000004       2.84970689    
   3.22000003       2.85660982    
   3.23000002       2.86351132    
   3.24000001       2.87041306    
   3.25000000       2.87731361    
   3.25999999       2.88420939    
   3.26999998       2.89110327    
   3.27999997       2.89799762    
   3.28999996       2.90488911    
   3.29999995       2.91177869    
   3.30999994       2.91866803    
   3.31999993       2.92555165    
   3.32999992       2.93243647    
   3.33999991       2.93931961    
   3.34999990       2.94619966    
   3.35999990       2.95307994    
   3.36999989       2.95995855    
   3.37999988       2.96683121    
   3.38999987       2.97370934    
   3.39999986       2.98058200    
   3.40999985       2.98745298    
   3.41999984       2.99432421    
   3.42999983       3.00119114    
   3.43999982       3.00805879    
   3.44999981       3.01492500    
   3.46000004       3.02179003    
   3.47000003       3.02865481    
   3.48000002       3.03551507    
   3.49000001       3.04237604    
   3.50000000       3.04923630    
   3.50999999       3.05609274    
