   9.99999978E-03   5.80646563E-04
   1.99999996E-02   1.02747045E-03
   2.99999993E-02   1.36015750E-03
   3.99999991E-02   1.66484236E-03
   4.99999970E-02   2.11395416E-03
   5.99999987E-02   2.24780734E-03
   7.00000003E-02   2.40859622E-03
   7.99999982E-02   2.77759228E-03
   8.99999961E-02   3.18637071E-03
   9.99999940E-02   3.48964380E-03
  0.109999999       3.66814318E-03
  0.119999997       3.79123725E-03
  0.129999995       3.94162862E-03
  0.140000001       4.18770919E-03
  0.149999991       4.57400689E-03
  0.159999996       5.14020026E-03
  0.170000002       6.09547133E-03
  0.179999992       7.21213175E-03
  0.189999998       8.73143692E-03
  0.199999988       1.06147183E-02
  0.209999993       1.31355757E-02
  0.219999999       1.51683157E-02
  0.229999989       1.93586648E-02
  0.239999995       2.26500314E-02
  0.250000000       2.55622230E-02
  0.259999990       3.16915885E-02
  0.269999981       3.79945375E-02
  0.280000001       4.10189964E-02
  0.289999992       4.57738228E-02
  0.299999982       5.42191491E-02
  0.310000002       6.42829314E-02
  0.319999993       7.25951195E-02
  0.329999983       7.49019086E-02
  0.340000004       8.02396685E-02
  0.349999994       8.96724537E-02
  0.359999985      0.101855680    
  0.370000005      0.116280131    
  0.379999995      0.130890772    
  0.389999986      0.140094534    
  0.399999976      0.139948681    
  0.409999996      0.145212606    
  0.419999987      0.154026538    
  0.429999977      0.165403932    
  0.439999998      0.179286256    
  0.449999988      0.195758179    
  0.459999979      0.214759469    
  0.469999999      0.235605776    
  0.479999989      0.255903572    
  0.489999980      0.269540399    
  0.500000000      0.268622398    
  0.509999990      0.269935995    
  0.519999981      0.275343418    
  0.529999971      0.282953560    
  0.539999962      0.292317897    
  0.550000012      0.303292692    
  0.560000002      0.315866172    
  0.569999993      0.330096871    
  0.579999983      0.346088201    
  0.589999974      0.363967329    
  0.599999964      0.383862138    
  0.610000014      0.405858487    
  0.620000005      0.429906875    
  0.629999995      0.455633819    
  0.639999986      0.481923163    
  0.649999976      0.506025195    
  0.659999967      0.521875203    
  0.669999957      0.522699296    
  0.680000007      0.523871183    
  0.689999998      0.527169585    
  0.699999988      0.531803429    
  0.709999979      0.537448764    
  0.719999969      0.543930948    
  0.729999959      0.551148534    
  0.740000010      0.559039414    
  0.750000000      0.567564785    
  0.759999990      0.576700747    
  0.769999981      0.586447775    
  0.779999971      0.596797347    
  0.789999962      0.607756495    
  0.799999952      0.619338989    
  0.810000002      0.631503344    
  0.819999993      0.644448400    
  0.829999983      0.658024609    
  0.839999974      0.672321081    
  0.849999964      0.687370181    
  0.859999955      0.703208148    
  0.870000005      0.719873369    
  0.879999995      0.737403810    
  0.889999986      0.755837977    
  0.899999976      0.775208652    
  0.909999967      0.795540571    
  0.919999957      0.816843033    
  0.930000007      0.839097381    
  0.939999998      0.862239540    
  0.949999988      0.886127412    
  0.959999979      0.910490215    
  0.969999969      0.934838295    
  0.979999959      0.958310544    
  0.989999950      0.979371130    
   1.00000000      0.995249271    
   1.00999999       1.00534785    
   1.01999998       1.01381803    
   1.02999997       1.02158892    
   1.03999996       1.02899694    
   1.04999995       1.03620577    
   1.05999994       1.04331172    
   1.06999993       1.05036914    
   1.07999992       1.05741179    
   1.09000003       1.06446588    
   1.10000002       1.07154608    
   1.11000001       1.07866311    
   1.12000000       1.08582389    
   1.13000000       1.09303653    
   1.13999999       1.10030329    
   1.14999998       1.10762763    
   1.15999997       1.11500871    
   1.16999996       1.12245739    
   1.17999995       1.12996542    
   1.18999994       1.13753629    
   1.19999993       1.14517188    
   1.20999992       1.15287364    
   1.22000003       1.16064000    
   1.23000002       1.16847336    
   1.24000001       1.17637253    
   1.25000000       1.18433845    
   1.25999999       1.19237268    
   1.26999998       1.20047629    
   1.27999997       1.20864725    
   1.28999996       1.21688676    
   1.29999995       1.22519600    
   1.30999994       1.23357320    
   1.31999993       1.24202311    
   1.32999992       1.25054181    
   1.33999991       1.25913489    
   1.35000002       1.26779819    
   1.36000001       1.27653384    
   1.37000000       1.28534353    
   1.38000000       1.29422522    
   1.38999999       1.30318296    
   1.39999998       1.31221592    
   1.40999997       1.32132590    
   1.41999996       1.33050931    
   1.42999995       1.33977127    
   1.43999994       1.34911299    
   1.44999993       1.35853350    
   1.45999992       1.36803138    
   1.46999991       1.37760866    
   1.48000002       1.38726997    
   1.49000001       1.39701176    
   1.50000000       1.40683675    
   1.50999999       1.41674531    
   1.51999998       1.42673767    
   1.52999997       1.43681598    
   1.53999996       1.44697654    
   1.54999995       1.45722938    
   1.55999994       1.46756637    
   1.56999993       1.47799242    
   1.57999992       1.48850715    
   1.58999991       1.49911141    
   1.59999990       1.50980568    
   1.61000001       1.52059281    
   1.62000000       1.53146970    
   1.63000000       1.54243875    
   1.63999999       1.55350077    
   1.64999998       1.56465602    
   1.65999997       1.57590663    
   1.66999996       1.58724952    
   1.67999995       1.59868753    
   1.68999994       1.61021936    
   1.69999993       1.62184560    
   1.70999992       1.63356531    
   1.71999991       1.64537907    
   1.73000002       1.65728843    
   1.74000001       1.66928363    
   1.75000000       1.68138194    
   1.75999999       1.69356585    
   1.76999998       1.70583999    
   1.77999997       1.71820307    
   1.78999996       1.73065186    
   1.79999995       1.74318433    
   1.80999994       1.75579917    
   1.81999993       1.76849210    
   1.82999992       1.78126132    
   1.83999991       1.79409897    
   1.84999990       1.80700290    
   1.86000001       1.81996548    
   1.87000000       1.83298361    
   1.88000000       1.84604669    
   1.88999999       1.85914922    
   1.89999998       1.87227726    
   1.90999997       1.88542449    
   1.91999996       1.89857757    
   1.92999995       1.91172063    
   1.93999994       1.92483866    
   1.94999993       1.93791413    
   1.95999992       1.95092571    
   1.96999991       1.96384966    
   1.97999990       1.97666097    
   1.99000001       1.98932719    
   2.00000000       2.00181556    
   2.00999999       2.01389980    
   2.01999998       2.02546597    
   2.02999997       2.03660893    
   2.03999996       2.04738784    
   2.04999995       2.05785704    
   2.05999994       2.06805658    
   2.06999993       2.07801819    
   2.07999992       2.08776879    
   2.08999991       2.09733248    
   2.09999990       2.10672808    
   2.10999990       2.11596942    
   2.11999989       2.12507343    
   2.12999988       2.13405371    
   2.13999987       2.14291787    
   2.14999986       2.15167904    
   2.15999985       2.16034412    
   2.16999984       2.16892123    
   2.18000007       2.17741466    
   2.19000006       2.18583155    
   2.20000005       2.19417858    
   2.21000004       2.20246196    
   2.22000003       2.21068382    
   2.23000002       2.21884894    
   2.24000001       2.22696066    
   2.25000000       2.23502254    
   2.25999999       2.24304032    
   2.26999998       2.25101042    
   2.27999997       2.25894117    
   2.28999996       2.26683235    
   2.29999995       2.27468967    
   2.30999994       2.28251052    
   2.31999993       2.29029775    
   2.32999992       2.29805493    
   2.33999991       2.30578160    
   2.34999990       2.31348419    
   2.35999990       2.32115531    
   2.36999989       2.32880497    
   2.37999988       2.33642936    
   2.38999987       2.34403253    
   2.39999986       2.35161114    
   2.40999985       2.35917068    
   2.41999984       2.36671305    
   2.42999983       2.37423587    
   2.44000006       2.38173795    
   2.45000005       2.38922429    
   2.46000004       2.39669466    
   2.47000003       2.40414906    
   2.48000002       2.41158700    
   2.49000001       2.41900754    
   2.50000000       2.42642546    
   2.50999999       2.43382120    
   2.51999998       2.44120526    
   2.52999997       2.44857788    
   2.53999996       2.45593643    
   2.54999995       2.46328664    
   2.55999994       2.47062516    
   2.56999993       2.47795248    
   2.57999992       2.48526978    
   2.58999991       2.49257612    
   2.59999990       2.49987674    
   2.60999990       2.50716352    
   2.61999989       2.51444340    
   2.62999988       2.52171612    
   2.63999987       2.52897859    
   2.64999986       2.53623414    
   2.65999985       2.54348254    
   2.66999984       2.55072355    
   2.67999983       2.55795479    
   2.69000006       2.56518006    
   2.70000005       2.57239747    
   2.71000004       2.57961106    
   2.72000003       2.58681798    
   2.73000002       2.59401751    
   2.74000001       2.60121202    
   2.75000000       2.60840058    
   2.75999999       2.61558270    
   2.76999998       2.62275958    
   2.77999997       2.62993026    
   2.78999996       2.63709807    
   2.79999995       2.64425755    
   2.80999994       2.65141368    
   2.81999993       2.65856576    
   2.82999992       2.66571212    
   2.83999991       2.67285609    
   2.84999990       2.67999339    
   2.85999990       2.68712902    
   2.86999989       2.69425583    
   2.87999988       2.70138311    
   2.88999987       2.70850468    
   2.89999986       2.71562099    
   2.90999985       2.72273588    
   2.91999984       2.72984529    
   2.92999983       2.73695159    
   2.93999982       2.74405742    
   2.95000005       2.75115371    
   2.96000004       2.75824976    
   2.97000003       2.76534486    
   2.98000002       2.77243400    
   2.99000001       2.77952313    
   3.00000000       2.78660250    
   3.00999999       2.79368353    
   3.01999998       2.80076218    
   3.02999997       2.80783701    
   3.03999996       2.81490612    
   3.04999995       2.82197666    
   3.05999994       2.82904410    
   3.06999993       2.83610678    
   3.07999992       2.84317040    
   3.08999991       2.85022759    
   3.09999990       2.85728455    
   3.10999990       2.86433840    
   3.11999989       2.87139034    
   3.12999988       2.87843943    
   3.13999987       2.88548636    
   3.14999986       2.89253235    
   3.15999985       2.89957380    
   3.16999984       2.90661407    
   3.17999983       2.91365004    
   3.18999982       2.92068458    
   3.19999981       2.92772341    
   3.21000004       2.93475103    
   3.22000003       2.94178343    
   3.23000002       2.94880986    
   3.24000001       2.95583677    
   3.25000000       2.96286035    
   3.25999999       2.96988249    
   3.26999998       2.97690511    
   3.27999997       2.98392558    
   3.28999996       2.99093890    
   3.29999995       2.99795723    
   3.30999994       3.00497055    
   3.31999993       3.01198292    
   3.32999992       3.01899123    
   3.33999991       3.02600002    
   3.34999990       3.03300881    
   3.35999990       3.04001260    
   3.36999989       3.04701662    
   3.37999988       3.05401874    
   3.38999987       3.06101847    
   3.39999986       3.06802058    
   3.40999985       3.07501793    
   3.41999984       3.08201361    
   3.42999983       3.08900809    
   3.43999982       3.09600210    
   3.44999981       3.10299587    
   3.46000004       3.10998583    
   3.47000003       3.11697626    
   3.48000002       3.12396431    
   3.49000001       3.13094950    
   3.50000000       3.13793612    
   3.50999999       3.14492106    
