   9.99999978E-03   5.80388878E-04
   1.99999996E-02   1.02786499E-03
   2.99999993E-02   1.36044517E-03
   3.99999991E-02   1.66671060E-03
   4.99999970E-02   2.11515208E-03
   5.99999987E-02   2.25178525E-03
   7.00000003E-02   2.40995968E-03
   7.99999982E-02   2.77703162E-03
   8.99999961E-02   3.18673975E-03
   9.99999940E-02   3.49296909E-03
  0.109999999       3.67498142E-03
  0.119999997       3.80213466E-03
  0.129999995       3.95769114E-03
  0.140000001       4.21095779E-03
  0.149999991       4.60696314E-03
  0.159999996       5.18544251E-03
  0.170000002       6.15946576E-03
  0.179999992       7.29988841E-03
  0.189999998       8.84326361E-03
  0.199999988       1.07639460E-02
  0.209999993       1.33198397E-02
  0.219999999       1.53895523E-02
  0.229999989       1.96429715E-02
  0.239999995       2.29696296E-02
  0.250000000       2.59328652E-02
  0.259999990       3.21468152E-02
  0.269999981       3.85128409E-02
  0.280000001       4.15623859E-02
  0.289999992       4.63934317E-02
  0.299999982       5.49416132E-02
  0.310000002       6.51036799E-02
  0.319999993       7.34679699E-02
  0.329999983       7.57943690E-02
  0.340000004       8.12055469E-02
  0.349999994       9.07410607E-02
  0.359999985      0.103042327    
  0.370000005      0.117583573    
  0.379999995      0.132278726    
  0.389999986      0.141504645    
  0.399999976      0.141372323    
  0.409999996      0.146696821    
  0.419999987      0.155592799    
  0.429999977      0.167067692    
  0.439999998      0.181060046    
  0.449999988      0.197649837    
  0.459999979      0.216768220    
  0.469999999      0.237715557    
  0.479999989      0.258074105    
  0.489999980      0.271716297    
  0.500000000      0.270803005    
  0.509999990      0.272151083    
  0.519999981      0.277605683    
  0.529999971      0.285272062    
  0.539999962      0.294700861    
  0.550000012      0.305746794    
  0.560000002      0.318398029    
  0.569999993      0.332711786    
  0.579999983      0.348790586    
  0.589999974      0.366760492    
  0.599999964      0.386746854    
  0.610000014      0.408831298    
  0.620000005      0.432958931    
  0.629999995      0.458747506    
  0.639999986      0.485071808    
  0.649999976      0.509174168    
  0.659999967      0.525004566    
  0.669999957      0.525856256    
  0.680000007      0.527061522    
  0.689999998      0.530393481    
  0.699999988      0.535061717    
  0.709999979      0.540741086    
  0.719999969      0.547259927    
  0.729999959      0.554515243    
  0.740000010      0.562445581    
  0.750000000      0.571012259    
  0.759999990      0.580191195    
  0.769999981      0.589981496    
  0.779999971      0.600375235    
  0.789999962      0.611379683    
  0.799999952      0.623008668    
  0.810000002      0.635279000    
  0.819999993      0.648214042    
  0.829999983      0.661839187    
  0.839999974      0.676183581    
  0.849999964      0.691281021    
  0.859999955      0.707167089    
  0.870000005      0.723879158    
  0.879999995      0.741455972    
  0.889999986      0.759932816    
  0.899999976      0.779343903    
  0.909999967      0.799712479    
  0.919999957      0.821046770    
  0.930000007      0.843326509    
  0.939999998      0.866485775    
  0.949999988      0.890380204    
  0.959999979      0.914738953    
  0.969999969      0.939071000    
  0.979999959      0.962514281    
  0.989999950      0.983542621    
   1.00000000      0.999404490    
   1.00999999       1.00951850    
   1.01999998       1.01800871    
   1.02999997       1.02580297    
   1.03999996       1.03323364    
   1.04999995       1.04046941    
   1.05999994       1.04759932    
   1.06999993       1.05467892    
   1.07999992       1.06174624    
   1.09000003       1.06882429    
   1.10000002       1.07592797    
   1.11000001       1.08306801    
   1.12000000       1.09025323    
   1.13000000       1.09749031    
   1.13999999       1.10477960    
   1.14999998       1.11212730    
   1.15999997       1.11953294    
   1.16999996       1.12700427    
   1.17999995       1.13453400    
   1.18999994       1.14213049    
   1.19999993       1.14978909    
   1.20999992       1.15751362    
   1.22000003       1.16530263    
   1.23000002       1.17315960    
   1.24000001       1.18108261    
   1.25000000       1.18907285    
   1.25999999       1.19712877    
   1.26999998       1.20525539    
   1.27999997       1.21344793    
   1.28999996       1.22171187    
   1.29999995       1.23004198    
   1.30999994       1.23844326    
   1.31999993       1.24691522    
   1.32999992       1.25545835    
   1.33999991       1.26407254    
   1.35000002       1.27276003    
   1.36000001       1.28151703    
   1.37000000       1.29034853    
   1.38000000       1.29925454    
   1.38999999       1.30823386    
   1.39999998       1.31728923    
   1.40999997       1.32641888    
   1.41999996       1.33562601    
   1.42999995       1.34491146    
   1.43999994       1.35427272    
   1.44999993       1.36371350    
   1.45999992       1.37323332    
   1.46999991       1.38283455    
   1.48000002       1.39251506    
   1.49000001       1.40227950    
   1.50000000       1.41212404    
   1.50999999       1.42205215    
   1.51999998       1.43206549    
   1.52999997       1.44216371    
   1.53999996       1.45234537    
   1.54999995       1.46261370    
   1.55999994       1.47297323    
   1.56999993       1.48341882    
   1.57999992       1.49395120    
   1.58999991       1.50457358    
   1.59999990       1.51528680    
   1.61000001       1.52609038    
   1.62000000       1.53698659    
   1.63000000       1.54797316    
   1.63999999       1.55905092    
   1.64999998       1.57022214    
   1.65999997       1.58148897    
   1.66999996       1.59284711    
   1.67999995       1.60429871    
   1.68999994       1.61584663    
   1.69999993       1.62748671    
   1.70999992       1.63922131    
   1.71999991       1.65104783    
   1.73000002       1.66296899    
   1.74000001       1.67498100    
   1.75000000       1.68708527    
   1.75999999       1.69928050    
   1.76999998       1.71156609    
   1.77999997       1.72393668    
   1.78999996       1.73639357    
   1.79999995       1.74893451    
   1.80999994       1.76155591    
   1.81999993       1.77425396    
   1.82999992       1.78702807    
   1.83999991       1.79987073    
   1.84999990       1.81277633    
   1.86000001       1.82574344    
   1.87000000       1.83876169    
   1.88000000       1.85182631    
   1.88999999       1.86492670    
   1.89999998       1.87805569    
   1.90999997       1.89120030    
   1.91999996       1.90435004    
   1.92999995       1.91748977    
   1.93999994       1.93060338    
   1.94999993       1.94367290    
   1.95999992       1.95667696    
   1.96999991       1.96959412    
   1.97999990       1.98239756    
   1.99000001       1.99505603    
   2.00000000       2.00753641    
   2.00999999       2.01961303    
   2.01999998       2.03117371    
   2.02999997       2.04231048    
   2.03999996       2.05308628    
   2.04999995       2.06355333    
   2.05999994       2.07375216    
   2.06999993       2.08371162    
   2.07999992       2.09346342    
   2.08999991       2.10302782    
   2.09999990       2.11242318    
   2.10999990       2.12166858    
   2.11999989       2.13077593    
   2.12999988       2.13975763    
   2.13999987       2.14862704    
   2.14999986       2.15738940    
   2.15999985       2.16605854    
   2.16999984       2.17463923    
   2.18000007       2.18314052    
   2.19000006       2.19156146    
   2.20000005       2.19991398    
   2.21000004       2.20820355    
   2.22000003       2.21643138    
   2.23000002       2.22460246    
   2.24000001       2.23271894    
   2.25000000       2.24078631    
   2.25999999       2.24881029    
   2.26999998       2.25678873    
   2.27999997       2.26472712    
   2.28999996       2.27262306    
   2.29999995       2.28048873    
   2.30999994       2.28831577    
   2.31999993       2.29611111    
   2.32999992       2.30387402    
   2.33999991       2.31160927    
   2.34999990       2.31931734    
   2.35999990       2.32699966    
   2.36999989       2.33465576    
   2.37999988       2.34228921    
   2.38999987       2.34989810    
   2.39999986       2.35748458    
   2.40999985       2.36505461    
   2.41999984       2.37260365    
   2.42999983       2.38013220    
   2.44000006       2.38764286    
   2.45000005       2.39513874    
   2.46000004       2.40261555    
   2.47000003       2.41007876    
   2.48000002       2.41752744    
   2.49000001       2.42495608    
   2.50000000       2.43237972    
   2.50999999       2.43978834    
   2.51999998       2.44717932    
   2.52999997       2.45455909    
   2.53999996       2.46192837    
   2.54999995       2.46928740    
   2.55999994       2.47663212    
   2.56999993       2.48396945    
   2.57999992       2.49129510    
   2.58999991       2.49861073    
   2.59999990       2.50591683    
   2.60999990       2.51321673    
   2.61999989       2.52050519    
   2.62999988       2.52778530    
   2.63999987       2.53505778    
   2.64999986       2.54232144    
   2.65999985       2.54957962    
   2.66999984       2.55682755    
   2.67999983       2.56406927    
   2.69000006       2.57130504    
   2.70000005       2.57853270    
   2.71000004       2.58575511    
   2.72000003       2.59296918    
   2.73000002       2.60017848    
   2.74000001       2.60738158    
   2.75000000       2.61457825    
   2.75999999       2.62176847    
   2.76999998       2.62895751    
   2.77999997       2.63613629    
   2.78999996       2.64331055    
   2.79999995       2.65048146    
   2.80999994       2.65764666    
   2.81999993       2.66480970    
   2.82999992       2.67196417    
   2.83999991       2.67911601    
   2.84999990       2.68626475    
   2.85999990       2.69340777    
   2.86999989       2.70054507    
   2.87999988       2.70768142    
   2.88999987       2.71481061    
   2.89999986       2.72193980    
   2.90999985       2.72906256    
   2.91999984       2.73618031    
   2.92999983       2.74329877    
   2.93999982       2.75040960    
   2.95000005       2.75751948    
   2.96000004       2.76462340    
   2.97000003       2.77172780    
   2.98000002       2.77882838    
   2.99000001       2.78592300    
   3.00000000       2.79301620    
   3.00999999       2.80010462    
   3.01999998       2.80719256    
   3.02999997       2.81427765    
   3.03999996       2.82135773    
   3.04999995       2.82843590    
   3.05999994       2.83551240    
   3.06999993       2.84258652    
   3.07999992       2.84965754    
   3.08999991       2.85672522    
   3.09999990       2.86379218    
   3.10999990       2.87085295    
   3.11999989       2.87791491    
   3.12999988       2.88497543    
   3.13999987       2.89203000    
   3.14999986       2.89908385    
   3.15999985       2.90613675    
   3.16999984       2.91318727    
   3.17999983       2.92023611    
   3.18999982       2.92728186    
   3.19999981       2.93432355    
   3.21000004       2.94136477    
   3.22000003       2.94840407    
   3.23000002       2.95544291    
   3.24000001       2.96247959    
   3.25000000       2.96951246    
   3.25999999       2.97654247    
   3.26999998       2.98357511    
   3.27999997       2.99060488    
   3.28999996       2.99763012    
   3.29999995       3.00465441    
   3.30999994       3.01167750    
   3.31999993       3.01870131    
   3.32999992       3.02571917    
   3.33999991       3.03273845    
   3.34999990       3.03975534    
   3.35999990       3.04677081    
   3.36999989       3.05378199    
   3.37999988       3.06079626    
   3.38999987       3.06780481    
   3.39999986       3.07481718    
   3.40999985       3.08182287    
   3.41999984       3.08882833    
   3.42999983       3.09583354    
   3.43999982       3.10283589    
   3.44999981       3.10983872    
   3.46000004       3.11684060    
   3.47000003       3.12383938    
   3.48000002       3.13083839    
   3.49000001       3.13783240    
   3.50000000       3.14482975    
   3.50999999       3.15182519    
