   9.99999978E-03   5.80502732E-04
   1.99999996E-02   1.02844846E-03
   2.99999993E-02   1.36540236E-03
   3.99999991E-02   1.68605044E-03
   4.99999970E-02   2.12328741E-03
   5.99999987E-02   2.28837598E-03
   7.00000003E-02   2.42331601E-03
   7.99999982E-02   2.77245231E-03
   8.99999961E-02   3.18920286E-03
   9.99999940E-02   3.52276140E-03
  0.109999999       3.73871415E-03
  0.119999997       3.90748493E-03
  0.129999995       4.11652261E-03
  0.140000001       4.44342569E-03
  0.149999991       4.94112493E-03
  0.159999996       5.64300036E-03
  0.170000002       6.80474052E-03
  0.179999992       8.18264671E-03
  0.189999998       9.96050425E-03
  0.199999988       1.22485925E-02
  0.209999993       1.51416343E-02
  0.219999999       1.75768789E-02
  0.229999989       2.24338714E-02
  0.239999995       2.60933638E-02
  0.250000000       2.95552742E-02
  0.259999990       3.65727767E-02
  0.269999981       4.35241200E-02
  0.280000001       4.68410142E-02
  0.289999992       5.23782298E-02
  0.299999982       6.18946813E-02
  0.310000002       7.29661062E-02
  0.319999993       8.18021372E-02
  0.329999983       8.43229294E-02
  0.340000004       9.04309303E-02
  0.349999994      0.100929916    
  0.359999985      0.114326634    
  0.370000005      0.129938483    
  0.379999995      0.145391881    
  0.389999986      0.154814556    
  0.399999976      0.154821709    
  0.409999996      0.160715535    
  0.419999987      0.170374006    
  0.429999977      0.182752028    
  0.439999998      0.197757199    
  0.449999988      0.215424970    
  0.459999979      0.235605285    
  0.469999999      0.257452071    
  0.479999989      0.278337747    
  0.489999980      0.292022288    
  0.500000000      0.291168749    
  0.509999990      0.292844743    
  0.519999981      0.298733264    
  0.529999971      0.306920320    
  0.539999962      0.316939622    
  0.550000012      0.328639001    
  0.560000002      0.341998547    
  0.569999993      0.357069016    
  0.579999983      0.373942167    
  0.589999974      0.392729044    
  0.599999964      0.413532674    
  0.610000014      0.436399847    
  0.620000005      0.461223960    
  0.629999995      0.487549722    
  0.639999986      0.514162004    
  0.649999976      0.538244903    
  0.659999967      0.553901911    
  0.669999957      0.555013001    
  0.680000007      0.556539118    
  0.689999998      0.560175598    
  0.699999988      0.565153956    
  0.709999979      0.571155369    
  0.719999969      0.578008592    
  0.729999959      0.585610867    
  0.740000010      0.593900561    
  0.750000000      0.602838874    
  0.759999990      0.612403512    
  0.769999981      0.622584105    
  0.779999971      0.633382261    
  0.789999962      0.644798636    
  0.799999952      0.656847179    
  0.810000002      0.669543922    
  0.819999993      0.682911217    
  0.829999983      0.696968973    
  0.839999974      0.711746335    
  0.849999964      0.727277994    
  0.859999955      0.743589461    
  0.870000005      0.760719001    
  0.879999995      0.778697491    
  0.889999986      0.797556698    
  0.899999976      0.817320943    
  0.909999967      0.838002980    
  0.919999957      0.859609246    
  0.930000007      0.882099330    
  0.939999998      0.905393720    
  0.949999988      0.929334939    
  0.959999979      0.953637123    
  0.969999969      0.977805614    
  0.979999959       1.00099134    
  0.989999950       1.02172613    
   1.00000000       1.03744304    
   1.00999999       1.04768717    
   1.01999998       1.05636680    
   1.02999997       1.06436968    
   1.03999996       1.07201517    
   1.04999995       1.07946670    
   1.05999994       1.08681405    
   1.06999993       1.09411097    
   1.07999992       1.10139453    
   1.09000003       1.10868895    
   1.10000002       1.11600757    
   1.11000001       1.12336314    
   1.12000000       1.13076150    
   1.13000000       1.13821089    
   1.13999999       1.14571285    
   1.14999998       1.15327430    
   1.15999997       1.16089022    
   1.16999996       1.16857231    
   1.17999995       1.17631304    
   1.18999994       1.18411839    
   1.19999993       1.19198692    
   1.20999992       1.19991612    
   1.22000003       1.20792067    
   1.23000002       1.21598566    
   1.24000001       1.22411501    
   1.25000000       1.23231351    
   1.25999999       1.24057758    
   1.26999998       1.24891043    
   1.27999997       1.25730956    
   1.28999996       1.26577914    
   1.29999995       1.27431691    
   1.30999994       1.28292215    
   1.31999993       1.29159880    
   1.32999992       1.30034614    
   1.33999991       1.30916238    
   1.35000002       1.31809092    
   1.36000001       1.32701099    
   1.37000000       1.33604372    
   1.38000000       1.34514892    
   1.38999999       1.35432780    
   1.39999998       1.36358130    
   1.40999997       1.37290871    
   1.41999996       1.38231170    
   1.42999995       1.39179027    
   1.43999994       1.40134609    
   1.44999993       1.41097891    
   1.45999992       1.42069066    
   1.46999991       1.43048060    
   1.48000002       1.44035125    
   1.49000001       1.45029819    
   1.50000000       1.46032929    
   1.50999999       1.47044015    
   1.51999998       1.48063409    
   1.52999997       1.49091148    
   1.53999996       1.50127017    
   1.54999995       1.51171422    
   1.55999994       1.52224278    
   1.56999993       1.53285706    
   1.57999992       1.54355776    
   1.58999991       1.55434334    
   1.59999990       1.56521749    
   1.61000001       1.57617879    
   1.62000000       1.58722961    
   1.63000000       1.59836650    
   1.63999999       1.60959530    
   1.64999998       1.62091076    
   1.65999997       1.63231575    
   1.66999996       1.64380980    
   1.67999995       1.65539563    
   1.68999994       1.66706979    
   1.69999993       1.67883158    
   1.70999992       1.69068301    
   1.71999991       1.70262504    
   1.73000002       1.71465135    
   1.74000001       1.72676730    
   1.75000000       1.73896825    
   1.75999999       1.75125301    
   1.76999998       1.76362169    
   1.77999997       1.77607048    
   1.78999996       1.78860140    
   1.79999995       1.80120468    
   1.80999994       1.81388354    
   1.81999993       1.82663357    
   1.82999992       1.83945084    
   1.83999991       1.85232627    
   1.84999990       1.86526167    
   1.86000001       1.87824750    
   1.87000000       1.89127576    
   1.88000000       1.90434337    
   1.88999999       1.91743731    
   1.89999998       1.93055165    
   1.90999997       1.94367504    
   1.91999996       1.95679307    
   1.92999995       1.96989346    
   1.93999994       1.98295999    
   1.94999993       1.99597788    
   1.95999992       2.00892425    
   1.96999991       2.02177596    
   1.97999990       2.03450966    
   1.99000001       2.04709601    
   2.00000000       2.05950284    
   2.00999999       2.07151198    
   2.01999998       2.08301830    
   2.02999997       2.09411073    
   2.03999996       2.10485601    
   2.04999995       2.11530018    
   2.05999994       2.12548614    
   2.06999993       2.13544130    
   2.07999992       2.14519238    
   2.08999991       2.15476513    
   2.09999990       2.16417432    
   2.10999990       2.17343879    
   2.11999989       2.18256807    
   2.12999988       2.19157553    
   2.13999987       2.20047736    
   2.14999986       2.20927644    
   2.15999985       2.21798205    
   2.16999984       2.22659969    
   2.18000007       2.23514175    
   2.19000006       2.24361086    
   2.20000005       2.25201416    
   2.21000004       2.26035094    
   2.22000003       2.26863122    
   2.23000002       2.27685380    
   2.24000001       2.28502393    
   2.25000000       2.29315138    
   2.25999999       2.30123305    
   2.26999998       2.30926943    
   2.27999997       2.31726623    
   2.28999996       2.32522678    
   2.29999995       2.33315277    
   2.30999994       2.34104395    
   2.31999993       2.34890223    
   2.32999992       2.35673451    
   2.33999991       2.36453748    
   2.34999990       2.37231374    
   2.35999990       2.38006234    
   2.36999989       2.38778710    
   2.37999988       2.39548969    
   2.38999987       2.40317082    
   2.39999986       2.41083074    
   2.40999985       2.41847110    
   2.41999984       2.42609191    
   2.42999983       2.43369484    
   2.44000006       2.44128060    
   2.45000005       2.44884658    
   2.46000004       2.45640016    
   2.47000003       2.46393681    
   2.48000002       2.47145915    
   2.49000001       2.47896886    
   2.50000000       2.48646498    
   2.50999999       2.49394679    
   2.51999998       2.50141668    
   2.52999997       2.50887537    
   2.53999996       2.51632380    
   2.54999995       2.52375698    
   2.55999994       2.53118253    
   2.56999993       2.53859639    
   2.57999992       2.54600263    
   2.58999991       2.55339694    
   2.59999990       2.56078339    
   2.60999990       2.56815839    
   2.61999989       2.57552934    
   2.62999988       2.58288932    
   2.63999987       2.59024072    
   2.64999986       2.59758854    
   2.65999985       2.60492468    
   2.66999984       2.61225629    
   2.67999983       2.61957884    
   2.69000006       2.62689376    
   2.70000005       2.63420153    
   2.71000004       2.64150524    
   2.72000003       2.64880300    
   2.73000002       2.65609455    
   2.74000001       2.66338038    
   2.75000000       2.67065954    
   2.75999999       2.67793441    
   2.76999998       2.68520260    
   2.77999997       2.69246554    
   2.78999996       2.69972420    
   2.79999995       2.70697808    
   2.80999994       2.71422648    
   2.81999993       2.72147202    
   2.82999992       2.72871089    
   2.83999991       2.73594689    
   2.84999990       2.74317908    
   2.85999990       2.75040364    
   2.86999989       2.75762558    
   2.87999988       2.76484704    
   2.88999987       2.77205992    
   2.89999986       2.77927303    
   2.90999985       2.78648019    
   2.91999984       2.79368377    
   2.92999983       2.80088568    
   2.93999982       2.80808210    
   2.95000005       2.81527567    
   2.96000004       2.82246685    
   2.97000003       2.82965612    
   2.98000002       2.83683801    
   2.99000001       2.84401894    
   3.00000000       2.85119510    
   3.00999999       2.85837364    
   3.01999998       2.86554480    
   3.02999997       2.87271547    
   3.03999996       2.87988138    
   3.04999995       2.88704681    
   3.05999994       2.89420509    
   3.06999993       2.90136647    
   3.07999992       2.90852356    
   3.08999991       2.91567659    
   3.09999990       2.92282987    
   3.10999990       2.92997670    
   3.11999989       2.93712521    
   3.12999988       2.94427133    
   3.13999987       2.95141459    
   3.14999986       2.95855284    
   3.15999985       2.96569204    
   3.16999984       2.97283053    
   3.17999983       2.97996163    
   3.18999982       2.98709488    
   3.19999981       2.99422359    
   3.21000004       3.00135040    
   3.22000003       3.00848031    
   3.23000002       3.01560163    
   3.24000001       3.02272606    
   3.25000000       3.02984476    
   3.25999999       3.03696442    
   3.26999998       3.04408121    
   3.27999997       3.05119538    
   3.28999996       3.05831003    
   3.29999995       3.06542397    
   3.30999994       3.07253289    
   3.31999993       3.07964134    
   3.32999992       3.08674884    
   3.33999991       3.09385419    
   3.34999990       3.10095692    
   3.35999990       3.10806179    
   3.36999989       3.11516142    
   3.37999988       3.12226057    
   3.38999987       3.12935972    
   3.39999986       3.13645482    
   3.40999985       3.14355040    
   3.41999984       3.15064502    
   3.42999983       3.15773559    
   3.43999982       3.16482735    
   3.44999981       3.17191339    
   3.46000004       3.17900395    
   3.47000003       3.18609309    
   3.48000002       3.19317532    
   3.49000001       3.20026112    
   3.50000000       3.20734549    
   3.50999999       3.21442676    
