   9.99999978E-03   5.80550113E-04
   1.99999996E-02   1.02837943E-03
   2.99999993E-02   1.36176788E-03
   3.99999991E-02   1.67285244E-03
   4.99999970E-02   2.11836305E-03
   5.99999987E-02   2.26378581E-03
   7.00000003E-02   2.41403142E-03
   7.99999982E-02   2.77538667E-03
   8.99999961E-02   3.18770064E-03
   9.99999940E-02   3.50291491E-03
  0.109999999       3.69565794E-03
  0.119999997       3.83570464E-03
  0.129999995       4.00745263E-03
  0.140000001       4.28336812E-03
  0.149999991       4.71057883E-03
  0.159999996       5.32737328E-03
  0.170000002       6.36054389E-03
  0.179999992       7.57510215E-03
  0.189999998       9.19301994E-03
  0.199999988       1.12291854E-02
  0.209999993       1.38937421E-02
  0.219999999       1.60785858E-02
  0.229999989       2.05268115E-02
  0.239999995       2.39605587E-02
  0.250000000       2.70819552E-02
  0.259999990       3.35551538E-02
  0.269999981       4.01130244E-02
  0.280000001       4.32484783E-02
  0.289999992       4.83057499E-02
  0.299999982       5.71680404E-02
  0.310000002       6.76281974E-02
  0.319999993       7.61489496E-02
  0.329999983       7.85368606E-02
  0.340000004       8.41730312E-02
  0.349999994       9.40219089E-02
  0.359999985      0.106681749    
  0.370000005      0.121576294    
  0.379999995      0.136524379    
  0.389999986      0.145816788    
  0.399999976      0.145727009    
  0.409999996      0.151236534    
  0.419999987      0.160381451    
  0.429999977      0.172152758    
  0.439999998      0.186478361    
  0.449999988      0.203424230    
  0.459999979      0.222894669    
  0.469999999      0.244144395    
  0.479999989      0.264682382    
  0.489999980      0.278340250    
  0.500000000      0.277443081    
  0.509999990      0.278897524    
  0.519999981      0.284493178    
  0.529999971      0.292331725    
  0.539999962      0.301954776    
  0.550000012      0.313216269    
  0.560000002      0.326101661    
  0.569999993      0.340666443    
  0.579999983      0.357009053    
  0.589999974      0.375250787    
  0.599999964      0.395510405    
  0.610000014      0.417857736    
  0.620000005      0.442220867    
  0.629999995      0.468193263    
  0.639999986      0.494618475    
  0.649999976      0.518718064    
  0.659999967      0.534490764    
  0.669999957      0.535425782    
  0.680000007      0.536736131    
  0.689999998      0.540167511    
  0.699999988      0.544938207    
  0.709999979      0.550723851    
  0.719999969      0.557352841    
  0.729999959      0.564723372    
  0.740000010      0.572771966    
  0.750000000      0.581461489    
  0.759999990      0.590767086    
  0.769999981      0.600688100    
  0.779999971      0.611215949    
  0.789999962      0.622358501    
  0.799999952      0.634126604    
  0.810000002      0.646539748    
  0.819999993      0.659618735    
  0.829999983      0.673388600    
  0.839999974      0.687878251    
  0.849999964      0.703120649    
  0.859999955      0.719150901    
  0.870000005      0.736002743    
  0.879999995      0.753715456    
  0.889999986      0.772321820    
  0.899999976      0.791853249    
  0.909999967      0.812330484    
  0.919999957      0.833756447    
  0.930000007      0.856109619    
  0.939999998      0.879317343    
  0.949999988      0.903231144    
  0.959999979      0.927573800    
  0.969999969      0.951854229    
  0.979999959      0.975212753    
  0.989999950      0.996143818    
   1.00000000       1.01195765    
   1.00999999       1.02211404    
   1.01999998       1.03066850    
   1.02999997       1.03853238    
   1.03999996       1.04603469    
   1.04999995       1.05334210    
   1.05999994       1.06054437    
   1.06999993       1.06769717    
   1.07999992       1.07483625    
   1.09000003       1.08198690    
   1.10000002       1.08916140    
   1.11000001       1.09637380    
   1.12000000       1.10362899    
   1.13000000       1.11093581    
   1.13999999       1.11829889    
   1.14999998       1.12571633    
   1.15999997       1.13319016    
   1.16999996       1.14073348    
   1.17999995       1.14833367    
   1.18999994       1.15599942    
   1.19999993       1.16372848    
   1.20999992       1.17151964    
   1.22000003       1.17938185    
   1.23000002       1.18730688    
   1.24000001       1.19529879    
   1.25000000       1.20335805    
   1.25999999       1.21148384    
   1.26999998       1.21967947    
   1.27999997       1.22794127    
   1.28999996       1.23627210    
   1.29999995       1.24467325    
   1.30999994       1.25314283    
   1.31999993       1.26168239    
   1.32999992       1.27029300    
   1.33999991       1.27897561    
   1.35000002       1.28772902    
   1.36000001       1.29655409    
   1.37000000       1.30545330    
   1.38000000       1.31442475    
   1.38999999       1.32347143    
   1.39999998       1.33259439    
   1.40999997       1.34178960    
   1.41999996       1.35106182    
   1.42999995       1.36041176    
   1.43999994       1.36983871    
   1.44999993       1.37934411    
   1.45999992       1.38892734    
   1.46999991       1.39859164    
   1.48000002       1.40833700    
   1.49000001       1.41816211    
   1.50000000       1.42806900    
   1.50999999       1.43805790    
   1.51999998       1.44813156    
   1.52999997       1.45828998    
   1.53999996       1.46853065    
   1.54999995       1.47886086    
   1.55999994       1.48927522    
   1.56999993       1.49977791    
   1.57999992       1.51036692    
   1.58999991       1.52104437    
   1.59999990       1.53181195    
   1.61000001       1.54266870    
   1.62000000       1.55361688    
   1.63000000       1.56465423    
   1.63999999       1.57578242    
   1.64999998       1.58700371    
   1.65999997       1.59831703    
   1.66999996       1.60971987    
   1.67999995       1.62121761    
   1.68999994       1.63280821    
   1.69999993       1.64448965    
   1.70999992       1.65626287    
   1.71999991       1.66812956    
   1.73000002       1.68008590    
   1.74000001       1.69213343    
   1.75000000       1.70427144    
   1.75999999       1.71649659    
   1.76999998       1.72881043    
   1.77999997       1.74120879    
   1.78999996       1.75368929    
   1.79999995       1.76625299    
   1.80999994       1.77889502    
   1.81999993       1.79161096    
   1.82999992       1.80439997    
   1.83999991       1.81725323    
   1.84999990       1.83017015    
   1.86000001       1.84314477    
   1.87000000       1.85616755    
   1.88000000       1.86923361    
   1.88999999       1.88233197    
   1.89999998       1.89545798    
   1.90999997       1.90859556    
   1.91999996       1.92173529    
   1.92999995       1.93486154    
   1.93999994       1.94796026    
   1.94999993       1.96101224    
   1.95999992       1.97399867    
   1.96999991       1.98689330    
   1.97999990       1.99967384    
   1.99000001       2.01230764    
   2.00000000       2.02476287    
   2.00999999       2.03681946    
   2.01999998       2.04836106    
   2.02999997       2.05948353    
   2.03999996       2.07024693    
   2.04999995       2.08070827    
   2.05999994       2.09090018    
   2.06999993       2.10085988    
   2.07999992       2.11061263    
   2.08999991       2.12017965    
   2.09999990       2.12957954    
   2.10999990       2.13882828    
   2.11999989       2.14794660    
   2.12999988       2.15693712    
   2.13999987       2.16581559    
   2.14999986       2.17459130    
   2.15999985       2.18327236    
   2.16999984       2.19186783    
   2.18000007       2.20037913    
   2.19000006       2.20882010    
   2.20000005       2.21718597    
   2.21000004       2.22549200    
   2.22000003       2.23373675    
   2.23000002       2.24192452    
   2.24000001       2.25006127    
   2.25000000       2.25814867    
   2.25999999       2.26619148    
   2.26999998       2.27418876    
   2.27999997       2.28214717    
   2.28999996       2.29006457    
   2.29999995       2.29794884    
   2.30999994       2.30579829    
   2.31999993       2.31361437    
   2.32999992       2.32140183    
   2.33999991       2.32916021    
   2.34999990       2.33688903    
   2.35999990       2.34459281    
   2.36999989       2.35227299    
   2.37999988       2.35992765    
   2.38999987       2.36756396    
   2.39999986       2.37517500    
   2.40999985       2.38276458    
   2.41999984       2.39033961    
   2.42999983       2.39789343    
   2.44000006       2.40542793    
   2.45000005       2.41294622    
   2.46000004       2.42045236    
   2.47000003       2.42793941    
   2.48000002       2.43541074    
   2.49000001       2.44287038    
   2.50000000       2.45031619    
   2.50999999       2.45774603    
   2.51999998       2.46516347    
   2.52999997       2.47257137    
   2.53999996       2.47996783    
   2.54999995       2.48735189    
   2.55999994       2.49472332    
   2.56999993       2.50208354    
   2.57999992       2.50943565    
   2.58999991       2.51678228    
   2.59999990       2.52411199    
   2.60999990       2.53143668    
   2.61999989       2.53875327    
   2.62999988       2.54605913    
   2.63999987       2.55335879    
   2.64999986       2.56065106    
   2.65999985       2.56793356    
   2.66999984       2.57521057    
   2.67999983       2.58247757    
   2.69000006       2.58974051    
   2.70000005       2.59699678    
   2.71000004       2.60424590    
   2.72000003       2.61148906    
   2.73000002       2.61872292    
   2.74000001       2.62595320    
   2.75000000       2.63317871    
   2.75999999       2.64039826    
   2.76999998       2.64761090    
   2.77999997       2.65482116    
   2.78999996       2.66202378    
   2.79999995       2.66921997    
   2.80999994       2.67641497    
   2.81999993       2.68360400    
   2.82999992       2.69078755    
   2.83999991       2.69796586    
   2.84999990       2.70514059    
   2.85999990       2.71231246    
   2.86999989       2.71948051    
   2.87999988       2.72664428    
   2.88999987       2.73380303    
   2.89999986       2.74095845    
   2.90999985       2.74810910    
   2.91999984       2.75525522    
   2.92999983       2.76239920    
   2.93999982       2.76954031    
   2.95000005       2.77667832    
   2.96000004       2.78381276    
   2.97000003       2.79094243    
   2.98000002       2.79806852    
   2.99000001       2.80519342    
   3.00000000       2.81231689    
   3.00999999       2.81943417    
   3.01999998       2.82655048    
   3.02999997       2.83366251    
   3.03999996       2.84077668    
   3.04999995       2.84787679    
   3.05999994       2.85498476    
   3.06999993       2.86208653    
   3.07999992       2.86918831    
   3.08999991       2.87628245    
   3.09999990       2.88337708    
   3.10999990       2.89047003    
   3.11999989       2.89756012    
   3.12999988       2.90464783    
   3.13999987       2.91173196    
   3.14999986       2.91881585    
   3.15999985       2.92589688    
   3.16999984       2.93297386    
   3.17999983       2.94005346    
   3.18999982       2.94712543    
   3.19999981       2.95419741    
   3.21000004       2.96126795    
   3.22000003       2.96833754    
   3.23000002       2.97540283    
   3.24000001       2.98246789    
   3.25000000       2.98953152    
   3.25999999       2.99659348    
   3.26999998       3.00364876    
   3.27999997       3.01070738    
   3.28999996       3.01776361    
   3.29999995       3.02481842    
   3.30999994       3.03187060    
   3.31999993       3.03891969    
   3.32999992       3.04596996    
   3.33999991       3.05301857    
   3.34999990       3.06006455    
   3.35999990       3.06710672    
   3.36999989       3.07414961    
   3.37999988       3.08119226    
   3.38999987       3.08823013    
   3.39999986       3.09526968    
   3.40999985       3.10230732    
   3.41999984       3.10934234    
   3.42999983       3.11637425    
   3.43999982       3.12340760    
   3.44999981       3.13043737    
   3.46000004       3.13746810    
   3.47000003       3.14449811    
   3.48000002       3.15152383    
   3.49000001       3.15855026    
   3.50000000       3.16557550    
   3.50999999       3.17259717    
