   9.99999978E-03   5.80367981E-04
   1.99999996E-02   1.02809817E-03
   2.99999993E-02   1.36722066E-03
   3.99999991E-02   1.69078773E-03
   4.99999970E-02   2.12458987E-03
   5.99999987E-02   2.29627802E-03
   7.00000003E-02   2.42679380E-03
   7.99999982E-02   2.77155451E-03
   8.99999961E-02   3.18957353E-03
   9.99999940E-02   3.52943875E-03
  0.109999999       3.75357107E-03
  0.119999997       3.93300457E-03
  0.129999995       4.15534899E-03
  0.140000001       4.50173160E-03
  0.149999991       5.02532488E-03
  0.159999996       5.75837167E-03
  0.170000002       6.96641579E-03
  0.179999992       8.40366818E-03
  0.189999998       1.02379266E-02
  0.199999988       1.26164258E-02
  0.209999993       1.55893415E-02
  0.219999999       1.81142632E-02
  0.229999989       2.31143553E-02
  0.239999995       2.68516522E-02
  0.250000000       3.04345805E-02
  0.259999990       3.76412198E-02
  0.269999981       4.47266772E-02
  0.280000001       4.81074639E-02
  0.289999992       5.38127199E-02
  0.299999982       6.35547563E-02
  0.310000002       7.48344585E-02
  0.319999993       8.37760866E-02
  0.329999983       8.63446519E-02
  0.340000004       9.26163718E-02
  0.349999994      0.103339039    
  0.359999985      0.116987348    
  0.370000005      0.132841408    
  0.379999995      0.148462564    
  0.389999986      0.157928184    
  0.399999976      0.157971293    
  0.409999996      0.163997576    
  0.419999987      0.173831478    
  0.429999977      0.186416417    
  0.439999998      0.201651961    
  0.449999988      0.219562858    
  0.459999979      0.239979863    
  0.469999999      0.262024730    
  0.479999989      0.283022732    
  0.489999980      0.296714842    
  0.500000000      0.295879155    
  0.509999990      0.297631711    
  0.519999981      0.303619981    
  0.529999971      0.311925858    
  0.539999962      0.322079122    
  0.550000012      0.333926469    
  0.560000002      0.347445905    
  0.569999993      0.362686127    
  0.579999983      0.379736602    
  0.589999974      0.398705214    
  0.599999964      0.419689655    
  0.610000014      0.442727864    
  0.620000005      0.467702389    
  0.629999995      0.494142026    
  0.639999986      0.520811737    
  0.649999976      0.544886112    
  0.659999967      0.560505450    
  0.669999957      0.561678231    
  0.680000007      0.563277304    
  0.689999998      0.566983342    
  0.699999988      0.572033167    
  0.709999979      0.578106761    
  0.719999969      0.585035264    
  0.729999959      0.592716336    
  0.740000010      0.601086497    
  0.750000000      0.610108376    
  0.759999990      0.619759560    
  0.769999981      0.630028367    
  0.779999971      0.640916109    
  0.789999962      0.652424514    
  0.799999952      0.664566815    
  0.810000002      0.677357733    
  0.819999993      0.690819561    
  0.829999983      0.704973996    
  0.839999974      0.719848573    
  0.849999964      0.735472739    
  0.859999955      0.751878381    
  0.870000005      0.769098878    
  0.879999995      0.787163973    
  0.889999986      0.806105077    
  0.899999976      0.825946271    
  0.909999967      0.846690118    
  0.919999957      0.868357241    
  0.930000007      0.890889049    
  0.939999998      0.914209127    
  0.949999988      0.938156307    
  0.959999979      0.962442935    
  0.969999969      0.986571848    
  0.979999959       1.00969708    
  0.989999950       1.03036666    
   1.00000000       1.04605353    
   1.00999999       1.05632532    
   1.01999998       1.06504691    
   1.02999997       1.07309532    
   1.03999996       1.08078837    
   1.04999995       1.08828795    
   1.05999994       1.09568322    
   1.06999993       1.10302937    
   1.07999992       1.11036193    
   1.09000003       1.11770272    
   1.10000002       1.12507021    
   1.11000001       1.13247299    
   1.12000000       1.13991904    
   1.13000000       1.14741695    
   1.13999999       1.15496600    
   1.14999998       1.16257370    
   1.15999997       1.17023671    
   1.16999996       1.17796564    
   1.17999995       1.18575585    
   1.18999994       1.19360662    
   1.19999993       1.20152235    
   1.20999992       1.20949829    
   1.22000003       1.21754777    
   1.23000002       1.22565961    
   1.24000001       1.23383617    
   1.25000000       1.24208057    
   1.25999999       1.25038946    
   1.26999998       1.25876999    
   1.27999997       1.26721454    
   1.28999996       1.27572906    
   1.29999995       1.28431129    
   1.30999994       1.29296386    
   1.31999993       1.30168569    
   1.32999992       1.31047738    
   1.33999991       1.31934071    
   1.35000002       1.32827306    
   1.36000001       1.33727837    
   1.37000000       1.34635425    
   1.38000000       1.35550344    
   1.38999999       1.36472678    
   1.39999998       1.37402320    
   1.40999997       1.38339484    
   1.41999996       1.39284146    
   1.42999995       1.40236294    
   1.43999994       1.41196191    
   1.44999993       1.42163658    
   1.45999992       1.43139005    
   1.46999991       1.44122112    
   1.48000002       1.45113230    
   1.49000001       1.46112287    
   1.50000000       1.47119391    
   1.50999999       1.48134446    
   1.51999998       1.49157822    
   1.52999997       1.50189281    
   1.53999996       1.51229119    
   1.54999995       1.52277279    
   1.55999994       1.53334069    
   1.56999993       1.54399097    
   1.57999992       1.55472755    
   1.58999991       1.56555045    
   1.59999990       1.57645988    
   1.61000001       1.58745456    
   1.62000000       1.59853876    
   1.63000000       1.60971141    
   1.63999999       1.62096858    
   1.64999998       1.63231707    
   1.65999997       1.64375210    
   1.66999996       1.65527546    
   1.67999995       1.66688883    
   1.68999994       1.67859006    
   1.69999993       1.69038069    
   1.70999992       1.70225608    
   1.71999991       1.71422076    
   1.73000002       1.72627413    
   1.74000001       1.73841012    
   1.75000000       1.75063038    
   1.75999999       1.76293504    
   1.76999998       1.77532113    
   1.77999997       1.78778839    
   1.78999996       1.80033088    
   1.79999995       1.81294990    
   1.80999994       1.82563972    
   1.81999993       1.83839989    
   1.82999992       1.85122347    
   1.83999991       1.86410797    
   1.84999990       1.87704778    
   1.86000001       1.89003587    
   1.87000000       1.90306747    
   1.88000000       1.91613388    
   1.88999999       1.92922640    
   1.89999998       1.94233835    
   1.90999997       1.95545411    
   1.91999996       1.96856499    
   1.92999995       1.98165631    
   1.93999994       1.99471354    
   1.94999993       2.00771856    
   1.95999992       2.02064991    
   1.96999991       2.03348804    
   1.97999990       2.04620576    
   1.99000001       2.05877495    
   2.00000000       2.07116604    
   2.00999999       2.08315849    
   2.01999998       2.09465241    
   2.02999997       2.10573673    
   2.03999996       2.11647487    
   2.04999995       2.12691498    
   2.05999994       2.13709712    
   2.06999993       2.14705133    
   2.07999992       2.15680599    
   2.08999991       2.16637850    
   2.09999990       2.17579103    
   2.10999990       2.18505883    
   2.11999989       2.19419169    
   2.12999988       2.20320845    
   2.13999987       2.21211338    
   2.14999986       2.22092080    
   2.15999985       2.22963381    
   2.16999984       2.23826551    
   2.18000007       2.24681616    
   2.19000006       2.25529265    
   2.20000005       2.26370502    
   2.21000004       2.27205443    
   2.22000003       2.28034520    
   2.23000002       2.28857994    
   2.24000001       2.29676700    
   2.25000000       2.30490279    
   2.25999999       2.31299591    
   2.26999998       2.32104707    
   2.27999997       2.32905912    
   2.28999996       2.33703160    
   2.29999995       2.34497261    
   2.30999994       2.35287809    
   2.31999993       2.36075258    
   2.32999992       2.36859655    
   2.33999991       2.37641501    
   2.34999990       2.38420582    
   2.35999990       2.39196944    
   2.36999989       2.39971185    
   2.37999988       2.40742922    
   2.38999987       2.41512489    
   2.39999986       2.42279911    
   2.40999985       2.43045521    
   2.41999984       2.43809223    
   2.42999983       2.44571185    
   2.44000006       2.45331144    
   2.45000005       2.46089792    
   2.46000004       2.46846747    
   2.47000003       2.47602034    
   2.48000002       2.48356104    
   2.49000001       2.49108577    
   2.50000000       2.49859810    
   2.50999999       2.50609612    
   2.51999998       2.51358461    
   2.52999997       2.52106047    
   2.53999996       2.52852225    
   2.54999995       2.53597713    
   2.55999994       2.54341936    
   2.56999993       2.55085230    
   2.57999992       2.55827546    
   2.58999991       2.56568718    
   2.59999990       2.57308936    
   2.60999990       2.58048487    
   2.61999989       2.58787322    
   2.62999988       2.59524941    
   2.63999987       2.60261965    
   2.64999986       2.60998130    
   2.65999985       2.61733723    
   2.66999984       2.62468386    
   2.67999983       2.63202691    
   2.69000006       2.63936234    
   2.70000005       2.64668918    
   2.71000004       2.65401125    
   2.72000003       2.66132498    
   2.73000002       2.66863632    
   2.74000001       2.67593908    
   2.75000000       2.68323755    
   2.75999999       2.69052839    
   2.76999998       2.69781566    
   2.77999997       2.70509672    
   2.78999996       2.71237421    
   2.79999995       2.71964669    
   2.80999994       2.72691393    
   2.81999993       2.73417830    
   2.82999992       2.74143505    
   2.83999991       2.74868774    
   2.84999990       2.75593829    
   2.85999990       2.76318383    
   2.86999989       2.77042675    
   2.87999988       2.77766418    
   2.88999987       2.78489780    
   2.89999986       2.79212689    
   2.90999985       2.79935360    
   2.91999984       2.80657792    
   2.92999983       2.81379437    
   2.93999982       2.82101250    
   2.95000005       2.82822442    
   2.96000004       2.83543277    
   2.97000003       2.84263992    
   2.98000002       2.84984279    
   2.99000001       2.85704327    
   3.00000000       2.86423874    
   3.00999999       2.87143660    
   3.01999998       2.87862492    
   3.02999997       2.88581347    
   3.03999996       2.89300179    
   3.04999995       2.90018296    
   3.05999994       2.90736580    
   3.06999993       2.91454411    
   3.07999992       2.92171979    
   3.08999991       2.92889094    
   3.09999990       2.93606448    
   3.10999990       2.94323254    
   3.11999989       2.95039749    
   3.12999988       2.95756364    
   3.13999987       2.96472573    
   3.14999986       2.97188377    
   3.15999985       2.97903967    
   3.16999984       2.98619390    
   3.17999983       2.99335074    
   3.18999982       3.00050187    
   3.19999981       3.00765109    
   3.21000004       3.01479745    
   3.22000003       3.02194238    
   3.23000002       3.02908659    
   3.24000001       3.03622746    
   3.25000000       3.04336500    
   3.25999999       3.05050445    
   3.26999998       3.05764437    
   3.27999997       3.06477761    
   3.28999996       3.07190824    
   3.29999995       3.07903934    
   3.30999994       3.08617187    
   3.31999993       3.09329605    
   3.32999992       3.10042453    
   3.33999991       3.10754967    
   3.34999990       3.11467361    
   3.35999990       3.12179589    
   3.36999989       3.12891531    
   3.37999988       3.13603354    
   3.38999987       3.14315033    
   3.39999986       3.15026569    
   3.40999985       3.15738153    
   3.41999984       3.16449499    
   3.42999983       3.17160559    
   3.43999982       3.17871761    
   3.44999981       3.18582487    
   3.46000004       3.19293284    
   3.47000003       3.20004034    
   3.48000002       3.20714402    
   3.49000001       3.21424890    
   3.50000000       3.22134924    
   3.50999999       3.22845364    
