   9.99999978E-03   5.80419728E-04
   1.99999996E-02   1.02792692E-03
   2.99999993E-02   1.36787025E-03
   3.99999991E-02   1.69325166E-03
   4.99999970E-02   2.12506391E-03
   5.99999987E-02   2.30054464E-03
   7.00000003E-02   2.42855074E-03
   7.99999982E-02   2.77117430E-03
   8.99999961E-02   3.18977726E-03
   9.99999940E-02   3.53226857E-03
  0.109999999       3.76113900E-03
  0.119999997       3.94598953E-03
  0.129999995       4.17561363E-03
  0.140000001       4.53201914E-03
  0.149999991       5.06894011E-03
  0.159999996       5.81813883E-03
  0.170000002       7.04994844E-03
  0.179999992       8.51781666E-03
  0.189999998       1.03809815E-02
  0.199999988       1.28059117E-02
  0.209999993       1.58193987E-02
  0.219999999       1.83904413E-02
  0.229999989       2.34632865E-02
  0.239999995       2.72400621E-02
  0.250000000       3.08849327E-02
  0.259999990       3.81876267E-02
  0.269999981       4.53407094E-02
  0.280000001       4.87540551E-02
  0.289999992       5.45475893E-02
  0.299999982       6.44014478E-02
  0.310000002       7.57858530E-02
  0.319999993       8.47802609E-02
  0.329999983       8.73733833E-02
  0.340000004       9.37283114E-02
  0.349999994      0.104564056    
  0.359999985      0.118339173    
  0.370000005      0.134315059    
  0.379999995      0.150019899    
  0.389999986      0.159506753    
  0.399999976      0.159568623    
  0.409999996      0.165661797    
  0.419999987      0.175584629    
  0.429999977      0.188273534    
  0.439999998      0.203624934    
  0.449999988      0.221658021    
  0.459999979      0.242193684    
  0.469999999      0.264336824    
  0.479999989      0.285390288    
  0.489999980      0.299086124    
  0.500000000      0.298260123    
  0.509999990      0.300051600    
  0.519999981      0.306090087    
  0.529999971      0.314455599    
  0.539999962      0.324676454    
  0.550000012      0.336597532    
  0.560000002      0.350197613    
  0.569999993      0.365522802    
  0.579999983      0.382662416    
  0.589999974      0.401722074    
  0.599999964      0.422796011    
  0.610000014      0.445933282    
  0.620000005      0.470969141    
  0.629999995      0.497464389    
  0.639999986      0.524162710    
  0.649999976      0.548232436    
  0.659999967      0.563835323    
  0.669999957      0.565035343    
  0.680000007      0.566671669    
  0.689999998      0.570413411    
  0.699999988      0.575498581    
  0.709999979      0.581609130    
  0.719999969      0.588575423    
  0.729999959      0.596295297    
  0.740000010      0.604707181    
  0.750000000      0.613770485    
  0.759999990      0.623464167    
  0.769999981      0.633777082    
  0.779999971      0.644709587    
  0.789999962      0.656264365    
  0.799999952      0.668453813    
  0.810000002      0.681291938    
  0.819999993      0.694801152    
  0.829999983      0.709003568    
  0.839999974      0.723925889    
  0.849999964      0.739597738    
  0.859999955      0.756050229    
  0.870000005      0.773314595    
  0.879999995      0.791423559    
  0.889999986      0.810405910    
  0.899999976      0.830283642    
  0.909999967      0.851068676    
  0.919999957      0.872754812    
  0.930000007      0.895307422    
  0.939999998      0.918640316    
  0.949999988      0.942589700    
  0.959999979      0.966866732    
  0.969999969      0.990976751    
  0.979999959       1.01407123    
  0.989999950       1.03470850    
   1.00000000       1.05037928    
   1.00999999       1.06066525    
   1.01999998       1.06940925    
   1.02999997       1.07747912    
   1.03999996       1.08519590    
   1.04999995       1.09271944    
   1.05999994       1.10013914    
   1.06999993       1.10750854    
   1.07999992       1.11486614    
   1.09000003       1.12223125    
   1.10000002       1.12962282    
   1.11000001       1.13704979    
   1.12000000       1.14451993    
   1.13000000       1.15204120    
   1.13999999       1.15961432    
   1.14999998       1.16724408    
   1.15999997       1.17493451    
   1.16999996       1.18268371    
   1.17999995       1.19049644    
   1.18999994       1.19837189    
   1.19999993       1.20631075    
   1.20999992       1.21431005    
   1.22000003       1.22238350    
   1.23000002       1.23051643    
   1.24000001       1.23871732    
   1.25000000       1.24698520    
   1.25999999       1.25531662    
   1.26999998       1.26371932    
   1.27999997       1.27218878    
   1.28999996       1.28072488    
   1.29999995       1.28933167    
   1.30999994       1.29800606    
   1.31999993       1.30675018    
   1.32999992       1.31556427    
   1.33999991       1.32444882    
   1.35000002       1.33340490    
   1.36000001       1.34243155    
   1.37000000       1.35153055    
   1.38000000       1.36070263    
   1.38999999       1.36994791    
   1.39999998       1.37926662    
   1.40999997       1.38865888    
   1.41999996       1.39812672    
   1.42999995       1.40766966    
   1.43999994       1.41728926    
   1.44999993       1.42698681    
   1.45999992       1.43676007    
   1.46999991       1.44661272    
   1.48000002       1.45654476    
   1.49000001       1.46655428    
   1.50000000       1.47664571    
   1.50999999       1.48681641    
   1.51999998       1.49706924    
   1.52999997       1.50740421    
   1.53999996       1.51782286    
   1.54999995       1.52832365    
   1.55999994       1.53890848    
   1.56999993       1.54957950    
   1.57999992       1.56033194    
   1.58999991       1.57117355    
   1.59999990       1.58209991    
   1.61000001       1.59311259    
   1.62000000       1.60421276    
   1.63000000       1.61540091    
   1.63999999       1.62667537    
   1.64999998       1.63803911    
   1.65999997       1.64948881    
   1.66999996       1.66102767    
   1.67999995       1.67265463    
   1.68999994       1.68436933    
   1.69999993       1.69617224    
   1.70999992       1.70806324    
   1.71999991       1.72003758    
   1.73000002       1.73210144    
   1.74000001       1.74424899    
   1.75000000       1.75647998    
   1.75999999       1.76879370    
   1.76999998       1.78118837    
   1.77999997       1.79366398    
   1.78999996       1.80621397    
   1.79999995       1.81883872    
   1.80999994       1.83153582    
   1.81999993       1.84430027    
   1.82999992       1.85712814    
   1.83999991       1.87001443    
   1.84999990       1.88295722    
   1.86000001       1.89594650    
   1.87000000       1.90897894    
   1.88000000       1.92204607    
   1.88999999       1.93513751    
   1.89999998       1.94824660    
   1.90999997       1.96136117    
   1.91999996       1.97446775    
   1.92999995       1.98755467    
   1.93999994       2.00060582    
   1.94999993       2.01360416    
   1.95999992       2.02653003    
   1.96999991       2.03935814    
   1.97999990       2.05206871    
   1.99000001       2.06463003    
   2.00000000       2.07701325    
   2.00999999       2.08899903    
   2.01999998       2.10048819    
   2.02999997       2.11156487    
   2.03999996       2.12229919    
   2.04999995       2.13273883    
   2.05999994       2.14291787    
   2.06999993       2.15287185    
   2.07999992       2.16262650    
   2.08999991       2.17219996    
   2.09999990       2.18161416    
   2.10999990       2.19088507    
   2.11999989       2.20002079    
   2.12999988       2.20904064    
   2.13999987       2.21794963    
   2.14999986       2.22675896    
   2.15999985       2.23547721    
   2.16999984       2.24411201    
   2.18000007       2.25266647    
   2.19000006       2.26114941    
   2.20000005       2.26956701    
   2.21000004       2.27792120    
   2.22000003       2.28621626    
   2.23000002       2.29445958    
   2.24000001       2.30265021    
   2.25000000       2.31079721    
   2.25999999       2.31889296    
   2.26999998       2.32695150    
   2.27999997       2.33497167    
   2.28999996       2.34294844    
   2.29999995       2.35089707    
   2.30999994       2.35881042    
   2.31999993       2.36668992    
   2.32999992       2.37454391    
   2.33999991       2.38236809    
   2.34999990       2.39016676    
   2.35999990       2.39793730    
   2.36999989       2.40568590    
   2.37999988       2.41341233    
   2.38999987       2.42111754    
   2.39999986       2.42879963    
   2.40999985       2.43646383    
   2.41999984       2.44410825    
   2.42999983       2.45173621    
   2.44000006       2.45934510    
   2.45000005       2.46693707    
   2.46000004       2.47451448    
   2.47000003       2.48207927    
   2.48000002       2.48962545    
   2.49000001       2.49716115    
   2.50000000       2.50468111    
   2.50999999       2.51218772    
   2.51999998       2.51968431    
   2.52999997       2.52716756    
   2.53999996       2.53464246    
   2.54999995       2.54210162    
   2.55999994       2.54955196    
   2.56999993       2.55699372    
   2.57999992       2.56442499    
   2.58999991       2.57184720    
   2.59999990       2.57925987    
   2.60999990       2.58666372    
   2.61999989       2.59405756    
   2.62999988       2.60144472    
   2.63999987       2.60882306    
   2.64999986       2.61619377    
   2.65999985       2.62355947    
   2.66999984       2.63091540    
   2.67999983       2.63826752    
   2.69000006       2.64561081    
   2.70000005       2.65294623    
   2.71000004       2.66027474    
   2.72000003       2.66760159    
   2.73000002       2.67492151    
   2.74000001       2.68223357    
   2.75000000       2.68953896    
   2.75999999       2.69684267    
   2.76999998       2.70414042    
   2.77999997       2.71142888    
   2.78999996       2.71871400    
   2.79999995       2.72599626    
   2.80999994       2.73327422    
   2.81999993       2.74054527    
   2.82999992       2.74781156    
   2.83999991       2.75507522    
   2.84999990       2.76233697    
   2.85999990       2.76959014    
   2.86999989       2.77683973    
   2.87999988       2.78408837    
   2.88999987       2.79132986    
   2.89999986       2.79857087    
   2.90999985       2.80580521    
   2.91999984       2.81303811    
   2.92999983       2.82026720    
   2.93999982       2.82749224    
   2.95000005       2.83471584    
   2.96000004       2.84193468    
   2.97000003       2.84914875    
   2.98000002       2.85635972    
   2.99000001       2.86357117    
   3.00000000       2.87077785    
   3.00999999       2.87798166    
   3.01999998       2.88518143    
   3.02999997       2.89238238    
   3.03999996       2.89957666    
   3.04999995       2.90676785    
   3.05999994       2.91396046    
   3.06999993       2.92114639    
   3.07999992       2.92833209    
   3.08999991       2.93551421    
   3.09999990       2.94269562    
   3.10999990       2.94987297    
   3.11999989       2.95704865    
   3.12999988       2.96422315    
   3.13999987       2.97139215    
   3.14999986       2.97856331    
   3.15999985       2.98572898    
   3.16999984       2.99289560    
   3.17999983       3.00005841    
   3.18999982       3.00721884    
   3.19999981       3.01437736    
   3.21000004       3.02153468    
   3.22000003       3.02869058    
   3.23000002       3.03584194    
   3.24000001       3.04299307    
   3.25000000       3.05014515    
   3.25999999       3.05729032    
   3.26999998       3.06443882    
   3.27999997       3.07158113    
   3.28999996       3.07872462    
   3.29999995       3.08586431    
   3.30999994       3.09300208    
   3.31999993       3.10014129    
   3.32999992       3.10727763    
   3.33999991       3.11441326    
   3.34999990       3.12154627    
   3.35999990       3.12867594    
   3.36999989       3.13580847    
   3.37999988       3.14293528    
   3.38999987       3.15006304    
   3.39999986       3.15718818    
   3.40999985       3.16431189    
   3.41999984       3.17143297    
   3.42999983       3.17855716    
   3.43999982       3.18567824    
   3.44999981       3.19279432    
   3.46000004       3.19991231    
   3.47000003       3.20702529    
   3.48000002       3.21414161    
   3.49000001       3.22125649    
   3.50000000       3.22836876    
   3.50999999       3.23548079    
