   9.99999978E-03   5.81159024E-04
   1.99999996E-02   1.02736230E-03
   2.99999993E-02   1.37093815E-03
   3.99999991E-02   1.70087267E-03
   4.99999970E-02   2.12642038E-03
   5.99999987E-02   2.31274636E-03
   7.00000003E-02   2.43414822E-03
   7.99999982E-02   2.77009723E-03
   8.99999961E-02   3.19032161E-03
   9.99999940E-02   3.54246702E-03
  0.109999999       3.78430053E-03
  0.119999997       3.98658821E-03
  0.129999995       4.23889142E-03
  0.140000001       4.62678121E-03
  0.149999991       5.20636141E-03
  0.159999996       6.00525457E-03
  0.170000002       7.31199794E-03
  0.179999992       8.87564383E-03
  0.189999998       1.08281970E-02
  0.199999988       1.33975474E-02
  0.209999993       1.65356211E-02
  0.219999999       1.92500949E-02
  0.229999989       2.45463252E-02
  0.239999995       2.84438357E-02
  0.250000000       3.22805271E-02
  0.259999990       3.98773402E-02
  0.269999981       4.72355038E-02
  0.280000001       5.07493541E-02
  0.289999992       5.68034165E-02
  0.299999982       6.70093372E-02
  0.310000002       7.87110478E-02
  0.319999993       8.78643394E-02
  0.329999983       9.05337557E-02
  0.340000004       9.71433446E-02
  0.349999994      0.108323790    
  0.359999985      0.122483857    
  0.370000005      0.138826951    
  0.379999995      0.154782698    
  0.389999986      0.164332822    
  0.399999976      0.164453879    
  0.409999996      0.170751348    
  0.419999987      0.180943266    
  0.429999977      0.193949088    
  0.439999998      0.209649891    
  0.449999988      0.228051051    
  0.459999979      0.248942822    
  0.469999999      0.271379769    
  0.479999989      0.292597711    
  0.489999980      0.306303382    
  0.500000000      0.305508971    
  0.509999990      0.307418793    
  0.519999981      0.313610345    
  0.529999971      0.322176725    
  0.539999962      0.332581252    
  0.550000012      0.344726741    
  0.560000002      0.358567983    
  0.569999993      0.374149710    
  0.579999983      0.391556591    
  0.589999974      0.410888612    
  0.599999964      0.432231992    
  0.610000014      0.455610305    
  0.620000005      0.480876446    
  0.629999995      0.507540584    
  0.639999986      0.534319162    
  0.649999976      0.558372021    
  0.659999967      0.573919773    
  0.669999957      0.575213552    
  0.680000007      0.576963067    
  0.689999998      0.580810606    
  0.699999988      0.586003602    
  0.709999979      0.592225075    
  0.719999969      0.599306226    
  0.729999959      0.607145309    
  0.740000010      0.615678608    
  0.750000000      0.624868333    
  0.759999990      0.634691775    
  0.769999981      0.645137072    
  0.779999971      0.656205297    
  0.789999962      0.667898536    
  0.799999952      0.680227935    
  0.810000002      0.693208158    
  0.819999993      0.706859708    
  0.829999983      0.721205115    
  0.839999974      0.736269295    
  0.849999964      0.752082288    
  0.859999955      0.768672824    
  0.870000005      0.786072254    
  0.879999995      0.804309607    
  0.889999986      0.823412120    
  0.899999976      0.843399346    
  0.909999967      0.864282489    
  0.919999957      0.886049151    
  0.930000007      0.908661366    
  0.939999998      0.932028174    
  0.949999988      0.955983460    
  0.959999979      0.980234206    
  0.969999969       1.00428104    
  0.979999959       1.02728379    
  0.989999950       1.04782331    
   1.00000000       1.06344831    
   1.00999999       1.07377601    
   1.01999998       1.08258235    
   1.02999997       1.09072149    
   1.03999996       1.09850919    
   1.04999995       1.10610461    
   1.05999994       1.11359692    
   1.06999993       1.12103951    
   1.07999992       1.12846816    
   1.09000003       1.13590693    
   1.10000002       1.14336920    
   1.11000001       1.15086722    
   1.12000000       1.15840971    
   1.13000000       1.16600049    
   1.13999999       1.17364550    
   1.14999998       1.18134820    
   1.15999997       1.18910837    
   1.16999996       1.19692874    
   1.17999995       1.20481062    
   1.18999994       1.21275747    
   1.19999993       1.22076654    
   1.20999992       1.22883475    
   1.22000003       1.23697770    
   1.23000002       1.24518168    
   1.24000001       1.25345194    
   1.25000000       1.26178777    
   1.25999999       1.27018976    
   1.26999998       1.27866066    
   1.27999997       1.28719842    
   1.28999996       1.29580414    
   1.29999995       1.30447829    
   1.30999994       1.31322110    
   1.31999993       1.32203317    
   1.32999992       1.33091462    
   1.33999991       1.33986616    
   1.35000002       1.34888875    
   1.36000001       1.35798287    
   1.37000000       1.36714804    
   1.38000000       1.37638617    
   1.38999999       1.38569736    
   1.39999998       1.39508128    
   1.40999997       1.40453935    
   1.41999996       1.41407192    
   1.42999995       1.42368042    
   1.43999994       1.43336213    
   1.44999993       1.44312143    
   1.45999992       1.45295882    
   1.46999991       1.46287310    
   1.48000002       1.47286558    
   1.49000001       1.48293793    
   1.50000000       1.49308896    
   1.50999999       1.50332165    
   1.51999998       1.51363182    
   1.52999997       1.52402520    
   1.53999996       1.53450012    
   1.54999995       1.54505956    
   1.55999994       1.55569983    
   1.56999993       1.56642294    
   1.57999992       1.57723272    
   1.58999991       1.58812547    
   1.59999990       1.59910476    
   1.61000001       1.61016774    
   1.62000000       1.62131834    
   1.63000000       1.63255394    
   1.63999999       1.64387715    
   1.64999998       1.65528500    
   1.65999997       1.66678083    
   1.66999996       1.67836189    
   1.67999995       1.69003153    
   1.68999994       1.70178759    
   1.69999993       1.71362841    
   1.70999992       1.72555315    
   1.71999991       1.73756695    
   1.73000002       1.74966311    
   1.74000001       1.76184237    
   1.75000000       1.77410197    
   1.75999999       1.78644538    
   1.76999998       1.79886389    
   1.77999997       1.81136405    
   1.78999996       1.82393646    
   1.79999995       1.83658087    
   1.80999994       1.84929395    
   1.81999993       1.86207128    
   1.82999992       1.87491167    
   1.83999991       1.88780856    
   1.84999990       1.90075696    
   1.86000001       1.91375256    
   1.87000000       1.92678440    
   1.88000000       1.93984997    
   1.88999999       1.95293808    
   1.89999998       1.96604061    
   1.90999997       1.97914517    
   1.91999996       1.99224079    
   1.92999995       2.00531411    
   1.93999994       2.01834750    
   1.94999993       2.03132749    
   1.95999992       2.04423213    
   1.96999991       2.05703974    
   1.97999990       2.06972718    
   1.99000001       2.08226418    
   2.00000000       2.09461951    
   2.00999999       2.10658526    
   2.01999998       2.11805487    
   2.02999997       2.12911892    
   2.03999996       2.13984108    
   2.04999995       2.15027475    
   2.05999994       2.16044855    
   2.06999993       2.17040205    
   2.07999992       2.18015575    
   2.08999991       2.18973327    
   2.09999990       2.19915175    
   2.10999990       2.20842552    
   2.11999989       2.21757174    
   2.12999988       2.22659922    
   2.13999987       2.23552084    
   2.14999986       2.24434257    
   2.15999985       2.25307155    
   2.16999984       2.26171851    
   2.18000007       2.27028942    
   2.19000006       2.27878761    
   2.20000005       2.28721762    
   2.21000004       2.29559016    
   2.22000003       2.30390453    
   2.23000002       2.31216192    
   2.24000001       2.32037330    
   2.25000000       2.32853580    
   2.25999999       2.33665371    
   2.26999998       2.34473038    
   2.27999997       2.35276914    
   2.28999996       2.36077070    
   2.29999995       2.36873507    
   2.30999994       2.37667322    
   2.31999993       2.38457441    
   2.32999992       2.39244771    
   2.33999991       2.40029478    
   2.34999990       2.40811586    
   2.35999990       2.41591048    
   2.36999989       2.42368245    
   2.37999988       2.43143201    
   2.38999987       2.43915915    
   2.39999986       2.44686556    
   2.40999985       2.45455408    
   2.41999984       2.46222138    
   2.42999983       2.46987295    
   2.44000006       2.47750807    
   2.45000005       2.48512721    
   2.46000004       2.49272728    
   2.47000003       2.50031471    
   2.48000002       2.50788951    
   2.49000001       2.51544833    
   2.50000000       2.52299428    
   2.50999999       2.53052640    
   2.51999998       2.53804708    
   2.52999997       2.54555774    
   2.53999996       2.55305529    
   2.54999995       2.56054282    
   2.55999994       2.56802011    
   2.56999993       2.57548785    
   2.57999992       2.58294249    
   2.58999991       2.59039569    
   2.59999990       2.59783173    
   2.60999990       2.60526228    
   2.61999989       2.61268544    
   2.62999988       2.62009764    
   2.63999987       2.62750173    
   2.64999986       2.63490295    
   2.65999985       2.64229321    
   2.66999984       2.64967728    
   2.67999983       2.65705514    
   2.69000006       2.66442657    
   2.70000005       2.67178726    
   2.71000004       2.67914653    
   2.72000003       2.68649769    
   2.73000002       2.69384456    
   2.74000001       2.70118475    
   2.75000000       2.70851970    
   2.75999999       2.71584821    
   2.76999998       2.72317147    
   2.77999997       2.73048925    
   2.78999996       2.73780394    
   2.79999995       2.74511266    
   2.80999994       2.75241637    
   2.81999993       2.75971675    
   2.82999992       2.76701212    
   2.83999991       2.77430296    
   2.84999990       2.78159070    
   2.85999990       2.78887320    
   2.86999989       2.79615355    
   2.87999988       2.80342650    
   2.88999987       2.81069732    
   2.89999986       2.81796741    
   2.90999985       2.82523012    
   2.91999984       2.83249044    
   2.92999983       2.83974695    
   2.93999982       2.84700060    
   2.95000005       2.85425210    
   2.96000004       2.86149859    
   2.97000003       2.86874247    
   2.98000002       2.87598467    
   2.99000001       2.88321948    
   3.00000000       2.89045525    
   3.00999999       2.89768815    
   3.01999998       2.90491486    
   3.02999997       2.91214395    
   3.03999996       2.91936851    
   3.04999995       2.92658854    
   3.05999994       2.93380761    
   3.06999993       2.94102216    
   3.07999992       2.94823909    
   3.08999991       2.95544815    
   3.09999990       2.96265888    
   3.10999990       2.96986532    
   3.11999989       2.97706842    
   3.12999988       2.98427248    
   3.13999987       2.99147201    
   3.14999986       2.99866891    
   3.15999985       3.00586653    
   3.16999984       3.01305962    
   3.17999983       3.02025056    
   3.18999982       3.02744055    
   3.19999981       3.03462553    
   3.21000004       3.04181504    
   3.22000003       3.04899740    
   3.23000002       3.05618000    
   3.24000001       3.06336236    
   3.25000000       3.07053757    
   3.25999999       3.07771516    
   3.26999998       3.08489013    
   3.27999997       3.09206247    
   3.28999996       3.09923339    
   3.29999995       3.10640550    
   3.30999994       3.11357474    
   3.31999993       3.12073851    
   3.32999992       3.12790585    
   3.33999991       3.13506818    
   3.34999990       3.14223194    
   3.35999990       3.14939046    
   3.36999989       3.15655041    
   3.37999988       3.16370559    
   3.38999987       3.17086387    
   3.39999986       3.17801952    
   3.40999985       3.18517184    
   3.41999984       3.19232273    
   3.42999983       3.19947195    
   3.43999982       3.20662427    
   3.44999981       3.21377039    
   3.46000004       3.22091818    
   3.47000003       3.22806239    
   3.48000002       3.23520613    
   3.49000001       3.24234867    
   3.50000000       3.24948978    
   3.50999999       3.25663280    
