   9.99999978E-03   5.85241185E-04
   1.99999996E-02   1.02594926E-03
   2.99999993E-02   1.38230249E-03
   3.99999991E-02   1.72248029E-03
   4.99999970E-02   2.12808885E-03
   5.99999987E-02   2.34581949E-03
   7.00000003E-02   2.45073275E-03
   7.99999982E-02   2.76815984E-03
   8.99999961E-02   3.19176796E-03
   9.99999940E-02   3.56988399E-03
  0.109999999       3.85063258E-03
  0.119999997       4.10634698E-03
  0.129999995       4.43098554E-03
  0.140000001       4.91399644E-03
  0.149999991       5.62375039E-03
  0.159999996       6.57922542E-03
  0.170000002       8.10178369E-03
  0.179999992       9.95191187E-03
  0.189999998       1.21634426E-02
  0.199999988       1.51578225E-02
  0.209999993       1.86494812E-02
  0.219999999       2.17864346E-02
  0.229999989       2.77161468E-02
  0.239999995       3.19531113E-02
  0.250000000       3.63472551E-02
  0.259999990       4.47723418E-02
  0.269999981       5.26929274E-02
  0.280000001       5.64967282E-02
  0.289999992       6.33006468E-02
  0.299999982       7.44808838E-02
  0.310000002       8.70520845E-02
  0.319999993       9.66311395E-02
  0.329999983       9.95255262E-02
  0.340000004      0.106852345    
  0.349999994      0.118989341    
  0.359999985      0.134208426    
  0.370000005      0.151544958    
  0.379999995      0.168165296    
  0.389999986      0.177881733    
  0.399999976      0.178182468    
  0.409999996      0.185049161    
  0.419999987      0.195984513    
  0.429999977      0.209854543    
  0.439999998      0.226510361    
  0.449999988      0.245905221    
  0.459999979      0.267747372    
  0.469999999      0.290955454    
  0.479999989      0.312591404    
  0.489999980      0.326319098    
  0.500000000      0.325628579    
  0.509999990      0.327869534    
  0.519999981      0.334481597    
  0.529999971      0.343521804    
  0.539999962      0.354500979    
  0.550000012      0.367254257    
  0.560000002      0.381747752    
  0.569999993      0.398018897    
  0.579999983      0.416140407    
  0.589999974      0.436196715    
  0.599999964      0.458251625    
  0.610000014      0.482294142    
  0.620000005      0.508135378    
  0.629999995      0.535209477    
  0.639999986      0.562177956    
  0.649999976      0.586169660    
  0.659999967      0.601574898    
  0.669999957      0.603131354    
  0.680000007      0.605189979    
  0.689999998      0.609329283    
  0.699999988      0.614816010    
  0.709999979      0.621339679    
  0.719999969      0.628731906    
  0.729999959      0.636891782    
  0.740000010      0.645755291    
  0.750000000      0.655283928    
  0.759999990      0.665454805    
  0.769999981      0.676257551    
  0.779999971      0.687687099    
  0.789999962      0.699748695    
  0.799999952      0.712450981    
  0.810000002      0.725807130    
  0.819999993      0.739837468    
  0.829999983      0.754561186    
  0.839999974      0.770001411    
  0.849999964      0.786184847    
  0.859999955      0.803137124    
  0.870000005      0.820886672    
  0.879999995      0.839456439    
  0.889999986      0.858868837    
  0.899999976      0.879138231    
  0.909999967      0.900263965    
  0.919999957      0.922230065    
  0.930000007      0.944983661    
  0.939999998      0.968426704    
  0.949999988      0.992379248    
  0.959999979       1.01654017    
  0.969999969       1.04040873    
  0.979999959       1.06316435    
  0.989999950       1.08344340    
   1.00000000       1.09894359    
   1.00999999       1.10938263    
   1.01999998       1.11835313    
   1.02999997       1.12667358    
   1.03999996       1.13465118    
   1.04999995       1.14243901    
   1.05999994       1.15012348    
   1.06999993       1.15776014    
   1.07999992       1.16538179    
   1.09000003       1.17301297    
   1.10000002       1.18066692    
   1.11000001       1.18835938    
   1.12000000       1.19609165    
   1.13000000       1.20387220    
   1.13999999       1.21170866    
   1.14999998       1.21959925    
   1.15999997       1.22754884    
   1.16999996       1.23555791    
   1.17999995       1.24362850    
   1.18999994       1.25176203    
   1.19999993       1.25995827    
   1.20999992       1.26821351    
   1.22000003       1.27654302    
   1.23000002       1.28493214    
   1.24000001       1.29338634    
   1.25000000       1.30190766    
   1.25999999       1.31049323    
   1.26999998       1.31914866    
   1.27999997       1.32786906    
   1.28999996       1.33665538    
   1.29999995       1.34551299    
   1.30999994       1.35443532    
   1.31999993       1.36342788    
   1.32999992       1.37248981    
   1.33999991       1.38162053    
   1.35000002       1.39082086    
   1.36000001       1.40009189    
   1.37000000       1.40943360    
   1.38000000       1.41884649    
   1.38999999       1.42833209    
   1.39999998       1.43788898    
   1.40999997       1.44751883    
   1.41999996       1.45722270    
   1.42999995       1.46699965    
   1.43999994       1.47685146    
   1.44999993       1.48677933    
   1.45999992       1.49677885    
   1.46999991       1.50685859    
   1.48000002       1.51701474    
   1.49000001       1.52724481    
   1.50000000       1.53755617    
   1.50999999       1.54794395    
   1.51999998       1.55841005    
   1.52999997       1.56895614    
   1.53999996       1.57958293    
   1.54999995       1.59028876    
   1.55999994       1.60107684    
   1.56999993       1.61194479    
   1.57999992       1.62289345    
   1.58999991       1.63392627    
   1.59999990       1.64503992    
   1.61000001       1.65623724    
   1.62000000       1.66751564    
   1.63000000       1.67887831    
   1.63999999       1.69032323    
   1.64999998       1.70185113    
   1.65999997       1.71346354    
   1.66999996       1.72515666    
   1.67999995       1.73693395    
   1.68999994       1.74879277    
   1.69999993       1.76073456    
   1.70999992       1.77275574    
   1.71999991       1.78485823    
   1.73000002       1.79704130    
   1.74000001       1.80929816    
   1.75000000       1.82163668    
   1.75999999       1.83404946    
   1.76999998       1.84653282    
   1.77999997       1.85909104    
   1.78999996       1.87171781    
   1.79999995       1.88440669    
   1.80999994       1.89716113    
   1.81999993       1.90997446    
   1.82999992       1.92284179    
   1.83999991       1.93575966    
   1.84999990       1.94872427    
   1.86000001       1.96172667    
   1.87000000       1.97475934    
   1.88000000       1.98781884    
   1.88999999       2.00089407    
   1.89999998       2.01397538    
   1.90999997       2.02705312    
   1.91999996       2.04011440    
   1.92999995       2.05314732    
   1.93999994       2.06613660    
   1.94999993       2.07906508    
   1.95999992       2.09191132    
   1.96999991       2.10465908    
   1.97999990       2.11728358    
   1.99000001       2.12975502    
   2.00000000       2.14204717    
   2.00999999       2.15395021    
   2.01999998       2.16537023    
   2.02999997       2.17639780    
   2.03999996       2.18709326    
   2.04999995       2.19750500    
   2.05999994       2.20767140    
   2.06999993       2.21761775    
   2.07999992       2.22737193    
   2.08999991       2.23695779    
   2.09999990       2.24638844    
   2.10999990       2.25567913    
   2.11999989       2.26484537    
   2.12999988       2.27389550    
   2.13999987       2.28284431    
   2.14999986       2.29169345    
   2.15999985       2.30045867    
   2.16999984       2.30914021    
   2.18000007       2.31774783    
   2.19000006       2.32628751    
   2.20000005       2.33476329    
   2.21000004       2.34317780    
   2.22000003       2.35153484    
   2.23000002       2.35984159    
   2.24000001       2.36810040    
   2.25000000       2.37631416    
   2.25999999       2.38448071    
   2.26999998       2.39261007    
   2.27999997       2.40070486    
   2.28999996       2.40875959    
   2.29999995       2.41678166    
   2.30999994       2.42477274    
   2.31999993       2.43273377    
   2.32999992       2.44066787    
   2.33999991       2.44857430    
   2.34999990       2.45645499    
   2.35999990       2.46430898    
   2.36999989       2.47214031    
   2.37999988       2.47995162    
   2.38999987       2.48774099    
   2.39999986       2.49551296    
   2.40999985       2.50326443    
   2.41999984       2.51099658    
   2.42999983       2.51871181    
   2.44000006       2.52641106    
   2.45000005       2.53409767    
   2.46000004       2.54176378    
   2.47000003       2.54941845    
   2.48000002       2.55705476    
   2.49000001       2.56468153    
   2.50000000       2.57229781    
   2.50999999       2.57989812    
   2.51999998       2.58748794    
   2.52999997       2.59506583    
   2.53999996       2.60263228    
   2.54999995       2.61018753    
   2.55999994       2.61773586    
   2.56999993       2.62527156    
   2.57999992       2.63279843    
   2.58999991       2.64031816    
   2.59999990       2.64782715    
   2.60999990       2.65532899    
   2.61999989       2.66282034    
   2.62999988       2.67030430    
   2.63999987       2.67778349    
   2.64999986       2.68525195    
   2.65999985       2.69271469    
   2.66999984       2.70017171    
   2.67999983       2.70761967    
   2.69000006       2.71506333    
   2.70000005       2.72249913    
   2.71000004       2.72993112    
   2.72000003       2.73735428    
   2.73000002       2.74477172    
   2.74000001       2.75218844    
   2.75000000       2.75959086    
   2.75999999       2.76699638    
   2.76999998       2.77439237    
   2.77999997       2.78178549    
   2.78999996       2.78917313    
   2.79999995       2.79655528    
   2.80999994       2.80393219    
   2.81999993       2.81130981    
   2.82999992       2.81867766    
   2.83999991       2.82604337    
   2.84999990       2.83340359    
   2.85999990       2.84075975    
   2.86999989       2.84811330    
   2.87999988       2.85546422    
   2.88999987       2.86281037    
   2.89999986       2.87015247    
   2.90999985       2.87749434    
   2.91999984       2.88482714    
   2.92999983       2.89215684    
   2.93999982       2.89948869    
   2.95000005       2.90681338    
   2.96000004       2.91413546    
   2.97000003       2.92145419    
   2.98000002       2.92877150    
   2.99000001       2.93608475    
   3.00000000       2.94339633    
   3.00999999       2.95070553    
   3.01999998       2.95801115    
   3.02999997       2.96531081    
   3.03999996       2.97261262    
   3.04999995       2.97990990    
   3.05999994       2.98720598    
   3.06999993       2.99449801    
   3.07999992       3.00178742    
   3.08999991       3.00907493    
   3.09999990       3.01635885    
   3.10999990       3.02364230    
   3.11999989       3.03092504    
   3.12999988       3.03820109    
   3.13999987       3.04547977    
   3.14999986       3.05275226    
   3.15999985       3.06002617    
   3.16999984       3.06729555    
   3.17999983       3.07456517    
   3.18999982       3.08183002    
   3.19999981       3.08909416    
   3.21000004       3.09635901    
   3.22000003       3.10361886    
   3.23000002       3.11087871    
   3.24000001       3.11813569    
   3.25000000       3.12539148    
   3.25999999       3.13264418    
   3.26999998       3.13989592    
   3.27999997       3.14714694    
   3.28999996       3.15439630    
   3.29999995       3.16164446    
   3.30999994       3.16888905    
   3.31999993       3.17613053    
   3.32999992       3.18337536    
   3.33999991       3.19061637    
   3.34999990       3.19785619    
   3.35999990       3.20509315    
   3.36999989       3.21232939    
   3.37999988       3.21956277    
   3.38999987       3.22679520    
   3.39999986       3.23403168    
   3.40999985       3.24126005    
   3.41999984       3.24849176    
   3.42999983       3.25572014    
   3.43999982       3.26294351    
   3.44999981       3.27017093    
   3.46000004       3.27739668    
   3.47000003       3.28461719    
   3.48000002       3.29184103    
   3.49000001       3.29906178    
   3.50000000       3.30628037    
   3.50999999       3.31349850    
