   9.99999978E-03   5.92287863E-04
   1.99999996E-02   1.02576008E-03
   2.99999993E-02   1.39333901E-03
   3.99999991E-02   1.74271117E-03
   4.99999970E-02   2.12757452E-03
   5.99999987E-02   2.37431470E-03
   7.00000003E-02   2.46750307E-03
   7.99999982E-02   2.76806252E-03
   8.99999961E-02   3.19361873E-03
   9.99999940E-02   3.59620596E-03
  0.109999999       3.91575089E-03
  0.119999997       4.22820402E-03
  0.129999995       4.62592766E-03
  0.140000001       5.21386601E-03
  0.149999991       6.06091274E-03
  0.159999996       7.17306649E-03
  0.170000002       8.91696196E-03
  0.179999992       1.10588307E-02
  0.189999998       1.35238422E-02
  0.199999988       1.69417392E-02
  0.209999993       2.07697619E-02
  0.219999999       2.43283566E-02
  0.229999989       3.08589693E-02
  0.239999995       3.54155600E-02
  0.250000000       4.03562561E-02
  0.259999990       4.95600365E-02
  0.269999981       5.79923987E-02
  0.280000001       6.20758645E-02
  0.289999992       6.95968270E-02
  0.299999982       8.16838220E-02
  0.310000002       9.50394571E-02
  0.319999993      0.104993574    
  0.329999983      0.108112693    
  0.340000004      0.116113871    
  0.349999994      0.129135221    
  0.359999985      0.145316347    
  0.370000005      0.163538113    
  0.379999995      0.180731863    
  0.389999986      0.190591767    
  0.399999976      0.191078529    
  0.409999996      0.198471919    
  0.419999987      0.210086718    
  0.429999977      0.224741578    
  0.439999998      0.242254242    
  0.449999988      0.262531281    
  0.459999979      0.285203248    
  0.469999999      0.309069067    
  0.479999989      0.331047535    
  0.489999980      0.344788373    
  0.500000000      0.344213963    
  0.509999990      0.346763670    
  0.519999981      0.353759348    
  0.529999971      0.363245636    
  0.539999962      0.374722868    
  0.550000012      0.388018101    
  0.560000002      0.403091609    
  0.569999993      0.419970870    
  0.579999983      0.438718796    
  0.589999974      0.459404945    
  0.599999964      0.482071996    
  0.610000014      0.506679058    
  0.620000005      0.532994330    
  0.629999995      0.560400546    
  0.639999986      0.587504864    
  0.649999976      0.611424446    
  0.659999967      0.626710594    
  0.669999957      0.628511310    
  0.680000007      0.630851984    
  0.689999998      0.635256350    
  0.699999988      0.641008377    
  0.709999979      0.647803128    
  0.719999969      0.655473232    
  0.729999959      0.663917959    
  0.740000010      0.673075080    
  0.750000000      0.682904303    
  0.759999990      0.693383098    
  0.769999981      0.704498589    
  0.779999971      0.716245949    
  0.789999962      0.728630126    
  0.799999952      0.741658092    
  0.810000002      0.755341887    
  0.819999993      0.769699514    
  0.829999983      0.784749448    
  0.839999974      0.800511897    
  0.849999964      0.817011952    
  0.859999955      0.834272623    
  0.870000005      0.852316260    
  0.879999995      0.871165216    
  0.889999986      0.890834391    
  0.899999976      0.911332965    
  0.909999967      0.932655096    
  0.919999957      0.954775989    
  0.930000007      0.977634132    
  0.939999998       1.00112247    
  0.949999988       1.02505279    
  0.959999979       1.04911649    
  0.969999969       1.07281697    
  0.979999959       1.09534812    
  0.989999950       1.11539650    
   1.00000000       1.13079226    
   1.00999999       1.14132631    
   1.01999998       1.15043855    
   1.02999997       1.15891767    
   1.03999996       1.16705859    
   1.04999995       1.17501414    
   1.05999994       1.18286717    
   1.06999993       1.19067252    
   1.07999992       1.19846511    
   1.09000003       1.20626390    
   1.10000002       1.21408665    
   1.11000001       1.22194648    
   1.12000000       1.22984719    
   1.13000000       1.23779547    
   1.13999999       1.24579704    
   1.14999998       1.25385404    
   1.15999997       1.26196909    
   1.16999996       1.27014279    
   1.17999995       1.27837837    
   1.18999994       1.28667545    
   1.19999993       1.29503584    
   1.20999992       1.30345392    
   1.22000003       1.31194663    
   1.23000002       1.32049704    
   1.24000001       1.32911432    
   1.25000000       1.33779645    
   1.25999999       1.34654295    
   1.26999998       1.35535645    
   1.27999997       1.36423707    
   1.28999996       1.37318373    
   1.29999995       1.38219762    
   1.30999994       1.39127922    
   1.31999993       1.40043020    
   1.32999992       1.40964592    
   1.33999991       1.41893196    
   1.35000002       1.42828727    
   1.36000001       1.43771219    
   1.37000000       1.44720721    
   1.38000000       1.45677280    
   1.38999999       1.46640742    
   1.39999998       1.47611511    
   1.40999997       1.48589420    
   1.41999996       1.49574518    
   1.42999995       1.50566876    
   1.43999994       1.51566505    
   1.44999993       1.52573681    
   1.45999992       1.53588116    
   1.46999991       1.54610014    
   1.48000002       1.55639470    
   1.49000001       1.56676626    
   1.50000000       1.57721174    
   1.50999999       1.58773339    
   1.51999998       1.59833467    
   1.52999997       1.60901082    
   1.53999996       1.61976445    
   1.54999995       1.63059807    
   1.55999994       1.64151084    
   1.56999993       1.65250206    
   1.57999992       1.66357124    
   1.58999991       1.67472064    
   1.59999990       1.68594837    
   1.61000001       1.69725728    
   1.62000000       1.70864606    
   1.63000000       1.72011578    
   1.63999999       1.73166394    
   1.64999998       1.74329221    
   1.65999997       1.75500071    
   1.66999996       1.76678956    
   1.67999995       1.77865696    
   1.68999994       1.79060209    
   1.69999993       1.80262423    
   1.70999992       1.81472576    
   1.71999991       1.82690287    
   1.73000002       1.83915389    
   1.74000001       1.85148060    
   1.75000000       1.86387873    
   1.75999999       1.87634695    
   1.76999998       1.88888466    
   1.77999997       1.90148711    
   1.78999996       1.91415429    
   1.79999995       1.92688346    
   1.80999994       1.93966734    
   1.81999993       1.95250595    
   1.82999992       1.96539295    
   1.83999991       1.97832787    
   1.84999990       1.99129820    
   1.86000001       2.00430226    
   1.87000000       2.01733303    
   1.88000000       2.03038454    
   1.88999999       2.04344225    
   1.89999998       2.05650306    
   1.90999997       2.06955504    
   1.91999996       2.08258462    
   1.92999995       2.09558058    
   1.93999994       2.10852456    
   1.94999993       2.12140799    
   1.95999992       2.13420534    
   1.96999991       2.14689803    
   1.97999990       2.15946531    
   1.99000001       2.17187977    
   2.00000000       2.18411255    
   2.00999999       2.19596362    
   2.01999998       2.20734167    
   2.02999997       2.21833611    
   2.03999996       2.22900891    
   2.04999995       2.23940372    
   2.05999994       2.24955940    
   2.06999993       2.25950313    
   2.07999992       2.26926064    
   2.08999991       2.27885008    
   2.09999990       2.28829169    
   2.10999990       2.29759455    
   2.11999989       2.30677891    
   2.12999988       2.31585073    
   2.13999987       2.32482195    
   2.14999986       2.33369946    
   2.15999985       2.34249210    
   2.16999984       2.35120773    
   2.18000007       2.35984683    
   2.19000006       2.36842084    
   2.20000005       2.37693119    
   2.21000004       2.38538456    
   2.22000003       2.39378428    
   2.23000002       2.40213251    
   2.24000001       2.41043139    
   2.25000000       2.41868830    
   2.25999999       2.42690516    
   2.26999998       2.43507886    
   2.27999997       2.44321752    
   2.28999996       2.45132184    
   2.29999995       2.45939398    
   2.30999994       2.46743321    
   2.31999993       2.47544360    
   2.32999992       2.48342776    
   2.33999991       2.49138713    
   2.34999990       2.49931765    
   2.35999990       2.50722742    
   2.36999989       2.51511526    
   2.37999988       2.52297688    
   2.38999987       2.53082371    
   2.39999986       2.53864932    
   2.40999985       2.54645467    
   2.41999984       2.55424380    
   2.42999983       2.56201601    
   2.44000006       2.56977344    
   2.45000005       2.57751298    
   2.46000004       2.58523870    
   2.47000003       2.59294963    
   2.48000002       2.60064888    
   2.49000001       2.60833454    
   2.50000000       2.61600780    
   2.50999999       2.62366724    
   2.51999998       2.63131452    
   2.52999997       2.63895440    
   2.53999996       2.64658117    
   2.54999995       2.65419912    
   2.55999994       2.66180611    
   2.56999993       2.66940212    
   2.57999992       2.67699051    
   2.58999991       2.68457007    
   2.59999990       2.69214129    
   2.60999990       2.69970512    
   2.61999989       2.70726085    
   2.62999988       2.71480560    
   2.63999987       2.72234654    
   2.64999986       2.72987914    
   2.65999985       2.73740602    
   2.66999984       2.74492311    
   2.67999983       2.75243473    
   2.69000006       2.75994039    
   2.70000005       2.76743960    
   2.71000004       2.77493501    
   2.72000003       2.78242207    
   2.73000002       2.78990769    
   2.74000001       2.79738188    
   2.75000000       2.80485296    
   2.75999999       2.81231856    
   2.76999998       2.81978035    
   2.77999997       2.82723880    
   2.78999996       2.83468866    
   2.79999995       2.84213758    
   2.80999994       2.84958124    
   2.81999993       2.85701871    
   2.82999992       2.86445236    
   2.83999991       2.87188244    
   2.84999990       2.87930965    
   2.85999990       2.88673139    
   2.86999989       2.89414907    
   2.87999988       2.90156484    
   2.88999987       2.90897679    
   2.89999986       2.91638756    
   2.90999985       2.92379093    
   2.91999984       2.93118954    
   2.92999983       2.93858886    
   2.93999982       2.94598508    
   2.95000005       2.95337391    
   2.96000004       2.96076155    
   2.97000003       2.96814871    
   2.98000002       2.97552967    
   2.99000001       2.98291111    
   3.00000000       2.99028707    
   3.00999999       2.99766254    
   3.01999998       3.00503325    
   3.02999997       3.01240182    
   3.03999996       3.01976943    
   3.04999995       3.02713108    
   3.05999994       3.03449368    
   3.06999993       3.04185247    
   3.07999992       3.04920983    
   3.08999991       3.05656624    
   3.09999990       3.06391668    
   3.10999990       3.07126522    
   3.11999989       3.07861447    
   3.12999988       3.08596039    
   3.13999987       3.09330392    
   3.14999986       3.10064507    
   3.15999985       3.10798311    
   3.16999984       3.11532140    
   3.17999983       3.12265754    
   3.18999982       3.12999058    
   3.19999981       3.13732052    
   3.21000004       3.14465451    
   3.22000003       3.15197968    
   3.23000002       3.15930724    
   3.24000001       3.16663122    
   3.25000000       3.17395329    
   3.25999999       3.18127346    
   3.26999998       3.18859577    
   3.27999997       3.19591355    
   3.28999996       3.20322847    
   3.29999995       3.21054363    
   3.30999994       3.21785903    
   3.31999993       3.22517133    
   3.32999992       3.23248053    
   3.33999991       3.23978806    
   3.34999990       3.24709487    
   3.35999990       3.25440097    
   3.36999989       3.26170731    
   3.37999988       3.26900792    
   3.38999987       3.27631044    
   3.39999986       3.28360939    
   3.40999985       3.29090834    
   3.41999984       3.29820585    
   3.42999983       3.30550265    
   3.43999982       3.31279731    
   3.44999981       3.32009101    
   3.46000004       3.32738328    
   3.47000003       3.33467722    
   3.48000002       3.34196281    
   3.49000001       3.34925294    
   3.50000000       3.35653949    
   3.50999999       3.36382723    
