   9.99999978E-03   5.94337936E-04
   1.99999996E-02   1.02610781E-03
   2.99999993E-02   1.39664975E-03
   3.99999991E-02   1.74868433E-03
   4.99999970E-02   2.12712376E-03
   5.99999987E-02   2.38232990E-03
   7.00000003E-02   2.47264793E-03
   7.99999982E-02   2.76828115E-03
   8.99999961E-02   3.19455960E-03
   9.99999940E-02   3.60421091E-03
  0.109999999       3.93586466E-03
  0.119999997       4.26655635E-03
  0.129999995       4.68835235E-03
  0.140000001       5.30910725E-03
  0.149999991       6.19984139E-03
  0.159999996       7.36222835E-03
  0.170000002       9.17379186E-03
  0.179999992       1.14067821E-02
  0.189999998       1.39491810E-02
  0.199999988       1.74976531E-02
  0.209999993       2.14270111E-02
  0.219999999       2.51153596E-02
  0.229999989       3.18257734E-02
  0.239999995       3.64778526E-02
  0.250000000       4.15853672E-02
  0.259999990       5.10209575E-02
  0.269999981       5.96025586E-02
  0.280000001       6.37716874E-02
  0.289999992       7.15079978E-02
  0.299999982       8.38630050E-02
  0.310000002       9.74467918E-02
  0.319999993      0.107508481    
  0.329999983      0.110696845    
  0.340000004      0.118898951    
  0.349999994      0.132180929    
  0.359999985      0.148642838    
  0.370000005      0.167119756    
  0.379999995      0.184475988    
  0.389999986      0.194376752    
  0.399999976      0.194921374    
  0.409999996      0.202470466    
  0.419999987      0.214284286    
  0.429999977      0.229167774    
  0.439999998      0.246928886    
  0.449999988      0.267459601    
  0.459999979      0.290367991    
  0.469999999      0.314418614    
  0.479999989      0.336490482    
  0.489999980      0.350234985    
  0.500000000      0.349697530    
  0.509999990      0.352338642    
  0.519999981      0.359446794    
  0.529999971      0.369062990    
  0.539999962      0.380684674    
  0.550000012      0.394136280    
  0.560000002      0.409376442    
  0.569999993      0.426429600    
  0.579999983      0.445357591    
  0.589999974      0.466223091    
  0.599999964      0.489062518    
  0.610000014      0.513826787    
  0.620000005      0.540272951    
  0.629999995      0.567769527    
  0.639999986      0.594906926    
  0.649999976      0.618803024    
  0.659999967      0.634056449    
  0.669999957      0.635929644    
  0.680000007      0.638352454    
  0.689999998      0.642834961    
  0.699999988      0.648663759    
  0.709999979      0.655536473    
  0.719999969      0.663287044    
  0.729999959      0.671814740    
  0.740000010      0.681055963    
  0.750000000      0.690971911    
  0.759999990      0.701538146    
  0.769999981      0.712743044    
  0.779999971      0.724582255    
  0.789999962      0.737058043    
  0.799999952      0.750179052    
  0.810000002      0.763955951    
  0.819999993      0.778406322    
  0.829999983      0.793547809    
  0.839999974      0.809402466    
  0.849999964      0.825990915    
  0.859999955      0.843337059    
  0.870000005      0.861463785    
  0.879999995      0.880389631    
  0.889999986      0.900130272    
  0.899999976      0.920691490    
  0.909999967      0.942066371    
  0.919999957      0.964227617    
  0.930000007      0.987112224    
  0.939999998       1.01060975    
  0.949999988       1.03452992    
  0.959999979       1.05856490    
  0.969999969       1.08221400    
  0.979999959       1.10467970    
  0.989999950       1.12466276    
   1.00000000       1.14002883    
   1.00999999       1.15058887    
   1.01999998       1.15974212    
   1.02999997       1.16826653    
   1.03999996       1.17645335    
   1.04999995       1.18445611    
   1.05999994       1.19235814    
   1.06999993       1.20021093    
   1.07999992       1.20805180    
   1.09000003       1.21589994    
   1.10000002       1.22376955    
   1.11000001       1.23167658    
   1.12000000       1.23962557    
   1.13000000       1.24762213    
   1.13999999       1.25567198    
   1.14999998       1.26377571    
   1.15999997       1.27193737    
   1.16999996       1.28015947    
   1.17999995       1.28844106    
   1.18999994       1.29678655    
   1.19999993       1.30519319    
   1.20999992       1.31365860    
   1.22000003       1.32219601    
   1.23000002       1.33079362    
   1.24000001       1.33945680    
   1.25000000       1.34818506    
   1.25999999       1.35697949    
   1.26999998       1.36583734    
   1.27999997       1.37476242    
   1.28999996       1.38375533    
   1.29999995       1.39281285    
   1.30999994       1.40194023    
   1.31999993       1.41113412    
   1.32999992       1.42039597    
   1.33999991       1.42972672    
   1.35000002       1.43912518    
   1.36000001       1.44859469    
   1.37000000       1.45813179    
   1.38000000       1.46773946    
   1.38999999       1.47741878    
   1.39999998       1.48716807    
   1.40999997       1.49698913    
   1.41999996       1.50688291    
   1.42999995       1.51684797    
   1.43999994       1.52688515    
   1.44999993       1.53699732    
   1.45999992       1.54718196    
   1.46999991       1.55744255    
   1.48000002       1.56777513    
   1.49000001       1.57818437    
   1.50000000       1.58866847    
   1.50999999       1.59922850    
   1.51999998       1.60986638    
   1.52999997       1.62058103    
   1.53999996       1.63137197    
   1.54999995       1.64224219    
   1.55999994       1.65318739    
   1.56999993       1.66421187    
   1.57999992       1.67531633    
   1.58999991       1.68649805    
   1.59999990       1.69775975    
   1.61000001       1.70909953    
   1.62000000       1.72051847    
   1.63000000       1.73201764    
   1.63999999       1.74359560    
   1.64999998       1.75525284    
   1.65999997       1.76698673    
   1.66999996       1.77880108    
   1.67999995       1.79069340    
   1.68999994       1.80266309    
   1.69999993       1.81470799    
   1.70999992       1.82683146    
   1.71999991       1.83902895    
   1.73000002       1.85130084    
   1.74000001       1.86364281    
   1.75000000       1.87605822    
   1.75999999       1.88854241    
   1.76999998       1.90109253    
   1.77999997       1.91370940    
   1.78999996       1.92638719    
   1.79999995       1.93912506    
   1.80999994       1.95191932    
   1.81999993       1.96476364    
   1.82999992       1.97765470    
   1.83999991       1.99059212    
   1.84999990       2.00356555    
   1.86000001       2.01657057    
   1.87000000       2.02959871    
   1.88000000       2.04264569    
   1.88999999       2.05569959    
   1.89999998       2.06875539    
   1.90999997       2.08179736    
   1.91999996       2.09481716    
   1.92999995       2.10780215    
   1.93999994       2.12073660    
   1.94999993       2.13360143    
   1.95999992       2.14638591    
   1.96999991       2.15906334    
   1.97999990       2.17161393    
   1.99000001       2.18401027    
   2.00000000       2.19622874    
   2.00999999       2.20806384    
   2.01999998       2.21943092    
   2.02999997       2.23041654    
   2.03999996       2.24108195    
   2.04999995       2.25147176    
   2.05999994       2.26162386    
   2.06999993       2.27156639    
   2.07999992       2.28132343    
   2.08999991       2.29091644    
   2.09999990       2.30035996    
   2.10999990       2.30966973    
   2.11999989       2.31885815    
   2.12999988       2.32793570    
   2.13999987       2.33691454    
   2.14999986       2.34579945    
   2.15999985       2.35459995    
   2.16999984       2.36332226    
   2.18000007       2.37197375    
   2.19000006       2.38055539    
   2.20000005       2.38907719    
   2.21000004       2.39754081    
   2.22000003       2.40595078    
   2.23000002       2.41431069    
   2.24000001       2.42262435    
   2.25000000       2.43089366    
   2.25999999       2.43912077    
   2.26999998       2.44730663    
   2.27999997       2.45546126    
   2.28999996       2.46357656    
   2.29999995       2.47166276    
   2.30999994       2.47971654    
   2.31999993       2.48774385    
   2.32999992       2.49574113    
   2.33999991       2.50371337    
   2.34999990       2.51166058    
   2.35999990       2.51958632    
   2.36999989       2.52748585    
   2.37999988       2.53536797    
   2.38999987       2.54322696    
   2.39999986       2.55106974    
   2.40999985       2.55889153    
   2.41999984       2.56669688    
   2.42999983       2.57448769    
   2.44000006       2.58225846    
   2.45000005       2.59001613    
   2.46000004       2.59775662    
   2.47000003       2.60548663    
   2.48000002       2.61320138    
   2.49000001       2.62090421    
   2.50000000       2.62859321    
   2.50999999       2.63626862    
   2.51999998       2.64393544    
   2.52999997       2.65159130    
   2.53999996       2.65923691    
   2.54999995       2.66687012    
   2.55999994       2.67449260    
   2.56999993       2.68210983    
   2.57999992       2.68971419    
   2.58999991       2.69731116    
   2.59999990       2.70490074    
   2.60999990       2.71248221    
   2.61999989       2.72005439    
   2.62999988       2.72761989    
   2.63999987       2.73517561    
   2.64999986       2.74272466    
   2.65999985       2.75027013    
   2.66999984       2.75780368    
   2.67999983       2.76533508    
   2.69000006       2.77286053    
   2.70000005       2.78037739    
   2.71000004       2.78788948    
   2.72000003       2.79539537    
   2.73000002       2.80289531    
   2.74000001       2.81039381    
   2.75000000       2.81788182    
   2.75999999       2.82536626    
   2.76999998       2.83284593    
   2.77999997       2.84032345    
   2.78999996       2.84779167    
   2.79999995       2.85525918    
   2.80999994       2.86271954    
   2.81999993       2.87017536    
   2.82999992       2.87762880    
   2.83999991       2.88507795    
   2.84999990       2.89252234    
   2.85999990       2.89996266    
   2.86999989       2.90740013    
   2.87999988       2.91483545    
   2.88999987       2.92226362    
   2.89999986       2.92969155    
   2.90999985       2.93711519    
   2.91999984       2.94453621    
   2.92999983       2.95195031    
   2.93999982       2.95936632    
   2.95000005       2.96677494    
   2.96000004       2.97418070    
   2.97000003       2.98158622    
   2.98000002       2.98898506    
   2.99000001       2.99638605    
   3.00000000       3.00378275    
   3.00999999       3.01117563    
   3.01999998       3.01856518    
   3.02999997       3.02595162    
   3.03999996       3.03333926    
   3.04999995       3.04072332    
   3.05999994       3.04810119    
   3.06999993       3.05548167    
   3.07999992       3.06285644    
   3.08999991       3.07023025    
   3.09999990       3.07760024    
   3.10999990       3.08496928    
   3.11999989       3.09233618    
   3.12999988       3.09970021    
   3.13999987       3.10706282    
   3.14999986       3.11442494    
   3.15999985       3.12178421    
   3.16999984       3.12913823    
   3.17999983       3.13649535    
   3.18999982       3.14384627    
   3.19999981       3.15119672    
   3.21000004       3.15854740    
   3.22000003       3.16589475    
   3.23000002       3.17323780    
   3.24000001       3.18058395    
   3.25000000       3.18792772    
   3.25999999       3.19526482    
   3.26999998       3.20260715    
   3.27999997       3.20994306    
   3.28999996       3.21727943    
   3.29999995       3.22461224    
   3.30999994       3.23194718    
   3.31999993       3.23927474    
   3.32999992       3.24660778    
   3.33999991       3.25393605    
   3.34999990       3.26126099    
   3.35999990       3.26858330    
   3.36999989       3.27590728    
   3.37999988       3.28323078    
   3.38999987       3.29055047    
   3.39999986       3.29787445    
   3.40999985       3.30519271    
   3.41999984       3.31250715    
   3.42999983       3.31982279    
   3.43999982       3.32713675    
   3.44999981       3.33444858    
   3.46000004       3.34175873    
   3.47000003       3.34907365    
   3.48000002       3.35638189    
   3.49000001       3.36369085    
   3.50000000       3.37099767    
   3.50999999       3.37830138    
