   9.99999978E-03   6.01017615E-04
   1.99999996E-02   1.02835905E-03
   2.99999993E-02   1.40950736E-03
   3.99999991E-02   1.76707853E-03
   4.99999970E-02   2.12523644E-03
   5.99999987E-02   2.40627513E-03
   7.00000003E-02   2.48905690E-03
   7.99999982E-02   2.77006580E-03
   8.99999961E-02   3.19779851E-03
   9.99999940E-02   3.63011495E-03
  0.109999999       4.00263304E-03
  0.119999997       4.39292192E-03
  0.129999995       4.89399442E-03
  0.140000001       5.62430965E-03
  0.149999991       6.65759575E-03
  0.159999996       7.98658282E-03
  0.170000002       1.00158537E-02
  0.179999992       1.25443814E-02
  0.189999998       1.53333377E-02
  0.199999988       1.93007588E-02
  0.209999993       2.35463325E-02
  0.219999999       2.76529994E-02
  0.229999989       3.49253491E-02
  0.239999995       3.98757644E-02
  0.250000000       4.55139652E-02
  0.259999990       5.56703657E-02
  0.269999981       6.47079572E-02
  0.280000001       6.91493526E-02
  0.289999992       7.75604472E-02
  0.299999982       9.07456279E-02
  0.310000002      0.105018266    
  0.319999993      0.115408346    
  0.329999983      0.118819304    
  0.340000004      0.127646714    
  0.349999994      0.141731694    
  0.359999985      0.159051478    
  0.370000005      0.178298995    
  0.379999995      0.196137249    
  0.389999986      0.206161141    
  0.399999976      0.206894249    
  0.409999996      0.214923844    
  0.419999987      0.227348357    
  0.429999977      0.242929935    
  0.439999998      0.261444807    
  0.449999988      0.282740712    
  0.459999979      0.306359559    
  0.469999999      0.330950975    
  0.479999989      0.353291512    
  0.489999980      0.367043853    
  0.500000000      0.366632432    
  0.509999990      0.369556308    
  0.519999981      0.377034813    
  0.529999971      0.387019604    
  0.539999962      0.399079472    
  0.550000012      0.413005829    
  0.560000002      0.428749382    
  0.569999993      0.446328163    
  0.579999983      0.465791792    
  0.589999974      0.487190694    
  0.599999964      0.510542929    
  0.610000014      0.535771370    
  0.620000005      0.562597990    
  0.629999995      0.590346873    
  0.639999986      0.617572546    
  0.649999976      0.641390264    
  0.659999967      0.656545639    
  0.669999957      0.658643782    
  0.680000007      0.661320090    
  0.689999998      0.666037619    
  0.699999988      0.672101736    
  0.709999979      0.679213524    
  0.719999969      0.687207997    
  0.729999959      0.695985258    
  0.740000010      0.705481291    
  0.750000000      0.715657651    
  0.759999990      0.726489663    
  0.769999981      0.737964749    
  0.779999971      0.750075936    
  0.789999962      0.762827516    
  0.799999952      0.776225269    
  0.810000002      0.790280044    
  0.819999993      0.805007696    
  0.829999983      0.820423365    
  0.839999974      0.836546838    
  0.849999964      0.853398800    
  0.859999955      0.870998979    
  0.870000005      0.889367104    
  0.879999995      0.908518553    
  0.889999986      0.928464293    
  0.899999976      0.949206293    
  0.909999967      0.970730424    
  0.919999957      0.993004262    
  0.930000007       1.01595962    
  0.939999998       1.03947484    
  0.949999988       1.06335688    
  0.959999979       1.08729243    
  0.969999969       1.11078513    
  0.979999959       1.13304996    
  0.989999950       1.15283668    
   1.00000000       1.16811597    
   1.00999999       1.17875564    
   1.01999998       1.18802786    
   1.02999997       1.19668531    
   1.03999996       1.20501256    
   1.04999995       1.21315861    
   1.05999994       1.22120321    
   1.06999993       1.22920239    
   1.07999992       1.23718369    
   1.09000003       1.24518013    
   1.10000002       1.25319433    
   1.11000001       1.26124489    
   1.12000000       1.26933753    
   1.13000000       1.27747869    
   1.13999999       1.28567064    
   1.14999998       1.29391718    
   1.15999997       1.30222011    
   1.16999996       1.31058407    
   1.17999995       1.31900740    
   1.18999994       1.32749021    
   1.19999993       1.33603919    
   1.20999992       1.34464359    
   1.22000003       1.35331953    
   1.23000002       1.36205721    
   1.24000001       1.37085819    
   1.25000000       1.37972391    
   1.25999999       1.38865328    
   1.26999998       1.39764822    
   1.27999997       1.40670991    
   1.28999996       1.41583908    
   1.29999995       1.42503285    
   1.30999994       1.43429172    
   1.31999993       1.44362032    
   1.32999992       1.45301485    
   1.33999991       1.46247685    
   1.35000002       1.47200620    
   1.36000001       1.48160613    
   1.37000000       1.49127269    
   1.38000000       1.50100994    
   1.38999999       1.51081645    
   1.39999998       1.52069294    
   1.40999997       1.53063881    
   1.41999996       1.54065669    
   1.42999995       1.55074632    
   1.43999994       1.56090534    
   1.44999993       1.57113874    
   1.45999992       1.58144414    
   1.46999991       1.59182167    
   1.48000002       1.60227263    
   1.49000001       1.61279702    
   1.50000000       1.62339461    
   1.50999999       1.63406825    
   1.51999998       1.64481604    
   1.52999997       1.65563941    
   1.53999996       1.66653895    
   1.54999995       1.67751288    
   1.55999994       1.68856323    
   1.56999993       1.69968820    
   1.57999992       1.71089017    
   1.58999991       1.72217071    
   1.59999990       1.73352730    
   1.61000001       1.74495888    
   1.62000000       1.75646973    
   1.63000000       1.76805484    
   1.63999999       1.77971768    
   1.64999998       1.79145575    
   1.65999997       1.80326962    
   1.66999996       1.81516075    
   1.67999995       1.82712376    
   1.68999994       1.83916414    
   1.69999993       1.85127604    
   1.70999992       1.86346209    
   1.71999991       1.87571728    
   1.73000002       1.88804483    
   1.74000001       1.90044010    
   1.75000000       1.91290402    
   1.75999999       1.92543185    
   1.76999998       1.93802154    
   1.77999997       1.95067406    
   1.78999996       1.96338201    
   1.79999995       1.97614670    
   1.80999994       1.98896229    
   1.81999993       2.00183058    
   1.82999992       2.01472807    
   1.83999991       2.02767396    
   1.84999990       2.04064989    
   1.86000001       2.05365396    
   1.87000000       2.06667638    
   1.88000000       2.07971001    
   1.88999999       2.09274983    
   1.89999998       2.10578084    
   1.90999997       2.11879873    
   1.91999996       2.13178968    
   1.92999995       2.14473915    
   1.93999994       2.15763640    
   1.94999993       2.17046094    
   1.95999992       2.18319869    
   1.96999991       2.19582868    
   1.97999990       2.20832920    
   1.99000001       2.22067642    
   2.00000000       2.23284531    
   2.00999999       2.24463820    
   2.01999998       2.25596428    
   2.02999997       2.26692343    
   2.03999996       2.27756786    
   2.04999995       2.28794527    
   2.05999994       2.29808855    
   2.06999993       2.30802798    
   2.07999992       2.31778836    
   2.08999991       2.32738423    
   2.09999990       2.33683705    
   2.10999990       2.34615993    
   2.11999989       2.35536504    
   2.12999988       2.36446071    
   2.13999987       2.37345719    
   2.14999986       2.38236451    
   2.15999985       2.39119053    
   2.16999984       2.39993954    
   2.18000007       2.40861893    
   2.19000006       2.41723251    
   2.20000005       2.42578697    
   2.21000004       2.43428326    
   2.22000003       2.44272566    
   2.23000002       2.45112276    
   2.24000001       2.45947003    
   2.25000000       2.46777797    
   2.25999999       2.47604370    
   2.26999998       2.48427224    
   2.27999997       2.49246454    
   2.28999996       2.50062132    
   2.29999995       2.50875044    
   2.30999994       2.51684546    
   2.31999993       2.52491617    
   2.32999992       2.53295517    
   2.33999991       2.54097271    
   2.34999990       2.54896712    
   2.35999990       2.55693436    
   2.36999989       2.56488371    
   2.37999988       2.57280993    
   2.38999987       2.58071685    
   2.39999986       2.58860564    
   2.40999985       2.59647608    
   2.41999984       2.60432863    
   2.42999983       2.61216569    
   2.44000006       2.61998773    
   2.45000005       2.62779331    
   2.46000004       2.63558316    
   2.47000003       2.64336109    
   2.48000002       2.65112805    
   2.49000001       2.65888071    
   2.50000000       2.66662025    
   2.50999999       2.67434669    
   2.51999998       2.68206501    
   2.52999997       2.68977237    
   2.53999996       2.69746614    
   2.54999995       2.70515275    
   2.55999994       2.71283054    
   2.56999993       2.72049880    
   2.57999992       2.72815537    
   2.58999991       2.73580623    
   2.59999990       2.74344778    
   2.60999990       2.75107956    
   2.61999989       2.75870728    
   2.62999988       2.76632237    
   2.63999987       2.77393460    
   2.64999986       2.78153753    
   2.65999985       2.78913546    
   2.66999984       2.79672766    
   2.67999983       2.80430961    
   2.69000006       2.81188846    
   2.70000005       2.81946111    
   2.71000004       2.82702565    
   2.72000003       2.83458757    
   2.73000002       2.84214258    
   2.74000001       2.84969163    
   2.75000000       2.85723829    
   2.75999999       2.86477923    
   2.76999998       2.87231112    
   2.77999997       2.87984228    
   2.78999996       2.88736796    
   2.79999995       2.89489031    
   2.80999994       2.90240526    
   2.81999993       2.90992045    
   2.82999992       2.91742730    
   2.83999991       2.92493010    
   2.84999990       2.93243313    
   2.85999990       2.93992996    
   2.86999989       2.94742179    
   2.87999988       2.95491338    
   2.88999987       2.96239805    
   2.89999986       2.96988130    
   2.90999985       2.97735858    
   2.91999984       2.98483586    
   2.92999983       2.99230838    
   2.93999982       2.99978113    
   2.95000005       3.00724530    
   2.96000004       3.01470947    
   2.97000003       3.02216935    
   2.98000002       3.02962756    
   2.99000001       3.03708410    
   3.00000000       3.04453564    
   3.00999999       3.05198860    
   3.01999998       3.05943394    
   3.02999997       3.06688118    
   3.03999996       3.07432055    
   3.04999995       3.08176327    
   3.05999994       3.08919883    
   3.06999993       3.09663486    
   3.07999992       3.10406685    
   3.08999991       3.11149764    
   3.09999990       3.11892605    
   3.10999990       3.12635159    
   3.11999989       3.13377643    
   3.12999988       3.14119697    
   3.13999987       3.14862013    
   3.14999986       3.15603805    
   3.15999985       3.16345263    
   3.16999984       3.17086720    
   3.17999983       3.17827797    
   3.18999982       3.18569040    
   3.19999981       3.19309878    
   3.21000004       3.20050454    
   3.22000003       3.20790958    
   3.23000002       3.21531367    
   3.24000001       3.22271490    
   3.25000000       3.23011637    
   3.25999999       3.23751187    
   3.26999998       3.24491215    
   3.27999997       3.25230598    
   3.28999996       3.25969958    
   3.29999995       3.26709104    
   3.30999994       3.27448273    
   3.31999993       3.28187156    
   3.32999992       3.28925776    
   3.33999991       3.29664469    
   3.34999990       3.30402946    
   3.35999990       3.31141353    
   3.36999989       3.31879568    
   3.37999988       3.32617426    
   3.38999987       3.33355546    
   3.39999986       3.34093022    
   3.40999985       3.34830618    
   3.41999984       3.35568142    
   3.42999983       3.36305547    
   3.43999982       3.37042999    
   3.44999981       3.37780166    
   3.46000004       3.38517356    
   3.47000003       3.39253998    
   3.48000002       3.39990592    
   3.49000001       3.40727115    
   3.50000000       3.41463757    
   3.50999999       3.42200351    
