   9.99999978E-03   6.08036877E-04
   1.99999996E-02   1.03692862E-03
   2.99999993E-02   1.43262453E-03
   3.99999991E-02   1.79778226E-03
   4.99999970E-02   2.12060707E-03
   5.99999987E-02   2.44469685E-03
   7.00000003E-02   2.51978729E-03
   7.99999982E-02   2.77689798E-03
   8.99999961E-02   3.20775504E-03
   9.99999940E-02   3.68372840E-03
  0.109999999       4.13377536E-03
  0.119999997       4.64808708E-03
  0.129999995       5.31192403E-03
  0.140000001       6.26477087E-03
  0.149999991       7.59034604E-03
  0.159999996       9.24499333E-03
  0.170000002       1.16905039E-02
  0.179999992       1.47935282E-02
  0.189999998       1.80460438E-02
  0.199999988       2.28085481E-02
  0.209999993       2.76295580E-02
  0.219999999       3.25322896E-02
  0.229999989       4.08169180E-02
  0.239999995       4.63073477E-02
  0.250000000       5.29368147E-02
  0.259999990       6.43790215E-02
  0.269999981       7.42039084E-02
  0.280000001       7.91551769E-02
  0.289999992       8.87900069E-02
  0.299999982      0.103437871    
  0.310000002      0.118902825    
  0.319999993      0.129833177    
  0.329999983      0.133668095    
  0.340000004      0.143612698    
  0.349999994      0.159106329    
  0.359999985      0.177904472    
  0.370000005      0.198448494    
  0.379999995      0.217074081    
  0.389999986      0.227304161    
  0.399999976      0.228400007    
  0.409999996      0.237276644    
  0.419999987      0.250762016    
  0.429999977      0.267544329    
  0.439999998      0.287341565    
  0.449999988      0.309921175    
  0.459999979      0.334699601    
  0.469999999      0.360166132    
  0.479999989      0.382917136    
  0.489999980      0.396683156    
  0.500000000      0.396519691    
  0.509999990      0.399945378    
  0.519999981      0.407993197    
  0.529999971      0.418683618    
  0.539999962      0.431492597    
  0.550000012      0.446220249    
  0.560000002      0.462810904    
  0.569999993      0.481266975    
  0.579999983      0.501619101    
  0.589999974      0.523893297    
  0.599999964      0.548074543    
  0.610000014      0.574040771    
  0.620000005      0.601456940    
  0.629999995      0.629579306    
  0.639999986      0.656902671    
  0.649999976      0.680564344    
  0.659999967      0.695573747    
  0.669999957      0.698065579    
  0.680000007      0.701178849    
  0.689999998      0.706304133    
  0.699999988      0.712772131    
  0.709999979      0.720291018    
  0.719999969      0.728700042    
  0.729999959      0.737899303    
  0.740000010      0.747826576    
  0.750000000      0.758440554    
  0.759999990      0.769717097    
  0.769999981      0.781641364    
  0.779999971      0.794207513    
  0.789999962      0.807415605    
  0.799999952      0.821271241    
  0.810000002      0.835783601    
  0.819999993      0.850963593    
  0.829999983      0.866826057    
  0.839999974      0.883386433    
  0.849999964      0.900662363    
  0.859999955      0.918667734    
  0.870000005      0.937417746    
  0.879999995      0.956922710    
  0.889999986      0.977185488    
  0.899999976      0.998200536    
  0.909999967       1.01994514    
  0.919999957       1.04237592    
  0.930000007       1.06541407    
  0.939999998       1.08893013    
  0.949999988       1.11271906    
  0.959999979       1.13646376    
  0.969999969       1.15967560    
  0.979999959       1.18159914    
  0.989999950       1.20105875    
   1.00000000       1.21619332    
   1.00999999       1.22696292    
   1.01999998       1.23642898    
   1.02999997       1.24530637    
   1.03999996       1.25386512    
   1.04999995       1.26224720    
   1.05999994       1.27053273    
   1.06999993       1.27877152    
   1.07999992       1.28699625    
   1.09000003       1.29522824    
   1.10000002       1.30348504    
   1.11000001       1.31177580    
   1.12000000       1.32010758    
   1.13000000       1.32848597    
   1.13999999       1.33691466    
   1.14999998       1.34539974    
   1.15999997       1.35393906    
   1.16999996       1.36254108    
   1.17999995       1.37119424    
   1.18999994       1.37991381    
   1.19999993       1.38869250    
   1.20999992       1.39752984    
   1.22000003       1.40643752    
   1.23000002       1.41540384    
   1.24000001       1.42443407    
   1.25000000       1.43352711    
   1.25999999       1.44268548    
   1.26999998       1.45190716    
   1.27999997       1.46119452    
   1.28999996       1.47054458    
   1.29999995       1.47996187    
   1.30999994       1.48944378    
   1.31999993       1.49899077    
   1.32999992       1.50860524    
   1.33999991       1.51828349    
   1.35000002       1.52803075    
   1.36000001       1.53784394    
   1.37000000       1.54772556    
   1.38000000       1.55767357    
   1.38999999       1.56768858    
   1.39999998       1.57777321    
   1.40999997       1.58792675    
   1.41999996       1.59814811    
   1.42999995       1.60843825    
   1.43999994       1.61879945    
   1.44999993       1.62922990    
   1.45999992       1.63972950    
   1.46999991       1.65030050    
   1.48000002       1.66094244    
   1.49000001       1.67165458    
   1.50000000       1.68244004    
   1.50999999       1.69329429    
   1.51999998       1.70422328    
   1.52999997       1.71522307    
   1.53999996       1.72629404    
   1.54999995       1.73743916    
   1.55999994       1.74865663    
   1.56999993       1.75994587    
   1.57999992       1.77130866    
   1.58999991       1.78274381    
   1.59999990       1.79425073    
   1.61000001       1.80583203    
   1.62000000       1.81748366    
   1.63000000       1.82920945    
   1.63999999       1.84100485    
   1.64999998       1.85287273    
   1.65999997       1.86481202    
   1.66999996       1.87682128    
   1.67999995       1.88890100    
   1.68999994       1.90104783    
   1.69999993       1.91326535    
   1.70999992       1.92554343    
   1.71999991       1.93789411    
   1.73000002       1.95030618    
   1.74000001       1.96278083    
   1.75000000       1.97531700    
   1.75999999       1.98790991    
   1.76999998       2.00055909    
   1.77999997       2.01326299    
   1.78999996       2.02601767    
   1.79999995       2.03881907    
   1.80999994       2.05166388    
   1.81999993       2.06454921    
   1.82999992       2.07746768    
   1.83999991       2.09042048    
   1.84999990       2.10339570    
   1.86000001       2.11638904    
   1.87000000       2.12939310    
   1.88000000       2.14240313    
   1.88999999       2.15540838    
   1.89999998       2.16840315    
   1.90999997       2.18137121    
   1.91999996       2.19430757    
   1.92999995       2.20719862    
   1.93999994       2.22002649    
   1.94999993       2.23277807    
   1.95999992       2.24544001    
   1.96999991       2.25799084    
   1.97999990       2.27040768    
   1.99000001       2.28267241    
   2.00000000       2.29475713    
   2.00999999       2.30647469    
   2.01999998       2.31774282    
   2.02999997       2.32865858    
   2.03999996       2.33926892    
   2.04999995       2.34962416    
   2.05999994       2.35975409    
   2.06999993       2.36968946    
   2.07999992       2.37945199    
   2.08999991       2.38905740    
   2.09999990       2.39852786    
   2.10999990       2.40786695    
   2.11999989       2.41709852    
   2.12999988       2.42622638    
   2.13999987       2.43525505    
   2.14999986       2.44420099    
   2.15999985       2.45307064    
   2.16999984       2.46186376    
   2.18000007       2.47058892    
   2.19000006       2.47925258    
   2.20000005       2.48785925    
   2.21000004       2.49640894    
   2.22000003       2.50491142    
   2.23000002       2.51336384    
   2.24000001       2.52177501    
   2.25000000       2.53014326    
   2.25999999       2.53847122    
   2.26999998       2.54676509    
   2.27999997       2.55502558    
   2.28999996       2.56325150    
   2.29999995       2.57144809    
   2.30999994       2.57961702    
   2.31999993       2.58775759    
   2.32999992       2.59587169    
   2.33999991       2.60396099    
   2.34999990       2.61202955    
   2.35999990       2.62007666    
   2.36999989       2.62809825    
   2.37999988       2.63610291    
   2.38999987       2.64408708    
   2.39999986       2.65205574    
   2.40999985       2.66000390    
   2.41999984       2.66793990    
   2.42999983       2.67585683    
   2.44000006       2.68376017    
   2.45000005       2.69164562    
   2.46000004       2.69952130    
   2.47000003       2.70738101    
   2.48000002       2.71523166    
   2.49000001       2.72306561    
   2.50000000       2.73089218    
   2.50999999       2.73870301    
   2.51999998       2.74650550    
   2.52999997       2.75430036    
   2.53999996       2.76208067    
   2.54999995       2.76985383    
   2.55999994       2.77761555    
   2.56999993       2.78537035    
   2.57999992       2.79311395    
   2.58999991       2.80085492    
   2.59999990       2.80858445    
   2.60999990       2.81630325    
   2.61999989       2.82401848    
   2.62999988       2.83172512    
   2.63999987       2.83942699    
   2.64999986       2.84711862    
   2.65999985       2.85480618    
   2.66999984       2.86248636    
   2.67999983       2.87015891    
   2.69000006       2.87782955    
   2.70000005       2.88548994    
   2.71000004       2.89314795    
   2.72000003       2.90079904    
   2.73000002       2.90844440    
   2.74000001       2.91608524    
   2.75000000       2.92372227    
   2.75999999       2.93135524    
   2.76999998       2.93898082    
   2.77999997       2.94660139    
   2.78999996       2.95422101    
   2.79999995       2.96183562    
   2.80999994       2.96944261    
   2.81999993       2.97704959    
   2.82999992       2.98465085    
   2.83999991       2.99224639    
   2.84999990       2.99984193    
   2.85999990       3.00743222    
   2.86999989       3.01501560    
   2.87999988       3.02260137    
   2.88999987       3.03018022    
   2.89999986       3.03775549    
   2.90999985       3.04532957    
   2.91999984       3.05289936    
   2.92999983       3.06046557    
   2.93999982       3.06802940    
   2.95000005       3.07559037    
   2.96000004       3.08314967    
   2.97000003       3.09070659    
   2.98000002       3.09825826    
   2.99000001       3.10580659    
   3.00000000       3.11335540    
   3.00999999       3.12089872    
   3.01999998       3.12843823    
   3.02999997       3.13598037    
   3.03999996       3.14351845    
   3.04999995       3.15105176    
   3.05999994       3.15858674    
   3.06999993       3.16611624    
   3.07999992       3.17364407    
   3.08999991       3.18116832    
   3.09999990       3.18869495    
   3.10999990       3.19621468    
   3.11999989       3.20373344    
   3.12999988       3.21125412    
   3.13999987       3.21877074    
   3.14999986       3.22628188    
   3.15999985       3.23379707    
   3.16999984       3.24130511    
   3.17999983       3.24881053    
   3.18999982       3.25631928    
   3.19999981       3.26382351    
   3.21000004       3.27132726    
   3.22000003       3.27882743    
   3.23000002       3.28632545    
   3.24000001       3.29382563    
   3.25000000       3.30132103    
   3.25999999       3.30881691    
   3.26999998       3.31631017    
   3.27999997       3.32380152    
   3.28999996       3.33129263    
   3.29999995       3.33877945    
   3.30999994       3.34626627    
   3.31999993       3.35375166    
   3.32999992       3.36123681    
   3.33999991       3.36872053    
   3.34999990       3.37620258    
   3.35999990       3.38368130    
   3.36999989       3.39116096    
   3.37999988       3.39863634    
   3.38999987       3.40611100    
   3.39999986       3.41358876    
   3.40999985       3.42106271    
   3.41999984       3.42852998    
   3.42999983       3.43600273    
   3.43999982       3.44347286    
   3.44999981       3.45094180    
   3.46000004       3.45841098    
   3.47000003       3.46587634    
   3.48000002       3.47334075    
   3.49000001       3.48080325    
   3.50000000       3.48826742    
   3.50999999       3.49572968    
