   9.99999978E-03   6.03823573E-04
   1.99999996E-02   1.03030296E-03
   2.99999993E-02   1.41614501E-03
   3.99999991E-02   1.77627092E-03
   4.99999970E-02   2.12408742E-03
   5.99999987E-02   2.41805543E-03
   7.00000003E-02   2.49784789E-03
   7.99999982E-02   2.77159712E-03
   8.99999961E-02   3.19998222E-03
   9.99999940E-02   3.64455604E-03
  0.109999999       4.03804099E-03
  0.119999997       4.46292758E-03
  0.129999995       5.00880368E-03
  0.140000001       5.80037106E-03
  0.149999991       6.91545708E-03
  0.159999996       8.33346415E-03
  0.170000002       1.04527371E-02
  0.179999992       1.31699322E-02
  0.189999998       1.60908904E-02
  0.199999988       2.02835426E-02
  0.209999993       2.46952530E-02
  0.219999999       2.90271528E-02
  0.229999989       3.65931466E-02
  0.239999995       4.16997597E-02
  0.250000000       4.76209112E-02
  0.259999990       5.81518672E-02
  0.269999981       6.74221292E-02
  0.280000001       7.20097125E-02
  0.289999992       8.07740092E-02
  0.299999982       9.43871811E-02
  0.310000002      0.109016828    
  0.319999993      0.119558625    
  0.329999983      0.123095989    
  0.340000004      0.132248774    
  0.349999994      0.146747306    
  0.359999985      0.164504364    
  0.370000005      0.184139475    
  0.379999995      0.202216685    
  0.389999986      0.212301642    
  0.399999976      0.213136926    
  0.409999996      0.221414596    
  0.419999987      0.234151840    
  0.429999977      0.250086963    
  0.439999998      0.268985331    
  0.449999988      0.290665239    
  0.459999979      0.314631641    
  0.469999999      0.339492530    
  0.479999989      0.361961484    
  0.489999980      0.375719130    
  0.500000000      0.375375301    
  0.509999990      0.378446132    
  0.519999981      0.386073977    
  0.529999971      0.396286488    
  0.539999962      0.408568978    
  0.550000012      0.422734201    
  0.560000002      0.438731194    
  0.569999993      0.456572831    
  0.579999983      0.476303816    
  0.589999974      0.497966975    
  0.599999964      0.521571755    
  0.610000014      0.547025919    
  0.620000005      0.574035525    
  0.629999995      0.601903677    
  0.639999986      0.629163623    
  0.649999976      0.652938008    
  0.659999967      0.668048918    
  0.669999957      0.670261741    
  0.680000007      0.673067212    
  0.689999998      0.677904606    
  0.699999988      0.684088528    
  0.709999979      0.691321135    
  0.719999969      0.699439049    
  0.729999959      0.708341718    
  0.740000010      0.717967510    
  0.750000000      0.728274405    
  0.759999990      0.739239693    
  0.769999981      0.750849366    
  0.779999971      0.763097644    
  0.789999962      0.775986195    
  0.799999952      0.789521694    
  0.810000002      0.803715050    
  0.819999993      0.818579435    
  0.829999983      0.834130168    
  0.839999974      0.850386381    
  0.849999964      0.867367864    
  0.859999955      0.885091841    
  0.870000005      0.903576732    
  0.879999995      0.922837198    
  0.889999986      0.942881763    
  0.899999976      0.963709593    
  0.909999967      0.985303760    
  0.919999957       1.00762928    
  0.930000007       1.03061175    
  0.939999998       1.05413222    
  0.949999988       1.07799077    
  0.959999979       1.10187209    
  0.969999969       1.12528312    
  0.979999959       1.14744627    
  0.989999950       1.16713643    
   1.00000000       1.18237054    
   1.00999999       1.19304919    
   1.01999998       1.20238030    
   1.02999997       1.21110296    
   1.03999996       1.21950102    
   1.04999995       1.22771752    
   1.05999994       1.23583591    
   1.06999993       1.24390626    
   1.07999992       1.25196230    
   1.09000003       1.26002848    
   1.10000002       1.26811600    
   1.11000001       1.27623880    
   1.12000000       1.28440273    
   1.13000000       1.29261458    
   1.13999999       1.30087757    
   1.14999998       1.30919600    
   1.15999997       1.31757045    
   1.16999996       1.32600427    
   1.17999995       1.33449733    
   1.18999994       1.34305274    
   1.19999993       1.35166895    
   1.20999992       1.36034381    
   1.22000003       1.36909103    
   1.23000002       1.37789571    
   1.24000001       1.38676488    
   1.25000000       1.39570034    
   1.25999999       1.40469897    
   1.26999998       1.41376328    
   1.27999997       1.42289150    
   1.28999996       1.43208647    
   1.29999995       1.44134820    
   1.30999994       1.45067382    
   1.31999993       1.46006763    
   1.32999992       1.46952832    
   1.33999991       1.47905672    
   1.35000002       1.48865068    
   1.36000001       1.49831653    
   1.37000000       1.50804746    
   1.38000000       1.51784730    
   1.38999999       1.52771783    
   1.39999998       1.53765821    
   1.40999997       1.54766524    
   1.41999996       1.55774522    
   1.42999995       1.56789446    
   1.43999994       1.57811439    
   1.44999993       1.58840787    
   1.45999992       1.59877312    
   1.46999991       1.60920894    
   1.48000002       1.61971748    
   1.49000001       1.63029897    
   1.50000000       1.64095438    
   1.50999999       1.65168262    
   1.51999998       1.66248584    
   1.52999997       1.67336285    
   1.53999996       1.68431401    
   1.54999995       1.69534016    
   1.55999994       1.70644104    
   1.56999993       1.71761692    
   1.57999992       1.72886813    
   1.58999991       1.74019527    
   1.59999990       1.75159717    
   1.61000001       1.76307523    
   1.62000000       1.77462864    
   1.63000000       1.78625655    
   1.63999999       1.79795909    
   1.64999998       1.80973732    
   1.65999997       1.82159090    
   1.66999996       1.83351922    
   1.67999995       1.84551811    
   1.68999994       1.85758936    
   1.69999993       1.86973417    
   1.70999992       1.88194942    
   1.71999991       1.89423537    
   1.73000002       1.90658832    
   1.74000001       1.91900873    
   1.75000000       1.93149412    
   1.75999999       1.94404221    
   1.76999998       1.95665252    
   1.77999997       1.96932018    
   1.78999996       1.98204255    
   1.79999995       1.99481952    
   1.80999994       2.00764608    
   1.81999993       2.02051568    
   1.82999992       2.03342557    
   1.83999991       2.04637384    
   1.84999990       2.05934954    
   1.86000001       2.07235050    
   1.87000000       2.08536768    
   1.88000000       2.09839725    
   1.88999999       2.11142588    
   1.89999998       2.12444735    
   1.90999997       2.13745093    
   1.91999996       2.15042567    
   1.92999995       2.16335726    
   1.93999994       2.17623353    
   1.94999993       2.18903899    
   1.95999992       2.20175385    
   1.96999991       2.21435833    
   1.97999990       2.22683358    
   1.99000001       2.23916030    
   2.00000000       2.25130177    
   2.00999999       2.26306987    
   2.01999998       2.27437997    
   2.02999997       2.28532553    
   2.03999996       2.29596090    
   2.04999995       2.30632949    
   2.05999994       2.31646991    
   2.06999993       2.32641053    
   2.07999992       2.33616829    
   2.08999991       2.34576917    
   2.09999990       2.35522532    
   2.10999990       2.36455369    
   2.11999989       2.37376523    
   2.12999988       2.38287163    
   2.13999987       2.39187860    
   2.14999986       2.40079808    
   2.15999985       2.40963697    
   2.16999984       2.41839910    
   2.18000007       2.42709184    
   2.19000006       2.43571997    
   2.20000005       2.44429016    
   2.21000004       2.45280242    
   2.22000003       2.46126342    
   2.23000002       2.46967626    
   2.24000001       2.47804141    
   2.25000000       2.48636699    
   2.25999999       2.49465370    
   2.26999998       2.50290155    
   2.27999997       2.51111388    
   2.28999996       2.51929116    
   2.29999995       2.52744174    
   2.30999994       2.53556013    
   2.31999993       2.54365182    
   2.32999992       2.55171371    
   2.33999991       2.55975223    
   2.34999990       2.56776571    
   2.35999990       2.57575750    
   2.36999989       2.58372855    
   2.37999988       2.59167910    
   2.38999987       2.59961033    
   2.39999986       2.60752106    
   2.40999985       2.61541605    
   2.41999984       2.62329316    
   2.42999983       2.63115382    
   2.44000006       2.63900042    
   2.45000005       2.64683175    
   2.46000004       2.65464783    
   2.47000003       2.66245031    
   2.48000002       2.67023945    
   2.49000001       2.67801666    
   2.50000000       2.68578219    
   2.50999999       2.69353628    
   2.51999998       2.70127940    
   2.52999997       2.70901251    
   2.53999996       2.71673417    
   2.54999995       2.72444630    
   2.55999994       2.73214841    
   2.56999993       2.73984146    
   2.57999992       2.74752593    
   2.58999991       2.75520229    
   2.59999990       2.76286936    
   2.60999990       2.77052760    
   2.61999989       2.77818036    
   2.62999988       2.78582621    
   2.63999987       2.79346275    
   2.64999986       2.80109262    
   2.65999985       2.80871844    
   2.66999984       2.81633472    
   2.67999983       2.82394791    
   2.69000006       2.83155298    
   2.70000005       2.83915162    
   2.71000004       2.84674406    
   2.72000003       2.85433197    
   2.73000002       2.86191678    
   2.74000001       2.86949277    
   2.75000000       2.87706685    
   2.75999999       2.88463473    
   2.76999998       2.89219260    
   2.77999997       2.89975142    
   2.78999996       2.90730357    
   2.79999995       2.91485381    
   2.80999994       2.92239833    
   2.81999993       2.92993855    
   2.82999992       2.93747687    
   2.83999991       2.94500852    
   2.84999990       2.95253849    
   2.85999990       2.96006179    
   2.86999989       2.96758413    
   2.87999988       2.97510099    
   2.88999987       2.98261523    
   2.89999986       2.99012518    
   2.90999985       2.99763322    
   2.91999984       3.00513673    
   2.92999983       3.01263618    
   2.93999982       3.02013612    
   2.95000005       3.02763271    
   2.96000004       3.03512239    
   2.97000003       3.04261303    
   2.98000002       3.05009866    
   2.99000001       3.05758309    
   3.00000000       3.06506395    
   3.00999999       3.07254076    
   3.01999998       3.08001757    
   3.02999997       3.08749056    
   3.03999996       3.09496164    
   3.04999995       3.10243034    
   3.05999994       3.10989690    
   3.06999993       3.11736059    
   3.07999992       3.12482119    
   3.08999991       3.13228011    
   3.09999990       3.13973904    
   3.10999990       3.14719200    
   3.11999989       3.15464592    
   3.12999988       3.16209650    
   3.13999987       3.16954517    
   3.14999986       3.17699265    
   3.15999985       3.18443632    
   3.16999984       3.19187927    
   3.17999983       3.19932008    
   3.18999982       3.20676064    
   3.19999981       3.21419597    
   3.21000004       3.22163343    
   3.22000003       3.22906685    
   3.23000002       3.23649836    
   3.24000001       3.24393082    
   3.25000000       3.25135708    
   3.25999999       3.25878429    
   3.26999998       3.26621127    
   3.27999997       3.27363634    
   3.28999996       3.28105783    
   3.29999995       3.28847957    
   3.30999994       3.29589868    
   3.31999993       3.30331492    
   3.32999992       3.31073356    
   3.33999991       3.31814885    
   3.34999990       3.32556200    
   3.35999990       3.33297348    
   3.36999989       3.34038568    
   3.37999988       3.34779525    
   3.38999987       3.35520148    
   3.39999986       3.36260676    
   3.40999985       3.37001538    
   3.41999984       3.37741828    
   3.42999983       3.38482046    
   3.43999982       3.39222383    
   3.44999981       3.39962363    
   3.46000004       3.40702271    
   3.47000003       3.41442037    
   3.48000002       3.42181706    
   3.49000001       3.42921257    
   3.50000000       3.43660855    
   3.50999999       3.44400454    
