   9.99999978E-03   6.08667848E-04
   1.99999996E-02   1.03919976E-03
   2.99999993E-02   1.43743644E-03
   3.99999991E-02   1.80382433E-03
   4.99999970E-02   2.11955351E-03
   5.99999987E-02   2.45196349E-03
   7.00000003E-02   2.52639223E-03
   7.99999982E-02   2.77880067E-03
   8.99999961E-02   3.21074552E-03
   9.99999940E-02   3.69587657E-03
  0.109999999       4.16471111E-03
  0.119999997       4.70743096E-03
  0.129999995       5.40900882E-03
  0.140000001       6.41293218E-03
  0.149999991       7.80518446E-03
  0.159999996       9.53430217E-03
  0.170000002       1.20718554E-02
  0.179999992       1.53031712E-02
  0.189999998       1.86569486E-02
  0.199999988       2.35941317E-02
  0.209999993       2.85379067E-02
  0.219999999       3.36160995E-02
  0.229999989       4.21151742E-02
  0.239999995       4.77200970E-02
  0.250000000       5.45647256E-02
  0.259999990       6.62769079E-02
  0.269999981       7.62633160E-02
  0.280000001       8.13253671E-02
  0.289999992       9.12209675E-02
  0.299999982      0.106173091    
  0.310000002      0.121879943    
  0.319999993      0.132919848    
  0.329999983      0.136847720    
  0.340000004      0.147027656    
  0.349999994      0.162813216    
  0.359999985      0.181913972    
  0.370000005      0.202719077    
  0.379999995      0.221498713    
  0.389999986      0.231771097    
  0.399999976      0.232946709    
  0.409999996      0.242000148    
  0.419999987      0.255703837    
  0.429999977      0.272731423    
  0.439999998      0.292788595    
  0.449999988      0.315625578    
  0.459999979      0.340634167    
  0.469999999      0.366269380    
  0.479999989      0.389096141    
  0.489999980      0.402865231    
  0.500000000      0.402757674    
  0.509999990      0.406288058    
  0.519999981      0.414458543    
  0.529999971      0.425287724    
  0.539999962      0.438246578    
  0.550000012      0.453138441    
  0.560000002      0.469899923    
  0.569999993      0.488531232    
  0.579999983      0.509059608    
  0.589999974      0.531506360    
  0.599999964      0.555850148    
  0.610000014      0.581957281    
  0.620000005      0.609484553    
  0.629999995      0.637673080    
  0.639999986      0.665009797    
  0.649999976      0.688636720    
  0.659999967      0.703618824    
  0.669999957      0.706192613    
  0.680000007      0.709396482    
  0.689999998      0.714605272    
  0.699999988      0.721154630    
  0.709999979      0.728757143    
  0.719999969      0.737249672    
  0.729999959      0.746535182    
  0.740000010      0.756548643    
  0.750000000      0.767250836    
  0.759999990      0.778615832    
  0.769999981      0.790631413    
  0.779999971      0.803287625    
  0.789999962      0.816586792    
  0.799999952      0.830532730    
  0.810000002      0.845135629    
  0.819999993      0.860404015    
  0.829999983      0.876354337    
  0.839999974      0.893000782    
  0.849999964      0.910358667    
  0.859999955      0.928442776    
  0.870000005      0.947266579    
  0.879999995      0.966838241    
  0.889999986      0.987159967    
  0.899999976       1.00822568    
  0.909999967       1.03001082    
  0.919999957       1.05246758    
  0.930000007       1.07551742    
  0.939999998       1.09902906    
  0.949999988       1.12279320    
  0.959999979       1.14649689    
  0.969999969       1.16965079    
  0.979999959       1.19150364    
  0.989999950       1.21089780    
   1.00000000       1.22600579    
   1.00999999       1.23679841    
   1.01999998       1.24630487    
   1.02999997       1.25522530    
   1.03999996       1.26382971    
   1.04999995       1.27225876    
   1.05999994       1.28059244    
   1.06999993       1.28887784    
   1.07999992       1.29715097    
   1.09000003       1.30543363    
   1.10000002       1.31373644    
   1.11000001       1.32207561    
   1.12000000       1.33045435    
   1.13000000       1.33888042    
   1.13999999       1.34735751    
   1.14999998       1.35588837    
   1.15999997       1.36447620    
   1.16999996       1.37312126    
   1.17999995       1.38182521    
   1.18999994       1.39058971    
   1.19999993       1.39941537    
   1.20999992       1.40829837    
   1.22000003       1.41725385    
   1.23000002       1.42626584    
   1.24000001       1.43534136    
   1.25000000       1.44448030    
   1.25999999       1.45368290    
   1.26999998       1.46295035    
   1.27999997       1.47228122    
   1.28999996       1.48167682    
   1.29999995       1.49113703    
   1.30999994       1.50066388    
   1.31999993       1.51025462    
   1.32999992       1.51991153    
   1.33999991       1.52963507    
   1.35000002       1.53942430    
   1.36000001       1.54927897    
   1.37000000       1.55920303    
   1.38000000       1.56919253    
   1.38999999       1.57925010    
   1.39999998       1.58937442    
   1.40999997       1.59956837    
   1.41999996       1.60983157    
   1.42999995       1.62016177    
   1.43999994       1.63056135    
   1.44999993       1.64103055    
   1.45999992       1.65156949    
   1.46999991       1.66217875    
   1.48000002       1.67285812    
   1.49000001       1.68360984    
   1.50000000       1.69442677    
   1.50999999       1.70531869    
   1.51999998       1.71628225    
   1.52999997       1.72731590    
   1.53999996       1.73842239    
   1.54999995       1.74959970    
   1.55999994       1.76085055    
   1.56999993       1.77217162    
   1.57999992       1.78356385    
   1.58999991       1.79502928    
   1.59999990       1.80656731    
   1.61000001       1.81817627    
   1.62000000       1.82985497    
   1.63000000       1.84160686    
   1.63999999       1.85342979    
   1.64999998       1.86532235    
   1.65999997       1.87728488    
   1.66999996       1.88931727    
   1.67999995       1.90141797    
   1.68999994       1.91358626    
   1.69999993       1.92582154    
   1.70999992       1.93812239    
   1.71999991       1.95048690    
   1.73000002       1.96291506    
   1.74000001       1.97540474    
   1.75000000       1.98795342    
   1.75999999       2.00055885    
   1.76999998       2.01322079    
   1.77999997       2.02593350    
   1.78999996       2.03869367    
   1.79999995       2.05150175    
   1.80999994       2.06435275    
   1.81999993       2.07724118    
   1.82999992       2.09016299    
   1.83999991       2.10311437    
   1.84999990       2.11608791    
   1.86000001       2.12907720    
   1.87000000       2.14207864    
   1.88000000       2.15508366    
   1.88999999       2.16808367    
   1.89999998       2.18106747    
   1.90999997       2.19402933    
   1.91999996       2.20695186    
   1.92999995       2.21982718    
   1.93999994       2.23264098    
   1.94999993       2.24537992    
   1.95999992       2.25802493    
   1.96999991       2.27056050    
   1.97999990       2.28296018    
   1.99000001       2.29520679    
   2.00000000       2.30727553    
   2.00999999       2.31897974    
   2.01999998       2.33023643    
   2.02999997       2.34114122    
   2.03999996       2.35174608    
   2.04999995       2.36209536    
   2.05999994       2.37222457    
   2.06999993       2.38215828    
   2.07999992       2.39192152    
   2.08999991       2.40152788    
   2.09999990       2.41100001    
   2.10999990       2.42034769    
   2.11999989       2.42958403    
   2.12999988       2.43871498    
   2.13999987       2.44775391    
   2.14999986       2.45670724    
   2.15999985       2.46558404    
   2.16999984       2.47438550    
   2.18000007       2.48311949    
   2.19000006       2.49179530    
   2.20000005       2.50041199    
   2.21000004       2.50897241    
   2.22000003       2.51748586    
   2.23000002       2.52594900    
   2.24000001       2.53437233    
   2.25000000       2.54275346    
   2.25999999       2.55109715    
   2.26999998       2.55940270    
   2.27999997       2.56767535    
   2.28999996       2.57591653    
   2.29999995       2.58412766    
   2.30999994       2.59230781    
   2.31999993       2.60046625    
   2.32999992       2.60859466    
   2.33999991       2.61669779    
   2.34999990       2.62478089    
   2.35999990       2.63283968    
   2.36999989       2.64087844    
   2.37999988       2.64889956    
   2.38999987       2.65690112    
   2.39999986       2.66488147    
   2.40999985       2.67284894    
   2.41999984       2.68079829    
   2.42999983       2.68873191    
   2.44000006       2.69664907    
   2.45000005       2.70455599    
   2.46000004       2.71244502    
   2.47000003       2.72032332    
   2.48000002       2.72818947    
   2.49000001       2.73604226    
   2.50000000       2.74388289    
   2.50999999       2.75171375    
   2.51999998       2.75953197    
   2.52999997       2.76734185    
   2.53999996       2.77514219    
   2.54999995       2.78293085    
   2.55999994       2.79071116    
   2.56999993       2.79848313    
   2.57999992       2.80624652    
   2.58999991       2.81400275    
   2.59999990       2.82174969    
   2.60999990       2.82948780    
   2.61999989       2.83721852    
   2.62999988       2.84494543    
   2.63999987       2.85265970    
   2.64999986       2.86037326    
   2.65999985       2.86807585    
   2.66999984       2.87577605    
   2.67999983       2.88346767    
   2.69000006       2.89115477    
   2.70000005       2.89883661    
   2.71000004       2.90651011    
   2.72000003       2.91417980    
   2.73000002       2.92184401    
   2.74000001       2.92950463    
   2.75000000       2.93715811    
   2.75999999       2.94480801    
   2.76999998       2.95245361    
   2.77999997       2.96009350    
   2.78999996       2.96773028    
   2.79999995       2.97536206    
   2.80999994       2.98298955    
   2.81999993       2.99061394    
   2.82999992       2.99823356    
   2.83999991       3.00584769    
   2.84999990       3.01346302    
   2.85999990       3.02107048    
   2.86999989       3.02867365    
   2.87999988       3.03627563    
   2.88999987       3.04387498    
   2.89999986       3.05147004    
   2.90999985       3.05906224    
   2.91999984       3.06664777    
   2.92999983       3.07423449    
   2.93999982       3.08181906    
   2.95000005       3.08939862    
   2.96000004       3.09697580    
   2.97000003       3.10455108    
   2.98000002       3.11212230    
   2.99000001       3.11968970    
   3.00000000       3.12725687    
   3.00999999       3.13481712    
   3.01999998       3.14238119    
   3.02999997       3.14993858    
   3.03999996       3.15749383    
   3.04999995       3.16505170    
   3.05999994       3.17260146    
   3.06999993       3.18014956    
   3.07999992       3.18769741    
   3.08999991       3.19524312    
   3.09999990       3.20278668    
   3.10999990       3.21032786    
   3.11999989       3.21786594    
   3.12999988       3.22540259    
   3.13999987       3.23293805    
   3.14999986       3.24047065    
   3.15999985       3.24800229    
   3.16999984       3.25552964    
   3.17999983       3.26305795    
   3.18999982       3.27058315    
   3.19999981       3.27810788    
   3.21000004       3.28563166    
   3.22000003       3.29315162    
   3.23000002       3.30066943    
   3.24000001       3.30818462    
   3.25000000       3.31570101    
   3.25999999       3.32321453    
   3.26999998       3.33072853    
   3.27999997       3.33823872    
   3.28999996       3.34574842    
   3.29999995       3.35325694    
   3.30999994       3.36076474    
   3.31999993       3.36826491    
   3.32999992       3.37576985    
   3.33999991       3.38327265    
   3.34999990       3.39077282    
   3.35999990       3.39827132    
   3.36999989       3.40577197    
   3.37999988       3.41326857    
   3.38999987       3.42076445    
   3.39999986       3.42825651    
   3.40999985       3.43575168    
   3.41999984       3.44324112    
   3.42999983       3.45073199    
   3.43999982       3.45822072    
   3.44999981       3.46571159    
   3.46000004       3.47319746    
   3.47000003       3.48068094    
   3.48000002       3.48816633    
   3.49000001       3.49564981    
   3.50000000       3.50313258    
   3.50999999       3.51061249    
