   9.99999978E-03   6.08276634E-04
   1.99999996E-02   1.03806634E-03
   2.99999993E-02   1.43500767E-03
   3.99999991E-02   1.80090452E-03
   4.99999970E-02   2.11945060E-03
   5.99999987E-02   2.44837999E-03
   7.00000003E-02   2.52308650E-03
   7.99999982E-02   2.77784979E-03
   8.99999961E-02   3.20919021E-03
   9.99999940E-02   3.68951587E-03
  0.109999999       4.14891122E-03
  0.119999997       4.67735389E-03
  0.129999995       5.35986293E-03
  0.140000001       6.33794768E-03
  0.149999991       7.69647118E-03
  0.159999996       9.38792806E-03
  0.170000002       1.18790958E-02
  0.179999992       1.50457108E-02
  0.189999998       1.83484275E-02
  0.199999988       2.31976230E-02
  0.209999993       2.80797053E-02
  0.219999999       3.30694839E-02
  0.229999989       4.14605364E-02
  0.239999995       4.70081680E-02
  0.250000000       5.37445173E-02
  0.259999990       6.53211772E-02
  0.269999981       7.52266347E-02
  0.280000001       8.02329481E-02
  0.289999992       8.99973959E-02
  0.299999982      0.104796998    
  0.310000002      0.120382786    
  0.319999993      0.131367818    
  0.329999983      0.135248914    
  0.340000004      0.145310789    
  0.349999994      0.160949737    
  0.359999985      0.179899126    
  0.370000005      0.200573772    
  0.379999995      0.219276160    
  0.389999986      0.229527414    
  0.399999976      0.230662897    
  0.409999996      0.239627719    
  0.419999987      0.253221869    
  0.429999977      0.270126522    
  0.439999998      0.290053815    
  0.449999988      0.312762082    
  0.459999979      0.337655544    
  0.469999999      0.363206565    
  0.479999989      0.385995954    
  0.489999980      0.399763227    
  0.500000000      0.399627626    
  0.509999990      0.403105438    
  0.519999981      0.411214709    
  0.529999971      0.421974063    
  0.539999962      0.434856892    
  0.550000012      0.449667871    
  0.560000002      0.466343880    
  0.569999993      0.484887421    
  0.579999983      0.505327761    
  0.589999974      0.527688563    
  0.599999964      0.551950872    
  0.610000014      0.577988207    
  0.620000005      0.605459929    
  0.629999995      0.633615553    
  0.639999986      0.660945654    
  0.649999976      0.684591293    
  0.659999967      0.699585676    
  0.669999957      0.702118576    
  0.680000007      0.705277681    
  0.689999998      0.710444152    
  0.699999988      0.716952860    
  0.709999979      0.724513710    
  0.719999969      0.732964635    
  0.729999959      0.742207229    
  0.740000010      0.752177238    
  0.750000000      0.762835503    
  0.759999990      0.774155736    
  0.769999981      0.786125422    
  0.779999971      0.798736811    
  0.789999962      0.811990619    
  0.799999952      0.825892150    
  0.810000002      0.840449154    
  0.819999993      0.855673432    
  0.829999983      0.871579647    
  0.839999974      0.888183296    
  0.849999964      0.905499995    
  0.859999955      0.923545539    
  0.870000005      0.942332208    
  0.879999995      0.961870313    
  0.889999986      0.982163548    
  0.899999976       1.00320327    
  0.909999967       1.02496898    
  0.919999957       1.04741335    
  0.930000007       1.07045794    
  0.939999998       1.09397078    
  0.949999988       1.11774743    
  0.959999979       1.14147282    
  0.969999969       1.16465414    
  0.979999959       1.18654287    
  0.989999950       1.20596993    
   1.00000000       1.22109199    
   1.00999999       1.23187220    
   1.01999998       1.24135923    
   1.02999997       1.25025702    
   1.03999996       1.25883901    
   1.04999995       1.26724470    
   1.05999994       1.27555561    
   1.06999993       1.28381586    
   1.07999992       1.29206634    
   1.09000003       1.30032372    
   1.10000002       1.30860305    
   1.11000001       1.31691682    
   1.12000000       1.32527268    
   1.13000000       1.33367562    
   1.13999999       1.34212899    
   1.14999998       1.35063505    
   1.15999997       1.35919905    
   1.16999996       1.36782134    
   1.17999995       1.37650204    
   1.18999994       1.38524342    
   1.19999993       1.39404595    
   1.20999992       1.40290749    
   1.22000003       1.41183722    
   1.23000002       1.42082608    
   1.24000001       1.42988014    
   1.25000000       1.43899536    
   1.25999999       1.44817555    
   1.26999998       1.45742023    
   1.27999997       1.46672893    
   1.28999996       1.47610283    
   1.29999995       1.48554146    
   1.30999994       1.49504566    
   1.31999993       1.50461388    
   1.32999992       1.51425064    
   1.33999991       1.52395153    
   1.35000002       1.53372049    
   1.36000001       1.54355407    
   1.37000000       1.55345619    
   1.38000000       1.56342518    
   1.38999999       1.57346249    
   1.39999998       1.58356690    
   1.40999997       1.59373963    
   1.41999996       1.60398304    
   1.42999995       1.61429143    
   1.43999994       1.62467372    
   1.44999993       1.63512266    
   1.45999992       1.64564168    
   1.46999991       1.65623283    
   1.48000002       1.66689181    
   1.49000001       1.67762399    
   1.50000000       1.68842769    
   1.50999999       1.69930053    
   1.51999998       1.71024609    
   1.52999997       1.72126269    
   1.53999996       1.73235285    
   1.54999995       1.74351227    
   1.55999994       1.75474572    
   1.56999993       1.76605153    
   1.57999992       1.77743006    
   1.58999991       1.78887868    
   1.59999990       1.80040169    
   1.61000001       1.81199598    
   1.62000000       1.82366323    
   1.63000000       1.83540058    
   1.63999999       1.84721053    
   1.64999998       1.85909104    
   1.65999997       1.87104261    
   1.66999996       1.88306177    
   1.67999995       1.89515233    
   1.68999994       1.90731096    
   1.69999993       1.91953695    
   1.70999992       1.93182886    
   1.71999991       1.94418406    
   1.73000002       1.95660508    
   1.74000001       1.96908593    
   1.75000000       1.98162913    
   1.75999999       1.99422848    
   1.76999998       2.00688386    
   1.77999997       2.01959157    
   1.78999996       2.03234839    
   1.79999995       2.04515576    
   1.80999994       2.05800295    
   1.81999993       2.07088804    
   1.82999992       2.08381104    
   1.83999991       2.09675956    
   1.84999990       2.10973525    
   1.86000001       2.12272716    
   1.87000000       2.13573170    
   1.88000000       2.14873862    
   1.88999999       2.16174150    
   1.89999998       2.17473054    
   1.90999997       2.18769550    
   1.91999996       2.20062327    
   1.92999995       2.21350741    
   1.93999994       2.22632790    
   1.94999993       2.23907328    
   1.95999992       2.25172806    
   1.96999991       2.26426744    
   1.97999990       2.27667975    
   1.99000001       2.28893566    
   2.00000000       2.30101156    
   2.00999999       2.31271982    
   2.01999998       2.32398462    
   2.02999997       2.33489394    
   2.03999996       2.34550309    
   2.04999995       2.35585427    
   2.05999994       2.36598539    
   2.06999993       2.37591791    
   2.07999992       2.38568068    
   2.08999991       2.39528775    
   2.09999990       2.40475798    
   2.10999990       2.41410208    
   2.11999989       2.42333555    
   2.12999988       2.43246484    
   2.13999987       2.44149947    
   2.14999986       2.45044923    
   2.15999985       2.45932055    
   2.16999984       2.46811819    
   2.18000007       2.47684789    
   2.19000006       2.48551679    
   2.20000005       2.49412870    
   2.21000004       2.50268793    
   2.22000003       2.51119161    
   2.23000002       2.51965117    
   2.24000001       2.52806711    
   2.25000000       2.53644300    
   2.25999999       2.54477954    
   2.26999998       2.55308008    
   2.27999997       2.56134486    
   2.28999996       2.56957722    
   2.29999995       2.57778430    
   2.30999994       2.58596063    
   2.31999993       2.59410715    
   2.32999992       2.60222673    
   2.33999991       2.61032438    
   2.34999990       2.61839890    
   2.35999990       2.62645268    
   2.36999989       2.63448310    
   2.37999988       2.64249516    
   2.38999987       2.65048814    
   2.39999986       2.65846276    
   2.40999985       2.66642046    
   2.41999984       2.67436314    
   2.42999983       2.68228841    
   2.44000006       2.69019914    
   2.45000005       2.69809484    
   2.46000004       2.70597696    
   2.47000003       2.71384788    
   2.48000002       2.72170329    
   2.49000001       2.72954798    
   2.50000000       2.73738313    
   2.50999999       2.74520326    
   2.51999998       2.75301409    
   2.52999997       2.76081276    
   2.53999996       2.76860523    
   2.54999995       2.77638745    
   2.55999994       2.78415775    
   2.56999993       2.79192090    
   2.57999992       2.79967475    
   2.58999991       2.80742192    
   2.59999990       2.81516027    
   2.60999990       2.82288814    
   2.61999989       2.83061433    
   2.62999988       2.83832955    
   2.63999987       2.84603834    
   2.64999986       2.85374093    
   2.65999985       2.86143541    
   2.66999984       2.86912560    
   2.67999983       2.87681031    
   2.69000006       2.88448548    
   2.70000005       2.89215636    
   2.71000004       2.89982295    
   2.72000003       2.90748382    
   2.73000002       2.91513848    
   2.74000001       2.92279029    
   2.75000000       2.93043470    
   2.75999999       2.93807650    
   2.76999998       2.94571328    
   2.77999997       2.95334148    
   2.78999996       2.96096969    
   2.79999995       2.96859336    
   2.80999994       2.97620940    
   2.81999993       2.98382664    
   2.82999992       2.99143457    
   2.83999991       2.99904394    
   2.84999990       3.00664711    
   2.85999990       3.01424360    
   2.86999989       3.02183890    
   2.87999988       3.02943516    
   2.88999987       3.03702235    
   2.89999986       3.04460692    
   2.90999985       3.05219126    
   2.91999984       3.05977058    
   2.92999983       3.06734419    
   2.93999982       3.07492018    
   2.95000005       3.08249164    
   2.96000004       3.09005642    
   2.97000003       3.09762216    
   2.98000002       3.10518217    
   2.99000001       3.11274362    
   3.00000000       3.12030005    
   3.00999999       3.12785316    
   3.01999998       3.13540697    
   3.02999997       3.14295316    
   3.03999996       3.15050030    
   3.04999995       3.15804648    
   3.05999994       3.16558576    
   3.06999993       3.17312837    
   3.07999992       3.18066549    
   3.08999991       3.18819880    
   3.09999990       3.19573307    
   3.10999990       3.20326495    
   3.11999989       3.21079683    
   3.12999988       3.21832204    
   3.13999987       3.22584867    
   3.14999986       3.23336959    
   3.15999985       3.24089241    
   3.16999984       3.24841332    
   3.17999983       3.25593066    
   3.18999982       3.26344538    
   3.19999981       3.27096128    
   3.21000004       3.27847385    
   3.22000003       3.28598166    
   3.23000002       3.29349279    
   3.24000001       3.30100036    
   3.25000000       3.30850697    
   3.25999999       3.31601095    
   3.26999998       3.32351160    
   3.27999997       3.33101439    
   3.28999996       3.33851457    
   3.29999995       3.34601164    
   3.30999994       3.35351062    
   3.31999993       3.36100435    
   3.32999992       3.36849689    
   3.33999991       3.37598968    
   3.34999990       3.38348317    
   3.35999990       3.39097095    
   3.36999989       3.39845943    
   3.37999988       3.40594554    
   3.38999987       3.41343260    
   3.39999986       3.42091751    
   3.40999985       3.42840028    
   3.41999984       3.43588066    
   3.42999983       3.44336224    
   3.43999982       3.45084238    
   3.44999981       3.45831919    
   3.46000004       3.46579552    
   3.47000003       3.47327185    
   3.48000002       3.48074579    
   3.49000001       3.48821855    
   3.50000000       3.49569321    
   3.50999999       3.50316381    
