   9.99999978E-03   6.08892296E-04
   1.99999996E-02   1.04319828E-03
   2.99999993E-02   1.44515152E-03
   3.99999991E-02   1.81287236E-03
   4.99999970E-02   2.11798958E-03
   5.99999987E-02   2.46282225E-03
   7.00000003E-02   2.53670523E-03
   7.99999982E-02   2.78232712E-03
   8.99999961E-02   3.21588968E-03
   9.99999940E-02   3.71604599E-03
  0.109999999       4.21380391E-03
  0.119999997       4.80213808E-03
  0.129999995       5.56531362E-03
  0.140000001       6.64959056E-03
  0.149999991       8.14751070E-03
  0.159999996       9.99452639E-03
  0.170000002       1.26758963E-02
  0.179999992       1.61086861E-02
  0.189999998       1.96201373E-02
  0.199999988       2.48295628E-02
  0.209999993       2.99625099E-02
  0.219999999       3.53144072E-02
  0.229999989       4.41413783E-02
  0.239999995       4.99238782E-02
  0.250000000       5.71021698E-02
  0.259999990       6.92271888E-02
  0.269999981       7.94582218E-02
  0.280000001       8.46924931E-02
  0.289999992       9.49893370E-02
  0.299999982      0.110405065    
  0.310000002      0.126476705    
  0.319999993      0.137680247    
  0.329999983      0.141754657    
  0.340000004      0.152294695    
  0.349999994      0.168524757    
  0.359999985      0.188083217    
  0.370000005      0.209279314    
  0.379999995      0.228288576    
  0.389999986      0.238624558    
  0.399999976      0.239925727    
  0.409999996      0.249247953    
  0.419999987      0.263282984    
  0.429999977      0.280682027    
  0.439999998      0.301130980    
  0.449999988      0.324353874    
  0.459999979      0.349705070    
  0.469999999      0.375588953    
  0.479999989      0.398526728    
  0.489999980      0.412299722    
  0.500000000      0.412280649    
  0.509999990      0.415971071    
  0.519999981      0.424327850    
  0.529999971      0.435366601    
  0.539999962      0.448554397    
  0.550000012      0.463690311    
  0.560000002      0.480707705    
  0.569999993      0.499601722    
  0.579999983      0.520394146    
  0.589999974      0.543097556    
  0.599999964      0.567680836    
  0.610000014      0.593998134    
  0.620000005      0.621686339    
  0.629999995      0.649970114    
  0.639999986      0.677322030    
  0.649999976      0.700895488    
  0.659999967      0.715836048    
  0.669999957      0.718535066    
  0.680000007      0.721876025    
  0.689999998      0.727211118    
  0.699999988      0.733885109    
  0.709999979      0.741612434    
  0.719999969      0.750232935    
  0.729999959      0.759645402    
  0.740000010      0.769789696    
  0.750000000      0.780624032    
  0.759999990      0.792124450    
  0.769999981      0.804273725    
  0.779999971      0.817065954    
  0.789999962      0.830501497    
  0.799999952      0.844582736    
  0.810000002      0.859319866    
  0.819999993      0.874722183    
  0.829999983      0.890802979    
  0.839999974      0.907575190    
  0.849999964      0.925054610    
  0.859999955      0.943254292    
  0.870000005      0.962185860    
  0.879999995      0.981856704    
  0.889999986       1.00226533    
  0.899999976       1.02340353    
  0.909999967       1.04524386    
  0.919999957       1.06773794    
  0.930000007       1.09080386    
  0.939999998       1.11430430    
  0.949999988       1.13803184    
  0.959999979       1.16167021    
  0.969999969       1.18473303    
  0.979999959       1.20648170    
  0.989999950       1.22577596    
   1.00000000       1.24084342    
   1.00999999       1.25167346    
   1.01999998       1.26123679    
   1.02999997       1.27022290    
   1.03999996       1.27889633    
   1.04999995       1.28739607    
   1.05999994       1.29579997    
   1.06999993       1.30415785    
   1.07999992       1.31250441    
   1.09000003       1.32085621    
   1.10000002       1.32923329    
   1.11000001       1.33764255    
   1.12000000       1.34609342    
   1.13000000       1.35459065    
   1.13999999       1.36313784    
   1.14999998       1.37173998    
   1.15999997       1.38039887    
   1.16999996       1.38911271    
   1.17999995       1.39788806    
   1.18999994       1.40672326    
   1.19999993       1.41561735    
   1.20999992       1.42457128    
   1.22000003       1.43359375    
   1.23000002       1.44267416    
   1.24000001       1.45181870    
   1.25000000       1.46102595    
   1.25999999       1.47029579    
   1.26999998       1.47962928    
   1.27999997       1.48902941    
   1.28999996       1.49849010    
   1.29999995       1.50801647    
   1.30999994       1.51760793    
   1.31999993       1.52726638    
   1.32999992       1.53698647    
   1.33999991       1.54677391    
   1.35000002       1.55662858    
   1.36000001       1.56654608    
   1.37000000       1.57653201    
   1.38000000       1.58658552    
   1.38999999       1.59670472    
   1.39999998       1.60689080    
   1.40999997       1.61714554    
   1.41999996       1.62746823    
   1.42999995       1.63785839    
   1.43999994       1.64831543    
   1.44999993       1.65884173    
   1.45999992       1.66943991    
   1.46999991       1.68010449    
   1.48000002       1.69083869    
   1.49000001       1.70164466    
   1.50000000       1.71251893    
   1.50999999       1.72346318    
   1.51999998       1.73447907    
   1.52999997       1.74556363    
   1.53999996       1.75671947    
   1.54999995       1.76794791    
   1.55999994       1.77924383    
   1.56999993       1.79061210    
   1.57999992       1.80205202    
   1.58999991       1.81356144    
   1.59999990       1.82514167    
   1.61000001       1.83679307    
   1.62000000       1.84851444    
   1.63000000       1.86030591    
   1.63999999       1.87216508    
   1.64999998       1.88409483    
   1.65999997       1.89609349    
   1.66999996       1.90815854    
   1.67999995       1.92029130    
   1.68999994       1.93248844    
   1.69999993       1.94475496    
   1.70999992       1.95708120    
   1.71999991       1.96947181    
   1.73000002       1.98192275    
   1.74000001       1.99443507    
   1.75000000       2.00700235    
   1.75999999       2.01962495    
   1.76999998       2.03229976    
   1.77999997       2.04502606    
   1.78999996       2.05779982    
   1.79999995       2.07061696    
   1.80999994       2.08347273    
   1.81999993       2.09636569    
   1.82999992       2.10928941    
   1.83999991       2.12224054    
   1.84999990       2.13521075    
   1.86000001       2.14819813    
   1.87000000       2.16119337    
   1.88000000       2.17418694    
   1.88999999       2.18717551    
   1.89999998       2.20014572    
   1.90999997       2.21309328    
   1.91999996       2.22599745    
   1.92999995       2.23885512    
   1.93999994       2.25164843    
   1.94999993       2.26436400    
   1.95999992       2.27698517    
   1.96999991       2.28949571    
   1.97999990       2.30187058    
   1.99000001       2.31409502    
   2.00000000       2.32613802    
   2.00999999       2.33781600    
   2.01999998       2.34905934    
   2.02999997       2.35994792    
   2.03999996       2.37054348    
   2.04999995       2.38088870    
   2.05999994       2.39101124    
   2.06999993       2.40094543    
   2.07999992       2.41070795    
   2.08999991       2.42031908    
   2.09999990       2.42979407    
   2.10999990       2.43914938    
   2.11999989       2.44839048    
   2.12999988       2.45753288    
   2.13999987       2.46658206    
   2.14999986       2.47554636    
   2.15999985       2.48443341    
   2.16999984       2.49324846    
   2.18000007       2.50200129    
   2.19000006       2.51068902    
   2.20000005       2.51931930    
   2.21000004       2.52789879    
   2.22000003       2.53642917    
   2.23000002       2.54491162    
   2.24000001       2.55335236    
   2.25000000       2.56175160    
   2.25999999       2.57011533    
   2.26999998       2.57844043    
   2.27999997       2.58673286    
   2.28999996       2.59499383    
   2.29999995       2.60322571    
   2.30999994       2.61142874    
   2.31999993       2.61960793    
   2.32999992       2.62775683    
   2.33999991       2.63588548    
   2.34999990       2.64399028    
   2.35999990       2.65207171    
   2.36999989       2.66013122    
   2.37999988       2.66817665    
   2.38999987       2.67620158    
   2.39999986       2.68420815    
   2.40999985       2.69219732    
   2.41999984       2.70017004    
   2.42999983       2.70812964    
   2.44000006       2.71607113    
   2.45000005       2.72400045    
   2.46000004       2.73191619    
   2.47000003       2.73982024    
   2.48000002       2.74770832    
   2.49000001       2.75558686    
   2.50000000       2.76345587    
   2.50999999       2.77131081    
   2.51999998       2.77915478    
   2.52999997       2.78698683    
   2.53999996       2.79481435    
   2.54999995       2.80262971    
   2.55999994       2.81043673    
   2.56999993       2.81823492    
   2.57999992       2.82602525    
   2.58999991       2.83380580    
   2.59999990       2.84157872    
   2.60999990       2.84934306    
   2.61999989       2.85710478    
   2.62999988       2.86485434    
   2.63999987       2.87259698    
   2.64999986       2.88033342    
   2.65999985       2.88806677    
   2.66999984       2.89579272    
   2.67999983       2.90351081    
   2.69000006       2.91122460    
   2.70000005       2.91893244    
   2.71000004       2.92663717    
   2.72000003       2.93433118    
   2.73000002       2.94202447    
   2.74000001       2.94971180    
   2.75000000       2.95739436    
   2.75999999       2.96507192    
   2.76999998       2.97274137    
   2.77999997       2.98041201    
   2.78999996       2.98807573    
   2.79999995       2.99573517    
   2.80999994       3.00339246    
   2.81999993       3.01104236    
   2.82999992       3.01869178    
   2.83999991       3.02633429    
   2.84999990       3.03397417    
   2.85999990       3.04161143    
   2.86999989       3.04924273    
   2.87999988       3.05687189    
   2.88999987       3.06449914    
   2.89999986       3.07212377    
   2.90999985       3.07974219    
   2.91999984       3.08736062    
   2.92999983       3.09497190    
   2.93999982       3.10258460    
   2.95000005       3.11019325    
   2.96000004       3.11779737    
   2.97000003       3.12540150    
   2.98000002       3.13299775    
   2.99000001       3.14059830    
   3.00000000       3.14819121    
   3.00999999       3.15578365    
   3.01999998       3.16337323    
   3.02999997       3.17096019    
   3.03999996       3.17854500    
   3.04999995       3.18612623    
   3.05999994       3.19370556    
   3.06999993       3.20128417    
   3.07999992       3.20885992    
   3.08999991       3.21643472    
   3.09999990       3.22400808    
   3.10999990       3.23157454    
   3.11999989       3.23914242    
   3.12999988       3.24670815    
   3.13999987       3.25427294    
   3.14999986       3.26183248    
   3.15999985       3.26939344    
   3.16999984       3.27695227    
   3.17999983       3.28450918    
   3.18999982       3.29206228    
   3.19999981       3.29961705    
   3.21000004       3.30716586    
   3.22000003       3.31471300    
   3.23000002       3.32226443    
   3.24000001       3.32980990    
   3.25000000       3.33735561    
   3.25999999       3.34489584    
   3.26999998       3.35243750    
   3.27999997       3.35997915    
   3.28999996       3.36751676    
   3.29999995       3.37505364    
   3.30999994       3.38258862    
   3.31999993       3.39012265    
   3.32999992       3.39765596    
   3.33999991       3.40518785    
   3.34999990       3.41271639    
   3.35999990       3.42024517    
   3.36999989       3.42777205    
   3.37999988       3.43529868    
   3.38999987       3.44282317    
   3.39999986       3.45034719    
   3.40999985       3.45786595    
   3.41999984       3.46538591    
   3.42999983       3.47290659    
   3.43999982       3.48042512    
   3.44999981       3.48794270    
   3.46000004       3.49545765    
   3.47000003       3.50297403    
   3.48000002       3.51048756    
   3.49000001       3.51799822    
   3.50000000       3.52551079    
   3.50999999       3.53301835    
