   9.99999978E-03   6.13463519E-04
   1.99999996E-02   1.07929215E-03
   2.99999993E-02   1.49418844E-03
   3.99999991E-02   1.86966814E-03
   4.99999970E-02   2.10902165E-03
   5.99999987E-02   2.52942694E-03
   7.00000003E-02   2.61957315E-03
   7.99999982E-02   2.82923691E-03
   8.99999961E-02   3.29152262E-03
   9.99999940E-02   3.93797643E-03
  0.109999999       4.71141795E-03
  0.119999997       5.73657360E-03
  0.129999995       7.06955418E-03
  0.140000001       8.91596917E-03
  0.149999991       1.13848560E-02
  0.159999996       1.43044051E-02
  0.170000002       1.81673057E-02
  0.179999992       2.34000087E-02
  0.189999998       2.82370746E-02
  0.199999988       3.57294083E-02
  0.209999993       4.23718616E-02
  0.219999999       5.00369258E-02
  0.229999989       6.14084229E-02
  0.239999995       6.86099231E-02
  0.250000000       7.85207376E-02
  0.259999990       9.37978327E-02
  0.269999981      0.105823919    
  0.280000001      0.112489738    
  0.289999992      0.125940710    
  0.299999982      0.144835517    
  0.310000002      0.163522840    
  0.319999993      0.175907135    
  0.329999983      0.181198046    
  0.340000004      0.194506437    
  0.349999994      0.214050397    
  0.359999985      0.236924291    
  0.370000005      0.260850132    
  0.379999995      0.281391889    
  0.389999986      0.292207986    
  0.399999976      0.294561237    
  0.409999996      0.305907249    
  0.419999987      0.322385520    
  0.429999977      0.342473328    
  0.439999998      0.365706980    
  0.449999988      0.391612649    
  0.459999979      0.419271052    
  0.469999999      0.446752369    
  0.479999989      0.470341623    
  0.489999980      0.484159946    
  0.500000000      0.484903425    
  0.509999990      0.489807665    
  0.519999981      0.499534965    
  0.529999971      0.512093484    
  0.539999962      0.526920974    
  0.550000012      0.543788493    
  0.560000002      0.562599242    
  0.569999993      0.583311975    
  0.579999983      0.605903447    
  0.589999974      0.630329132    
  0.599999964      0.656481206    
  0.610000014      0.684121132    
  0.620000005      0.712774396    
  0.629999995      0.741553485    
  0.639999986      0.768870533    
  0.649999976      0.792004645    
  0.659999967      0.806703866    
  0.669999957      0.810345352    
  0.680000007      0.814691007    
  0.689999998      0.820951641    
  0.699999988      0.828531623    
  0.709999979      0.837161362    
  0.719999969      0.846689284    
  0.729999959      0.857018292    
  0.740000010      0.868085682    
  0.750000000      0.879847825    
  0.759999990      0.892284393    
  0.769999981      0.905371010    
  0.779999971      0.919101179    
  0.789999962      0.933468819    
  0.799999952      0.948475838    
  0.810000002      0.964124024    
  0.819999993      0.980418622    
  0.829999983      0.997366488    
  0.839999974       1.01497281    
  0.849999964       1.03324580    
  0.859999955       1.05218875    
  0.870000005       1.07179940    
  0.879999995       1.09207726    
  0.889999986       1.11300325    
  0.899999976       1.13455534    
  0.909999967       1.15669060    
  0.919999957       1.17933941    
  0.930000007       1.20240366    
  0.939999998       1.22573292    
  0.949999988       1.24911046    
  0.959999979       1.27221704    
  0.969999969       1.29459989    
  0.979999959       1.31558871    
  0.989999950       1.33420205    
   1.00000000       1.34898186    
   1.00999999       1.36006272    
   1.01999998       1.37001634    
   1.02999997       1.37944436    
   1.03999996       1.38858986    
   1.04999995       1.39757419    
   1.05999994       1.40647185    
   1.06999993       1.41532683    
   1.07999992       1.42417073    
   1.09000003       1.43302310    
   1.10000002       1.44189894    
   1.11000001       1.45080709    
   1.12000000       1.45975566    
   1.13000000       1.46874857    
   1.13999999       1.47779083    
   1.14999998       1.48688436    
   1.15999997       1.49603069    
   1.16999996       1.50523698    
   1.17999995       1.51449525    
   1.18999994       1.52381551    
   1.19999993       1.53319108    
   1.20999992       1.54262292    
   1.22000003       1.55212307    
   1.23000002       1.56167662    
   1.24000001       1.57129455    
   1.25000000       1.58096957    
   1.25999999       1.59070647    
   1.26999998       1.60050368    
   1.27999997       1.61036158    
   1.28999996       1.62028217    
   1.29999995       1.63026237    
   1.30999994       1.64030528    
   1.31999993       1.65040922    
   1.32999992       1.66057491    
   1.33999991       1.67080379    
   1.35000002       1.68109226    
   1.36000001       1.69144511    
   1.37000000       1.70185840    
   1.38000000       1.71233749    
   1.38999999       1.72287524    
   1.39999998       1.73347759    
   1.40999997       1.74414408    
   1.41999996       1.75487077    
   1.42999995       1.76566339    
   1.43999994       1.77651668    
   1.44999993       1.78743410    
   1.45999992       1.79841495    
   1.46999991       1.80945933    
   1.48000002       1.82056856    
   1.49000001       1.83173895    
   1.50000000       1.84297311    
   1.50999999       1.85427225    
   1.51999998       1.86563301    
   1.52999997       1.87705827    
   1.53999996       1.88854706    
   1.54999995       1.90009820    
   1.55999994       1.91171241    
   1.56999993       1.92338848    
   1.57999992       1.93512917    
   1.58999991       1.94692874    
   1.59999990       1.95879138    
   1.61000001       1.97071612    
   1.62000000       1.98270071    
   1.63000000       1.99474585    
   1.63999999       2.00684905    
   1.64999998       2.01901054    
   1.65999997       2.03123236    
   1.66999996       2.04350758    
   1.67999995       2.05584145    
   1.68999994       2.06822896    
   1.69999993       2.08066750    
   1.70999992       2.09315968    
   1.71999991       2.10570097    
   1.73000002       2.11828947    
   1.74000001       2.13092542    
   1.75000000       2.14360499    
   1.75999999       2.15632415    
   1.76999998       2.16908288    
   1.77999997       2.18187857    
   1.78999996       2.19470549    
   1.79999995       2.20756221    
   1.80999994       2.22044206    
   1.81999993       2.23334503    
   1.82999992       2.24626493    
   1.83999991       2.25919294    
   1.84999990       2.27212930    
   1.86000001       2.28506422    
   1.87000000       2.29799366    
   1.88000000       2.31090832    
   1.88999999       2.32380009    
   1.89999998       2.33666301    
   1.90999997       2.34948564    
   1.91999996       2.36225843    
   1.92999995       2.37497163    
   1.93999994       2.38760877    
   1.94999993       2.40016055    
   1.95999992       2.41261101    
   1.96999991       2.42494750    
   1.97999990       2.43714499    
   1.99000001       2.44919133    
   2.00000000       2.46106029    
   2.00999999       2.47258806    
   2.01999998       2.48371029    
   2.02999997       2.49450779    
   2.03999996       2.50503755    
   2.04999995       2.51533723    
   2.05999994       2.52543688    
   2.06999993       2.53536224    
   2.07999992       2.54513311    
   2.08999991       2.55476665    
   2.09999990       2.56427765    
   2.10999990       2.57367659    
   2.11999989       2.58297586    
   2.12999988       2.59218216    
   2.13999987       2.60130239    
   2.14999986       2.61034918    
   2.15999985       2.61932683    
   2.16999984       2.62823725    
   2.18000007       2.63708591    
   2.19000006       2.64588118    
   2.20000005       2.65462351    
   2.21000004       2.66331911    
   2.22000003       2.67196965    
   2.23000002       2.68057537    
   2.24000001       2.68914413    
   2.25000000       2.69767666    
   2.25999999       2.70617390    
   2.26999998       2.71464014    
   2.27999997       2.72307229    
   2.28999996       2.73147702    
   2.29999995       2.73985839    
   2.30999994       2.74820876    
   2.31999993       2.75653648    
   2.32999992       2.76484108    
   2.33999991       2.77312446    
   2.34999990       2.78138685    
   2.35999990       2.78962827    
   2.36999989       2.79785323    
   2.37999988       2.80606031    
   2.38999987       2.81424880    
   2.39999986       2.82241869    
   2.40999985       2.83057618    
   2.41999984       2.83872008    
   2.42999983       2.84684634    
   2.44000006       2.85496068    
   2.45000005       2.86306548    
   2.46000004       2.87115359    
   2.47000003       2.87922883    
   2.48000002       2.88729692    
   2.49000001       2.89534998    
   2.50000000       2.90339422    
   2.50999999       2.91142774    
   2.51999998       2.91945386    
   2.52999997       2.92746806    
   2.53999996       2.93547463    
   2.54999995       2.94347095    
   2.55999994       2.95146155    
   2.56999993       2.95944118    
   2.57999992       2.96741366    
   2.58999991       2.97537994    
   2.59999990       2.98334050    
   2.60999990       2.99129200    
   2.61999989       2.99923658    
   2.62999988       3.00717330    
   2.63999987       3.01510668    
   2.64999986       3.02303076    
   2.65999985       3.03095245    
   2.66999984       3.03886867    
   2.67999983       3.04677510    
   2.69000006       3.05468011    
   2.70000005       3.06257820    
   2.71000004       3.07046843    
   2.72000003       3.07835746    
   2.73000002       3.08624029    
   2.74000001       3.09411979    
   2.75000000       3.10199594    
   2.75999999       3.10986376    
   2.76999998       3.11773038    
   2.77999997       3.12559175    
   2.78999996       3.13345170    
   2.79999995       3.14130497    
   2.80999994       3.14915133    
   2.81999993       3.15699935    
   2.82999992       3.16484189    
   2.83999991       3.17267990    
   2.84999990       3.18051839    
   2.85999990       3.18834925    
   2.86999989       3.19617724    
   2.87999988       3.20400500    
   2.88999987       3.21182632    
   2.89999986       3.21964812    
   2.90999985       3.22746563    
   2.91999984       3.23527861    
   2.92999983       3.24308944    
   2.93999982       3.25089884    
   2.95000005       3.25870466    
   2.96000004       3.26650715    
   2.97000003       3.27430844    
   2.98000002       3.28210640    
   2.99000001       3.28990459    
   3.00000000       3.29769802    
   3.00999999       3.30548906    
   3.01999998       3.31327748    
   3.02999997       3.32106256    
   3.03999996       3.32884717    
   3.04999995       3.33663011    
   3.05999994       3.34441018    
   3.06999993       3.35218883    
   3.07999992       3.35996389    
   3.08999991       3.36773825    
   3.09999990       3.37551117    
   3.10999990       3.38328052    
   3.11999989       3.39105082    
   3.12999988       3.39881539    
   3.13999987       3.40657997    
   3.14999986       3.41434336    
   3.15999985       3.42210436    
   3.16999984       3.42986441    
   3.17999983       3.43762350    
   3.18999982       3.44537902    
   3.19999981       3.45313334    
   3.21000004       3.46088600    
   3.22000003       3.46863818    
   3.23000002       3.47638965    
   3.24000001       3.48413801    
   3.25000000       3.49188399    
   3.25999999       3.49962759    
   3.26999998       3.50737309    
   3.27999997       3.51511693    
   3.28999996       3.52285719    
   3.29999995       3.53059816    
   3.30999994       3.53833699    
   3.31999993       3.54607272    
   3.32999992       3.55380535    
   3.33999991       3.56154323    
   3.34999990       3.56927538    
   3.35999990       3.57700872    
   3.36999989       3.58473730    
   3.37999988       3.59246707    
   3.38999987       3.60019493    
   3.39999986       3.60792017    
   3.40999985       3.61564898    
   3.41999984       3.62337351    
   3.42999983       3.63109827    
   3.43999982       3.63882089    
   3.44999981       3.64654136    
   3.46000004       3.65425920    
   3.47000003       3.66198230    
   3.48000002       3.66969657    
   3.49000001       3.67741466    
   3.50000000       3.68513298    
   3.50999999       3.69284797    
