   9.99999978E-03   6.18226768E-04
   1.99999996E-02   1.08826370E-03
   2.99999993E-02   1.50411972E-03
   3.99999991E-02   1.88013469E-03
   4.99999970E-02   2.10826821E-03
   5.99999987E-02   2.54257885E-03
   7.00000003E-02   2.64244922E-03
   7.99999982E-02   2.84820958E-03
   8.99999961E-02   3.32004717E-03
   9.99999940E-02   4.02100012E-03
  0.109999999       4.88627935E-03
  0.119999997       6.05301699E-03
  0.129999995       7.56951887E-03
  0.140000001       9.65639763E-03
  0.149999991       1.24292048E-02
  0.159999996       1.56810340E-02
  0.170000002       1.99498814E-02
  0.179999992       2.56513357E-02
  0.189999998       3.08705997E-02
  0.199999988       3.90121602E-02
  0.209999993       4.60673422E-02
  0.219999999       5.43957390E-02
  0.229999989       6.64341748E-02
  0.239999995       7.40291253E-02
  0.250000000       8.46995935E-02
  0.259999990      0.100792512    
  0.269999981      0.113267124    
  0.280000001      0.120339006    
  0.289999992      0.134631291    
  0.299999982      0.154411107    
  0.310000002      0.173731714    
  0.319999993      0.186404869    
  0.329999983      0.192042723    
  0.340000004      0.206073776    
  0.349999994      0.226455003    
  0.359999985      0.250140667    
  0.370000005      0.274707258    
  0.379999995      0.295592666    
  0.389999986      0.306535214    
  0.399999976      0.309186339    
  0.409999996      0.321049929    
  0.419999987      0.338137567    
  0.429999977      0.358884871    
  0.439999998      0.382786572    
  0.449999988      0.409319103    
  0.459999979      0.437496066    
  0.469999999      0.465317279    
  0.479999989      0.489029676    
  0.489999980      0.502866685    
  0.500000000      0.503828883    
  0.509999990      0.509046316    
  0.519999981      0.519117057    
  0.529999971      0.532048523    
  0.539999962      0.547273815    
  0.550000012      0.564556301    
  0.560000002      0.583790421    
  0.569999993      0.604926646    
  0.579999983      0.627930403    
  0.589999974      0.652741492    
  0.599999964      0.679234564    
  0.610000014      0.707150340    
  0.620000005      0.735987127    
  0.629999995      0.764839113    
  0.639999986      0.792112470    
  0.649999976      0.815127313    
  0.659999967      0.829781294    
  0.669999957      0.833662331    
  0.680000007      0.838259935    
  0.689999998      0.844749987    
  0.699999988      0.852553248    
  0.709999979      0.861404419    
  0.719999969      0.871152461    
  0.729999959      0.881702304    
  0.740000010      0.892990530    
  0.750000000      0.904973865    
  0.759999990      0.917632639    
  0.769999981      0.930939555    
  0.779999971      0.944887877    
  0.789999962      0.959472060    
  0.799999952      0.974691033    
  0.810000002      0.990545869    
  0.819999993       1.00704122    
  0.829999983       1.02418280    
  0.839999974       1.04197276    
  0.849999964       1.06041718    
  0.859999955       1.07951736    
  0.870000005       1.09927022    
  0.879999995       1.11966801    
  0.889999986       1.14069378    
  0.899999976       1.16231787    
  0.909999967       1.18449593    
  0.919999957       1.20715606    
  0.930000007       1.23019302    
  0.939999998       1.25345612    
  0.949999988       1.27672553    
  0.959999979       1.29968882    
  0.969999969       1.32189715    
  0.979999959       1.34269857    
  0.989999950       1.36115086    
   1.00000000       1.37586606    
   1.00999999       1.38700402    
   1.01999998       1.39704633    
   1.02999997       1.40657794    
   1.03999996       1.41583121    
   1.04999995       1.42492890    
   1.05999994       1.43394160    
   1.06999993       1.44291401    
   1.07999992       1.45187616    
   1.09000003       1.46084595    
   1.10000002       1.46983898    
   1.11000001       1.47886467    
   1.12000000       1.48792779    
   1.13000000       1.49703872    
   1.13999999       1.50619626    
   1.14999998       1.51540709    
   1.15999997       1.52466917    
   1.16999996       1.53398788    
   1.17999995       1.54336286    
   1.18999994       1.55279386    
   1.19999993       1.56228364    
   1.20999992       1.57182872    
   1.22000003       1.58143902    
   1.23000002       1.59110487    
   1.24000001       1.60083091    
   1.25000000       1.61061609    
   1.25999999       1.62046194    
   1.26999998       1.63036716    
   1.27999997       1.64033306    
   1.28999996       1.65035951    
   1.29999995       1.66044605    
   1.30999994       1.67059314    
   1.31999993       1.68080103    
   1.32999992       1.69106841    
   1.33999991       1.70139861    
   1.35000002       1.71178961    
   1.36000001       1.72224188    
   1.37000000       1.73275471    
   1.38000000       1.74332941    
   1.38999999       1.75396538    
   1.39999998       1.76466131    
   1.40999997       1.77542174    
   1.41999996       1.78624034    
   1.42999995       1.79712319    
   1.43999994       1.80806935    
   1.44999993       1.81907380    
   1.45999992       1.83014333    
   1.46999991       1.84127259    
   1.48000002       1.85246503    
   1.49000001       1.86371899    
   1.50000000       1.87503529    
   1.50999999       1.88641226    
   1.51999998       1.89784944    
   1.52999997       1.90935016    
   1.53999996       1.92091429    
   1.54999995       1.93253577    
   1.55999994       1.94421804    
   1.56999993       1.95596576    
   1.57999992       1.96777058    
   1.58999991       1.97963476    
   1.59999990       1.99155915    
   1.61000001       2.00354171    
   1.62000000       2.01558185    
   1.63000000       2.02768230    
   1.63999999       2.03983641    
   1.64999998       2.05204797    
   1.65999997       2.06431651    
   1.66999996       2.07663608    
   1.67999995       2.08901072    
   1.68999994       2.10143733    
   1.69999993       2.11390924    
   1.70999992       2.12643409    
   1.71999991       2.13900471    
   1.73000002       2.15162063    
   1.74000001       2.16427851    
   1.75000000       2.17697716    
   1.75999999       2.18971634    
   1.76999998       2.20248747    
   1.77999997       2.21529293    
   1.78999996       2.22812796    
   1.79999995       2.24098706    
   1.80999994       2.25386810    
   1.81999993       2.26676917    
   1.82999992       2.27968144    
   1.83999991       2.29259968    
   1.84999990       2.30551982    
   1.86000001       2.31845474    
   1.87000000       2.33134913    
   1.88000000       2.34423876    
   1.88999999       2.35710430    
   1.89999998       2.36993837    
   1.90999997       2.38272977    
   1.91999996       2.39546871    
   1.92999995       2.40814424    
   1.93999994       2.42073989    
   1.94999993       2.43325448    
   1.95999992       2.44566298    
   1.96999991       2.45795441    
   1.97999990       2.47010946    
   1.99000001       2.48211384    
   2.00000000       2.49394441    
   2.00999999       2.50543475    
   2.01999998       2.51653004    
   2.02999997       2.52730656    
   2.03999996       2.53782058    
   2.04999995       2.54810882    
   2.05999994       2.55820394    
   2.06999993       2.56812954    
   2.07999992       2.57790351    
   2.08999991       2.58754396    
   2.09999990       2.59706020    
   2.10999990       2.60647106    
   2.11999989       2.61578250    
   2.12999988       2.62500572    
   2.13999987       2.63414621    
   2.14999986       2.64321375    
   2.15999985       2.65220928    
   2.16999984       2.66114020    
   2.18000007       2.67001605    
   2.19000006       2.67883801    
   2.20000005       2.68760633    
   2.21000004       2.69633055    
   2.22000003       2.70500875    
   2.23000002       2.71364665    
   2.24000001       2.72224665    
   2.25000000       2.73080850    
   2.25999999       2.73933744    
   2.26999998       2.74783683    
   2.27999997       2.75630283    
   2.28999996       2.76474357    
   2.29999995       2.77315736    
   2.30999994       2.78154421    
   2.31999993       2.78990889    
   2.32999992       2.79824901    
   2.33999991       2.80657244    
   2.34999990       2.81487107    
   2.35999990       2.82315111    
   2.36999989       2.83141398    
   2.37999988       2.83965850    
   2.38999987       2.84788656    
   2.39999986       2.85609841    
   2.40999985       2.86429477    
   2.41999984       2.87247920    
   2.42999983       2.88064766    
   2.44000006       2.88880086    
   2.45000005       2.89694643    
   2.46000004       2.90507436    
   2.47000003       2.91319466    
   2.48000002       2.92130113    
   2.49000001       2.92939758    
   2.50000000       2.93748474    
   2.50999999       2.94556499    
   2.51999998       2.95363092    
   2.52999997       2.96168804    
   2.53999996       2.96973777    
   2.54999995       2.97777772    
   2.55999994       2.98580956    
   2.56999993       2.99383616    
   2.57999992       3.00185299    
   2.58999991       3.00986624    
   2.59999990       3.01786637    
   2.60999990       3.02586031    
   2.61999989       3.03385258    
   2.62999988       3.04183364    
   2.63999987       3.04981112    
   2.64999986       3.05778241    
   2.65999985       3.06574559    
   2.66999984       3.07370424    
   2.67999983       3.08165932    
   2.69000006       3.08960986    
   2.70000005       3.09755158    
   2.71000004       3.10548902    
   2.72000003       3.11342430    
   2.73000002       3.12135315    
   2.74000001       3.12927794    
   2.75000000       3.13719821    
   2.75999999       3.14511156    
   2.76999998       3.15302682    
   2.77999997       3.16093516    
   2.78999996       3.16883755    
   2.79999995       3.17673826    
   2.80999994       3.18463254    
   2.81999993       3.19252753    
   2.82999992       3.20041633    
   2.83999991       3.20830297    
   2.84999990       3.21618414    
   2.85999990       3.22406268    
   2.86999989       3.23193598    
   2.87999988       3.23981285    
   2.88999987       3.24768257    
   2.89999986       3.25554848    
   2.90999985       3.26341200    
   2.91999984       3.27127457    
   2.92999983       3.27913237    
   2.93999982       3.28698707    
   2.95000005       3.29484367    
   2.96000004       3.30269146    
   2.97000003       3.31054115    
   2.98000002       3.31838751    
   2.99000001       3.32622910    
   3.00000000       3.33407140    
   3.00999999       3.34191060    
   3.01999998       3.34974813    
   3.02999997       3.35758066    
   3.03999996       3.36541224    
   3.04999995       3.37324166    
   3.05999994       3.38107038    
   3.06999993       3.38889575    
   3.07999992       3.39672208    
   3.08999991       3.40454149    
   3.09999990       3.41236115    
   3.10999990       3.42017961    
   3.11999989       3.42799735    
   3.12999988       3.43581080    
   3.13999987       3.44362450    
   3.14999986       3.45143342    
   3.15999985       3.45924354    
   3.16999984       3.46705151    
   3.17999983       3.47485590    
   3.18999982       3.48266053    
   3.19999981       3.49046373    
   3.21000004       3.49826431    
   3.22000003       3.50606465    
   3.23000002       3.51386428    
   3.24000001       3.52166128    
   3.25000000       3.52945709    
   3.25999999       3.53724933    
   3.26999998       3.54504132    
   3.27999997       3.55283213    
   3.28999996       3.56062198    
   3.29999995       3.56840992    
   3.30999994       3.57619619    
   3.31999993       3.58398199    
   3.32999992       3.59176898    
   3.33999991       3.59955001    
   3.34999990       3.60733128    
   3.35999990       3.61511278    
   3.36999989       3.62289119    
   3.37999988       3.63066912    
   3.38999987       3.63844514    
   3.39999986       3.64622045    
   3.40999985       3.65399528    
   3.41999984       3.66176820    
   3.42999983       3.66954136    
   3.43999982       3.67731357    
   3.44999981       3.68508244    
   3.46000004       3.69285154    
   3.47000003       3.70061970    
   3.48000002       3.70838404    
   3.49000001       3.71615124    
   3.50000000       3.72391701    
   3.50999999       3.73167968    
