   9.99999978E-03   6.28828362E-04
   1.99999996E-02   1.10114773E-03
   2.99999993E-02   1.51894719E-03
   3.99999991E-02   1.89612305E-03
   4.99999970E-02   2.10910151E-03
   5.99999987E-02   2.56188191E-03
   7.00000003E-02   2.68744980E-03
   7.99999982E-02   2.89415079E-03
   8.99999961E-02   3.40841059E-03
   9.99999940E-02   4.21577692E-03
  0.109999999       5.28294221E-03
  0.119999997       6.75240252E-03
  0.129999995       8.65886081E-03
  0.140000001       1.12489220E-02
  0.149999991       1.46565940E-02
  0.159999996       1.85969155E-02
  0.170000002       2.35864613E-02
  0.179999992       3.03270500E-02
  0.189999998       3.63117754E-02
  0.199999988       4.57335226E-02
  0.209999993       5.35907000E-02
  0.219999999       6.32358789E-02
  0.229999989       7.65370801E-02
  0.239999995       8.48969519E-02
  0.250000000       9.70476642E-02
  0.259999990      0.114666700    
  0.269999981      0.127970815    
  0.280000001      0.135845095    
  0.289999992      0.151739955    
  0.299999982      0.173160434    
  0.310000002      0.193625346    
  0.319999993      0.206828967    
  0.329999983      0.213150710    
  0.340000004      0.228542313    
  0.349999994      0.250471562    
  0.359999985      0.275630265    
  0.370000005      0.301333785    
  0.379999995      0.322814822    
  0.389999986      0.334001750    
  0.399999976      0.337237030    
  0.409999996      0.350064456    
  0.419999987      0.368272483    
  0.429999977      0.390218824    
  0.439999998      0.415319800    
  0.449999988      0.442959428    
  0.459999979      0.472034007    
  0.469999999      0.500421107    
  0.479999989      0.524325788    
  0.489999980      0.538206339    
  0.500000000      0.539600551    
  0.509999990      0.545405030    
  0.519999981      0.556106865    
  0.529999971      0.569720089    
  0.539999962      0.585664809    
  0.550000012      0.603692472    
  0.560000002      0.623681962    
  0.569999993      0.645566702    
  0.579999983      0.669289231    
  0.589999974      0.694765687    
  0.599999964      0.721835136    
  0.610000014      0.750201821    
  0.620000005      0.779324174    
  0.629999995      0.808262348    
  0.639999986      0.835422337    
  0.649999976      0.858211935    
  0.659999967      0.872796774    
  0.669999957      0.877123713    
  0.680000007      0.882184803    
  0.689999998      0.889099061    
  0.699999988      0.897310197    
  0.709999979      0.906564415    
  0.719999969      0.916712821    
  0.729999959      0.927661359    
  0.740000010      0.939348102    
  0.750000000      0.951730371    
  0.759999990      0.964780629    
  0.769999981      0.978479981    
  0.779999971      0.992815018    
  0.789999962       1.00777948    
  0.799999952       1.01654744    
  0.810000002       1.03958797    
  0.819999993       1.05643308    
  0.829999983       1.07390690    
  0.839999974       1.09200990    
  0.849999964       1.11074507    
  0.859999955       1.13010657    
  0.870000005       1.15009189    
  0.879999995       1.17068601    
  0.889999986       1.19186330    
  0.899999976       1.21359324    
  0.909999967       1.23581982    
  0.919999957       1.25847077    
  0.930000007       1.28143382    
  0.939999998       1.30455339    
  0.949999988       1.32761037    
  0.959999979       1.35029674    
  0.969999969       1.37217975    
  0.979999959       1.39264274    
  0.989999950       1.41080630    
   1.00000000       1.42540491    
   1.00999999       1.43663883    
   1.01999998       1.44683731    
   1.02999997       1.45655179    
   1.03999996       1.46599817    
   1.04999995       1.47529924    
   1.05999994       1.48451674    
   1.06999993       1.49369669    
   1.07999992       1.50286734    
   1.09000003       1.51204658    
   1.10000002       1.52124894    
   1.11000001       1.53048158    
   1.12000000       1.53975725    
   1.13000000       1.54907632    
   1.13999999       1.55844080    
   1.14999998       1.56785786    
   1.15999997       1.57732487    
   1.16999996       1.58684909    
   1.17999995       1.59642553    
   1.18999994       1.60606074    
   1.19999993       1.61575222    
   1.20999992       1.62549686    
   1.22000003       1.63530481    
   1.23000002       1.64516985    
   1.24000001       1.65509129    
   1.25000000       1.66507065    
   1.25999999       1.67510903    
   1.26999998       1.68520641    
   1.27999997       1.69536114    
   1.28999996       1.70557737    
   1.29999995       1.71584868    
   1.30999994       1.72618163    
   1.31999993       1.73657215    
   1.32999992       1.74702346    
   1.33999991       1.75753176    
   1.35000002       1.76810026    
   1.36000001       1.77872753    
   1.37000000       1.78941512    
   1.38000000       1.80016005    
   1.38999999       1.81096530    
   1.39999998       1.82183039    
   1.40999997       1.83275533    
   1.41999996       1.84373689    
   1.42999995       1.85477936    
   1.43999994       1.86588085    
   1.44999993       1.87704134    
   1.45999992       1.88826025    
   1.46999991       1.89954019    
   1.48000002       1.91087961    
   1.49000001       1.92227554    
   1.50000000       1.93373156    
   1.50999999       1.94524539    
   1.51999998       1.95681906    
   1.52999997       1.96844923    
   1.53999996       1.98013759    
   1.54999995       1.99188566    
   1.55999994       2.00368977    
   1.56999993       2.01555014    
   1.57999992       2.02746654    
   1.58999991       2.03943920    
   1.59999990       2.05146551    
   1.61000001       2.06355023    
   1.62000000       2.07568765    
   1.63000000       2.08787799    
   1.63999999       2.10012102    
   1.64999998       2.11241293    
   1.65999997       2.12475848    
   1.66999996       2.13715076    
   1.67999995       2.14959383    
   1.68999994       2.16207910    
   1.69999993       2.17461276    
   1.70999992       2.18718910    
   1.71999991       2.19980574    
   1.73000002       2.21246362    
   1.74000001       2.22515750    
   1.75000000       2.23788619    
   1.75999999       2.25064778    
   1.76999998       2.26344061    
   1.77999997       2.27625585    
   1.78999996       2.28909826    
   1.79999995       2.30195761    
   1.80999994       2.31483483    
   1.81999993       2.32772303    
   1.82999992       2.34061694    
   1.83999991       2.35351372    
   1.84999990       2.36640644    
   1.86000001       2.37928391    
   1.87000000       2.39215851    
   1.88000000       2.40500617    
   1.88999999       2.41781926    
   1.89999998       2.43059707    
   1.90999997       2.44332790    
   1.91999996       2.45600057    
   1.92999995       2.46860671    
   1.93999994       2.48113489    
   1.94999993       2.49357104    
   1.95999992       2.50590396    
   1.96999991       2.51811910    
   1.97999990       2.53019691    
   1.99000001       2.54212475    
   2.00000000       2.55388188    
   2.00999999       2.56531024    
   2.01999998       2.57635427    
   2.02999997       2.58709431    
   2.03999996       2.59758258    
   2.04999995       2.60785413    
   2.05999994       2.61794114    
   2.06999993       2.62786388    
   2.07999992       2.63764167    
   2.08999991       2.64729357    
   2.09999990       2.65682769    
   2.10999990       2.66625929    
   2.11999989       2.67559767    
   2.12999988       2.68484688    
   2.13999987       2.69402146    
   2.14999986       2.70311618    
   2.15999985       2.71215773    
   2.16999984       2.72113180    
   2.18000007       2.73005056    
   2.19000006       2.73891735    
   2.20000005       2.74773574    
   2.21000004       2.75650859    
   2.22000003       2.76523876    
   2.23000002       2.77393103    
   2.24000001       2.78258562    
   2.25000000       2.79120708    
   2.25999999       2.79979539    
   2.26999998       2.80835223    
   2.27999997       2.81688190    
   2.28999996       2.82538342    
   2.29999995       2.83386040    
   2.30999994       2.84231329    
   2.31999993       2.85074329    
   2.32999992       2.85915303    
   2.33999991       2.86753750    
   2.34999990       2.87590647    
   2.35999990       2.88425803    
   2.36999989       2.89258790    
   2.37999988       2.90090132    
   2.38999987       2.90920281    
   2.39999986       2.91748500    
   2.40999985       2.92575526    
   2.41999984       2.93400764    
   2.42999983       2.94225144    
   2.44000006       2.95047998    
   2.45000005       2.95869803    
   2.46000004       2.96690464    
   2.47000003       2.97509909    
   2.48000002       2.98328257    
   2.49000001       2.99145389    
   2.50000000       2.99961925    
   2.50999999       3.00777030    
   2.51999998       3.01591682    
   2.52999997       3.02405334    
   2.53999996       3.03217983    
   2.54999995       3.04029822    
   2.55999994       3.04840994    
   2.56999993       3.05651236    
   2.57999992       3.06461048    
   2.58999991       3.07269979    
   2.59999990       3.08077979    
   2.60999990       3.08885837    
   2.61999989       3.09692574    
   2.62999988       3.10499024    
   2.63999987       3.11304832    
   2.64999986       3.12109947    
   2.65999985       3.12914944    
   2.66999984       3.13718700    
   2.67999983       3.14522099    
   2.69000006       3.15325236    
   2.70000005       3.16127849    
   2.71000004       3.16929722    
   2.72000003       3.17731524    
   2.73000002       3.18532491    
   2.74000001       3.19333339    
   2.75000000       3.20133758    
   2.75999999       3.20933437    
   2.76999998       3.21733069    
   2.77999997       3.22532177    
   2.78999996       3.23330903    
   2.79999995       3.24129319    
   2.80999994       3.24927282    
   2.81999993       3.25724959    
   2.82999992       3.26522088    
   2.83999991       3.27318931    
   2.84999990       3.28115821    
   2.85999990       3.28912330    
   2.86999989       3.29708004    
   2.87999988       3.30503821    
   2.88999987       3.31299376    
   2.89999986       3.32094431    
   2.90999985       3.32889247    
   2.91999984       3.33683872    
   2.92999983       3.34478140    
   2.93999982       3.35272312    
   2.95000005       3.36066341    
   2.96000004       3.36859894    
   2.97000003       3.37653136    
   2.98000002       3.38446164    
   2.99000001       3.39239097    
   3.00000000       3.40031743    
   3.00999999       3.40824199    
   3.01999998       3.41616464    
   3.02999997       3.42408419    
   3.03999996       3.43200135    
   3.04999995       3.43991828    
   3.05999994       3.44782996    
   3.06999993       3.45574379    
   3.07999992       3.46365476    
   3.08999991       3.47156334    
   3.09999990       3.47946739    
   3.10999990       3.48736954    
   3.11999989       3.49527311    
   3.12999988       3.50317550    
   3.13999987       3.51107526    
   3.14999986       3.51897073    
   3.15999985       3.52686644    
   3.16999984       3.53475952    
   3.17999983       3.54265428    
   3.18999982       3.55054545    
   3.19999981       3.55843401    
   3.21000004       3.56632233    
   3.22000003       3.57420921    
   3.23000002       3.58209491    
   3.24000001       3.58997583    
   3.25000000       3.59785867    
   3.25999999       3.60573959    
   3.26999998       3.61361885    
   3.27999997       3.62149668    
   3.28999996       3.62937284    
   3.29999995       3.63724995    
   3.30999994       3.64512181    
   3.31999993       3.65299773    
   3.32999992       3.66086745    
   3.33999991       3.66873765    
   3.34999990       3.67660761    
   3.35999990       3.68447590    
   3.36999989       3.69234157    
   3.37999988       3.70020509    
   3.38999987       3.70806932    
   3.39999986       3.71593404    
   3.40999985       3.72379732    
   3.41999984       3.73165846    
   3.42999983       3.73951674    
   3.43999982       3.74737477    
   3.44999981       3.75523329    
   3.46000004       3.76308966    
   3.47000003       3.77094460    
   3.48000002       3.77880049    
   3.49000001       3.78665543    
   3.50000000       3.79450631    
   3.50999999       3.80235815    
