   9.99999978E-03   6.33777818E-04
   1.99999996E-02   1.10731286E-03
   2.99999993E-02   1.52647402E-03
   3.99999991E-02   1.90537947E-03
   4.99999970E-02   2.11210689E-03
   5.99999987E-02   2.57712207E-03
   7.00000003E-02   2.72663590E-03
   7.99999982E-02   2.94321193E-03
   8.99999961E-02   3.50116612E-03
   9.99999940E-02   4.41997871E-03
  0.109999999       5.68366516E-03
  0.119999997       7.43856281E-03
  0.129999995       9.71021410E-03
  0.140000001       1.27672879E-02
  0.149999991       1.67532153E-02
  0.159999996       2.13211477E-02
  0.170000002       2.69437358E-02
  0.179999992       3.45983393E-02
  0.189999998       4.12545651E-02
  0.199999988       5.17753884E-02
  0.209999993       6.03139736E-02
  0.219999999       7.10965842E-02
  0.229999989       8.54320973E-02
  0.239999995       9.44462717E-02
  0.250000000      0.107850917    
  0.259999990      0.126707390    
  0.269999981      0.140674233    
  0.280000001      0.149240047    
  0.289999992      0.166458771    
  0.299999982      0.189193055    
  0.310000002      0.210547939    
  0.319999993      0.224175274    
  0.329999983      0.231084928    
  0.340000004      0.247586042    
  0.349999994      0.270751417    
  0.359999985      0.297060549    
  0.370000005      0.323628724    
  0.379999995      0.345552057    
  0.389999986      0.356945485    
  0.399999976      0.360678911    
  0.409999996      0.374283761    
  0.419999987      0.393381566    
  0.429999977      0.416265965    
  0.439999998      0.442292392    
  0.449999988      0.470769554    
  0.459999979      0.500504792    
  0.469999999      0.529290378    
  0.479999989      0.553318799    
  0.489999980      0.567243934    
  0.500000000      0.569009066    
  0.509999990      0.575289488    
  0.519999981      0.586494684    
  0.529999971      0.600643754    
  0.539999962      0.617149770    
  0.550000012      0.635752976    
  0.560000002      0.656319976    
  0.569999993      0.678773284    
  0.579999983      0.703031301    
  0.589999974      0.728995264    
  0.599999964      0.756478548    
  0.610000014      0.785154581    
  0.620000005      0.814456165    
  0.629999995      0.843422472    
  0.639999986      0.870465040    
  0.649999976      0.893069208    
  0.659999967      0.907610834    
  0.669999957      0.912297428    
  0.680000007      0.917727232    
  0.689999998      0.924977839    
  0.699999988      0.933512866    
  0.709999979      0.943082631    
  0.719999969      0.953544676    
  0.729999959      0.964725733    
  0.740000010      0.976799250    
  0.750000000      0.989489377    
  0.759999990       1.00284243    
  0.769999981       1.01684129    
  0.779999971       1.03147113    
  0.789999962       1.04672313    
  0.799999952       1.06259513    
  0.810000002       1.07908201    
  0.819999993       1.09618497    
  0.829999983       1.11390352    
  0.839999974       1.13223433    
  0.849999964       1.15117753    
  0.859999955       1.17072535    
  0.870000005       1.19086850    
  0.879999995       1.21159124    
  0.889999986       1.23286581    
  0.899999976       1.25465202    
  0.909999967       1.27689528    
  0.919999957       1.29951429    
  0.930000007       1.32239449    
  0.939999998       1.34538269    
  0.949999988       1.36825526    
  0.959999979       1.39071286    
  0.969999969       1.41233242    
  0.979999959       1.43252707    
  0.989999950       1.45046914    
   1.00000000       1.46497810    
   1.00999999       1.47628438    
   1.01999998       1.48660231    
   1.02999997       1.49645352    
   1.03999996       1.50605047    
   1.04999995       1.51550293    
   1.05999994       1.52487898    
   1.06999993       1.53421795    
   1.07999992       1.54354835    
   1.09000003       1.55288970    
   1.10000002       1.56225455    
   1.11000001       1.57164943    
   1.12000000       1.58108330    
   1.13000000       1.59056115    
   1.13999999       1.60008633    
   1.14999998       1.60966122    
   1.15999997       1.61928689    
   1.16999996       1.62896764    
   1.17999995       1.63870192    
   1.18999994       1.64849102    
   1.19999993       1.65833569    
   1.20999992       1.66823363    
   1.22000003       1.67819405    
   1.23000002       1.68820977    
   1.24000001       1.69828117    
   1.25000000       1.70840895    
   1.25999999       1.71859443    
   1.26999998       1.72883868    
   1.27999997       1.73913860    
   1.28999996       1.74949741    
   1.29999995       1.75991201    
   1.30999994       1.77038598    
   1.31999993       1.78091586    
   1.32999992       1.79150355    
   1.33999991       1.80214906    
   1.35000002       1.81285226    
   1.36000001       1.82361281    
   1.37000000       1.83442962    
   1.38000000       1.84530532    
   1.38999999       1.85623848    
   1.39999998       1.86722922    
   1.40999997       1.87827754    
   1.41999996       1.88938284    
   1.42999995       1.90054512    
   1.43999994       1.91176391    
   1.44999993       1.92304015    
   1.45999992       1.93437457    
   1.46999991       1.94576395    
   1.48000002       1.95721233    
   1.49000001       1.96871483    
   1.50000000       1.98027635    
   1.50999999       1.99189210    
   1.51999998       2.00356293    
   1.52999997       2.01529145    
   1.53999996       2.02707410    
   1.54999995       2.03890944    
   1.55999994       2.05080175    
   1.56999993       2.06274748    
   1.57999992       2.07474732    
   1.58999991       2.08679581    
   1.59999990       2.09890032    
   1.61000001       2.11105585    
   1.62000000       2.12326193    
   1.63000000       2.13551688    
   1.63999999       2.14782071    
   1.64999998       2.16017413    
   1.65999997       2.17257071    
   1.66999996       2.18501472    
   1.67999995       2.19750357    
   1.68999994       2.21003485    
   1.69999993       2.22260356    
   1.70999992       2.23521805    
   1.71999991       2.24786329    
   1.73000002       2.26054859    
   1.74000001       2.27326369    
   1.75000000       2.28600955    
   1.75999999       2.29878783    
   1.76999998       2.31158614    
   1.77999997       2.32440758    
   1.78999996       2.33724713    
   1.79999995       2.35010409    
   1.80999994       2.36297345    
   1.81999993       2.37584710    
   1.82999992       2.38872504    
   1.83999991       2.40159750    
   1.84999990       2.41446447    
   1.86000001       2.42731595    
   1.87000000       2.44015169    
   1.88000000       2.45295739    
   1.88999999       2.46573162    
   1.89999998       2.47845960    
   1.90999997       2.49114156    
   1.91999996       2.50376248    
   1.92999995       2.51631355    
   1.93999994       2.52878237    
   1.94999993       2.54116178    
   1.95999992       2.55343413    
   1.96999991       2.56558847    
   1.97999990       2.57761002    
   1.99000001       2.58947730    
   2.00000000       2.60117698    
   2.00999999       2.61255550    
   2.01999998       2.62356257    
   2.02999997       2.63427472    
   2.03999996       2.64474273    
   2.04999995       2.65500188    
   2.05999994       2.66508365    
   2.06999993       2.67500544    
   2.07999992       2.68478942    
   2.08999991       2.69444704    
   2.09999990       2.70399570    
   2.10999990       2.71344376    
   2.11999989       2.72280192    
   2.12999988       2.73207498    
   2.13999987       2.74127293    
   2.14999986       2.75040340    
   2.15999985       2.75946879    
   2.16999984       2.76847672    
   2.18000007       2.77743101    
   2.19000006       2.78633142    
   2.20000005       2.79518771    
   2.21000004       2.80400252    
   2.22000003       2.81277323    
   2.23000002       2.82150769    
   2.24000001       2.80948043    
   2.25000000       2.83887243    
   2.25999999       2.84750700    
   2.26999998       2.85611057    
   2.27999997       2.86468625    
   2.28999996       2.87323666    
   2.29999995       2.88176417    
   2.30999994       2.89026880    
   2.31999993       2.89874840    
   2.32999992       2.90720844    
   2.33999991       2.91564488    
   2.34999990       2.92406917    
   2.35999990       2.93247342    
   2.36999989       2.94085836    
   2.37999988       2.94922972    
   2.38999987       2.95758343    
   2.39999986       2.96592522    
   2.40999985       2.97424865    
   2.41999984       2.98256087    
   2.42999983       2.99086046    
   2.44000006       2.99914622    
   2.45000005       3.00742435    
   2.46000004       3.01568580    
   2.47000003       3.02393913    
   2.48000002       3.03218079    
   2.49000001       3.04041243    
   2.50000000       3.04863596    
   2.50999999       3.05684996    
   2.51999998       3.06505585    
   2.52999997       3.07325315    
   2.53999996       3.08144045    
   2.54999995       3.08961940    
   2.55999994       3.09779143    
   2.56999993       3.10595822    
   2.57999992       3.11411500    
   2.58999991       3.12226748    
   2.59999990       3.13041210    
   2.60999990       3.13854837    
   2.61999989       3.14668322    
   2.62999988       3.15480614    
   2.63999987       3.16292977    
   2.64999986       3.17104292    
   2.65999985       3.17915440    
   2.66999984       3.18725824    
   2.67999983       3.19535685    
   2.69000006       3.20344996    
   2.70000005       3.21153879    
   2.71000004       3.21962357    
   2.72000003       3.22770357    
   2.73000002       3.23578072    
   2.74000001       3.24385166    
   2.75000000       3.25191879    
   2.75999999       3.25998330    
   2.76999998       3.26804113    
   2.77999997       3.27609968    
   2.78999996       3.28414869    
   2.79999995       3.29219723    
   2.80999994       3.30024123    
   2.81999993       3.30828476    
   2.82999992       3.31632185    
   2.83999991       3.32435727    
   2.84999990       3.33239126    
   2.85999990       3.34041977    
   2.86999989       3.34844470    
   2.87999988       3.35647035    
   2.88999987       3.36448979    
   2.89999986       3.37250710    
   2.90999985       3.38051987    
   2.91999984       3.38853121    
   2.92999983       3.39654255    
   2.93999982       3.40455008    
   2.95000005       3.41255450    
   2.96000004       3.42055750    
   2.97000003       3.42855763    
   2.98000002       3.43655705    
   2.99000001       3.44455028    
   3.00000000       3.45254254    
   3.00999999       3.46053314    
   3.01999998       3.46852207    
   3.02999997       3.47650814    
   3.03999996       3.48449349    
   3.04999995       3.49247622    
   3.05999994       3.50045466    
   3.06999993       3.50843787    
   3.07999992       3.51641321    
   3.08999991       3.52438903    
   3.09999990       3.53236103    
   3.10999990       3.54033184    
   3.11999989       3.54830241    
   3.12999988       3.55627108    
   3.13999987       3.56423783    
   3.14999986       3.57219958    
   3.15999985       3.58016372    
   3.16999984       3.58812475    
   3.17999983       3.59608698    
   3.18999982       3.60404515    
   3.19999981       3.61200094    
   3.21000004       3.61995745    
   3.22000003       3.62791085    
   3.23000002       3.63586259    
   3.24000001       3.64381576    
   3.25000000       3.65176439    
   3.25999999       3.65971208    
   3.26999998       3.66765952    
   3.27999997       3.67560482    
   3.28999996       3.68355179    
   3.29999995       3.69149518    
   3.30999994       3.69943523    
   3.31999993       3.70737624    
   3.32999992       3.71531415    
   3.33999991       3.72325492    
   3.34999990       3.73119068    
   3.35999990       3.73912430    
   3.36999989       3.74706221    
   3.37999988       3.75499558    
   3.38999987       3.76292539    
   3.39999986       3.77085805    
   3.40999985       3.77878881    
   3.41999984       3.78671789    
   3.42999983       3.79464579    
   3.43999982       3.80257177    
   3.44999981       3.81049871    
   3.46000004       3.81842351    
   3.47000003       3.82634711    
   3.48000002       3.83426857    
   3.49000001       3.84219146    
   3.50000000       3.85011101    
   3.50999999       3.85803294    
