   9.99999978E-03   6.35224802E-04
   1.99999996E-02   1.10957131E-03
   2.99999993E-02   1.52981631E-03
   3.99999991E-02   1.90921663E-03
   4.99999970E-02   2.11485289E-03
   5.99999987E-02   2.58426834E-03
   7.00000003E-02   2.75098160E-03
   7.99999982E-02   2.97804363E-03
   8.99999961E-02   3.56844207E-03
   9.99999940E-02   4.56420705E-03
  0.109999999       5.95778273E-03
  0.119999997       7.89896958E-03
  0.129999995       1.04076546E-02
  0.140000001       1.37640676E-02
  0.149999991       1.81182083E-02
  0.159999996       2.30852757E-02
  0.170000002       2.91009303E-02
  0.179999992       3.73217016E-02
  0.189999998       4.43948135E-02
  0.199999988       5.55856638E-02
  0.209999993       6.45374730E-02
  0.219999999       7.60173127E-02
  0.229999989       9.09627303E-02
  0.239999995      0.100376800    
  0.250000000      0.114538282    
  0.259999990      0.134119838    
  0.269999981      0.148473471    
  0.280000001      0.157462701    
  0.289999992      0.175467685    
  0.299999982      0.198965475    
  0.310000002      0.220827565    
  0.319999993      0.234702379    
  0.329999983      0.241970226    
  0.340000004      0.259125054    
  0.349999994      0.283007085    
  0.359999985      0.309973925    
  0.370000005      0.337026268    
  0.379999995      0.359193891    
  0.389999986      0.370713085    
  0.399999976      0.374748021    
  0.409999996      0.388806432    
  0.419999987      0.408418924    
  0.429999977      0.431839913    
  0.439999998      0.458390862    
  0.449999988      0.487334758    
  0.459999979      0.517431974    
  0.469999999      0.546428204    
  0.479999989      0.570517838    
  0.489999980      0.584473431    
  0.500000000      0.586462975    
  0.509999990      0.593023181    
  0.519999981      0.604520082    
  0.529999971      0.618977368    
  0.539999962      0.635803640    
  0.550000012      0.654733598    
  0.560000002      0.675626397    
  0.569999993      0.698394060    
  0.579999983      0.722951889    
  0.589999974      0.749182522    
  0.599999964      0.776885092    
  0.610000014      0.805721104    
  0.620000005      0.835107684    
  0.629999995      0.864073873    
  0.639999986      0.891039133    
  0.649999976      0.913533509    
  0.659999967      0.928055048    
  0.669999957      0.932951152    
  0.680000007      0.938595533    
  0.689999998      0.946040809    
  0.699999988      0.954763114    
  0.709999979      0.964514673    
  0.719999969      0.975155532    
  0.729999959      0.986593127    
  0.740000010      0.998763919    
  0.750000000       1.01162732    
  0.759999990       1.02515268    
  0.769999981       1.03931892    
  0.779999971       1.05411386    
  0.789999962       1.06952715    
  0.799999952       1.08555472    
  0.810000002       1.10219359    
  0.819999993       1.11943650    
  0.829999983       1.13728833    
  0.839999974       1.15574265    
  0.849999964       1.17479730    
  0.859999955       1.19444382    
  0.870000005       1.21467006    
  0.879999995       1.23545694    
  0.889999986       1.25677586    
  0.899999976       1.27858675    
  0.909999967       1.30082786    
  0.919999957       1.32341802    
  0.930000007       1.34624612    
  0.939999998       1.36914754    
  0.949999988       1.39190793    
  0.959999979       1.41422749    
  0.969999969       1.43569565    
  0.979999959       1.45573676    
  0.989999950       1.47355092    
   1.00000000       1.48800921    
   1.00999999       1.49935758    
   1.01999998       1.50974071    
   1.02999997       1.51966953    
   1.03999996       1.52934945    
   1.04999995       1.53889060    
   1.05999994       1.54835427    
   1.06999993       1.55778348    
   1.07999992       1.56720459    
   1.09000003       1.57663810    
   1.10000002       1.58609188    
   1.11000001       1.59557903    
   1.12000000       1.60510516    
   1.13000000       1.61467254    
   1.13999999       1.62428832    
   1.14999998       1.63395333    
   1.15999997       1.64366853    
   1.16999996       1.65343761    
   1.17999995       1.66326082    
   1.18999994       1.67313647    
   1.19999993       1.68307018    
   1.20999992       1.69305372    
   1.22000003       1.70310068    
   1.23000002       1.71320033    
   1.24000001       1.72335601    
   1.25000000       1.73356819    
   1.25999999       1.74383724    
   1.26999998       1.75416338    
   1.27999997       1.76454484    
   1.28999996       1.77498329    
   1.29999995       1.78547812    
   1.30999994       1.79603016    
   1.31999993       1.80663919    
   1.32999992       1.81730425    
   1.33999991       1.82802641    
   1.35000002       1.83880424    
   1.36000001       1.84964013    
   1.37000000       1.86053085    
   1.38000000       1.87147903    
   1.38999999       1.88248396    
   1.39999998       1.89354455    
   1.40999997       1.90466022    
   1.41999996       1.91583312    
   1.42999995       1.92706347    
   1.43999994       1.93834817    
   1.44999993       1.94968832    
   1.45999992       1.96108603    
   1.46999991       1.97253752    
   1.48000002       1.98404467    
   1.49000001       1.99560702    
   1.50000000       2.00722575    
   1.50999999       2.01889682    
   1.51999998       2.03062415    
   1.52999997       2.04240465    
   1.53999996       2.05423856    
   1.54999995       2.06612611    
   1.55999994       2.07806301    
   1.56999993       2.09005475    
   1.57999992       2.10209751    
   1.58999991       2.11419225    
   1.59999990       2.12633824    
   1.61000001       2.13853025    
   1.62000000       2.15077305    
   1.63000000       2.16306210    
   1.63999999       2.17540002    
   1.64999998       2.18778372    
   1.65999997       2.20021081    
   1.66999996       2.21268201    
   1.67999995       2.22519135    
   1.68999994       2.23774600    
   1.69999993       2.25033617    
   1.70999992       2.26296139    
   1.71999991       2.27562785    
   1.73000002       2.28832483    
   1.74000001       2.30105138    
   1.75000000       2.31380701    
   1.75999999       2.32658911    
   1.76999998       2.33938909    
   1.77999997       2.35221338    
   1.78999996       2.36505103    
   1.79999995       2.37790275    
   1.80999994       2.39076304    
   1.81999993       2.40362763    
   1.82999992       2.41649389    
   1.83999991       2.42935443    
   1.84999990       2.44220233    
   1.86000001       2.45503616    
   1.87000000       2.46785069    
   1.88000000       2.48063159    
   1.88999999       2.49337912    
   1.89999998       2.50608301    
   1.90999997       2.51873422    
   1.91999996       2.53132463    
   1.92999995       2.54384232    
   1.93999994       2.55628109    
   1.94999993       2.56862378    
   1.95999992       2.58085990    
   1.96999991       2.59298253    
   1.97999990       2.60496616    
   1.99000001       2.61680365    
   2.00000000       2.62846994    
   2.00999999       2.63982201    
   2.01999998       2.65080619    
   2.02999997       2.66150379    
   2.03999996       2.67196059    
   2.04999995       2.68221474    
   2.05999994       2.69229150    
   2.06999993       2.70221376    
   2.07999992       2.71200037    
   2.08999991       2.72166252    
   2.09999990       2.73121905    
   2.10999990       2.74067903    
   2.11999989       2.75004649    
   2.12999988       2.75933266    
   2.13999987       2.76854825    
   2.14999986       2.77769327    
   2.15999985       2.78677368    
   2.16999984       2.79580164    
   2.18000007       2.80477595    
   2.19000006       2.81369877    
   2.20000005       2.82257700    
   2.21000004       2.83141279    
   2.22000003       2.84020448    
   2.23000002       2.84896588    
   2.24000001       2.85769057    
   2.25000000       2.86638141    
   2.25999999       2.87504172    
   2.26999998       2.88367224    
   2.27999997       2.89227819    
   2.28999996       2.90085745    
   2.29999995       2.90941095    
   2.30999994       2.91794229    
   2.31999993       2.92645025    
   2.32999992       2.93494558    
   2.33999991       2.94340968    
   2.34999990       2.95186424    
   2.35999990       2.96029902    
   2.36999989       2.96871352    
   2.37999988       2.97711754    
   2.38999987       2.98550320    
   2.39999986       2.99387527    
   2.40999985       3.00223184    
   2.41999984       3.01057839    
   2.42999983       3.01890993    
   2.44000006       3.02723098    
   2.45000005       3.03553843    
   2.46000004       3.04383349    
   2.47000003       3.05212355    
   2.48000002       3.06039906    
   2.49000001       3.06866384    
   2.50000000       3.07692361    
   2.50999999       3.08517003    
   2.51999998       3.09341073    
   2.52999997       3.10163999    
   2.53999996       3.10986376    
   2.54999995       3.11807728    
   2.55999994       3.12628818    
   2.56999993       3.13448787    
   2.57999992       3.14268112    
   2.58999991       3.15086913    
   2.59999990       3.15904617    
   2.60999990       3.16721988    
   2.61999989       3.17538857    
   2.62999988       3.18355322    
   2.63999987       3.19170785    
   2.64999986       3.19985867    
   2.65999985       3.20800543    
   2.66999984       3.21614504    
   2.67999983       3.22427821    
   2.69000006       3.23241138    
   2.70000005       3.24053717    
   2.71000004       3.24865770    
   2.72000003       3.25677514    
   2.73000002       3.26488733    
   2.74000001       3.27299476    
   2.75000000       3.28109980    
   2.75999999       3.28920341    
   2.76999998       3.29729772    
   2.77999997       3.30539083    
   2.78999996       3.31348062    
   2.79999995       3.32156539    
   2.80999994       3.32964706    
   2.81999993       3.33772707    
   2.82999992       3.34580255    
   2.83999991       3.35387611    
   2.84999990       3.36194587    
   2.85999990       3.37001181    
   2.86999989       3.37807298    
   2.87999988       3.38613486    
   2.88999987       3.39419365    
   2.89999986       3.40224886    
   2.90999985       3.41030121    
   2.91999984       3.41835093    
   2.92999983       3.42639780    
   2.93999982       3.43444157    
   2.95000005       3.44248700    
   2.96000004       3.45052552    
   2.97000003       3.45856357    
   2.98000002       3.46659708    
   2.99000001       3.47463226    
   3.00000000       3.48266363    
   3.00999999       3.49069285    
   3.01999998       3.49872017    
   3.02999997       3.50674319    
   3.03999996       3.51476836    
   3.04999995       3.52278852    
   3.05999994       3.53080535    
   3.06999993       3.53882527    
   3.07999992       3.54683900    
   3.08999991       3.55485272    
   3.09999990       3.56286430    
   3.10999990       3.57087660    
   3.11999989       3.57888293    
   3.12999988       3.58689046    
   3.13999987       3.59489465    
   3.14999986       3.60289764    
   3.15999985       3.61090064    
   3.16999984       3.61889863    
   3.17999983       3.62689829    
   3.18999982       3.63489747    
   3.19999981       3.64288998    
   3.21000004       3.65088606    
   3.22000003       3.65887570    
   3.23000002       3.66686869    
   3.24000001       3.67485881    
   3.25000000       3.68284392    
   3.25999999       3.69083357    
   3.26999998       3.69882035    
   3.27999997       3.70680380    
   3.28999996       3.71478868    
   3.29999995       3.72277164    
   3.30999994       3.73075199    
   3.31999993       3.73872948    
   3.32999992       3.74670815    
   3.33999991       3.75468755    
   3.34999990       3.76266026    
   3.35999990       3.77063489    
   3.36999989       3.77861118    
   3.37999988       3.78658056    
   3.38999987       3.79455161    
   3.39999986       3.80252337    
   3.40999985       3.81049180    
   3.41999984       3.81846023    
   3.42999983       3.82642674    
   3.43999982       3.83439374    
   3.44999981       3.84235644    
   3.46000004       3.85032225    
   3.47000003       3.85828424    
   3.48000002       3.86624789    
   3.49000001       3.87420774    
   3.50000000       3.88216615    
   3.50999999       3.89012551    
