   9.99999978E-03   6.37037680E-04
   1.99999996E-02   1.11038145E-03
   2.99999993E-02   1.53290201E-03
   3.99999991E-02   1.91402610E-03
   4.99999970E-02   2.12131883E-03
   5.99999987E-02   2.59551103E-03
   7.00000003E-02   2.79845297E-03
   7.99999982E-02   3.05409543E-03
   8.99999961E-02   3.71741503E-03
   9.99999940E-02   4.87064803E-03
  0.109999999       6.53574755E-03
  0.119999997       8.85117892E-03
  0.129999995       1.18268114E-02
  0.140000001       1.57712493E-02
  0.149999991       2.08426211E-02
  0.159999996       2.65863203E-02
  0.170000002       3.33499536E-02
  0.179999992       4.26421836E-02
  0.189999998       5.05081490E-02
  0.199999988       6.29467145E-02
  0.209999993       7.26684108E-02
  0.219999999       8.54521617E-02
  0.229999989      0.101499744    
  0.239999995      0.111660041    
  0.250000000      0.127220154    
  0.259999990      0.148096874    
  0.269999981      0.163141832    
  0.280000001      0.172923014    
  0.289999992      0.192354575    
  0.299999982      0.217207164    
  0.310000002      0.239952162    
  0.319999993      0.254270554    
  0.329999983      0.262205780    
  0.340000004      0.280536979    
  0.349999994      0.305687338    
  0.359999985      0.333800077    
  0.370000005      0.361680448    
  0.379999995      0.384260803    
  0.389999986      0.396014392    
  0.399999976      0.400608122    
  0.409999996      0.415478349    
  0.419999987      0.435997427    
  0.429999977      0.460356772    
  0.439999998      0.487812370    
  0.449999988      0.517551839    
  0.459999979      0.548250794    
  0.469999999      0.577584743    
  0.479999989      0.601763785    
  0.489999980      0.615781665    
  0.500000000      0.618189096    
  0.509999990      0.625251293    
  0.519999981      0.637264490    
  0.529999971      0.652263403    
  0.539999962      0.669648468    
  0.550000012      0.689143121    
  0.560000002      0.710596025    
  0.569999993      0.733902752    
  0.579999983      0.758959949    
  0.589999974      0.785631597    
  0.599999964      0.813694060    
  0.610000014      0.842780471    
  0.620000005      0.872284293    
  0.629999995      0.901222289    
  0.639999986      0.928032994    
  0.649999976      0.950330615    
  0.659999967      0.964823663    
  0.669999957      0.970094264    
  0.680000007      0.976119041    
  0.689999998      0.983909547    
  0.699999988      0.992960453    
  0.709999979       1.00303280    
  0.719999969       1.01398873    
  0.729999959       1.02573597    
  0.740000010       1.03821278    
  0.750000000       1.05137753    
  0.759999990       1.06519866    
  0.769999981       1.07965612    
  0.779999971       1.09473526    
  0.789999962       1.11042213    
  0.799999952       1.12671351    
  0.810000002       1.14360464    
  0.819999993       1.16108716    
  0.829999983       1.17916083    
  0.839999974       1.19781959    
  0.849999964       1.21705449    
  0.859999955       1.23685777    
  0.870000005       1.25721264    
  0.879999995       1.27809727    
  0.889999986       1.29947364    
  0.899999976       1.32131267    
  0.909999967       1.34353507    
  0.919999957       1.36606193    
  0.930000007       1.38877463    
  0.939999998       1.41151464    
  0.949999988       1.43406820    
  0.959999979       1.45613861    
  0.969999969       1.47733152    
  0.979999959       1.49710059    
  0.989999950       1.51469493    
   1.00000000       1.52906621    
   1.00999999       1.54048109    
   1.01999998       1.55097866    
   1.02999997       1.56104136    
   1.03999996       1.57086444    
   1.04999995       1.58055413    
   1.05999994       1.59017467    
   1.06999993       1.59975863    
   1.07999992       1.60933769    
   1.09000003       1.61892772    
   1.10000002       1.62854064    
   1.11000001       1.63818502    
   1.12000000       1.64786756    
   1.13000000       1.65759349    
   1.13999999       1.66736495    
   1.14999998       1.67718482    
   1.15999997       1.68705475    
   1.16999996       1.69697785    
   1.17999995       1.70695257    
   1.18999994       1.71698093    
   1.19999993       1.72706354    
   1.20999992       1.73719752    
   1.22000003       1.74739242    
   1.23000002       1.75763857    
   1.24000001       1.76794124    
   1.25000000       1.77829719    
   1.25999999       1.78870916    
   1.26999998       1.79917753    
   1.27999997       1.80969906    
   1.28999996       1.82027602    
   1.29999995       1.83091009    
   1.30999994       1.84159696    
   1.31999993       1.85234010    
   1.32999992       1.86313796    
   1.33999991       1.87399042    
   1.35000002       1.88489926    
   1.36000001       1.89586079    
   1.37000000       1.90687835    
   1.38000000       1.91794932    
   1.38999999       1.92907596    
   1.39999998       1.94025552    
   1.40999997       1.95148909    
   1.41999996       1.96277976    
   1.42999995       1.97412050    
   1.43999994       1.98551857    
   1.44999993       1.99696839    
   1.45999992       2.00847125    
   1.46999991       2.02002811    
   1.48000002       2.03163671    
   1.49000001       2.04330039    
   1.50000000       2.05501223    
   1.50999999       2.06678081    
   1.51999998       2.07859731    
   1.52999997       2.09046698    
   1.53999996       2.10238457    
   1.54999995       2.11435485    
   1.55999994       2.12637448    
   1.56999993       2.13844347    
   1.57999992       2.15055919    
   1.58999991       2.16272449    
   1.59999990       2.17493653    
   1.61000001       2.18719459    
   1.62000000       2.19949770    
   1.63000000       2.21184492    
   1.63999999       2.22423410    
   1.64999998       2.23666549    
   1.65999997       2.24914098    
   1.66999996       2.26165295    
   1.67999995       2.27420235    
   1.68999994       2.28679109    
   1.69999993       2.29941392    
   1.70999992       2.31206608    
   1.71999991       2.32475424    
   1.73000002       2.33746910    
   1.74000001       2.35020947    
   1.75000000       2.36297607    
   1.75999999       2.37576079    
   1.76999998       2.38856363    
   1.77999997       2.40138221    
   1.78999996       2.41421676    
   1.79999995       2.42705584    
   1.80999994       2.43989992    
   1.81999993       2.45274782    
   1.82999992       2.46558666    
   1.83999991       2.47841883    
   1.84999990       2.49123788    
   1.86000001       2.50403690    
   1.87000000       2.51680708    
   1.88000000       2.52954125    
   1.88999999       2.54224896    
   1.89999998       2.55490065    
   1.90999997       2.56750059    
   1.91999996       2.58003521    
   1.92999995       2.59249568    
   1.93999994       2.60487437    
   1.94999993       2.61715817    
   1.95999992       2.62933517    
   1.96999991       2.64139342    
   1.97999990       2.65331674    
   1.99000001       2.66509366    
   2.00000000       2.67670560    
   2.00999999       2.68801165    
   2.01999998       2.69895864    
   2.02999997       2.70963049    
   2.03999996       2.72006845    
   2.04999995       2.73031020    
   2.05999994       2.74038267    
   2.06999993       2.75030231    
   2.07999992       2.76009727    
   2.08999991       2.76977229    
   2.09999990       2.77934051    
   2.10999990       2.78881478    
   2.11999989       2.79820442    
   2.12999988       2.80751634    
   2.13999987       2.81675649    
   2.14999986       2.82593107    
   2.15999985       2.83504558    
   2.16999984       2.84410524    
   2.18000007       2.85311055    
   2.19000006       2.86207366    
   2.20000005       2.87098789    
   2.21000004       2.87986445    
   2.22000003       2.88870358    
   2.23000002       2.89750481    
   2.24000001       2.90627027    
   2.25000000       2.91500759    
   2.25999999       2.92371368    
   2.26999998       2.93239069    
   2.27999997       2.94104671    
   2.28999996       2.94967270    
   2.29999995       2.95827937    
   2.30999994       2.96686077    
   2.31999993       2.97542357    
   2.32999992       2.98396635    
   2.33999991       2.99248481    
   2.34999990       3.00099373    
   2.35999990       3.00948262    
   2.36999989       3.01795340    
   2.37999988       3.02641058    
   2.38999987       3.03485179    
   2.39999986       3.04328036    
   2.40999985       3.05169439    
   2.41999984       3.06009579    
   2.42999983       3.06848669    
   2.44000006       3.07686567    
   2.45000005       3.08523130    
   2.46000004       3.09358740    
   2.47000003       3.10193276    
   2.48000002       3.11027122    
   2.49000001       3.11859512    
   2.50000000       3.12691283    
   2.50999999       3.13522100    
   2.51999998       3.14352131    
   2.52999997       3.15181208    
   2.53999996       3.16009688    
   2.54999995       3.16837144    
   2.55999994       3.17664123    
   2.56999993       3.18490291    
   2.57999992       3.19315982    
   2.58999991       3.20141172    
   2.59999990       3.20965171    
   2.60999990       3.21788764    
   2.61999989       3.22611904    
   2.62999988       3.23434544    
   2.63999987       3.24256468    
   2.64999986       3.25077844    
   2.65999985       3.25898743    
   2.66999984       3.26718926    
   2.67999983       3.27539062    
   2.69000006       3.28358340    
   2.70000005       3.29177284    
   2.71000004       3.29996181    
   2.72000003       3.30814028    
   2.73000002       3.31631947    
   2.74000001       3.32449150    
   2.75000000       3.33266020    
   2.75999999       3.34082365    
   2.76999998       3.34898615    
   2.77999997       3.35714602    
   2.78999996       3.36530089    
   2.79999995       3.37344885    
   2.80999994       3.38159847    
   2.81999993       3.38974142    
   2.82999992       3.39788508    
   2.83999991       3.40602303    
   2.84999990       3.41415739    
   2.85999990       3.42229033    
   2.86999989       3.43041801    
   2.87999988       3.43854475    
   2.88999987       3.44667101    
   2.89999986       3.45479083    
   2.90999985       3.46291113    
   2.91999984       3.47102737    
   2.92999983       3.47913980    
   2.93999982       3.48724985    
   2.95000005       3.49536014    
   2.96000004       3.50346637    
   2.97000003       3.51157022    
   2.98000002       3.51967192    
   2.99000001       3.52777314    
   3.00000000       3.53587174    
   3.00999999       3.54396677    
   3.01999998       3.55206013    
   3.02999997       3.56015086    
   3.03999996       3.56824183    
   3.04999995       3.57633090    
   3.05999994       3.58441591    
   3.06999993       3.59249902    
   3.07999992       3.60058308    
   3.08999991       3.60866356    
   3.09999990       3.61674142    
   3.10999990       3.62481880    
   3.11999989       3.63289475    
   3.12999988       3.64096808    
   3.13999987       3.64904237    
   3.14999986       3.65711069    
   3.15999985       3.66518188    
   3.16999984       3.67324805    
   3.17999983       3.68131328    
   3.18999982       3.68938017    
   3.19999981       3.69744110    
   3.21000004       3.70550632    
   3.22000003       3.71356606    
   3.23000002       3.72162318    
   3.24000001       3.72968125    
   3.25000000       3.73773837    
   3.25999999       3.74579167    
   3.26999998       3.75384712    
   3.27999997       3.76189780    
   3.28999996       3.76994944    
   3.29999995       3.77800035    
   3.30999994       3.78604865    
   3.31999993       3.79409766    
   3.32999992       3.80214477    
   3.33999991       3.81018806    
   3.34999990       3.81822968    
   3.35999990       3.82627416    
   3.36999989       3.83431649    
   3.37999988       3.84235668    
   3.38999987       3.85039520    
   3.39999986       3.85842609    
   3.40999985       3.86647129    
   3.41999984       3.87450981    
   3.42999983       3.88254213    
   3.43999982       3.89057827    
   3.44999981       3.89861202    
   3.46000004       3.90664124    
   3.47000003       3.91467285    
   3.48000002       3.92270541    
   3.49000001       3.93073392    
   3.50000000       3.93876028    
   3.50999999       3.94678855    
