   9.99999978E-03   6.35945180E-04
   1.99999996E-02   1.11099111E-03
   2.99999993E-02   1.53348071E-03
   3.99999991E-02   1.91527535E-03
   4.99999970E-02   2.12616380E-03
   5.99999987E-02   2.60159792E-03
   7.00000003E-02   2.82858731E-03
   7.99999982E-02   3.10820062E-03
   8.99999961E-02   3.82453017E-03
   9.99999940E-02   5.08595398E-03
  0.109999999       6.93108095E-03
  0.119999997       9.48513299E-03
  0.129999995       1.27681419E-02
  0.140000001       1.70882046E-02
  0.149999991       2.26150993E-02
  0.159999996       2.88505740E-02
  0.170000002       3.60782035E-02
  0.179999992       4.60327007E-02
  0.189999998       5.43888174E-02
  0.199999988       6.75835162E-02
  0.209999993       7.77731538E-02
  0.219999999       9.13511515E-02
  0.229999989      0.108047828    
  0.239999995      0.118662678    
  0.250000000      0.135063320    
  0.259999990      0.156694487    
  0.269999981      0.172142878    
  0.280000001      0.182406977    
  0.289999992      0.202680960    
  0.299999982      0.228316769    
  0.310000002      0.251562625    
  0.319999993      0.266140789    
  0.329999983      0.274481058    
  0.340000004      0.293500721    
  0.349999994      0.319383144    
  0.359999985      0.348146379    
  0.370000005      0.376487643    
  0.379999995      0.399294853    
  0.389999986      0.411191940    
  0.399999976      0.416122437    
  0.409999996      0.431463659    
  0.419999987      0.452504247    
  0.429999977      0.477398127    
  0.439999998      0.505362272    
  0.449999988      0.535541773    
  0.459999979      0.566565335    
  0.469999999      0.596075535    
  0.479999989      0.620295405    
  0.489999980      0.634354949    
  0.500000000      0.637013137    
  0.509999990      0.644369841    
  0.519999981      0.656681418    
  0.529999971      0.671990335    
  0.539999962      0.689693093    
  0.550000012      0.709506273    
  0.560000002      0.731272638    
  0.569999993      0.754881263    
  0.579999983      0.780210376    
  0.589999974      0.807118177    
  0.599999964      0.835369170    
  0.610000014      0.864579499    
  0.620000005      0.894133031    
  0.629999995      0.923039734    
  0.639999986      0.949748933    
  0.649999976      0.971932471    
  0.659999967      0.986415386    
  0.669999957      0.991902351    
  0.680000007      0.998147786    
  0.689999998       1.00613737    
  0.699999988       1.01537776    
  0.709999979       1.02563429    
  0.719999969       1.03676975    
  0.729999959       1.04869366    
  0.740000010       1.06134474    
  0.750000000       1.07467997    
  0.759999990       1.08866787    
  0.769999981       1.10328722    
  0.779999971       1.11852384    
  0.789999962       1.13436401    
  0.799999952       1.15080166    
  0.810000002       1.16782939    
  0.819999993       1.18544209    
  0.829999983       1.20363522    
  0.839999974       1.22240353    
  0.849999964       1.24173439    
  0.859999955       1.26161814    
  0.870000005       1.28203809    
  0.879999995       1.30296957    
  0.889999986       1.32437575    
  0.899999976       1.34621382    
  0.909999967       1.36841631    
  0.919999957       1.39089537    
  0.930000007       1.41353476    
  0.939999998       1.43617439    
  0.949999988       1.45860088    
  0.959999979       1.48052406    
  0.969999969       1.50155723    
  0.979999959       1.52117085    
  0.989999950       1.53863919    
   1.00000000       1.55296206    
   1.00999999       1.56441438    
   1.01999998       1.57497644    
   1.02999997       1.58511186    
   1.03999996       1.59501696    
   1.04999995       1.60479116    
   1.05999994       1.61449718    
   1.06999993       1.62417030    
   1.07999992       1.63383901    
   1.09000003       1.64351678    
   1.10000002       1.65321898    
   1.11000001       1.66295147    
   1.12000000       1.67272449    
   1.13000000       1.68253779    
   1.13999999       1.69239688    
   1.14999998       1.70230520    
   1.15999997       1.71226406    
   1.16999996       1.72227168    
   1.17999995       1.73233306    
   1.18999994       1.74244714    
   1.19999993       1.75261545    
   1.20999992       1.76283216    
   1.22000003       1.77311087    
   1.23000002       1.78344023    
   1.24000001       1.79382312    
   1.25000000       1.80426228    
   1.25999999       1.81475520    
   1.26999998       1.82530177    
   1.27999997       1.83590138    
   1.28999996       1.84655845    
   1.29999995       1.85727096    
   1.30999994       1.86803162    
   1.31999993       1.87884939    
   1.32999992       1.88972139    
   1.33999991       1.90064657    
   1.35000002       1.91162670    
   1.36000001       1.92266107    
   1.37000000       1.93374717    
   1.38000000       1.94488788    
   1.38999999       1.95608044    
   1.39999998       1.96732759    
   1.40999997       1.97862625    
   1.41999996       1.98998034    
   1.42999995       2.00138617    
   1.43999994       2.01284528    
   1.44999993       2.02435517    
   1.45999992       2.03591704    
   1.46999991       2.04753137    
   1.48000002       2.05919743    
   1.49000001       2.07091403    
   1.50000000       2.08268046    
   1.50999999       2.09449840    
   1.51999998       2.10636592    
   1.52999997       2.11828136    
   1.53999996       2.13024950    
   1.54999995       2.14226222    
   1.55999994       2.15432525    
   1.56999993       2.16643572    
   1.57999992       2.17859411    
   1.58999991       2.19079494    
   1.59999990       2.20304275    
   1.61000001       2.21533537    
   1.62000000       2.22767115    
   1.63000000       2.24004793    
   1.63999999       2.25246620    
   1.64999998       2.26492357    
   1.65999997       2.27742004    
   1.66999996       2.28995585    
   1.67999995       2.30252695    
   1.68999994       2.31512928    
   1.69999993       2.32776666    
   1.70999992       2.34043503    
   1.71999991       2.35313177    
   1.73000002       2.36585355    
   1.74000001       2.37860155    
   1.75000000       2.39136720    
   1.75999999       2.40415692    
   1.76999998       2.41696048    
   1.77999997       2.42977667    
   1.78999996       2.44260073    
   1.79999995       2.45543480    
   1.80999994       2.46826816    
   1.81999993       2.48110056    
   1.82999992       2.49392581    
   1.83999991       2.50674009    
   1.84999990       2.51953888    
   1.86000001       2.53231359    
   1.87000000       2.54506326    
   1.88000000       2.55777121    
   1.88999999       2.57044959    
   1.89999998       2.58307242    
   1.90999997       2.59564066    
   1.91999996       2.60814238    
   1.92999995       2.62057066    
   1.93999994       2.63291478    
   1.94999993       2.64516163    
   1.95999992       2.65730691    
   1.96999991       2.66932893    
   1.97999990       2.68121791    
   1.99000001       2.69296312    
   2.00000000       2.70454454    
   2.00999999       2.71582222    
   2.01999998       2.72674322    
   2.02999997       2.73740435    
   2.03999996       2.74783158    
   2.04999995       2.75806689    
   2.05999994       2.76813841    
   2.06999993       2.77805924    
   2.07999992       2.78785419    
   2.08999991       2.79753637    
   2.09999990       2.80711460    
   2.10999990       2.81659746    
   2.11999989       2.82600117    
   2.12999988       2.83532524    
   2.13999987       2.84458017    
   2.14999986       2.85377288    
   2.15999985       2.86290479    
   2.16999984       2.87198305    
   2.18000007       2.88101196    
   2.19000006       2.88999319    
   2.20000005       2.89893270    
   2.21000004       2.90782785    
   2.22000003       2.91669083    
   2.23000002       2.92551756    
   2.24000001       2.93430877    
   2.25000000       2.94307351    
   2.25999999       2.95180702    
   2.26999998       2.96051240    
   2.27999997       2.96919441    
   2.28999996       2.97784948    
   2.29999995       2.98648238    
   2.30999994       2.99509454    
   2.31999993       3.00368571    
   2.32999992       3.01225781    
   2.33999991       3.02080798    
   2.34999990       3.02934766    
   2.35999990       3.03786635    
   2.36999989       3.04637170    
   2.37999988       3.05485845    
   2.38999987       3.06333232    
   2.39999986       3.07179594    
   2.40999985       3.08024001    
   2.41999984       3.08867669    
   2.42999983       3.09709930    
   2.44000006       3.10550547    
   2.45000005       3.11390829    
   2.46000004       3.12229729    
   2.47000003       3.13067746    
   2.48000002       3.13904762    
   2.49000001       3.14740920    
   2.50000000       3.15575933    
   2.50999999       3.16410542    
   2.51999998       3.17243648    
   2.52999997       3.18076420    
   2.53999996       3.18908358    
   2.54999995       3.19739461    
   2.55999994       3.20569849    
   2.56999993       3.21399713    
   2.57999992       3.22228789    
   2.58999991       3.23057127    
   2.59999990       3.23885012    
   2.60999990       3.24712324    
   2.61999989       3.25538945    
   2.62999988       3.26365018    
   2.63999987       3.27190638    
   2.64999986       3.28015709    
   2.65999985       3.28840375    
   2.66999984       3.29664254    
   2.67999983       3.30487823    
   2.69000006       3.31311083    
   2.70000005       3.32133603    
   2.71000004       3.32956004    
   2.72000003       3.33777738    
   2.73000002       3.34599257    
   2.74000001       3.35420203    
   2.75000000       3.36240792    
   2.75999999       3.37061071    
   2.76999998       3.37880611    
   2.77999997       3.38700247    
   2.78999996       3.39519453    
   2.79999995       3.40338206    
   2.80999994       3.41156912    
   2.81999993       3.41974974    
   2.82999992       3.42793083    
   2.83999991       3.43610406    
   2.84999990       3.44427562    
   2.85999990       3.45244575    
   2.86999989       3.46061277    
   2.87999988       3.46877813    
   2.88999987       3.47694135    
   2.89999986       3.48509932    
   2.90999985       3.49325776    
   2.91999984       3.50141072    
   2.92999983       3.50956082    
   2.93999982       3.51771188    
   2.95000005       3.52585793    
   2.96000004       3.53400350    
   2.97000003       3.54214478    
   2.98000002       3.55028701    
   2.99000001       3.55842590    
   3.00000000       3.56656051    
   3.00999999       3.57469249    
   3.01999998       3.58282590    
   3.02999997       3.59095907    
   3.03999996       3.59908390    
   3.04999995       3.60721016    
   3.05999994       3.61533380    
   3.06999993       3.62345600    
   3.07999992       3.63158035    
   3.08999991       3.63969731    
   3.09999990       3.64781427    
   3.10999990       3.65593243    
   3.11999989       3.66404366    
   3.12999988       3.67215681    
   3.13999987       3.68026567    
   3.14999986       3.68837881    
   3.15999985       3.69648623    
   3.16999984       3.70459247    
   3.17999983       3.71269631    
   3.18999982       3.72079945    
   3.19999981       3.72890139    
   3.21000004       3.73700213    
   3.22000003       3.74510098    
   3.23000002       3.75319886    
   3.24000001       3.76129293    
   3.25000000       3.76938915    
   3.25999999       3.77748251    
   3.26999998       3.78557801    
   3.27999997       3.79366732    
   3.28999996       3.80175900    
   3.29999995       3.80984902    
   3.30999994       3.81793475    
   3.31999993       3.82602096    
   3.32999992       3.83410716    
   3.33999991       3.84218836    
   3.34999990       3.85027194    
   3.35999990       3.85835266    
   3.36999989       3.86643481    
   3.37999988       3.87451363    
   3.38999987       3.88259292    
   3.39999986       3.89066148    
   3.40999985       3.89874911    
   3.41999984       3.90682149    
   3.42999983       3.91489601    
   3.43999982       3.92296863    
   3.44999981       3.93104196    
   3.46000004       3.93911242    
   3.47000003       3.94718385    
   3.48000002       3.95525551    
   3.49000001       3.96332073    
   3.50000000       3.97138834    
   3.50999999       3.97945523    
