   9.99999978E-03   6.36266835E-04
   1.99999996E-02   1.11036096E-03
   2.99999993E-02   1.53351587E-03
   3.99999991E-02   1.91628607E-03
   4.99999970E-02   2.13189796E-03
   5.99999987E-02   2.60761660E-03
   7.00000003E-02   2.86200270E-03
   7.99999982E-02   3.17172892E-03
   8.99999961E-02   3.95106524E-03
   9.99999940E-02   5.33551397E-03
  0.109999999       7.38352584E-03
  0.119999997       1.02022244E-02
  0.129999995       1.38203064E-02
  0.140000001       1.85458735E-02
  0.149999991       2.45628748E-02
  0.159999996       3.13284025E-02
  0.170000002       3.90484370E-02
  0.179999992       4.96969223E-02
  0.189999998       5.85775748E-02
  0.199999988       7.25606754E-02
  0.209999993       8.32393095E-02
  0.219999999       9.76486206E-02
  0.229999989      0.115006320    
  0.239999995      0.126098692    
  0.250000000      0.143369287    
  0.259999990      0.165764838    
  0.269999981      0.181623146    
  0.280000001      0.192392558    
  0.289999992      0.213528275    
  0.299999982      0.239951953    
  0.310000002      0.263695449    
  0.319999993      0.278538287    
  0.329999983      0.287301004    
  0.340000004      0.307023883    
  0.349999994      0.333638728    
  0.359999985      0.363042176    
  0.370000005      0.391838998    
  0.379999995      0.414867878    
  0.389999986      0.426914692    
  0.399999976      0.432194352    
  0.409999996      0.448013037    
  0.419999987      0.469576895    
  0.429999977      0.495001435    
  0.439999998      0.523466885    
  0.449999988      0.554074526    
  0.459999979      0.585408807    
  0.469999999      0.615080535    
  0.479999989      0.639335394    
  0.489999980      0.653440595    
  0.500000000      0.656359792    
  0.509999990      0.663957536    
  0.519999981      0.676625073    
  0.529999971      0.692246556    
  0.539999962      0.710264862    
  0.550000012      0.730393887    
  0.560000002      0.752466977    
  0.569999993      0.776364028    
  0.579999983      0.801960170    
  0.589999974      0.829094946    
  0.599999964      0.857521296    
  0.610000014      0.886844277    
  0.620000005      0.916430712    
  0.629999995      0.945293605    
  0.639999986      0.971896052    
  0.649999976      0.993963540    
  0.659999967       1.00843680    
  0.669999957       1.01414490    
  0.680000007       1.02061260    
  0.689999998       1.02880299    
  0.699999988       1.03823328    
  0.709999979       1.04867446    
  0.719999969       1.05999053    
  0.729999959       1.07208979    
  0.740000010       1.08491254    
  0.750000000       1.09841645    
  0.759999990       1.11256957    
  0.769999981       1.12734962    
  0.779999971       1.14274108    
  0.789999962       1.15872967    
  0.799999952       1.17530930    
  0.810000002       1.19247174    
  0.819999993       1.21021032    
  0.829999983       1.22851837    
  0.839999974       1.24738729    
  0.849999964       1.26680899    
  0.859999955       1.28676677    
  0.870000005       1.30724406    
  0.879999995       1.32821488    
  0.889999986       1.34964108    
  0.899999976       1.37147474    
  0.909999967       1.39364886    
  0.919999957       1.41607416    
  0.930000007       1.43863249    
  0.939999998       1.46116638    
  0.949999988       1.48346138    
  0.959999979       1.50523615    
  0.969999969       1.52610767    
  0.979999959       1.54556286    
  0.989999950       1.56290507    
   1.00000000       1.57717967    
   1.00999999       1.58867002    
   1.01999998       1.59929287    
   1.02999997       1.60950136    
   1.03999996       1.61948621    
   1.04999995       1.62934482    
   1.05999994       1.63913620    
   1.06999993       1.64889717    
   1.07999992       1.65865183    
   1.09000003       1.66841900    
   1.10000002       1.67820990    
   1.11000001       1.68803191    
   1.12000000       1.69789004    
   1.13000000       1.70779169    
   1.13999999       1.71773994    
   1.14999998       1.72773468    
   1.15999997       1.73777783    
   1.16999996       1.74787343    
   1.17999995       1.75801933    
   1.18999994       1.76821852    
   1.19999993       1.77846885    
   1.20999992       1.78877509    
   1.22000003       1.79913139    
   1.23000002       1.80954230    
   1.24000001       1.82000768    
   1.25000000       1.83052516    
   1.25999999       1.84109735    
   1.26999998       1.85172164    
   1.27999997       1.86240172    
   1.28999996       1.87313354    
   1.29999995       1.88391995    
   1.30999994       1.89475787    
   1.31999993       1.90564930    
   1.32999992       1.91659474    
   1.33999991       1.92759240    
   1.35000002       1.93864143    
   1.36000001       1.94974518    
   1.37000000       1.96089923    
   1.38000000       1.97210932    
   1.38999999       1.98336792    
   1.39999998       1.99468076    
   1.40999997       2.00604439    
   1.41999996       2.01745987    
   1.42999995       2.02892661    
   1.43999994       2.04044461    
   1.44999993       2.05201507    
   1.45999992       2.06363440    
   1.46999991       2.07530165    
   1.48000002       2.08702540    
   1.49000001       2.09879279    
   1.50000000       2.11061287    
   1.50999999       2.12247968    
   1.51999998       2.13439584    
   1.52999997       2.14635921    
   1.53999996       2.15837097    
   1.54999995       2.17042828    
   1.55999994       2.18253183    
   1.56999993       2.19468260    
   1.57999992       2.20687699    
   1.58999991       2.21911502    
   1.59999990       2.23139620    
   1.61000001       2.24372125    
   1.62000000       2.25608563    
   1.63000000       2.26849318    
   1.63999999       2.28093696    
   1.64999998       2.29342079    
   1.65999997       2.30593872    
   1.66999996       2.31849384    
   1.67999995       2.33108163    
   1.68999994       2.34370065    
   1.69999993       2.35635161    
   1.70999992       2.36902952    
   1.71999991       2.38173652    
   1.73000002       2.39446425    
   1.74000001       2.40721726    
   1.75000000       2.41998482    
   1.75999999       2.43277431    
   1.76999998       2.44557357    
   1.77999997       2.45838428    
   1.78999996       2.47120237    
   1.79999995       2.48402572    
   1.80999994       2.49684691    
   1.81999993       2.50966382    
   1.82999992       2.52247286    
   1.83999991       2.53526831    
   1.84999990       2.54804564    
   1.86000001       2.56079769    
   1.87000000       2.57351995    
   1.88000000       2.58620882    
   1.88999999       2.59885120    
   1.89999998       2.61144614    
   1.90999997       2.62398171    
   1.91999996       2.63645172    
   1.92999995       2.64884639    
   1.93999994       2.66115451    
   1.94999993       2.67336917    
   1.95999992       2.68547511    
   1.96999991       2.69746256    
   1.97999990       2.70932102    
   1.99000001       2.72103167    
   2.00000000       2.73258090    
   2.00999999       2.74383140    
   2.01999998       2.75473928    
   2.02999997       2.76537967    
   2.03999996       2.77579784    
   2.04999995       2.78602695    
   2.05999994       2.79609442    
   2.06999993       2.80601835    
   2.07999992       2.81581664    
   2.08999991       2.82550311    
   2.09999990       2.83508921    
   2.10999990       2.84458613    
   2.11999989       2.85399818    
   2.12999988       2.86333728    
   2.13999987       2.87260652    
   2.14999986       2.88181734    
   2.15999985       2.89097023    
   2.16999984       2.90006685    
   2.18000007       2.90911388    
   2.19000006       2.91811848    
   2.20000005       2.92707682    
   2.21000004       2.93600059    
   2.22000003       2.94488525    
   2.23000002       2.95373607    
   2.24000001       2.96255302    
   2.25000000       2.97134328    
   2.25999999       2.98010325    
   2.26999998       2.98883724    
   2.27999997       2.99754500    
   2.28999996       3.00623012    
   2.29999995       3.01489234    
   2.30999994       3.02353382    
   2.31999993       3.03215432    
   2.32999992       3.04075599    
   2.33999991       3.04933882    
   2.34999990       3.05790758    
   2.35999990       3.06645799    
   2.36999989       3.07499456    
   2.37999988       3.08351183    
   2.38999987       3.09201884    
   2.39999986       3.10051107    
   2.40999985       3.10899138    
   2.41999984       3.11746001    
   2.42999983       3.12591434    
   2.44000006       3.13435936    
   2.45000005       3.14279246    
   2.46000004       3.15121531    
   2.47000003       3.15962839    
   2.48000002       3.16803479    
   2.49000001       3.17642951    
   2.50000000       3.18481493    
   2.50999999       3.19319129    
   2.51999998       3.20156050    
   2.52999997       3.20992231    
   2.53999996       3.21827745    
   2.54999995       3.22662520    
   2.55999994       3.23496389    
   2.56999993       3.24329472    
   2.57999992       3.25162363    
   2.58999991       3.25994611    
   2.59999990       3.26825833    
   2.60999990       3.27656507    
   2.61999989       3.28486776    
   2.62999988       3.29316545    
   2.63999987       3.30145884    
   2.64999986       3.30974555    
   2.65999985       3.31802654    
   2.66999984       3.32630301    
   2.67999983       3.33457494    
   2.69000006       3.34284472    
   2.70000005       3.35110664    
   2.71000004       3.35936737    
   2.72000003       3.36761999    
   2.73000002       3.37587309    
   2.74000001       3.38412023    
   2.75000000       3.39236164    
   2.75999999       3.40060139    
   2.76999998       3.40883732    
   2.77999997       3.41706991    
   2.78999996       3.42530012    
   2.79999995       3.43352389    
   2.80999994       3.44174743    
   2.81999993       3.44996715    
   2.82999992       3.45818472    
   2.83999991       3.46639657    
   2.84999990       3.47460794    
   2.85999990       3.48281598    
   2.86999989       3.49102092    
   2.87999988       3.49922204    
   2.88999987       3.50742340    
   2.89999986       3.51561832    
   2.90999985       3.52381158    
   2.91999984       3.53200483    
   2.92999983       3.54019260    
   2.93999982       3.54837942    
   2.95000005       3.55656600    
   2.96000004       3.56474853    
   2.97000003       3.57292938    
   2.98000002       3.58110833    
   2.99000001       3.58928442    
   3.00000000       3.59745908    
   3.00999999       3.60563278    
   3.01999998       3.61380291    
   3.02999997       3.62196994    
   3.03999996       3.63013697    
   3.04999995       3.63829970    
   3.05999994       3.64646411    
   3.06999993       3.65462542    
   3.07999992       3.66278362    
   3.08999991       3.67094111    
   3.09999990       3.67910028    
   3.10999990       3.68725157    
   3.11999989       3.69540524    
   3.12999988       3.70355630    
   3.13999987       3.71170592    
   3.14999986       3.71985459    
   3.15999985       3.72800040    
   3.16999984       3.73614311    
   3.17999983       3.74428678    
   3.18999982       3.75242972    
   3.19999981       3.76057053    
   3.21000004       3.76871133    
   3.22000003       3.77684999    
   3.23000002       3.78498411    
   3.24000001       3.79312134    
   3.25000000       3.80125356    
   3.25999999       3.80938458    
   3.26999998       3.81751823    
   3.27999997       3.82564878    
   3.28999996       3.83377552    
   3.29999995       3.84190321    
   3.30999994       3.85003328    
   3.31999993       3.85815573    
   3.32999992       3.86628032    
   3.33999991       3.87440324    
   3.34999990       3.88252592    
   3.35999990       3.89064670    
   3.36999989       3.89876413    
   3.37999988       3.90688324    
   3.38999987       3.91499972    
   3.39999986       3.92311859    
   3.40999985       3.93123317    
   3.41999984       3.93934727    
   3.42999983       3.94746161    
   3.43999982       3.95557332    
   3.44999981       3.96368408    
   3.46000004       3.97179651    
   3.47000003       3.97990298    
   3.48000002       3.98801374    
   3.49000001       3.99611926    
   3.50000000       4.00422907    
   3.50999999       4.01233530    
