   9.99999978E-03   6.48675661E-04
   1.99999996E-02   1.10936025E-03
   2.99999993E-02   1.52939139E-03
   3.99999991E-02   1.91329955E-03
   4.99999970E-02   2.16469867E-03
   5.99999987E-02   2.63721636E-03
   7.00000003E-02   3.04251676E-03
   7.99999982E-02   3.56133678E-03
   8.99999961E-02   4.72440338E-03
   9.99999940E-02   6.79443404E-03
  0.109999999       9.92663763E-03
  0.119999997       1.40899690E-02
  0.129999995       1.93780474E-02
  0.140000001       2.60986201E-02
  0.149999991       3.44727151E-02
  0.159999996       4.37851734E-02
  0.170000002       5.37916459E-02
  0.179999992       6.76001608E-02
  0.189999998       7.89096579E-02
  0.199999988       9.63642672E-02
  0.209999993      0.109241247    
  0.219999999      0.127341256    
  0.229999989      0.147461042    
  0.239999995      0.160704836    
  0.250000000      0.181743965    
  0.259999990      0.207269311    
  0.269999981      0.224835753    
  0.280000001      0.237858117    
  0.289999992      0.262612820    
  0.299999982      0.292208821    
  0.310000002      0.317895263    
  0.319999993      0.333858818    
  0.329999983      0.344483644    
  0.340000004      0.367097139    
  0.349999994      0.396670103    
  0.359999985      0.428586870    
  0.370000005      0.459062874    
  0.379999995      0.482910931    
  0.389999986      0.495635539    
  0.399999976      0.502435684    
  0.409999996      0.520206213    
  0.419999987      0.543859124    
  0.429999977      0.571360528    
  0.439999998      0.601735413    
  0.449999988      0.633921266    
  0.459999979      0.666337192    
  0.469999999      0.696514070    
  0.479999989      0.720846176    
  0.489999980      0.735183179    
  0.500000000      0.739240050    
  0.509999990      0.748134971    
  0.519999981      0.761962652    
  0.529999971      0.778813541    
  0.539999962      0.798065841    
  0.550000012      0.819407523    
  0.560000002      0.842643738    
  0.569999993      0.867617369    
  0.579999983      0.894163787    
  0.589999974      0.922083259    
  0.599999964      0.951074183    
  0.610000014      0.980697215    
  0.620000005       1.01028693    
  0.629999995       1.03886461    
  0.639999986       1.06496727    
  0.649999976       1.08654952    
  0.659999967       1.10101986    
  0.669999957       1.10763025    
  0.680000007       1.11500430    
  0.689999998       1.12400401    
  0.699999988       1.13420284    
  0.709999979       1.14537990    
  0.719999969       1.15740919    
  0.729999959       1.17020178    
  0.740000010       1.18369913    
  0.750000000       1.19785714    
  0.759999990       1.21264362    
  0.769999981       1.22803652    
  0.779999971       1.24401128    
  0.789999962       1.26055884    
  0.799999952       1.27766407    
  0.810000002       1.29531527    
  0.819999993       1.31350040    
  0.829999983       1.33221042    
  0.839999974       1.35143006    
  0.849999964       1.37114501    
  0.859999955       1.39133310    
  0.870000005       1.41197085    
  0.879999995       1.43302250    
  0.889999986       1.45444870    
  0.899999976       1.47619247    
  0.909999967       1.49818075    
  0.919999957       1.52032077    
  0.930000007       1.54249573    
  0.939999998       1.56454539    
  0.949999988       1.58626974    
  0.959999979       1.60740793    
  0.969999969       1.62761378    
  0.979999959       1.64643717    
  0.989999950       1.66328287    
   1.00000000       1.67736149    
   1.00999999       1.68898785    
   1.01999998       1.69984722    
   1.02999997       1.71034181    
   1.03999996       1.72063529    
   1.04999995       1.73081660    
   1.05999994       1.74094057    
   1.06999993       1.75103915    
   1.07999992       1.76113832    
   1.09000003       1.77124739    
   1.10000002       1.78138256    
   1.11000001       1.79154813    
   1.12000000       1.80175042    
   1.13000000       1.81199443    
   1.13999999       1.82228065    
   1.14999998       1.83261299    
   1.15999997       1.84299231    
   1.16999996       1.85342145    
   1.17999995       1.86389744    
   1.18999994       1.87442482    
   1.19999993       1.88500023    
   1.20999992       1.89562666    
   1.22000003       1.90630305    
   1.23000002       1.91703033    
   1.24000001       1.92780602    
   1.25000000       1.93863285    
   1.25999999       1.94951081    
   1.26999998       1.96043694    
   1.27999997       1.97141409    
   1.28999996       1.98243856    
   1.29999995       1.99351454    
   1.30999994       2.00464010    
   1.31999993       2.01581430    
   1.32999992       2.02703595    
   1.33999991       2.03830671    
   1.35000002       2.04962611    
   1.36000001       2.06099343    
   1.37000000       2.07240772    
   1.38000000       2.08387089    
   1.38999999       2.09538174    
   1.39999998       2.10693622    
   1.40999997       2.11854291    
   1.41999996       2.13019133    
   1.42999995       2.14188814    
   1.43999994       2.15363026    
   1.44999993       2.16541696    
   1.45999992       2.17724729    
   1.46999991       2.18912435    
   1.48000002       2.20104361    
   1.49000001       2.21300817    
   1.50000000       2.22501445    
   1.50999999       2.23706412    
   1.51999998       2.24915648    
   1.52999997       2.26129007    
   1.53999996       2.27346063    
   1.54999995       2.28567529    
   1.55999994       2.29792643    
   1.56999993       2.31021571    
   1.57999992       2.32254481    
   1.58999991       2.33490968    
   1.59999990       2.34730911    
   1.61000001       2.35974383    
   1.62000000       2.37221050    
   1.63000000       2.38471437    
   1.63999999       2.39724398    
   1.64999998       2.40980434    
   1.65999997       2.42239213    
   1.66999996       2.43500662    
   1.67999995       2.44765115    
   1.68999994       2.46031427    
   1.69999993       2.47299862    
   1.70999992       2.48570609    
   1.71999991       2.49842787    
   1.73000002       2.51116657    
   1.74000001       2.52391696    
   1.75000000       2.53667903    
   1.75999999       2.54944801    
   1.76999998       2.56222153    
   1.77999997       2.57499695    
   1.78999996       2.58777022    
   1.79999995       2.60053968    
   1.80999994       2.61329889    
   1.81999993       2.62604523    
   1.82999992       2.63877654    
   1.83999991       2.65148282    
   1.84999990       2.66416669    
   1.86000001       2.67681718    
   1.87000000       2.68942976    
   1.88000000       2.70200276    
   1.88999999       2.71452355    
   1.89999998       2.72699094    
   1.90999997       2.73939347    
   1.91999996       2.75172901    
   1.92999995       2.76398182    
   1.93999994       2.77615118    
   1.94999993       2.78822136    
   1.95999992       2.80018759    
   1.96999991       2.81203508    
   1.97999990       2.82375646    
   1.99000001       2.83533621    
   2.00000000       2.84676170    
   2.00999999       2.85790730    
   2.01999998       2.86873865    
   2.02999997       2.87932301    
   2.03999996       2.88970399    
   2.04999995       2.89991093    
   2.05999994       2.90997338    
   2.06999993       2.91990185    
   2.07999992       2.92972016    
   2.08999991       2.93943238    
   2.09999990       2.94905257    
   2.10999990       2.95859241    
   2.11999989       2.96805668    
   2.12999988       2.97745323    
   2.13999987       2.98678660    
   2.14999986       2.99606538    
   2.15999985       3.00529146    
   2.16999984       3.01446748    
   2.18000007       3.02359986    
   2.19000006       3.03268790    
   2.20000005       3.04174280    
   2.21000004       3.05075693    
   2.22000003       3.05974007    
   2.23000002       3.06869221    
   2.24000001       3.07761335    
   2.25000000       3.08650613    
   2.25999999       3.09537578    
   2.26999998       3.10422063    
   2.27999997       3.11304188    
   2.28999996       3.12183976    
   2.29999995       3.13062048    
   2.30999994       3.13937807    
   2.31999993       3.14811993    
   2.32999992       3.15684485    
   2.33999991       3.16554761    
   2.34999990       3.17424083    
   2.35999990       3.18291855    
   2.36999989       3.19157958    
   2.37999988       3.20022798    
   2.38999987       3.20886469    
   2.39999986       3.21748662    
   2.40999985       3.22609878    
   2.41999984       3.23469710    
   2.42999983       3.24328756    
   2.44000006       3.25186682    
   2.45000005       3.26043510    
   2.46000004       3.26899385    
   2.47000003       3.27754426    
   2.48000002       3.28608418    
   2.49000001       3.29461884    
   2.50000000       3.30314231    
   2.50999999       3.31165862    
   2.51999998       3.32016897    
   2.52999997       3.32867146    
   2.53999996       3.33716774    
   2.54999995       3.34565806    
   2.55999994       3.35413766    
   2.56999993       3.36261368    
   2.57999992       3.37108302    
   2.58999991       3.37954569    
   2.59999990       3.38800430    
   2.60999990       3.39645791    
   2.61999989       3.40490580    
   2.62999988       3.41334724    
   2.63999987       3.42178583    
   2.64999986       3.43021846    
   2.65999985       3.43864703    
   2.66999984       3.44707012    
   2.67999983       3.45548868    
   2.69000006       3.46390676    
   2.70000005       3.47231650    
   2.71000004       3.48072171    
   2.72000003       3.48912525    
   2.73000002       3.49752641    
   2.74000001       3.50592089    
   2.75000000       3.51431417    
   2.75999999       3.52270150    
   2.76999998       3.53108740    
   2.77999997       3.53946877    
   2.78999996       3.54784727    
   2.79999995       3.55622315    
   2.80999994       3.56459594    
   2.81999993       3.57296610    
   2.82999992       3.58133554    
   2.83999991       3.58970046    
   2.84999990       3.59806252    
   2.85999990       3.60641932    
   2.86999989       3.61477375    
   2.87999988       3.62312913    
   2.88999987       3.63148165    
   2.89999986       3.63983059    
   2.90999985       3.64817572    
   2.91999984       3.65652108    
   2.92999983       3.66486168    
   2.93999982       3.67320180    
   2.95000005       3.68154120    
   2.96000004       3.68987513    
   2.97000003       3.69821000    
   2.98000002       3.70654106    
   2.99000001       3.71487021    
   3.00000000       3.72319794    
   3.00999999       3.73152280    
   3.01999998       3.73984885    
   3.02999997       3.74817109    
   3.03999996       3.75648952    
   3.04999995       3.76480794    
   3.05999994       3.77312732    
   3.06999993       3.78144121    
   3.07999992       3.78975415    
   3.08999991       3.79806662    
   3.09999990       3.80637860    
   3.10999990       3.81468534    
   3.11999989       3.82299256    
   3.12999988       3.83129907    
   3.13999987       3.83960223    
   3.14999986       3.84790397    
   3.15999985       3.85620785    
   3.16999984       3.86450624    
   3.17999983       3.87280297    
   3.18999982       3.88110089    
   3.19999981       3.88939881    
   3.21000004       3.89769220    
   3.22000003       3.90598559    
   3.23000002       3.91427946    
   3.24000001       3.92256904    
   3.25000000       3.93085766    
   3.25999999       3.93914676    
   3.26999998       3.94743800    
   3.27999997       3.95572090    
   3.28999996       3.96400356    
   3.29999995       3.97228694    
   3.30999994       3.98056960    
   3.31999993       3.98885059    
   3.32999992       3.99713182    
   3.33999991       4.00541115    
   3.34999990       4.01369047    
   3.35999990       4.02196741    
   3.36999989       4.03024101    
   3.37999988       4.03851795    
   3.38999987       4.04679012    
   3.39999986       4.05506277    
   3.40999985       4.06333494    
   3.41999984       4.07160616    
   3.42999983       4.07987404    
   3.43999982       4.08814907    
   3.44999981       4.09641027    
   3.46000004       4.10468054    
   3.47000003       4.11294651    
   3.48000002       4.12121248    
   3.49000001       4.12947702    
   3.50000000       4.13773870    
   3.50999999       4.14600325    
