   9.99999978E-03   6.46315690E-04
   1.99999996E-02   1.10881100E-03
   2.99999993E-02   1.53006567E-03
   3.99999991E-02   1.91399804E-03
   4.99999970E-02   2.15960783E-03
   5.99999987E-02   2.63248035E-03
   7.00000003E-02   3.01449629E-03
   7.99999982E-02   3.49752023E-03
   8.99999961E-02   4.59996657E-03
   9.99999940E-02   6.56234706E-03
  0.109999999       9.53109749E-03
  0.119999997       1.34979682E-02
  0.129999995       1.85413286E-02
  0.140000001       2.49804426E-02
  0.149999991       3.30216736E-02
  0.159999996       4.19754013E-02
  0.170000002       5.16657829E-02
  0.179999992       6.50456473E-02
  0.189999998       7.60193169E-02
  0.199999988       9.30125341E-02
  0.209999993      0.105592303    
  0.219999999      0.123198390    
  0.229999989      0.142963678    
  0.239999995      0.155916110    
  0.250000000      0.176459849    
  0.259999990      0.201589182    
  0.269999981      0.218935519    
  0.280000001      0.231656224    
  0.289999992      0.255944818    
  0.299999982      0.285143763    
  0.310000002      0.310592860    
  0.319999993      0.326410383    
  0.329999983      0.336786389    
  0.340000004      0.359032214    
  0.349999994      0.388236582    
  0.359999985      0.419848442    
  0.370000005      0.450125277    
  0.379999995      0.473876983    
  0.389999986      0.486508995    
  0.399999976      0.493108302    
  0.409999996      0.510632217    
  0.419999987      0.534025192    
  0.429999977      0.561271966    
  0.439999998      0.591419399    
  0.449999988      0.623420656    
  0.459999979      0.655715883    
  0.469999999      0.685842335    
  0.479999989      0.710169792    
  0.489999980      0.724473357    
  0.500000000      0.728379548    
  0.509999990      0.737117350    
  0.519999981      0.750791252    
  0.529999971      0.767490447    
  0.539999962      0.786591768    
  0.550000012      0.807786942    
  0.560000002      0.830883741    
  0.569999993      0.855731905    
  0.579999983      0.882170975    
  0.589999974      0.910002172    
  0.599999964      0.938934565    
  0.610000014      0.968532681    
  0.620000005      0.998134255    
  0.629999995       1.02675736    
  0.639999986       1.05292892    
  0.649999976       1.07457352    
  0.659999967       1.08904064    
  0.669999957       1.09553897    
  0.680000007       1.10279655    
  0.689999998       1.11169696    
  0.699999988       1.12179756    
  0.709999979       1.13288331    
  0.719999969       1.14482296    
  0.729999959       1.15752983    
  0.740000010       1.17094481    
  0.750000000       1.18502414    
  0.759999990       1.19973445    
  0.769999981       1.21505189    
  0.779999971       1.23095846    
  0.789999962       1.24743903    
  0.799999952       1.26448250    
  0.810000002       1.28207707    
  0.819999993       1.30021167    
  0.829999983       1.31887650    
  0.839999974       1.33805668    
  0.849999964       1.35774219    
  0.859999955       1.37790787    
  0.870000005       1.39853156    
  0.879999995       1.41958082    
  0.889999986       1.44101334    
  0.899999976       1.46277475    
  0.909999967       1.48479176    
  0.919999957       1.50697458    
  0.930000007       1.52920282    
  0.939999998       1.55131817    
  0.949999988       1.57311809    
  0.959999979       1.59433782    
  0.969999969       1.61462808    
  0.979999959       1.63353109    
  0.989999950       1.65044093    
   1.00000000       1.66454327    
   1.00999999       1.67615187    
   1.01999998       1.68698454    
   1.02999997       1.69744229    
   1.03999996       1.70769739    
   1.04999995       1.71784222    
   1.05999994       1.72792351    
   1.06999993       1.73798072    
   1.07999992       1.74803829    
   1.09000003       1.75810623    
   1.10000002       1.76819730    
   1.11000001       1.77832234    
   1.12000000       1.78848279    
   1.13000000       1.79868424    
   1.13999999       1.80892956    
   1.14999998       1.81922078    
   1.15999997       1.82955992    
   1.16999996       1.83994675    
   1.17999995       1.85038233    
   1.18999994       1.86087000    
   1.19999993       1.87140679    
   1.20999992       1.88199389    
   1.22000003       1.89263034    
   1.23000002       1.90331924    
   1.24000001       1.91405714    
   1.25000000       1.92484713    
   1.25999999       1.93568623    
   1.26999998       1.94657767    
   1.27999997       1.95751810    
   1.28999996       1.96850789    
   1.29999995       1.97954905    
   1.30999994       1.99063802    
   1.31999993       2.00177908    
   1.32999992       2.01296806    
   1.33999991       2.02420545    
   1.35000002       2.03549194    
   1.36000001       2.04682875    
   1.37000000       2.05821180    
   1.38000000       2.06964588    
   1.38999999       2.08112407    
   1.39999998       2.09265137    
   1.40999997       2.10422826    
   1.41999996       2.11584949    
   1.42999995       2.12751889    
   1.43999994       2.13923407    
   1.44999993       2.15099573    
   1.45999992       2.16280174    
   1.46999991       2.17465329    
   1.48000002       2.18655038    
   1.49000001       2.19849157    
   1.50000000       2.21047640    
   1.50999999       2.22250652    
   1.51999998       2.23457623    
   1.52999997       2.24668980    
   1.53999996       2.25884438    
   1.54999995       2.27103782    
   1.55999994       2.28327274    
   1.56999993       2.29554963    
   1.57999992       2.30785871    
   1.58999991       2.32021260    
   1.59999990       2.33259988    
   1.61000001       2.34502101    
   1.62000000       2.35747838    
   1.63000000       2.36996722    
   1.63999999       2.38248968    
   1.64999998       2.39504552    
   1.65999997       2.40762496    
   1.66999996       2.42023492    
   1.67999995       2.43287253    
   1.68999994       2.44553137    
   1.69999993       2.45821357    
   1.70999992       2.47091842    
   1.71999991       2.48364162    
   1.73000002       2.49637961    
   1.74000001       2.50913143    
   1.75000000       2.52189493    
   1.75999999       2.53466558    
   1.76999998       2.54744530    
   1.77999997       2.56022644    
   1.78999996       2.57300830    
   1.79999995       2.58578396    
   1.80999994       2.59855127    
   1.81999993       2.61130786    
   1.82999992       2.62405205    
   1.83999991       2.63676977    
   1.84999990       2.64946532    
   1.86000001       2.66213107    
   1.87000000       2.67475843    
   1.88000000       2.68734455    
   1.88999999       2.69988227    
   1.89999998       2.71236587    
   1.90999997       2.72478485    
   1.91999996       2.73713923    
   1.92999995       2.74940991    
   1.93999994       2.76159549    
   1.94999993       2.77368474    
   1.95999992       2.78566861    
   1.96999991       2.79753494    
   1.97999990       2.80927014    
   1.99000001       2.82086706    
   2.00000000       2.83230805    
   2.00999999       2.84346557    
   2.01999998       2.85430717    
   2.02999997       2.86489868    
   2.03999996       2.87528229    
   2.04999995       2.88549471    
   2.05999994       2.89555573    
   2.06999993       2.90548420    
   2.07999992       2.91529775    
   2.08999991       2.92500830    
   2.09999990       2.93462324    
   2.10999990       2.94415760    
   2.11999989       2.95361543    
   2.12999988       2.96300292    
   2.13999987       2.97233272    
   2.14999986       2.98159933    
   2.15999985       2.99081397    
   2.16999984       2.99998140    
   2.18000007       3.00910544    
   2.19000006       3.01818442    
   2.20000005       3.02722168    
   2.21000004       3.03622770    
   2.22000003       3.04519892    
   2.23000002       3.05413580    
   2.24000001       3.06304693    
   2.25000000       3.07192659    
   2.25999999       3.08078003    
   2.26999998       3.08961248    
   2.27999997       3.09841847    
   2.28999996       3.10720205    
   2.29999995       3.11596680    
   2.30999994       3.12471175    
   2.31999993       3.13343787    
   2.32999992       3.14214396    
   2.33999991       3.15083504    
   2.34999990       3.15951204    
   2.35999990       3.16817188    
   2.36999989       3.17682028    
   2.37999988       3.18545222    
   2.38999987       3.19407034    
   2.39999986       3.20267916    
   2.40999985       3.21127152    
   2.41999984       3.21985531    
   2.42999983       3.22842646    
   2.44000006       3.23698950    
   2.45000005       3.24554133    
   2.46000004       3.25408435    
   2.47000003       3.26261783    
   2.48000002       3.27114058    
   2.49000001       3.27965522    
   2.50000000       3.28816366    
   2.50999999       3.29666209    
   2.51999998       3.30515409    
   2.52999997       3.31363964    
   2.53999996       3.32211661    
   2.54999995       3.33058834    
   2.55999994       3.33905220    
   2.56999993       3.34750915    
   2.57999992       3.35596061    
   2.58999991       3.36440635    
   2.59999990       3.37284756    
   2.60999990       3.38128257    
   2.61999989       3.38971210    
   2.62999988       3.39813685    
   2.63999987       3.40655541    
   2.64999986       3.41497016    
   2.65999985       3.42337942    
   2.66999984       3.43178415    
   2.67999983       3.44018650    
   2.69000006       3.44858217    
   2.70000005       3.45697498    
   2.71000004       3.46536374    
   2.72000003       3.47374678    
   2.73000002       3.48212814    
   2.74000001       3.49050522    
   2.75000000       3.49888015    
   2.75999999       3.50724959    
   2.76999998       3.51561594    
   2.77999997       3.52397990    
   2.78999996       3.53234053    
   2.79999995       3.54069448    
   2.80999994       3.54904985    
   2.81999993       3.55740118    
   2.82999992       3.56575179    
   2.83999991       3.57409668    
   2.84999990       3.58243799    
   2.85999990       3.59077668    
   2.86999989       3.59911323    
   2.87999988       3.60745311    
   2.88999987       3.61578274    
   2.89999986       3.62411118    
   2.90999985       3.63244152    
   2.91999984       3.64076447    
   2.92999983       3.64908814    
   2.93999982       3.65740752    
   2.95000005       3.66572881    
   2.96000004       3.67404389    
   2.97000003       3.68236065    
   2.98000002       3.69067073    
   2.99000001       3.69898248    
   3.00000000       3.70728874    
   3.00999999       3.71559644    
   3.01999998       3.72390103    
   3.02999997       3.73220611    
   3.03999996       3.74050546    
   3.04999995       3.74880266    
   3.05999994       3.75710177    
   3.06999993       3.76539755    
   3.07999992       3.77369285    
   3.08999991       3.78198504    
   3.09999990       3.79027629    
   3.10999990       3.79856372    
   3.11999989       3.80685329    
   3.12999988       3.81513810    
   3.13999987       3.82342482    
   3.14999986       3.83170891    
   3.15999985       3.83998799    
   3.16999984       3.84826899    
   3.17999983       3.85654736    
   3.18999982       3.86482716    
   3.19999981       3.87310219    
   3.21000004       3.88137722    
   3.22000003       3.88965297    
   3.23000002       3.89792538    
   3.24000001       3.90619612    
   3.25000000       3.91446686    
   3.25999999       3.92273402    
   3.26999998       3.93100238    
   3.27999997       3.93927002    
   3.28999996       3.94753456    
   3.29999995       3.95579720    
   3.30999994       3.96406054    
   3.31999993       3.97232246    
   3.32999992       3.98058414    
   3.33999991       3.98884249    
   3.34999990       3.99709988    
   3.35999990       4.00535583    
   3.36999989       4.01361370    
   3.37999988       4.02187061    
   3.38999987       4.03012323    
   3.39999986       4.03837729    
   3.40999985       4.04663038    
   3.41999984       4.05488110    
   3.42999983       4.06313276    
   3.43999982       4.07137966    
   3.44999981       4.07963324    
   3.46000004       4.08787584    
   3.47000003       4.09612322    
   3.48000002       4.10436821    
   3.49000001       4.11261320    
   3.50000000       4.12085581    
   3.50999999       4.12910175    
