   9.99999978E-03   6.49683061E-04
   1.99999996E-02   1.10963371E-03
   2.99999993E-02   1.52895332E-03
   3.99999991E-02   1.91292923E-03
   4.99999970E-02   2.16726260E-03
   5.99999987E-02   2.63977330E-03
   7.00000003E-02   3.05728917E-03
   7.99999982E-02   3.59531585E-03
   8.99999961E-02   4.79135988E-03
   9.99999940E-02   6.91694068E-03
  0.109999999       1.01344232E-02
  0.119999997       1.43993534E-02
  0.129999995       1.98096652E-02
  0.140000001       2.66807899E-02
  0.149999991       3.52239572E-02
  0.159999996       4.47204150E-02
  0.170000002       5.48884571E-02
  0.179999992       6.89154044E-02
  0.189999998       8.03960040E-02
  0.199999988       9.80838314E-02
  0.209999993      0.111112341    
  0.219999999      0.129462048    
  0.229999989      0.149760514    
  0.239999995      0.163152695    
  0.250000000      0.184441790    
  0.259999990      0.210165560    
  0.269999981      0.227842987    
  0.280000001      0.241018206    
  0.289999992      0.266007215    
  0.299999982      0.295800835    
  0.310000002      0.321606100    
  0.319999993      0.337643087    
  0.329999983      0.348392993    
  0.340000004      0.371192485    
  0.349999994      0.400948226    
  0.359999985      0.433017194    
  0.370000005      0.463591725    
  0.379999995      0.487488270    
  0.389999986      0.500271440    
  0.399999976      0.507159889    
  0.409999996      0.525054276    
  0.419999987      0.548835695    
  0.429999977      0.576463819    
  0.439999998      0.606952488    
  0.449999988      0.639228344    
  0.459999979      0.671703458    
  0.469999999      0.701904118    
  0.479999989      0.726237893    
  0.489999980      0.740592122    
  0.500000000      0.744724274    
  0.509999990      0.753699183    
  0.519999981      0.767603219    
  0.529999971      0.784529865    
  0.539999962      0.803857386    
  0.550000012      0.825271904    
  0.560000002      0.848576605    
  0.569999993      0.873612046    
  0.579999983      0.900212646    
  0.589999974      0.928173721    
  0.599999964      0.957191348    
  0.610000014      0.986826003    
  0.620000005       1.01640975    
  0.629999995       1.04496229    
  0.639999986       1.07103026    
  0.649999976       1.09258235    
  0.659999967       1.10705125    
  0.669999957       1.11372137    
  0.680000007       1.12115169    
  0.689999998       1.13020682    
  0.699999988       1.14045036    
  0.709999979       1.15167344    
  0.719999969       1.16374350    
  0.729999959       1.17657995    
  0.740000010       1.19011998    
  0.750000000       1.20431757    
  0.759999990       1.21914351    
  0.769999981       1.23457062    
  0.779999971       1.25058174    
  0.789999962       1.26716149    
  0.799999952       1.28429639    
  0.810000002       1.30197489    
  0.819999993       1.32018483    
  0.829999983       1.33891749    
  0.839999974       1.35815561    
  0.849999964       1.37788379    
  0.859999955       1.39808261    
  0.870000005       1.41872776    
  0.879999995       1.43978226    
  0.889999986       1.46120214    
  0.899999976       1.48293507    
  0.909999967       1.50490904    
  0.919999957       1.52702820    
  0.930000007       1.54917562    
  0.939999998       1.57119274    
  0.949999988       1.59287810    
  0.959999979       1.61397457    
  0.969999969       1.63413715    
  0.979999959       1.65292144    
  0.989999950       1.66973591    
   1.00000000       1.68380368    
   1.00999999       1.69543803    
   1.01999998       1.70631158    
   1.02999997       1.71682262    
   1.03999996       1.72713280    
   1.04999995       1.73733580    
   1.05999994       1.74747956    
   1.06999993       1.75760019    
   1.07999992       1.76771772    
   1.09000003       1.77784979    
   1.10000002       1.78800511    
   1.11000001       1.79819107    
   1.12000000       1.80841458    
   1.13000000       1.81867898    
   1.13999999       1.82898712    
   1.14999998       1.83933949    
   1.15999997       1.84974098    
   1.16999996       1.86018848    
   1.17999995       1.87068486    
   1.18999994       1.88123071    
   1.19999993       1.89182687    
   1.20999992       1.90247381    
   1.22000003       1.91316819    
   1.23000002       1.92391396    
   1.24000001       1.93471014    
   1.25000000       1.94555557    
   1.25999999       1.95645034    
   1.26999998       1.96739423    
   1.27999997       1.97838938    
   1.28999996       1.98943269    
   1.29999995       2.00052619    
   1.30999994       2.01166677    
   1.31999993       2.02285933    
   1.32999992       2.03409719    
   1.33999991       2.04538465    
   1.35000002       2.05672026    
   1.36000001       2.06810141    
   1.37000000       2.07953167    
   1.38000000       2.09101129    
   1.38999999       2.10253549    
   1.39999998       2.11410785    
   1.40999997       2.12572503    
   1.41999996       2.13738990    
   1.42999995       2.14909720    
   1.43999994       2.16085267    
   1.44999993       2.17265248    
   1.45999992       2.18449616    
   1.46999991       2.19638443    
   1.48000002       2.20831728    
   1.49000001       2.22029281    
   1.50000000       2.23230982    
   1.50999999       2.24436617    
   1.51999998       2.25647140    
   1.52999997       2.26861215    
   1.53999996       2.28079581    
   1.54999995       2.29301667    
   1.55999994       2.30527592    
   1.56999993       2.31757474    
   1.57999992       2.32990789    
   1.58999991       2.34228110    
   1.59999990       2.35468769    
   1.61000001       2.36712599    
   1.62000000       2.37960029    
   1.63000000       2.39210629    
   1.63999999       2.40464234    
   1.64999998       2.41720724    
   1.65999997       2.42979908    
   1.66999996       2.44241619    
   1.67999995       2.45506191    
   1.68999994       2.46772838    
   1.69999993       2.48041415    
   1.70999992       2.49312091    
   1.71999991       2.50584292    
   1.73000002       2.51858068    
   1.74000001       2.53133130    
   1.75000000       2.54409146    
   1.75999999       2.55685854    
   1.76999998       2.56962895    
   1.77999997       2.58240104    
   1.78999996       2.59517050    
   1.79999995       2.60793614    
   1.80999994       2.62069058    
   1.81999993       2.63343263    
   1.82999992       2.64615655    
   1.83999991       2.65885520    
   1.84999990       2.67153668    
   1.86000001       2.68417954    
   1.87000000       2.69678497    
   1.88000000       2.70934892    
   1.88999999       2.72186565    
   1.89999998       2.73432088    
   1.90999997       2.74671578    
   1.91999996       2.75904083    
   1.92999995       2.77128792    
   1.93999994       2.78344750    
   1.94999993       2.79550719    
   1.95999992       2.80746365    
   1.96999991       2.81930399    
   1.97999990       2.83101583    
   1.99000001       2.84258723    
   2.00000000       2.85400724    
   2.00999999       2.86514926    
   2.01999998       2.87597322    
   2.02999997       2.88655400    
   2.03999996       2.89693069    
   2.04999995       2.90713906    
   2.05999994       2.91720033    
   2.06999993       2.92713094    
   2.07999992       2.93694806    
   2.08999991       2.94666266    
   2.09999990       2.95628452    
   2.10999990       2.96582723    
   2.11999989       2.97529531    
   2.12999988       2.98469567    
   2.13999987       2.99403405    
   2.14999986       3.00331569    
   2.15999985       3.01254725    
   2.16999984       3.02172875    
   2.18000007       3.03086615    
   2.19000006       3.03996134    
   2.20000005       3.04902029    
   2.21000004       3.05804133    
   2.22000003       3.06703115    
   2.23000002       3.07598853    
   2.24000001       3.08491731    
   2.25000000       3.09381771    
   2.25999999       3.10269284    
   2.26999998       3.11154485    
   2.27999997       3.12037182    
   2.28999996       3.12917972    
   2.29999995       3.13796663    
   2.30999994       3.14673209    
   2.31999993       3.15548086    
   2.32999992       3.16421056    
   2.33999991       3.17292356    
   2.34999990       3.18162656    
   2.35999990       3.19031000    
   2.36999989       3.19898081    
   2.37999988       3.20763421    
   2.38999987       3.21628070    
   2.39999986       3.22491145    
   2.40999985       3.23352957    
   2.41999984       3.24213862    
   2.42999983       3.25073671    
   2.44000006       3.25932288    
   2.45000005       3.26790047    
   2.46000004       3.27646995    
   2.47000003       3.28502798    
   2.48000002       3.29357505    
   2.49000001       3.30211902    
   2.50000000       3.31065178    
   2.50999999       3.31917620    
   2.51999998       3.32769608    
   2.52999997       3.33620715    
   2.53999996       3.34471011    
   2.54999995       3.35320830    
   2.55999994       3.36168599    
   2.56999993       3.37018442    
   2.57999992       3.37866259    
   2.58999991       3.38713598    
   2.59999990       3.39560437    
   2.60999990       3.40406466    
   2.61999989       3.41252255    
   2.62999988       3.42097306    
   2.63999987       3.42942119    
   2.64999986       3.43786168    
   2.65999985       3.44629860    
   2.66999984       3.45473099    
   2.67999983       3.46316147    
   2.69000006       3.47158599    
   2.70000005       3.48000598    
   2.71000004       3.48842359    
   2.72000003       3.49683595    
   2.73000002       3.50524259    
   2.74000001       3.51364756    
   2.75000000       3.52204943    
   2.75999999       3.53044677    
   2.76999998       3.53884363    
   2.77999997       3.54723239    
   2.78999996       3.55562115    
   2.79999995       3.56400609    
   2.80999994       3.57238984    
   2.81999993       3.58077025    
   2.82999992       3.58914733    
   2.83999991       3.59751916    
   2.84999990       3.60589051    
   2.85999990       3.61425900    
   2.86999989       3.62262440    
   2.87999988       3.63098931    
   2.88999987       3.63934755    
   2.89999986       3.64770722    
   2.90999985       3.65606308    
   2.91999984       3.66441798    
   2.92999983       3.67276883    
   2.93999982       3.68111897    
   2.95000005       3.68946624    
   2.96000004       3.69781089    
   2.97000003       3.70615506    
   2.98000002       3.71449566    
   2.99000001       3.72283411    
   3.00000000       3.73117113    
   3.00999999       3.73950696    
   3.01999998       3.74784207    
   3.02999997       3.75617361    
   3.03999996       3.76450109    
   3.04999995       3.77283001    
   3.05999994       3.78115821    
   3.06999993       3.78948355    
   3.07999992       3.79780626    
   3.08999991       3.80612755    
   3.09999990       3.81444764    
   3.10999990       3.82276583    
   3.11999989       3.83108258    
   3.12999988       3.83939838    
   3.13999987       3.84771180    
   3.14999986       3.85602450    
   3.15999985       3.86433697    
   3.16999984       3.87264466    
   3.17999983       3.88095284    
   3.18999982       3.88925982    
   3.19999981       3.89756489    
   3.21000004       3.90587282    
   3.22000003       3.91417289    
   3.23000002       3.92247605    
   3.24000001       3.93077445    
   3.25000000       3.93907475    
   3.25999999       3.94737172    
   3.26999998       3.95566869    
   3.27999997       3.96396637    
   3.28999996       3.97225881    
   3.29999995       3.98055506    
   3.30999994       3.98884487    
   3.31999993       3.99713588    
   3.32999992       4.00542402    
   3.33999991       4.01371527    
   3.34999990       4.02200031    
   3.35999990       4.03029013    
   3.36999989       4.03857708    
   3.37999988       4.04686213    
   3.38999987       4.05514479    
   3.39999986       4.06342554    
   3.40999985       4.07170677    
   3.41999984       4.07999086    
   3.42999983       4.08826733    
   3.43999982       4.09654665    
   3.44999981       4.10482740    
   3.46000004       4.11309814    
   3.47000003       4.12137604    
   3.48000002       4.12965155    
   3.49000001       4.13792706    
   3.50000000       4.14620209    
   3.50999999       4.15447092    
