   9.99999978E-03   6.59010489E-04
   1.99999996E-02   1.11446530E-03
   2.99999993E-02   1.52738509E-03
   3.99999991E-02   1.90950406E-03
   4.99999970E-02   2.19430169E-03
   5.99999987E-02   2.67010159E-03
   7.00000003E-02   3.21915653E-03
   7.99999982E-02   3.97418765E-03
   8.99999961E-02   5.53149218E-03
   9.99999940E-02   8.24320596E-03
  0.109999999       1.23423655E-02
  0.119999997       1.76333226E-02
  0.129999995       2.42982879E-02
  0.140000001       3.26204784E-02
  0.149999991       4.28330861E-02
  0.159999996       5.41298911E-02
  0.170000002       6.58637509E-02
  0.179999992       8.19650590E-02
  0.189999998       9.51037854E-02
  0.199999988      0.114978053    
  0.209999993      0.129447758    
  0.219999999      0.150148988    
  0.229999989      0.172080174    
  0.239999995      0.186883137    
  0.250000000      0.210494593    
  0.259999990      0.238009945    
  0.269999981      0.256704956    
  0.280000001      0.271327287    
  0.289999992      0.298456103    
  0.299999982      0.330019623    
  0.310000002      0.356870800    
  0.319999993      0.373590887    
  0.329999983      0.385516196    
  0.340000004      0.409995526    
  0.349999994      0.441390723    
  0.359999985      0.474786788    
  0.370000005      0.506204247    
  0.379999995      0.530514598    
  0.389999986      0.543729126    
  0.399999976      0.551575303    
  0.409999996      0.570586085    
  0.419999987      0.595521629    
  0.429999977      0.624258697    
  0.439999998      0.655728161    
  0.449999988      0.688768446    
  0.459999979      0.721719384    
  0.469999999      0.752093554    
  0.479999989      0.776425958    
  0.489999980      0.790948987    
  0.500000000      0.795788884    
  0.509999990      0.805489838    
  0.519999981      0.820080101    
  0.529999971      0.837683499    
  0.539999962      0.857674003    
  0.550000012      0.879723728    
  0.560000002      0.903619051    
  0.569999993      0.929184914    
  0.579999983      0.956226528    
  0.589999974      0.984522939    
  0.599999964       1.01374674    
  0.610000014       1.04343498    
  0.620000005       1.07291687    
  0.629999995       1.10121977    
  0.639999986       1.12695289    
  0.649999976       1.14822209    
  0.659999967       1.16271102    
  0.669999957       1.16990340    
  0.680000007       1.17785203    
  0.689999998       1.18736768    
  0.699999988       1.19804442    
  0.709999979       1.20967567    
  0.719999969       1.22214067    
  0.729999959       1.23535454    
  0.740000010       1.24925578    
  0.750000000       1.26380348    
  0.759999990       1.27896106    
  0.769999981       1.29470754    
  0.779999971       1.31101787    
  0.789999962       1.32787621    
  0.799999952       1.34526813    
  0.810000002       1.36318135    
  0.819999993       1.38159907    
  0.829999983       1.40050960    
  0.839999974       1.41989446    
  0.849999964       1.43973422    
  0.859999955       1.46000922    
  0.870000005       1.48068464    
  0.879999995       1.50172687    
  0.889999986       1.52308917    
  0.899999976       1.54471517    
  0.909999967       1.56652761    
  0.919999957       1.58843315    
  0.930000007       1.61031508    
  0.939999998       1.63201714    
  0.949999988       1.65335178    
  0.959999979       1.67406344    
  0.969999969       1.69383883    
  0.979999959       1.71226561    
  0.989999950       1.72880530    
   1.00000000       1.74276280    
   1.00999999       1.75446665    
   1.01999998       1.76546228    
   1.02999997       1.77612388    
   1.03999996       1.78659832    
   1.04999995       1.79697430    
   1.05999994       1.80729854    
   1.06999993       1.81759906    
   1.07999992       1.82790041    
   1.09000003       1.83821797    
   1.10000002       1.84855783    
   1.11000001       1.85892987    
   1.12000000       1.86933863    
   1.13000000       1.87978721    
   1.13999999       1.89027596    
   1.14999998       1.90080965    
   1.15999997       1.91138995    
   1.16999996       1.92201746    
   1.17999995       1.93269145    
   1.18999994       1.94341362    
   1.19999993       1.95418298    
   1.20999992       1.96499956    
   1.22000003       1.97586524    
   1.23000002       1.98677957    
   1.24000001       1.99773967    
   1.25000000       2.00874782    
   1.25999999       2.01980567    
   1.26999998       2.03090882    
   1.27999997       2.04205894    
   1.28999996       2.05325913    
   1.29999995       2.06450200    
   1.30999994       2.07579374    
   1.31999993       2.08713174    
   1.32999992       2.09851360    
   1.33999991       2.10994411    
   1.35000002       2.12141681    
   1.36000001       2.13293719    
   1.37000000       2.14450049    
   1.38000000       2.15610981    
   1.38999999       2.16776276    
   1.39999998       2.17946100    
   1.40999997       2.19119787    
   1.41999996       2.20298100    
   1.42999995       2.21480680    
   1.43999994       2.22667217    
   1.44999993       2.23858190    
   1.45999992       2.25052953    
   1.46999991       2.26252103    
   1.48000002       2.27455258    
   1.49000001       2.28662205    
   1.50000000       2.29873228    
   1.50999999       2.31087780    
   1.51999998       2.32306385    
   1.52999997       2.33528638    
   1.53999996       2.34754300    
   1.54999995       2.35983896    
   1.55999994       2.37217045    
   1.56999993       2.38452864    
   1.57999992       2.39692378    
   1.58999991       2.40935254    
   1.59999990       2.42180991    
   1.61000001       2.43429637    
   1.62000000       2.44681406    
   1.63000000       2.45935822    
   1.63999999       2.47192454    
   1.64999998       2.48452210    
   1.65999997       2.49713802    
   1.66999996       2.50977683    
   1.67999995       2.52243662    
   1.68999994       2.53511262    
   1.69999993       2.54780555    
   1.70999992       2.56051421    
   1.71999991       2.57323503    
   1.73000002       2.58596492    
   1.74000001       2.59869885    
   1.75000000       2.61144304    
   1.75999999       2.62418652    
   1.76999998       2.63693166    
   1.77999997       2.64967132    
   1.78999996       2.66240573    
   1.79999995       2.67513108    
   1.80999994       2.68784142    
   1.81999993       2.70053148    
   1.82999992       2.71320343    
   1.83999991       2.72584844    
   1.84999990       2.73846483    
   1.86000001       2.75104356    
   1.87000000       2.76358080    
   1.88000000       2.77607369    
   1.88999999       2.78851366    
   1.89999998       2.80089641    
   1.90999997       2.81321287    
   1.91999996       2.82545495    
   1.92999995       2.83762240    
   1.93999994       2.84969974    
   1.94999993       2.86167884    
   1.95999992       2.87355661    
   1.96999991       2.88531637    
   1.97999990       2.89695477    
   1.99000001       2.90845180    
   2.00000000       2.91980410    
   2.00999999       2.93088794    
   2.01999998       2.94167256    
   2.02999997       2.95222330    
   2.03999996       2.96258450    
   2.04999995       2.97278285    
   2.05999994       2.98283935    
   2.06999993       2.99277663    
   2.07999992       3.00260448    
   2.08999991       3.01233721    
   2.09999990       3.02198219    
   2.10999990       3.03155184    
   2.11999989       3.04104853    
   2.12999988       3.05048347    
   2.13999987       3.05985975    
   2.14999986       3.06918335    
   2.15999985       3.07845616    
   2.16999984       3.08768082    
   2.18000007       3.09686804    
   2.19000006       3.10601306    
   2.20000005       3.11512542    
   2.21000004       3.12420106    
   2.22000003       3.13324618    
   2.23000002       3.14226437    
   2.24000001       3.15124869    
   2.25000000       3.16021228    
   2.25999999       3.16914797    
   2.26999998       3.17806220    
   2.27999997       3.18695498    
   2.28999996       3.19582486    
   2.29999995       3.20467997    
   2.30999994       3.21351695    
   2.31999993       3.22233319    
   2.32999992       3.23113346    
   2.33999991       3.23991680    
   2.34999990       3.24868631    
   2.35999990       3.25744438    
   2.36999989       3.26618505    
   2.37999988       3.27491760    
   2.38999987       3.28363347    
   2.39999986       3.29233742    
   2.40999985       3.30103350    
   2.41999984       3.30971932    
   2.42999983       3.31838965    
   2.44000006       3.32705188    
   2.45000005       3.33570695    
   2.46000004       3.34435129    
   2.47000003       3.35298824    
   2.48000002       3.36161709    
   2.49000001       3.37023640    
   2.50000000       3.37884951    
   2.50999999       3.38745356    
   2.51999998       3.39605236    
   2.52999997       3.40464187    
   2.53999996       3.41322732    
   2.54999995       3.42180419    
   2.55999994       3.43036151    
   2.56999993       3.43894291    
   2.57999992       3.44750237    
   2.58999991       3.45605469    
   2.59999990       3.46460485    
   2.60999990       3.47314763    
   2.61999989       3.48168612    
   2.62999988       3.49022126    
   2.63999987       3.49875331    
   2.64999986       3.50727630    
   2.65999985       3.51579714    
   2.66999984       3.52431130    
   2.67999983       3.53282404    
   2.69000006       3.54133058    
   2.70000005       3.54983544    
   2.71000004       3.55833673    
   2.72000003       3.56683111    
   2.73000002       3.57532477    
   2.74000001       3.58381367    
   2.75000000       3.59229898    
   2.75999999       3.60078168    
   2.76999998       3.60926056    
   2.77999997       3.61773515    
   2.78999996       3.62620831    
   2.79999995       3.63468051    
   2.80999994       3.64314842    
   2.81999993       3.65160966    
   2.82999992       3.66007423    
   2.83999991       3.66853333    
   2.84999990       3.67699027    
   2.85999990       3.68544459    
   2.86999989       3.69389296    
   2.87999988       3.70234394    
   2.88999987       3.71079254    
   2.89999986       3.71923470    
   2.90999985       3.72767901    
   2.91999984       3.73611808    
   2.92999983       3.74455667    
   2.93999982       3.75299311    
   2.95000005       3.76142645    
   2.96000004       3.76985788    
   2.97000003       3.77828431    
   2.98000002       3.78671551    
   2.99000001       3.79513931    
   3.00000000       3.80356455    
   3.00999999       3.81198907    
   3.01999998       3.82040524    
   3.02999997       3.82882476    
   3.03999996       3.83724046    
   3.04999995       3.84565711    
   3.05999994       3.85407043    
   3.06999993       3.86248374    
   3.07999992       3.87089300    
   3.08999991       3.87930250    
   3.09999990       3.88771033    
   3.10999990       3.89611530    
   3.11999989       3.90451980    
   3.12999988       3.91292071    
   3.13999987       3.92132401    
   3.14999986       3.92972302    
   3.15999985       3.93812180    
   3.16999984       3.94651866    
   3.17999983       3.95491362    
   3.18999982       3.96331215    
   3.19999981       3.97170234    
   3.21000004       3.98009491    
   3.22000003       3.98848271    
   3.23000002       3.99687529    
   3.24000001       4.00526285    
   3.25000000       4.01364756    
   3.25999999       4.02203321    
   3.26999998       4.03042316    
   3.27999997       4.03880358    
   3.28999996       4.04718447    
   3.29999995       4.05556822    
   3.30999994       4.06395006    
   3.31999993       4.07232761    
   3.32999992       4.08070421    
   3.33999991       4.08908415    
   3.34999990       4.09745932    
   3.35999990       4.10583639    
   3.36999989       4.11420679    
   3.37999988       4.12257576    
   3.38999987       4.13095093    
   3.39999986       4.13932085    
   3.40999985       4.14769077    
   3.41999984       4.15606117    
   3.42999983       4.16443253    
   3.43999982       4.17279577    
   3.44999981       4.18116331    
   3.46000004       4.18952847    
   3.47000003       4.19789314    
   3.48000002       4.20625496    
   3.49000001       4.21461916    
   3.50000000       4.22297859    
   3.50999999       4.23134041    
