   9.99999978E-03   6.52018120E-04
   1.99999996E-02   1.11024512E-03
   2.99999993E-02   1.52842037E-03
   3.99999991E-02   1.91227277E-03
   4.99999970E-02   2.17277207E-03
   5.99999987E-02   2.64518033E-03
   7.00000003E-02   3.08864331E-03
   7.99999982E-02   3.66768637E-03
   8.99999961E-02   4.93227504E-03
   9.99999940E-02   7.17567047E-03
  0.109999999       1.05694588E-02
  0.119999997       1.50460973E-02
  0.129999995       2.07146574E-02
  0.140000001       2.78870594E-02
  0.149999991       3.67800035E-02
  0.159999996       4.66523878E-02
  0.170000002       5.71524203E-02
  0.179999992       7.16224462E-02
  0.189999998       8.34540054E-02
  0.199999988      0.101614378    
  0.209999993      0.114950418    
  0.219999999      0.133807436    
  0.229999989      0.154464081    
  0.239999995      0.168157905    
  0.250000000      0.189952314    
  0.259999990      0.216073319    
  0.269999981      0.233973503    
  0.280000001      0.247460380    
  0.289999992      0.272919565    
  0.299999982      0.303108454    
  0.310000002      0.329149395    
  0.319999993      0.345334917    
  0.329999983      0.356338620    
  0.340000004      0.379509181    
  0.349999994      0.409631997    
  0.359999985      0.442001790    
  0.370000005      0.472769707    
  0.379999995      0.496761084    
  0.389999986      0.509627640    
  0.399999976      0.516733050    
  0.409999996      0.534874976    
  0.419999987      0.558915436    
  0.429999977      0.586793005    
  0.439999998      0.617506087    
  0.449999988      0.649960041    
  0.459999979      0.682548225    
  0.469999999      0.712794662    
  0.479999989      0.737130404    
  0.489999980      0.751520157    
  0.500000000      0.755805612    
  0.509999990      0.764940500    
  0.519999981      0.778996527    
  0.529999971      0.796075165    
  0.539999962      0.815552592    
  0.550000012      0.837111294    
  0.560000002      0.860551655    
  0.569999993      0.885709465    
  0.579999983      0.912414491    
  0.589999974      0.940455973    
  0.599999964      0.969526112    
  0.610000014      0.999178886    
  0.620000005       1.02874851    
  0.629999995       1.05724823    
  0.639999986       1.08324504    
  0.649999976       1.10473371    
  0.659999967       1.11920786    
  0.669999957       1.12599349    
  0.680000007       1.13353705    
  0.689999998       1.14269376    
  0.699999988       1.15303457    
  0.709999979       1.16434956    
  0.719999969       1.17650688    
  0.729999959       1.18942833    
  0.740000010       1.20304930    
  0.750000000       1.21732759    
  0.759999990       1.23222685    
  0.769999981       1.24772656    
  0.779999971       1.26380670    
  0.789999962       1.28045118    
  0.799999952       1.29764569    
  0.810000002       1.31537950    
  0.819999993       1.33363664    
  0.829999983       1.35241187    
  0.839999974       1.37168658    
  0.849999964       1.39144480    
  0.859999955       1.41166151    
  0.870000005       1.43231547    
  0.879999995       1.45337224    
  0.889999986       1.47478282    
  0.899999976       1.49649501    
  0.909999967       1.51843655    
  0.919999957       1.54051137    
  0.930000007       1.56260145    
  0.939999998       1.58455050    
  0.949999988       1.60616243    
  0.959999979       1.62717497    
  0.969999969       1.64725065    
  0.979999959       1.66595578    
  0.989999950       1.68270993    
   1.00000000       1.69675291    
   1.00999999       1.70840108    
   1.01999998       1.71930301    
   1.02999997       1.72984767    
   1.03999996       1.74019635    
   1.04999995       1.75043833    
   1.05999994       1.76062226    
   1.06999993       1.77078187    
   1.07999992       1.78094375    
   1.09000003       1.79111624    
   1.10000002       1.80131197    
   1.11000001       1.81154168    
   1.12000000       1.82180703    
   1.13000000       1.83211195    
   1.13999999       1.84246051    
   1.14999998       1.85285485    
   1.15999997       1.86329377    
   1.16999996       1.87378359    
   1.17999995       1.88431990    
   1.18999994       1.89490664    
   1.19999993       1.90554011    
   1.20999992       1.91622531    
   1.22000003       1.92695999    
   1.23000002       1.93774307    
   1.24000001       1.94857562    
   1.25000000       1.95945835    
   1.25999999       1.97038972    
   1.26999998       1.98137116    
   1.27999997       1.99240017    
   1.28999996       2.00347996    
   1.29999995       2.01460814    
   1.30999994       2.02578259    
   1.31999993       2.03700519    
   1.32999992       2.04827738    
   1.33999991       2.05959773    
   1.35000002       2.07096457    
   1.36000001       2.08237982    
   1.37000000       2.09383655    
   1.38000000       2.10534859    
   1.38999999       2.11690283    
   1.39999998       2.12849998    
   1.40999997       2.14014769    
   1.41999996       2.15183759    
   1.42999995       2.16357231    
   1.43999994       2.17535305    
   1.44999993       2.18717647    
   1.45999992       2.19904780    
   1.46999991       2.21095896    
   1.48000002       2.22291470    
   1.49000001       2.23491073    
   1.50000000       2.24694943    
   1.50999999       2.25902772    
   1.51999998       2.27115059    
   1.52999997       2.28330803    
   1.53999996       2.29551125    
   1.54999995       2.30774856    
   1.55999994       2.32002425    
   1.56999993       2.33233833    
   1.57999992       2.34468865    
   1.58999991       2.35707378    
   1.59999990       2.36949158    
   1.61000001       2.38194418    
   1.62000000       2.39442515    
   1.63000000       2.40694189    
   1.63999999       2.41948485    
   1.64999998       2.43205786    
   1.65999997       2.44465685    
   1.66999996       2.45728159    
   1.67999995       2.46992946    
   1.68999994       2.48259950    
   1.69999993       2.49528646    
   1.70999992       2.50799370    
   1.71999991       2.52071786    
   1.73000002       2.53345418    
   1.74000001       2.54620218    
   1.75000000       2.55895901    
   1.75999999       2.57172084    
   1.76999998       2.58448720    
   1.77999997       2.59725237    
   1.78999996       2.61001801    
   1.79999995       2.62277055    
   1.80999994       2.63551807    
   1.81999993       2.64825034    
   1.82999992       2.66096163    
   1.83999991       2.67365193    
   1.84999990       2.68631601    
   1.86000001       2.69894481    
   1.87000000       2.71153474    
   1.88000000       2.72408533    
   1.88999999       2.73658204    
   1.89999998       2.74902177    
   1.90999997       2.76140213    
   1.91999996       2.77370858    
   1.92999995       2.78593612    
   1.93999994       2.79807687    
   1.94999993       2.81012321    
   1.95999992       2.82206202    
   1.96999991       2.83388233    
   1.97999990       2.84557915    
   1.99000001       2.85713387    
   2.00000000       2.86853695    
   2.00999999       2.87966347    
   2.01999998       2.89048100    
   2.02999997       2.90105438    
   2.03999996       2.91142893    
   2.04999995       2.92163372    
   2.05999994       2.93169379    
   2.06999993       2.94162679    
   2.07999992       2.95144629    
   2.08999991       2.96116352    
   2.09999990       2.97079349    
   2.10999990       2.98034048    
   2.11999989       2.98981404    
   2.12999988       2.99922276    
   2.13999987       3.00856996    
   2.14999986       3.01786089    
   2.15999985       3.02709794    
   2.16999984       3.03629065    
   2.18000007       3.04544020    
   2.19000006       3.05454874    
   2.20000005       3.06361580    
   2.21000004       3.07265091    
   2.22000003       3.08165121    
   2.23000002       3.09062195    
   2.24000001       3.09956264    
   2.25000000       3.10847831    
   2.25999999       3.11736703    
   2.26999998       3.12623191    
   2.27999997       3.13507175    
   2.28999996       3.14389491    
   2.29999995       3.15269756    
   2.30999994       3.16147709    
   2.31999993       3.17024088    
   2.32999992       3.17898774    
   2.33999991       3.18771458    
   2.34999990       3.19643402    
   2.35999990       3.20513296    
   2.36999989       3.21381903    
   2.37999988       3.22249198    
   2.38999987       3.23115134    
   2.39999986       3.23980045    
   2.40999985       3.24843621    
   2.41999984       3.25706077    
   2.42999983       3.26567316    
   2.44000006       3.27427769    
   2.45000005       3.28287506    
   2.46000004       3.29146004    
   2.47000003       3.30003381    
   2.48000002       3.30860114    
   2.49000001       3.31716061    
   2.50000000       3.32571149    
   2.50999999       3.33425498    
   2.51999998       3.34279013    
   2.52999997       3.35132051    
   2.53999996       3.35984182    
   2.54999995       3.36835670    
   2.55999994       3.37685180    
   2.56999993       3.38536620    
   2.57999992       3.39386630    
   2.58999991       3.40235472    
   2.59999990       3.41084146    
   2.60999990       3.41932154    
   2.61999989       3.42779541    
   2.62999988       3.43626499    
   2.63999987       3.44473004    
   2.64999986       3.45319057    
   2.65999985       3.46164560    
   2.66999984       3.47009659    
   2.67999983       3.47854304    
   2.69000006       3.48698759    
   2.70000005       3.49542713    
   2.71000004       3.50386071    
   2.72000003       3.51229286    
   2.73000002       3.52072072    
   2.74000001       3.52914453    
   2.75000000       3.53756428    
   2.75999999       3.54598117    
   2.76999998       3.55439425    
   2.77999997       3.56280422    
   2.78999996       3.57121325    
   2.79999995       3.57961440    
   2.80999994       3.58801866    
   2.81999993       3.59641576    
   2.82999992       3.60481167    
   2.83999991       3.61320305    
   2.84999990       3.62159443    
   2.85999990       3.62997937    
   2.86999989       3.63836503    
   2.87999988       3.64675045    
   2.88999987       3.65512848    
   2.89999986       3.66350698    
   2.90999985       3.67187905    
   2.91999984       3.68025565    
   2.92999983       3.68862438    
   2.93999982       3.69699192    
   2.95000005       3.70535922    
   2.96000004       3.71372414    
   2.97000003       3.72208643    
   2.98000002       3.73044777    
   2.99000001       3.73880506    
   3.00000000       3.74716353    
   3.00999999       3.75551796    
   3.01999998       3.76387072    
   3.02999997       3.77221870    
   3.03999996       3.78057003    
   3.04999995       3.78891683    
   3.05999994       3.79726267    
   3.06999993       3.80560708    
   3.07999992       3.81395078    
   3.08999991       3.82229090    
   3.09999990       3.83063102    
   3.10999990       3.83896804    
   3.11999989       3.84730411    
   3.12999988       3.85563803    
   3.13999987       3.86397338    
   3.14999986       3.87230277    
   3.15999985       3.88063407    
   3.16999984       3.88896394    
   3.17999983       3.89728904    
   3.18999982       3.90561700    
   3.19999981       3.91394091    
   3.21000004       3.92226791    
   3.22000003       3.93058896    
   3.23000002       3.93891001    
   3.24000001       3.94723153    
   3.25000000       3.95554781    
   3.25999999       3.96386576    
   3.26999998       3.97218299    
   3.27999997       3.98049855    
   3.28999996       3.98881269    
   3.29999995       3.99712491    
   3.30999994       4.00544024    
   3.31999993       4.01374674    
   3.32999992       4.02206039    
   3.33999991       4.03036737    
   3.34999990       4.03867245    
   3.35999990       4.04697943    
   3.36999989       4.05528116    
   3.37999988       4.06358624    
   3.38999987       4.07188892    
   3.39999986       4.08019352    
   3.40999985       4.08849573    
   3.41999984       4.09679461    
   3.42999983       4.10509539    
   3.43999982       4.11339235    
   3.44999981       4.12168884    
   3.46000004       4.12998819    
   3.47000003       4.13828611    
   3.48000002       4.14657640    
   3.49000001       4.15486765    
   3.50000000       4.16316223    
   3.50999999       4.17145300    
