   9.99999978E-03   6.61410333E-04
   1.99999996E-02   1.12074031E-03
   2.99999993E-02   1.52757973E-03
   3.99999991E-02   1.90764363E-03
   4.99999970E-02   2.21640151E-03
   5.99999987E-02   2.70175398E-03
   7.00000003E-02   3.36511550E-03
   7.99999982E-02   4.31884266E-03
   8.99999961E-02   6.19384414E-03
   9.99999940E-02   9.39786807E-03
  0.109999999       1.42149851E-02
  0.119999997       2.03161482E-02
  0.129999995       2.79601272E-02
  0.140000001       3.73940356E-02
  0.149999991       4.88633476E-02
  0.159999996       6.15170747E-02
  0.170000002       7.44117722E-02
  0.179999992       9.20029432E-02
  0.189999998      0.106372580    
  0.199999988      0.127787024    
  0.209999993      0.143302262    
  0.219999999      0.165668845    
  0.229999989      0.188712820    
  0.239999995      0.204535306    
  0.250000000      0.229760438    
  0.259999990      0.258471102    
  0.269999981      0.277868390    
  0.280000001      0.293520361    
  0.289999992      0.322100997    
  0.299999982      0.354826331    
  0.310000002      0.382353425    
  0.319999993      0.399550468    
  0.329999983      0.412302494    
  0.340000004      0.437912375    
  0.349999994      0.470379114    
  0.359999985      0.504617810    
  0.370000005      0.536552548    
  0.379999995      0.561122239    
  0.389999986      0.574656665    
  0.399999976      0.583163619    
  0.409999996      0.602919281    
  0.419999987      0.628608108    
  0.429999977      0.658053577    
  0.439999998      0.690133333    
  0.449999988      0.723629057    
  0.459999979      0.756843626    
  0.469999999      0.787292063    
  0.479999989      0.811606705    
  0.489999980      0.826257765    
  0.500000000      0.831592500    
  0.509999990      0.841784239    
  0.519999981      0.856830478    
  0.529999971      0.874876201    
  0.539999962      0.895292282    
  0.550000012      0.917742729    
  0.560000002      0.942003489    
  0.569999993      0.967885137    
  0.579999983      0.995187104    
  0.589999974       1.02366388    
  0.599999964       1.05297947    
  0.610000014       1.08265996    
  0.620000005       1.11203277    
  0.629999995       1.14013839    
  0.639999986       1.16562963    
  0.649999976       1.18670714    
  0.659999967       1.20121670    
  0.669999957       1.20876038    
  0.680000007       1.21705425    
  0.689999998       1.22687912    
  0.699999988       1.23784065    
  0.709999979       1.24974501    
  0.719999969       1.26246691    
  0.729999959       1.27592528    
  0.740000010       1.29006302    
  0.750000000       1.30483413    
  0.759999990       1.32020366    
  0.769999981       1.33614707    
  0.779999971       1.35264349    
  0.789999962       1.36967468    
  0.799999952       1.38722312    
  0.810000002       1.40527606    
  0.819999993       1.42381322    
  0.829999983       1.44282305    
  0.839999974       1.46228456    
  0.849999964       1.48218000    
  0.859999955       1.50248098    
  0.870000005       1.52315736    
  0.879999995       1.54416561    
  0.889999986       1.56547153    
  0.899999976       1.58700204    
  0.909999967       1.60868597    
  0.919999957       1.63043058    
  0.930000007       1.65211856    
  0.939999998       1.67359746    
  0.949999988       1.69468307    
  0.959999979       1.71513271    
  0.969999969       1.73464310    
  0.979999959       1.75282979    
  0.989999950       1.76918852    
   1.00000000       1.78307343    
   1.00999999       1.79481781    
   1.01999998       1.80589402    
   1.02999997       1.81665194    
   1.03999996       1.82723331    
   1.04999995       1.83771896    
   1.05999994       1.84815717    
   1.06999993       1.85857821    
   1.07999992       1.86899865    
   1.09000003       1.87943459    
   1.10000002       1.88989615    
   1.11000001       1.90038645    
   1.12000000       1.91091478    
   1.13000000       1.92148030    
   1.13999999       1.93209064    
   1.14999998       1.94274080    
   1.15999997       1.95343757    
   1.16999996       1.96417987    
   1.17999995       1.97496796    
   1.18999994       1.98580360    
   1.19999993       1.99668407    
   1.20999992       2.00761127    
   1.22000003       2.01858544    
   1.23000002       2.02960682    
   1.24000001       2.04067397    
   1.25000000       2.05178571    
   1.25999999       2.06294656    
   1.26999998       2.07415271    
   1.27999997       2.08540535    
   1.28999996       2.09670067    
   1.29999995       2.10803986    
   1.30999994       2.11943054    
   1.31999993       2.13085890    
   1.32999992       2.14233422    
   1.33999991       2.15385222    
   1.35000002       2.16541433    
   1.36000001       2.17702031    
   1.37000000       2.18866777    
   1.38000000       2.20035696    
   1.38999999       2.21209073    
   1.39999998       2.22386265    
   1.40999997       2.23567843    
   1.41999996       2.24753499    
   1.42999995       2.25943279    
   1.43999994       2.27136850    
   1.44999993       2.28334379    
   1.45999992       2.29535842    
   1.46999991       2.30741239    
   1.48000002       2.31950307    
   1.49000001       2.33163118    
   1.50000000       2.34379411    
   1.50999999       2.35599518    
   1.51999998       2.36823010    
   1.52999997       2.38050103    
   1.53999996       2.39280415    
   1.54999995       2.40514064    
   1.55999994       2.41750836    
   1.56999993       2.42990565    
   1.57999992       2.44233775    
   1.58999991       2.45479512    
   1.59999990       2.46728301    
   1.61000001       2.47979546    
   1.62000000       2.49233580    
   1.63000000       2.50489736    
   1.63999999       2.51748514    
   1.64999998       2.53009462    
   1.65999997       2.54272199    
   1.66999996       2.55536890    
   1.67999995       2.56803250    
   1.68999994       2.58071160    
   1.69999993       2.59340310    
   1.70999992       2.60610628    
   1.71999991       2.61882257    
   1.73000002       2.63154054    
   1.74000001       2.64426351    
   1.75000000       2.65699053    
   1.75999999       2.66971493    
   1.76999998       2.68243599    
   1.77999997       2.69515347    
   1.78999996       2.70785952    
   1.79999995       2.72054982    
   1.80999994       2.73322463    
   1.81999993       2.74588251    
   1.82999992       2.75851488    
   1.83999991       2.77111888    
   1.84999990       2.78369117    
   1.86000001       2.79622316    
   1.87000000       2.80871272    
   1.88000000       2.82115459    
   1.88999999       2.83354402    
   1.89999998       2.84587383    
   1.90999997       2.85813808    
   1.91999996       2.87032628    
   1.92999995       2.88242388    
   1.93999994       2.89446187    
   1.94999993       2.90638781    
   1.95999992       2.91821051    
   1.96999991       2.92992115    
   1.97999990       2.94150448    
   1.99000001       2.95295596    
   2.00000000       2.96426392    
   2.00999999       2.97531009    
   2.01999998       2.98606586    
   2.02999997       2.99659991    
   2.03999996       3.00694919    
   2.04999995       3.01714325    
   2.05999994       3.02719951    
   2.06999993       3.03714108    
   2.07999992       3.04697800    
   2.08999991       3.05672383    
   2.09999990       3.06638265    
   2.10999990       3.07596922    
   2.11999989       3.08548808    
   2.12999988       3.09494758    
   2.13999987       3.10434628    
   2.14999986       3.11369896    
   2.15999985       3.12299967    
   2.16999984       3.13226128    
   2.18000007       3.14147830    
   2.19000006       3.15065932    
   2.20000005       3.15980411    
   2.21000004       3.16891861    
   2.22000003       3.17800069    
   2.23000002       3.18706012    
   2.24000001       3.19608450    
   2.25000000       3.20508623    
   2.25999999       3.21406460    
   2.26999998       3.22302270    
   2.27999997       3.23195887    
   2.28999996       3.24087501    
   2.29999995       3.24977303    
   2.30999994       3.25865293    
   2.31999993       3.26751566    
   2.32999992       3.27636170    
   2.33999991       3.28519392    
   2.34999990       3.29401374    
   2.35999990       3.30281568    
   2.36999989       3.31160712    
   2.37999988       3.32038593    
   2.38999987       3.32915497    
   2.39999986       3.33790922    
   2.40999985       3.34665298    
   2.41999984       3.35538769    
   2.42999983       3.36411452    
   2.44000006       3.37282610    
   2.45000005       3.38153243    
   2.46000004       3.39022970    
   2.47000003       3.39891577    
   2.48000002       3.40759850    
   2.49000001       3.41626954    
   2.50000000       3.42493677    
   2.50999999       3.43359160    
   2.51999998       3.44224477    
   2.52999997       3.45088863    
   2.53999996       3.45952487    
   2.54999995       3.46815753    
   2.55999994       3.47676992    
   2.56999993       3.48540330    
   2.57999992       3.49401927    
   2.58999991       3.50262809    
   2.59999990       3.51122975    
   2.60999990       3.51983142    
   2.61999989       3.52842212    
   2.62999988       3.53701043    
   2.63999987       3.54559803    
   2.64999986       3.55417705    
   2.65999985       3.56275082    
   2.66999984       3.57132316    
   2.67999983       3.57989335    
   2.69000006       3.58845663    
   2.70000005       3.59701586    
   2.71000004       3.60557175    
   2.72000003       3.61412406    
   2.73000002       3.62267232    
   2.74000001       3.63121963    
   2.75000000       3.63976192    
   2.75999999       3.64830112    
   2.76999998       3.65683651    
   2.77999997       3.66536975    
   2.78999996       3.67389703    
   2.79999995       3.68242526    
   2.80999994       3.69095039    
   2.81999993       3.69947290    
   2.82999992       3.70799136    
   2.83999991       3.71650863    
   2.84999990       3.72502232    
   2.85999990       3.73353314    
   2.86999989       3.74203968    
   2.87999988       3.75054669    
   2.88999987       3.75905204    
   2.89999986       3.76755381    
   2.90999985       3.77605438    
   2.91999984       3.78455043    
   2.92999983       3.79304767    
   2.93999982       3.80154014    
   2.95000005       3.81003022    
   2.96000004       3.81852031    
   2.97000003       3.82700372    
   2.98000002       3.83549309    
   2.99000001       3.84397650    
   3.00000000       3.85245967    
   3.00999999       3.86093998    
   3.01999998       3.86941671    
   3.02999997       3.87789369    
   3.03999996       3.88636971    
   3.04999995       3.89484262    
   3.05999994       3.90331602    
   3.06999993       3.91178608    
   3.07999992       3.92025208    
   3.08999991       3.92872119    
   3.09999990       3.93718624    
   3.10999990       3.94564939    
   3.11999989       3.95411158    
   3.12999988       3.96257496    
   3.13999987       3.97103310    
   3.14999986       3.97949004    
   3.15999985       3.98794913    
   3.16999984       3.99640560    
   3.17999983       4.00485754    
   3.18999982       4.01331234    
   3.19999981       4.02176142    
   3.21000004       4.03021288    
   3.22000003       4.03866196    
   3.23000002       4.04711103    
   3.24000001       4.05555868    
   3.25000000       4.06400490    
   3.25999999       4.07244682    
   3.26999998       4.08089066    
   3.27999997       4.08933496    
   3.28999996       4.09777403    
   3.29999995       4.10621309    
   3.30999994       4.11465406    
   3.31999993       4.12309361    
   3.32999992       4.13152742    
   3.33999991       4.13996601    
   3.34999990       4.14839745    
   3.35999990       4.15683413    
   3.36999989       4.16526508    
   3.37999988       4.17369795    
   3.38999987       4.18213081    
   3.39999986       4.19055748    
   3.40999985       4.19898844    
   3.41999984       4.20741701    
   3.42999983       4.21584272    
   3.43999982       4.22426844    
   3.44999981       4.23269558    
   3.46000004       4.24111891    
   3.47000003       4.24954128    
   3.48000002       4.25796270    
   3.49000001       4.26638746    
   3.50000000       4.27480888    
   3.50999999       4.28322935    
