   9.99999978E-03   6.61613361E-04
   1.99999996E-02   1.12610136E-03
   2.99999993E-02   1.52909500E-03
   3.99999991E-02   1.90690416E-03
   4.99999970E-02   2.23307312E-03
   5.99999987E-02   2.73045548E-03
   7.00000003E-02   3.48556251E-03
   7.99999982E-02   4.60208906E-03
   8.99999961E-02   6.73140958E-03
   9.99999940E-02   1.03209009E-02
  0.109999999       1.56797208E-02
  0.119999997       2.23847646E-02
  0.129999995       3.07531264E-02
  0.140000001       4.09973152E-02
  0.149999991       5.33733368E-02
  0.159999996       6.70054108E-02
  0.170000002       8.07300359E-02
  0.179999992       9.93649065E-02
  0.189999998      0.114611804    
  0.199999988      0.137086734    
  0.209999993      0.153339282    
  0.219999999      0.176856488    
  0.229999989      0.200651914    
  0.239999995      0.217190936    
  0.250000000      0.243516922    
  0.259999990      0.273021817    
  0.269999981      0.292898387    
  0.280000001      0.309264898    
  0.289999992      0.338820785    
  0.299999982      0.372308403    
  0.310000002      0.400275350    
  0.319999993      0.417800039    
  0.329999983      0.431123734    
  0.340000004      0.457486600    
  0.349999994      0.490653753    
  0.359999985      0.525432706    
  0.370000005      0.557691097    
  0.379999995      0.582424760    
  0.389999986      0.596185386    
  0.399999976      0.605145395    
  0.409999996      0.625395596    
  0.419999987      0.651577115    
  0.429999977      0.681479156    
  0.439999998      0.713941276    
  0.449999988      0.747716188    
  0.459999979      0.781081676    
  0.469999999      0.811560512    
  0.479999989      0.835857093    
  0.489999980      0.850599110    
  0.500000000      0.856273413    
  0.509999990      0.866796613    
  0.519999981      0.882140398    
  0.529999971      0.900479674    
  0.539999962      0.921161950    
  0.550000012      0.943875849    
  0.560000002      0.968367159    
  0.569999993      0.994443655    
  0.579999983       1.02189887    
  0.589999974       1.05047512    
  0.599999964       1.07983291    
  0.610000014       1.10948896    
  0.620000005       1.13877010    
  0.629999995       1.16672862    
  0.639999986       1.19205332    
  0.649999976       1.21300161    
  0.659999967       1.22752690    
  0.669999957       1.23530447    
  0.680000007       1.24383152    
  0.689999998       1.25386119    
  0.699999988       1.26501203    
  0.709999979       1.27709389    
  0.719999969       1.28998518    
  0.729999959       1.30360520    
  0.740000010       1.31789422    
  0.750000000       1.33280885    
  0.759999990       1.34831643    
  0.769999981       1.36438692    
  0.779999971       1.38100243    
  0.789999962       1.39814007    
  0.799999952       1.41578507    
  0.810000002       1.43392050    
  0.819999993       1.45253146    
  0.829999983       1.47159719    
  0.839999974       1.49110305    
  0.849999964       1.51102459    
  0.859999955       1.53133380    
  0.870000005       1.55199909    
  0.879999995       1.57298148    
  0.889999986       1.59423280    
  0.899999976       1.61568999    
  0.909999967       1.63728011    
  0.919999957       1.65890777    
  0.930000007       1.68045890    
  0.939999998       1.70178151    
  0.949999988       1.72269547    
  0.959999979       1.74296713    
  0.969999969       1.76230252    
  0.979999959       1.78032684    
  0.989999950       1.79656398    
   1.00000000       1.81040311    
   1.00999999       1.82217407    
   1.01999998       1.83330059    
   1.02999997       1.84411871    
   1.03999996       1.85477018    
   1.04999995       1.86532867    
   1.05999994       1.87584257    
   1.06999993       1.88633859    
   1.07999992       1.89683723    
   1.09000003       1.90735281    
   1.10000002       1.91789019    
   1.11000001       1.92846203    
   1.12000000       1.93906617    
   1.13000000       1.94971192    
   1.13999999       1.96039665    
   1.14999998       1.97112489    
   1.15999997       1.98189783    
   1.16999996       1.99271441    
   1.17999995       2.00357652    
   1.18999994       2.01448417    
   1.19999993       2.02543759    
   1.20999992       2.03643775    
   1.22000003       2.04748321    
   1.23000002       2.05857229    
   1.24000001       2.06970930    
   1.25000000       2.08089042    
   1.25999999       2.09211707    
   1.26999998       2.10338712    
   1.27999997       2.11470246    
   1.28999996       2.12606168    
   1.29999995       2.13746715    
   1.30999994       2.14891505    
   1.31999993       2.16040397    
   1.32999992       2.17193699    
   1.33999991       2.18351483    
   1.35000002       2.19513345    
   1.36000001       2.20679283    
   1.37000000       2.21849489    
   1.38000000       2.23023772    
   1.38999999       2.24202037    
   1.39999998       2.25384521    
   1.40999997       2.26570702    
   1.41999996       2.27760887    
   1.42999995       2.28955245    
   1.43999994       2.30153060    
   1.44999993       2.31355023    
   1.45999992       2.32560468    
   1.46999991       2.33769774    
   1.48000002       2.34982300    
   1.49000001       2.36198831    
   1.50000000       2.37418604    
   1.50999999       2.38642001    
   1.51999998       2.39868665    
   1.52999997       2.41098475    
   1.53999996       2.42331648    
   1.54999995       2.43567824    
   1.55999994       2.44806981    
   1.56999993       2.46049190    
   1.57999992       2.47293997    
   1.58999991       2.48541999    
   1.59999990       2.49792051    
   1.61000001       2.51044822    
   1.62000000       2.52300262    
   1.63000000       2.53557658    
   1.63999999       2.54817200    
   1.64999998       2.56078744    
   1.65999997       2.57341886    
   1.66999996       2.58606982    
   1.67999995       2.59873295    
   1.68999994       2.61141109    
   1.69999993       2.62410188    
   1.70999992       2.63679981    
   1.71999991       2.64950681    
   1.73000002       2.66221476    
   1.74000001       2.67492795    
   1.75000000       2.68764091    
   1.75999999       2.70035005    
   1.76999998       2.71305680    
   1.77999997       2.72575068    
   1.78999996       2.73843789    
   1.79999995       2.75110841    
   1.80999994       2.76376033    
   1.81999993       2.77638912    
   1.82999992       2.78899407    
   1.83999991       2.80156994    
   1.84999990       2.81411171    
   1.86000001       2.82661247    
   1.87000000       2.83907032    
   1.88000000       2.85147810    
   1.88999999       2.86383224    
   1.89999998       2.87612724    
   1.90999997       2.88835263    
   1.91999996       2.90050435    
   1.92999995       2.91258025    
   1.93999994       2.92456675    
   1.94999993       2.93645763    
   1.95999992       2.94824195    
   1.96999991       2.95991802    
   1.97999990       2.97147012    
   1.99000001       2.98289084    
   2.00000000       2.99416757    
   2.00999999       3.00519204    
   2.01999998       3.01593304    
   2.02999997       3.02645421    
   2.03999996       3.03679466    
   2.04999995       3.04698586    
   2.05999994       3.05704427    
   2.06999993       3.06698537    
   2.07999992       3.07682943    
   2.08999991       3.08658218    
   2.09999990       3.09625340    
   2.10999990       3.10585451    
   2.11999989       3.11538625    
   2.12999988       3.12486076    
   2.13999987       3.13427901    
   2.14999986       3.14364791    
   2.15999985       3.15297055    
   2.16999984       3.16225052    
   2.18000007       3.17149115    
   2.19000006       3.18069196    
   2.20000005       3.18986416    
   2.21000004       3.19900179    
   2.22000003       3.20811081    
   2.23000002       3.21719503    
   2.24000001       3.22624588    
   2.25000000       3.23527598    
   2.25999999       3.24428582    
   2.26999998       3.25326824    
   2.27999997       3.26223564    
   2.28999996       3.27117944    
   2.29999995       3.28010964    
   2.30999994       3.28902006    
   2.31999993       3.29791570    
   2.32999992       3.30679250    
   2.33999991       3.31565666    
   2.34999990       3.32450342    
   2.35999990       3.33333993    
   2.36999989       3.34216785    
   2.37999988       3.35097814    
   2.38999987       3.35977697    
   2.39999986       3.36856747    
   2.40999985       3.37734389    
   2.41999984       3.38611245    
   2.42999983       3.39487123    
   2.44000006       3.40362000    
   2.45000005       3.41236067    
   2.46000004       3.42109060    
   2.47000003       3.42981553    
   2.48000002       3.43853021    
   2.49000001       3.44723821    
   2.50000000       3.45594049    
   2.50999999       3.46463370    
   2.51999998       3.47331977    
   2.52999997       3.48199916    
   2.53999996       3.49067187    
   2.54999995       3.49933982    
   2.55999994       3.50798917    
   2.56999993       3.51665735    
   2.57999992       3.52530861    
   2.58999991       3.53395677    
   2.59999990       3.54259443    
   2.60999990       3.55123162    
   2.61999989       3.55986094    
   2.62999988       3.56848717    
   2.63999987       3.57710695    
   2.64999986       3.58572507    
   2.65999985       3.59433866    
   2.66999984       3.60294843    
   2.67999983       3.61155081    
   2.69000006       3.62015414    
   2.70000005       3.62875175    
   2.71000004       3.63734317    
   2.72000003       3.64593387    
   2.73000002       3.65448499    
   2.74000001       3.66310310    
   2.75000000       3.67168403    
   2.75999999       3.68026114    
   2.76999998       3.68883371    
   2.77999997       3.69740534    
   2.78999996       3.70597625    
   2.79999995       3.71453786    
   2.80999994       3.72309947    
   2.81999993       3.73166013    
   2.82999992       3.74021816    
   2.83999991       3.74877286    
   2.84999990       3.75732732    
   2.85999990       3.76587367    
   2.86999989       3.77441812    
   2.87999988       3.78296590    
   2.88999987       3.79150939    
   2.89999986       3.80004811    
   2.90999985       3.80858684    
   2.91999984       3.81712508    
   2.92999983       3.82565618    
   2.93999982       3.83418965    
   2.95000005       3.84271669    
   2.96000004       3.85124731    
   2.97000003       3.85977292    
   2.98000002       3.86829710    
   2.99000001       3.87681937    
   3.00000000       3.88534117    
   3.00999999       3.89385891    
   3.01999998       3.90237713    
   3.02999997       3.91089249    
   3.03999996       3.91940522    
   3.04999995       3.92791891    
   3.05999994       3.93642640    
   3.06999993       3.94493604    
   3.07999992       3.95344329    
   3.08999991       3.96194959    
   3.09999990       3.97045422    
   3.10999990       3.97895646    
   3.11999989       3.98746014    
   3.12999988       3.99595737    
   3.13999987       4.00445795    
   3.14999986       4.01295471    
   3.15999985       4.02145004    
   3.16999984       4.02994537    
   3.17999983       4.03843975    
   3.18999982       4.04693413    
   3.19999981       4.05542374    
   3.21000004       4.06391144    
   3.22000003       4.07239962    
   3.23000002       4.08088636    
   3.24000001       4.08937359    
   3.25000000       4.09785748    
   3.25999999       4.10634232    
   3.26999998       4.11482525    
   3.27999997       4.12330627    
   3.28999996       4.13178635    
   3.29999995       4.14026546    
   3.30999994       4.14874506    
   3.31999993       4.15722227    
   3.32999992       4.16569614    
   3.33999991       4.17417002    
   3.34999990       4.18264484    
   3.35999990       4.19112062    
   3.36999989       4.19959164    
   3.37999988       4.20806313    
   3.38999987       4.21653271    
   3.39999986       4.22500229    
   3.40999985       4.23347044    
   3.41999984       4.24193716    
   3.42999983       4.25040627    
   3.43999982       4.25887156    
   3.44999981       4.26733589    
   3.46000004       4.27579927    
   3.47000003       4.28426123    
   3.48000002       4.29272175    
   3.49000001       4.30118465    
   3.50000000       4.30964422    
   3.50999999       4.31810427    
