   9.99999978E-03   6.63144514E-04
   1.99999996E-02   1.14403130E-03
   2.99999993E-02   1.53719739E-03
   3.99999991E-02   1.90822687E-03
   4.99999970E-02   2.29213503E-03
   5.99999987E-02   2.85863457E-03
   7.00000003E-02   3.95456189E-03
   7.99999982E-02   5.67946956E-03
   8.99999961E-02   8.72945134E-03
   9.99999940E-02   1.36341630E-02
  0.109999999       2.08193492E-02
  0.119999997       2.94905957E-02
  0.129999995       4.01825495E-02
  0.140000001       5.29715605E-02
  0.149999991       6.81676045E-02
  0.159999996       8.47884789E-02
  0.170000002      0.101049773    
  0.179999992      0.122748941    
  0.189999998      0.140661269    
  0.199999988      0.166179866    
  0.209999993      0.184635922    
  0.219999999      0.211468950    
  0.229999989      0.237364933    
  0.239999995      0.256025910    
  0.250000000      0.285463065    
  0.259999990      0.317126840    
  0.269999981      0.338367581    
  0.280000001      0.356808841    
  0.289999992      0.389053136    
  0.299999982      0.424570352    
  0.310000002      0.453695625    
  0.319999993      0.472167164    
  0.329999983      0.487131834    
  0.340000004      0.515549183    
  0.349999994      0.550571978    
  0.359999985      0.586729884    
  0.370000005      0.619782865    
  0.379999995      0.644939721    
  0.389999986      0.659365296    
  0.399999976      0.669617116    
  0.409999996      0.691211641    
  0.419999987      0.718693972    
  0.429999977      0.749769449    
  0.439999998      0.783186018    
  0.449999988      0.817612231    
  0.459999979      0.851280630    
  0.469999999      0.881762803    
  0.479999989      0.905982852    
  0.489999980      0.921005547    
  0.500000000      0.927645922    
  0.509999990      0.939088941    
  0.519999981      0.955252647    
  0.529999971      0.974353671    
  0.539999962      0.995760262    
  0.550000012       1.01911712    
  0.560000002       1.04417491    
  0.569999993       1.07071626    
  0.579999983       1.09850883    
  0.589999974       1.12727630    
  0.599999964       1.15665412    
  0.610000014       1.18615377    
  0.620000005       1.21511447    
  0.629999995       1.24261808    
  0.639999986       1.26744735    
  0.649999976       1.28803384    
  0.659999967       1.30261230    
  0.669999957       1.31104279    
  0.680000007       1.32020187    
  0.689999998       1.33079159    
  0.699999988       1.34245920    
  0.709999979       1.35502112    
  0.719999969       1.36836457    
  0.729999959       1.38241112    
  0.740000010       1.39710104    
  0.750000000       1.41239202    
  0.759999990       1.42824960    
  0.769999981       1.44464517    
  0.779999971       1.46155298    
  0.789999962       1.47895718    
  0.799999952       1.49683511    
  0.810000002       1.51516736    
  0.819999993       1.53393674    
  0.829999983       1.55312169    
  0.839999974       1.57270455    
  0.849999964       1.59265399    
  0.859999955       1.61294329    
  0.870000005       1.63353789    
  0.879999995       1.65439463    
  0.889999986       1.67546284    
  0.899999976       1.69668043    
  0.909999967       1.71797216    
  0.919999957       1.73924553    
  0.930000007       1.76038742    
  0.939999998       1.78125679    
  0.949999988       1.80168140    
  0.959999979       1.82144761    
  0.969999969       1.84029019    
  0.979999959       1.85787308    
  0.989999950       1.87378144    
   1.00000000       1.88748670    
   1.00999999       1.89932466    
   1.01999998       1.91058338    
   1.02999997       1.92156482    
   1.03999996       1.93239725    
   1.04999995       1.94314873    
   1.05999994       1.95386136    
   1.06999993       1.96456099    
   1.07999992       1.97526693    
   1.09000003       1.98598850    
   1.10000002       1.99673438    
   1.11000001       2.00751281    
   1.12000000       2.01832342    
   1.13000000       2.02917480    
   1.13999999       2.04006505    
   1.14999998       2.05099463    
   1.15999997       2.06196785    
   1.16999996       2.07298183    
   1.17999995       2.08404207    
   1.18999994       2.09514236    
   1.19999993       2.10628676    
   1.20999992       2.11747313    
   1.22000003       2.12870359    
   1.23000002       2.13997817    
   1.24000001       2.15129399    
   1.25000000       2.16265106    
   1.25999999       2.17405272    
   1.26999998       2.18549418    
   1.27999997       2.19697881    
   1.28999996       2.20850396    
   1.29999995       2.22006607    
   1.30999994       2.23167181    
   1.31999993       2.24331856    
   1.32999992       2.25500250    
   1.33999991       2.26672697    
   1.35000002       2.27848983    
   1.36000001       2.29028893    
   1.37000000       2.30212784    
   1.38000000       2.31400323    
   1.38999999       2.32591558    
   1.39999998       2.33786488    
   1.40999997       2.34985018    
   1.41999996       2.36186957    
   1.42999995       2.37392426    
   1.43999994       2.38601184    
   1.44999993       2.39813638    
   1.45999992       2.41029310    
   1.46999991       2.42248106    
   1.48000002       2.43470049    
   1.49000001       2.44695044    
   1.50000000       2.45923018    
   1.50999999       2.47154355    
   1.51999998       2.48388171    
   1.52999997       2.49624968    
   1.53999996       2.50864291    
   1.54999995       2.52106500    
   1.55999994       2.53351092    
   1.56999993       2.54598236    
   1.57999992       2.55847716    
   1.58999991       2.57099295    
   1.59999990       2.58352971    
   1.61000001       2.59608793    
   1.62000000       2.60866380    
   1.63000000       2.62125659    
   1.63999999       2.63386607    
   1.64999998       2.64648652    
   1.65999997       2.65912580    
   1.66999996       2.67177320    
   1.67999995       2.68442941    
   1.68999994       2.69709229    
   1.69999993       2.70976377    
   1.70999992       2.72243977    
   1.71999991       2.73511624    
   1.73000002       2.74779153    
   1.74000001       2.76046348    
   1.75000000       2.77313423    
   1.75999999       2.78579283    
   1.76999998       2.79844403    
   1.77999997       2.81108165    
   1.78999996       2.82370281    
   1.79999995       2.83630490    
   1.80999994       2.84888577    
   1.81999993       2.86143827    
   1.82999992       2.87395978    
   1.83999991       2.88644981    
   1.84999990       2.89890313    
   1.86000001       2.91131210    
   1.87000000       2.92367601    
   1.88000000       2.93598676    
   1.88999999       2.94824171    
   1.89999998       2.96043658    
   1.90999997       2.97255945    
   1.91999996       2.98461056    
   1.92999995       2.99658370    
   1.93999994       3.00846744    
   1.94999993       3.02025795    
   1.95999992       3.03194761    
   1.96999991       3.04352617    
   1.97999990       3.05498815    
   1.99000001       3.06632400    
   2.00000000       3.07752204    
   2.00999999       3.08848023    
   2.01999998       3.09917450    
   2.02999997       3.10966754    
   2.03999996       3.11999059    
   2.04999995       3.13017297    
   2.05999994       3.14023352    
   2.06999993       3.15018868    
   2.07999992       3.16004920    
   2.08999991       3.16982651    
   2.09999990       3.17952919    
   2.10999990       3.18916512    
   2.11999989       3.19873977    
   2.12999988       3.20825768    
   2.13999987       3.21772861    
   2.14999986       3.22714758    
   2.15999985       3.23652649    
   2.16999984       3.24586511    
   2.18000007       3.25516772    
   2.19000006       3.26443720    
   2.20000005       3.27367377    
   2.21000004       3.28287959    
   2.22000003       3.29206133    
   2.23000002       3.30121422    
   2.24000001       3.31034422    
   2.25000000       3.31945252    
   2.25999999       3.32853842    
   2.26999998       3.33760357    
   2.27999997       3.34665060    
   2.28999996       3.35568094    
   2.29999995       3.36468935    
   2.30999994       3.37368464    
   2.31999993       3.38266754    
   2.32999992       3.39163208    
   2.33999991       3.40058255    
   2.34999990       3.40952134    
   2.35999990       3.41844797    
   2.36999989       3.42736363    
   2.37999988       3.43626499    
   2.38999987       3.44515514    
   2.39999986       3.45403814    
   2.40999985       3.46290898    
   2.41999984       3.47177005    
   2.42999983       3.48062420    
   2.44000006       3.48946881    
   2.45000005       3.49830532    
   2.46000004       3.50713253    
   2.47000003       3.51595330    
   2.48000002       3.52476549    
   2.49000001       3.53357029    
   2.50000000       3.54237032    
   2.50999999       3.55116177    
   2.51999998       3.55994654    
   2.52999997       3.56872535    
   2.53999996       3.57749939    
   2.54999995       3.58626771    
   2.55999994       3.59502912    
   2.56999993       3.60378504    
   2.57999992       3.61253619    
   2.58999991       3.62128234    
   2.59999990       3.63002133    
   2.60999990       3.63876295    
   2.61999989       3.64749503    
   2.62999988       3.65621996    
   2.63999987       3.66494703    
   2.64999986       3.67366529    
   2.65999985       3.68238068    
   2.66999984       3.69109297    
   2.67999983       3.69979954    
   2.69000006       3.70850587    
   2.70000005       3.71720672    
   2.71000004       3.72590089    
   2.72000003       3.73459744    
   2.73000002       3.74328661    
   2.74000001       3.75197458    
   2.75000000       3.76065969    
   2.75999999       3.76933908    
   2.76999998       3.77801967    
   2.77999997       3.78669453    
   2.78999996       3.79536867    
   2.79999995       3.80403709    
   2.80999994       3.81270504    
   2.81999993       3.82136822    
   2.82999992       3.83003354    
   2.83999991       3.83869195    
   2.84999990       3.84734869    
   2.85999990       3.85600519    
   2.86999989       3.86465478    
   2.87999988       3.87330604    
   2.88999987       3.88195753    
   2.89999986       3.89060187    
   2.90999985       3.89924765    
   2.91999984       3.90788889    
   2.92999983       3.91653013    
   2.93999982       3.92516994    
   2.95000005       3.93380499    
   2.96000004       3.94243979    
   2.97000003       3.95107007    
   2.98000002       3.95970273    
   2.99000001       3.96833086    
   3.00000000       3.97695875    
   3.00999999       3.98558426    
   3.01999998       3.99420834    
   3.02999997       4.00283241    
   3.03999996       4.01145220    
   3.04999995       4.02006912    
   3.05999994       4.02868986    
   3.06999993       4.03730488    
   3.07999992       4.04592085    
   3.08999991       4.05453396    
   3.09999990       4.06314468    
   3.10999990       4.07175255    
   3.11999989       4.08036327    
   3.12999988       4.08897066    
   3.13999987       4.09757710    
   3.14999986       4.10618496    
   3.15999985       4.11478662    
   3.16999984       4.12338686    
   3.17999983       4.13198853    
   3.18999982       4.14059067    
   3.19999981       4.14918995    
   3.21000004       4.15778542    
   3.22000003       4.16638327    
   3.23000002       4.17497635    
   3.24000001       4.18357038    
   3.25000000       4.19216156    
   3.25999999       4.20075560    
   3.26999998       4.20934629    
   3.27999997       4.21793556    
   3.28999996       4.22652292    
   3.29999995       4.23511410    
   3.30999994       4.24369907    
   3.31999993       4.25228453    
   3.32999992       4.26086712    
   3.33999991       4.26945591    
   3.34999990       4.27803469    
   3.35999990       4.28661633    
   3.36999989       4.29519749    
   3.37999988       4.30377293    
   3.38999987       4.31235075    
   3.39999986       4.32093477    
   3.40999985       4.32951069    
   3.41999984       4.33808565    
   3.42999983       4.34665775    
   3.43999982       4.35523224    
   3.44999981       4.36380482    
   3.46000004       4.37237930    
   3.47000003       4.38094950    
   3.48000002       4.38951874    
   3.49000001       4.39809036    
   3.50000000       4.40666103    
   3.50999999       4.41522646    
