   9.99999978E-03   6.64109364E-04
   1.99999996E-02   1.14749419E-03
   2.99999993E-02   1.53949251E-03
   3.99999991E-02   1.90924166E-03
   4.99999970E-02   2.30575446E-03
   5.99999987E-02   2.89286557E-03
   7.00000003E-02   4.06845240E-03
   7.99999982E-02   5.93517441E-03
   8.99999961E-02   9.19431075E-03
   9.99999940E-02   1.43883154E-02
  0.109999999       2.19618157E-02
  0.119999997       3.10444906E-02
  0.129999995       4.22169082E-02
  0.140000001       5.55217043E-02
  0.149999991       7.12522790E-02
  0.159999996       8.84985477E-02
  0.170000002      0.105262630    
  0.179999992      0.127548814    
  0.189999998      0.145987421    
  0.199999988      0.172076881    
  0.209999993      0.190962300    
  0.219999999      0.218419477    
  0.229999989      0.244701669    
  0.239999995      0.263772517    
  0.250000000      0.293785244    
  0.259999990      0.325836003    
  0.269999981      0.347332239    
  0.280000001      0.366166413    
  0.289999992      0.398897588    
  0.299999982      0.434770733    
  0.310000002      0.464098155    
  0.319999993      0.482748777    
  0.329999983      0.498021930    
  0.340000004      0.526808441    
  0.349999994      0.562153876    
  0.359999985      0.598544180    
  0.370000005      0.631724775    
  0.379999995      0.656953931    
  0.389999986      0.671510339    
  0.399999976      0.682001054    
  0.409999996      0.703836024    
  0.419999987      0.731544971    
  0.429999977      0.762819052    
  0.439999998      0.796391904    
  0.449999988      0.830917299    
  0.459999979      0.864622772    
  0.469999999      0.895092368    
  0.479999989      0.919294536    
  0.489999980      0.934371889    
  0.500000000      0.941197634    
  0.509999990      0.952804327    
  0.519999981      0.969113290    
  0.529999971      0.988349855    
  0.539999962       1.00987816    
  0.550000012       1.03334475    
  0.560000002       1.05849433    
  0.569999993       1.08510792    
  0.579999983       1.11294818    
  0.589999974       1.14173543    
  0.599999964       1.17110407    
  0.610000014       1.20056212    
  0.620000005       1.22945178    
  0.629999995       1.25686204    
  0.639999986       1.28159535    
  0.649999976       1.30211914    
  0.659999967       1.31670797    
  0.669999957       1.32525563    
  0.680000007       1.33453023    
  0.689999998       1.34521937    
  0.699999988       1.35697985    
  0.709999979       1.36962807    
  0.719999969       1.38305068    
  0.729999959       1.39717126    
  0.740000010       1.41193318    
  0.750000000       1.42728817    
  0.759999990       1.44320464    
  0.769999981       1.45965433    
  0.779999971       1.47661293    
  0.789999962       1.49405730    
  0.799999952       1.51197171    
  0.810000002       1.53033483    
  0.819999993       1.54912627    
  0.829999983       1.56832695    
  0.839999974       1.58791733    
  0.849999964       1.60786569    
  0.859999955       1.62814522    
  0.870000005       1.64871860    
  0.879999995       1.66954577    
  0.889999986       1.69057453    
  0.899999976       1.71173871    
  0.909999967       1.73297346    
  0.919999957       1.75417686    
  0.930000007       1.77523935    
  0.939999998       1.79602277    
  0.949999988       1.81635582    
  0.959999979       1.83602977    
  0.969999969       1.85477960    
  0.979999959       1.87228227    
  0.989999950       1.88813019    
   1.00000000       1.90181184    
   1.00999999       1.91366053    
   1.01999998       1.92494345    
   1.02999997       1.93595219    
   1.03999996       1.94681644    
   1.04999995       1.95760155    
   1.05999994       1.96835053    
   1.06999993       1.97908509    
   1.07999992       1.98982596    
   1.09000003       2.00058413    
   1.10000002       2.01136708    
   1.11000001       2.02218151    
   1.12000000       2.03303027    
   1.13000000       2.04391551    
   1.13999999       2.05484223    
   1.14999998       2.06580496    
   1.15999997       2.07681727    
   1.16999996       2.08786631    
   1.17999995       2.09895658    
   1.18999994       2.11009288    
   1.19999993       2.12126827    
   1.20999992       2.13248897    
   1.22000003       2.14375186    
   1.23000002       2.15505743    
   1.24000001       2.16640425    
   1.25000000       2.17779255    
   1.25999999       2.18922472    
   1.26999998       2.20069599    
   1.27999997       2.21220922    
   1.28999996       2.22376108    
   1.29999995       2.23535275    
   1.30999994       2.24698639    
   1.31999993       2.25865841    
   1.32999992       2.27036834    
   1.33999991       2.28211689    
   1.35000002       2.29390240    
   1.36000001       2.30572748    
   1.37000000       2.31758976    
   1.38000000       2.32948709    
   1.38999999       2.34142017    
   1.39999998       2.35339355    
   1.40999997       2.36539555    
   1.41999996       2.37743783    
   1.42999995       2.38951135    
   1.43999994       2.40161800    
   1.44999993       2.41375637    
   1.45999992       2.42592859    
   1.46999991       2.43813252    
   1.48000002       2.45036840    
   1.49000001       2.46263313    
   1.50000000       2.47492862    
   1.50999999       2.48724842    
   1.51999998       2.49960089    
   1.52999997       2.51198006    
   1.53999996       2.52438307    
   1.54999995       2.53681540    
   1.55999994       2.54926777    
   1.56999993       2.56174564    
   1.57999992       2.57424831    
   1.58999991       2.58676767    
   1.59999990       2.59930873    
   1.61000001       2.61187053    
   1.62000000       2.62444901    
   1.63000000       2.63704157    
   1.63999999       2.64965296    
   1.64999998       2.66227508    
   1.65999997       2.67491174    
   1.66999996       2.68755746    
   1.67999995       2.70020986    
   1.68999994       2.71287155    
   1.69999993       2.72553563    
   1.70999992       2.73820305    
   1.71999991       2.75087476    
   1.73000002       2.76354432    
   1.74000001       2.77620721    
   1.75000000       2.78886724    
   1.75999999       2.80151868    
   1.76999998       2.81416035    
   1.77999997       2.82678437    
   1.78999996       2.83939123    
   1.79999995       2.85197830    
   1.80999994       2.86454439    
   1.81999993       2.87708235    
   1.82999992       2.88959050    
   1.83999991       2.90206361    
   1.84999990       2.91449928    
   1.86000001       2.92689061    
   1.87000000       2.93923807    
   1.88000000       2.95152998    
   1.88999999       2.96376681    
   1.89999998       2.97594094    
   1.90999997       2.98804903    
   1.91999996       3.00007963    
   1.92999995       3.01203275    
   1.93999994       3.02389765    
   1.94999993       3.03566885    
   1.95999992       3.04733992    
   1.96999991       3.05890560    
   1.97999990       3.07034945    
   1.99000001       3.08166981    
   2.00000000       3.09285378    
   2.00999999       3.10380292    
   2.01999998       3.11448884    
   2.02999997       3.12497497    
   2.03999996       3.13529611    
   2.04999995       3.14547873    
   2.05999994       3.15553927    
   2.06999993       3.16549468    
   2.07999992       3.17535973    
   2.08999991       3.18514109    
   2.09999990       3.19485021    
   2.10999990       3.20449162    
   2.11999989       3.21407437    
   2.12999988       3.22360158    
   2.13999987       3.23308039    
   2.14999986       3.24250841    
   2.15999985       3.25189972    
   2.16999984       3.26124835    
   2.18000007       3.27056479    
   2.19000006       3.27984428    
   2.20000005       3.28909326    
   2.21000004       3.29831553    
   2.22000003       3.30750823    
   2.23000002       3.31667256    
   2.24000001       3.32581878    
   2.25000000       3.33494067    
   2.25999999       3.34403992    
   2.26999998       3.35312033    
   2.27999997       3.36218190    
   2.28999996       3.37122536    
   2.29999995       3.38025308    
   2.30999994       3.38926291    
   2.31999993       3.39825940    
   2.32999992       3.40724206    
   2.33999991       3.41620588    
   2.34999990       3.42516255    
   2.35999990       3.43410659    
   2.36999989       3.44303942    
   2.37999988       3.45195675    
   2.38999987       3.46086812    
   2.39999986       3.46976399    
   2.40999985       3.47865343    
   2.41999984       3.48753190    
   2.42999983       3.49640298    
   2.44000006       3.50526404    
   2.45000005       3.51411819    
   2.46000004       3.52296138    
   2.47000003       3.53180051    
   2.48000002       3.54063058    
   2.49000001       3.54945493    
   2.50000000       3.55827045    
   2.50999999       3.56708121    
   2.51999998       3.57588196    
   2.52999997       3.58468103    
   2.53999996       3.59347320    
   2.54999995       3.60225964    
   2.55999994       3.61103868    
   2.56999993       3.61981344    
   2.57999992       3.62858176    
   2.58999991       3.63734889    
   2.59999990       3.64610767    
   2.60999990       3.65486336    
   2.61999989       3.66361523    
   2.62999988       3.67236137    
   2.63999987       3.68110394    
   2.64999986       3.68984318    
   2.65999985       3.69857693    
   2.66999984       3.70730662    
   2.67999983       3.71603370    
   2.69000006       3.72475553    
   2.70000005       3.73347783    
   2.71000004       3.74219418    
   2.72000003       3.75090694    
   2.73000002       3.75961685    
   2.74000001       3.76832247    
   2.75000000       3.77702498    
   2.75999999       3.78572750    
   2.76999998       3.79442358    
   2.77999997       3.80311704    
   2.78999996       3.81180859    
   2.79999995       3.82049632    
   2.80999994       3.82918620    
   2.81999993       3.83786893    
   2.82999992       3.84655094    
   2.83999991       3.85523057    
   2.84999990       3.86390686    
   2.85999990       3.87258172    
   2.86999989       3.88125157    
   2.87999988       3.88992357    
   2.88999987       3.89859033    
   2.89999986       3.90725660    
   2.90999985       3.91592073    
   2.91999984       3.92458010    
   2.92999983       3.93324232    
   2.93999982       3.94190049    
   2.95000005       3.95055366    
   2.96000004       3.95920849    
   2.97000003       3.96786165    
   2.98000002       3.97651219    
   2.99000001       3.98516083    
   3.00000000       3.99380779    
   3.00999999       4.00245190    
   3.01999998       4.01109600    
   3.02999997       4.01973677    
   3.03999996       4.02837849    
   3.04999995       4.03701735    
   3.05999994       4.04565239    
   3.06999993       4.05428934    
   3.07999992       4.06292105    
   3.08999991       4.07155991    
   3.09999990       4.08018875    
   3.10999990       4.08881950    
   3.11999989       4.09744692    
   3.12999988       4.10607338    
   3.13999987       4.11469984    
   3.14999986       4.12332392    
   3.15999985       4.13194847    
   3.16999984       4.14056969    
   3.17999983       4.14918852    
   3.18999982       4.15781021    
   3.19999981       4.16643047    
   3.21000004       4.17504787    
   3.22000003       4.18366528    
   3.23000002       4.19227695    
   3.24000001       4.20089149    
   3.25000000       4.20950460    
   3.25999999       4.21811342    
   3.26999998       4.22672510    
   3.27999997       4.23533583    
   3.28999996       4.24394178    
   3.29999995       4.25255013    
   3.30999994       4.26115417    
   3.31999993       4.26976061    
   3.32999992       4.27836323    
   3.33999991       4.28696680    
   3.34999990       4.29557180    
   3.35999990       4.30417156    
   3.36999989       4.31277132    
   3.37999988       4.32136822    
   3.38999987       4.32997036    
   3.39999986       4.33856535    
   3.40999985       4.34715986    
   3.41999984       4.35575914    
   3.42999983       4.36435032    
   3.43999982       4.37294531    
   3.44999981       4.38153982    
   3.46000004       4.39013529    
   3.47000003       4.39872313    
   3.48000002       4.40731239    
   3.49000001       4.41590548    
   3.50000000       4.42448759    
   3.50999999       4.43307877    
