   9.99999978E-03   6.67029817E-04
   1.99999996E-02   1.15459436E-03
   2.99999993E-02   1.54477917E-03
   3.99999991E-02   1.91244634E-03
   4.99999970E-02   2.33604340E-03
   5.99999987E-02   2.97167338E-03
   7.00000003E-02   4.33122413E-03
   7.99999982E-02   6.51640957E-03
   8.99999961E-02   1.02402195E-02
   9.99999940E-02   1.60654131E-02
  0.109999999       2.44747903E-02
  0.119999997       3.44356671E-02
  0.129999995       4.66266796E-02
  0.140000001       6.10163920E-02
  0.149999991       7.79106170E-02
  0.159999996       9.64106694E-02
  0.170000002      0.114221595    
  0.179999992      0.137708873    
  0.189999998      0.157238901    
  0.199999988      0.184485257    
  0.209999993      0.204256624    
  0.219999999      0.232978925    
  0.229999989      0.260036886    
  0.239999995      0.279949307    
  0.250000000      0.311119586    
  0.259999990      0.343935639    
  0.269999981      0.365950197    
  0.280000001      0.385584831    
  0.289999992      0.419283777    
  0.299999982      0.455854148    
  0.310000002      0.485577345    
  0.319999993      0.504592896    
  0.329999983      0.520490468    
  0.340000004      0.550006390    
  0.349999994      0.585983038    
  0.359999985      0.622819185    
  0.370000005      0.656243622    
  0.379999995      0.681610405    
  0.389999986      0.696427286    
  0.399999976      0.707408488    
  0.409999996      0.729718506    
  0.419999987      0.757869780    
  0.429999977      0.789527893    
  0.439999998      0.823393345    
  0.449999988      0.858098686    
  0.459999979      0.891860902    
  0.469999999      0.922294676    
  0.479999989      0.946457386    
  0.489999980      0.961647213    
  0.500000000      0.968841314    
  0.509999990      0.980782211    
  0.519999981      0.997379184    
  0.529999971       1.01687849    
  0.539999962       1.03864372    
  0.550000012       1.06231797    
  0.560000002       1.08764315    
  0.569999993       1.11438692    
  0.579999983       1.14231014    
  0.589999974       1.17112315    
  0.599999964       1.20045829    
  0.610000014       1.22982287    
  0.620000005       1.25855815    
  0.629999995       1.28577709    
  0.639999986       1.31031537    
  0.649999976       1.33070397    
  0.659999967       1.34531748    
  0.669999957       1.35410142    
  0.680000007       1.36360526    
  0.689999998       1.37449574    
  0.699999988       1.38643837    
  0.709999979       1.39925551    
  0.719999969       1.41283667    
  0.729999959       1.42710364    
  0.740000010       1.44199967    
  0.750000000       1.45748198    
  0.759999990       1.47351384    
  0.769999981       1.49006712    
  0.779999971       1.50711155    
  0.789999962       1.52464449    
  0.799999952       1.54262662    
  0.810000002       1.56104326    
  0.819999993       1.57987535    
  0.829999983       1.59909832    
  0.839999974       1.61869752    
  0.849999964       1.63863575    
  0.859999955       1.65888846    
  0.870000005       1.67941630    
  0.879999995       1.70017803    
  0.889999986       1.72112083    
  0.899999976       1.74218190    
  0.909999967       1.76328719    
  0.919999957       1.78434563    
  0.930000007       1.80524564    
  0.939999998       1.82585156    
  0.949999988       1.84599793    
  0.959999979       1.86548221    
  0.969999969       1.88404965    
  0.979999959       1.90139234    
  0.989999950       1.91712236    
   1.00000000       1.93075514    
   1.00999999       1.94262600    
   1.01999998       1.95395124    
   1.02999997       1.96501684    
   1.03999996       1.97594297    
   1.04999995       1.98679471    
   1.05999994       1.99761152    
   1.06999993       2.00841713    
   1.07999992       2.01922917    
   1.09000003       2.03005910    
   1.10000002       2.04091263    
   1.11000001       2.05179977    
   1.12000000       2.06271911    
   1.13000000       2.07367611    
   1.13999999       2.08467221    
   1.14999998       2.09570742    
   1.15999997       2.10678220    
   1.16999996       2.11790061    
   1.17999995       2.12906027    
   1.18999994       2.14025903    
   1.19999993       2.15150356    
   1.20999992       2.16278982    
   1.22000003       2.17411280    
   1.23000002       2.18548203    
   1.24000001       2.19688749    
   1.25000000       2.20833945    
   1.25999999       2.21982908    
   1.26999998       2.23135805    
   1.27999997       2.24292445    
   1.28999996       2.25453329    
   1.29999995       2.26617837    
   1.30999994       2.27786374    
   1.31999993       2.28958130    
   1.32999992       2.30134773    
   1.33999991       2.31314492    
   1.35000002       2.32497931    
   1.36000001       2.33684850    
   1.37000000       2.34875631    
   1.38000000       2.36069608    
   1.38999999       2.37267470    
   1.39999998       2.38468170    
   1.40999997       2.39672613    
   1.41999996       2.40880442    
   1.42999995       2.42091417    
   1.43999994       2.43305349    
   1.44999993       2.44522643    
   1.45999992       2.45743012    
   1.46999991       2.46966195    
   1.48000002       2.48192573    
   1.49000001       2.49421740    
   1.50000000       2.50653625    
   1.50999999       2.51888227    
   1.51999998       2.53125620    
   1.52999997       2.54365420    
   1.53999996       2.55607510    
   1.54999995       2.56852150    
   1.55999994       2.58098960    
   1.56999993       2.59347963    
   1.57999992       2.60599089    
   1.58999991       2.61852121    
   1.59999990       2.63106871    
   1.61000001       2.64363480    
   1.62000000       2.65621734    
   1.63000000       2.66881394    
   1.63999999       2.68142319    
   1.64999998       2.69404292    
   1.65999997       2.70667458    
   1.66999996       2.71931362    
   1.67999995       2.73196006    
   1.68999994       2.74461150    
   1.69999993       2.75726628    
   1.70999992       2.76992154    
   1.71999991       2.78257775    
   1.73000002       2.79522848    
   1.74000001       2.80787539    
   1.75000000       2.82051444    
   1.75999999       2.83314252    
   1.76999998       2.84576726    
   1.77999997       2.85835862    
   1.78999996       2.87093902    
   1.79999995       2.88350105    
   1.80999994       2.89603925    
   1.81999993       2.90854454    
   1.82999992       2.92101908    
   1.83999991       2.93346047    
   1.84999990       2.94585919    
   1.86000001       2.95821929    
   1.87000000       2.97052646    
   1.88000000       2.98278475    
   1.88999999       2.99498224    
   1.89999998       3.00711799    
   1.90999997       3.01918650    
   1.91999996       3.03118038    
   1.92999995       3.04309630    
   1.93999994       3.05492592    
   1.94999993       3.06665874    
   1.95999992       3.07829595    
   1.96999991       3.08982468    
   1.97999990       3.10123754    
   1.99000001       3.11252618    
   2.00000000       3.12368512    
   2.00999999       3.13460898    
   2.01999998       3.14528131    
   2.02999997       3.15575767    
   2.03999996       3.16607237    
   2.04999995       3.17625260    
   2.05999994       3.18631577    
   2.06999993       3.19627619    
   2.07999992       3.20615029    
   2.08999991       3.21594238    
   2.09999990       3.22566009    
   2.10999990       3.23531771    
   2.11999989       3.24491549    
   2.12999988       3.25446057    
   2.13999987       3.26395464    
   2.14999986       3.27340651    
   2.15999985       3.28281808    
   2.16999984       3.29218841    
   2.18000007       3.30152702    
   2.19000006       3.31083107    
   2.20000005       3.32010627    
   2.21000004       3.32935190    
   2.22000003       3.33857059    
   2.23000002       3.34776449    
   2.24000001       3.35693550    
   2.25000000       3.36608672    
   2.25999999       3.37521672    
   2.26999998       3.38432550    
   2.27999997       3.39341927    
   2.28999996       3.40249133    
   2.29999995       3.41155338    
   2.30999994       3.42059183    
   2.31999993       3.42962217    
   2.32999992       3.43863440    
   2.33999991       3.44763255    
   2.34999990       3.45662093    
   2.35999990       3.46559620    
   2.36999989       3.47456121    
   2.37999988       3.48351312    
   2.38999987       3.49245834    
   2.39999986       3.50138998    
   2.40999985       3.51031280    
   2.41999984       3.51922703    
   2.42999983       3.52813482    
   2.44000006       3.53702927    
   2.45000005       3.54591703    
   2.46000004       3.55479693    
   2.47000003       3.56367135    
   2.48000002       3.57253695    
   2.49000001       3.58139610    
   2.50000000       3.59024811    
   2.50999999       3.59909320    
   2.51999998       3.60793519    
   2.52999997       3.61676621    
   2.53999996       3.62559628    
   2.54999995       3.63442039    
   2.55999994       3.64323449    
   2.56999993       3.65204668    
   2.57999992       3.66085362    
   2.58999991       3.66965508    
   2.59999990       3.67845249    
   2.60999990       3.68724585    
   2.61999989       3.69603419    
   2.62999988       3.70481610    
   2.63999987       3.71359801    
   2.64999986       3.72237277    
   2.65999985       3.73114514    
   2.66999984       3.73991346    
   2.67999983       3.74867916    
   2.69000006       3.75743961    
   2.70000005       3.76619697    
   2.71000004       3.77495003    
   2.72000003       3.78370428    
   2.73000002       3.79245090    
   2.74000001       3.80119514    
   2.75000000       3.80993605    
   2.75999999       3.81867433    
   2.76999998       3.82741070    
   2.77999997       3.83614326    
   2.78999996       3.84487319    
   2.79999995       3.85359979    
   2.80999994       3.86232400    
   2.81999993       3.87104774    
   2.82999992       3.87976933    
   2.83999991       3.88848495    
   2.84999990       3.89720249    
   2.85999990       3.90591526    
   2.86999989       3.91462421    
   2.87999988       3.92333531    
   2.88999987       3.93204045    
   2.89999986       3.94074702    
   2.90999985       3.94944692    
   2.91999984       3.95814729    
   2.92999983       3.96684599    
   2.93999982       3.97554183    
   2.95000005       3.98423672    
   2.96000004       3.99293137    
   2.97000003       4.00162172    
   2.98000002       4.01031351    
   2.99000001       4.01899862    
   3.00000000       4.02768373    
   3.00999999       4.03636837    
   3.01999998       4.04505014    
   3.02999997       4.05373240    
   3.03999996       4.06241417    
   3.04999995       4.07108974    
   3.05999994       4.07976675    
   3.06999993       4.08844376    
   3.07999992       4.09711409    
   3.08999991       4.10578537    
   3.09999990       4.11445761    
   3.10999990       4.12312460    
   3.11999989       4.13179207    
   3.12999988       4.14045858    
   3.13999987       4.14912367    
   3.14999986       4.15778828    
   3.15999985       4.16645241    
   3.16999984       4.17511463    
   3.17999983       4.18377686    
   3.18999982       4.19243288    
   3.19999981       4.20109367    
   3.21000004       4.20974493    
   3.22000003       4.21840239    
   3.23000002       4.22705460    
   3.24000001       4.23570776    
   3.25000000       4.24436188    
   3.25999999       4.25300980    
   3.26999998       4.26166487    
   3.27999997       4.27030754    
   3.28999996       4.27895546    
   3.29999995       4.28760386    
   3.30999994       4.29625177    
   3.31999993       4.30489206    
   3.32999992       4.31353807    
   3.33999991       4.32217979    
   3.34999990       4.33081865    
   3.35999990       4.33946371    
   3.36999989       4.34809923    
   3.37999988       4.35674191    
   3.38999987       4.36537838    
   3.39999986       4.37401438    
   3.40999985       4.38265276    
   3.41999984       4.39128780    
   3.42999983       4.39992046    
   3.43999982       4.40855360    
   3.44999981       4.41718721    
   3.46000004       4.42581987    
   3.47000003       4.43445110    
   3.48000002       4.44307613    
   3.49000001       4.45170784    
   3.50000000       4.46033621    
   3.50999999       4.46896172    
