   9.99999978E-03   6.71909365E-04
   1.99999996E-02   1.16247952E-03
   2.99999993E-02   1.55257632E-03
   3.99999991E-02   1.91870949E-03
   4.99999970E-02   2.38229614E-03
   5.99999987E-02   3.10581783E-03
   7.00000003E-02   4.73808544E-03
   7.99999982E-02   7.39632966E-03
   8.99999961E-02   1.17975892E-02
   9.99999940E-02   1.85211841E-02
  0.109999999       2.80936547E-02
  0.119999997       3.92643958E-02
  0.129999995       5.28439246E-02
  0.140000001       6.86921701E-02
  0.149999991       8.71370807E-02
  0.159999996      0.107297510    
  0.170000002      0.126497239    
  0.179999992      0.151531741    
  0.189999998      0.172499850    
  0.199999988      0.201216966    
  0.209999993      0.222147584    
  0.219999999      0.252478540    
  0.229999989      0.280510306    
  0.239999995      0.301515877    
  0.250000000      0.334139317    
  0.259999990      0.367895663    
  0.269999981      0.390571475    
  0.280000001      0.411228180    
  0.289999992      0.446124554    
  0.299999982      0.483535767    
  0.310000002      0.513727069    
  0.319999993      0.533219397    
  0.329999983      0.549912214    
  0.340000004      0.580323935    
  0.349999994      0.617057323    
  0.359999985      0.654411912    
  0.370000005      0.688107431    
  0.379999995      0.713640630    
  0.389999986      0.728798330    
  0.399999976      0.740398109    
  0.409999996      0.763289690    
  0.419999987      0.791972756    
  0.429999977      0.824079514    
  0.439999998      0.858276904    
  0.449999988      0.893168151    
  0.459999979      0.926970184    
  0.469999999      0.957337260    
  0.479999989      0.981442392    
  0.489999980      0.996780276    
  0.500000000       1.00444126    
  0.509999990       1.01680374    
  0.519999981       1.03374887    
  0.529999971       1.05356491    
  0.539999962       1.07561326    
  0.550000012       1.09952962    
  0.560000002       1.12504816    
  0.569999993       1.15193379    
  0.579999983       1.17993474    
  0.589999974       1.20875478    
  0.599999964       1.23802030    
  0.610000014       1.26723969    
  0.620000005       1.29576385    
  0.629999995       1.32272840    
  0.639999986       1.34701777    
  0.649999976       1.36723828    
  0.659999967       1.38188386    
  0.669999957       1.39095950    
  0.680000007       1.40074790    
  0.689999998       1.41188693    
  0.699999988       1.42405462    
  0.709999979       1.43707848    
  0.719999969       1.45085144    
  0.729999959       1.46529663    
  0.740000010       1.48035514    
  0.750000000       1.49598765    
  0.759999990       1.51215529    
  0.769999981       1.52883077    
  0.779999971       1.54597962    
  0.789999962       1.56360495    
  0.799999952       1.58166134    
  0.810000002       1.60013437    
  0.819999993       1.61900413    
  0.829999983       1.63824832    
  0.839999974       1.65784264    
  0.849999964       1.67775846    
  0.859999955       1.69796300    
  0.870000005       1.71842051    
  0.879999995       1.73908794    
  0.889999986       1.75991094    
  0.899999976       1.78082967    
  0.909999967       1.80176604    
  0.919999957       1.82263505    
  0.930000007       1.84332287    
  0.939999998       1.86370230    
  0.949999988       1.88361120    
  0.959999979       1.90285587    
  0.969999969       1.92119372    
  0.979999959       1.93833554    
  0.989999950       1.95391726    
   1.00000000       1.96748924    
   1.00999999       1.97938478    
   1.01999998       1.99076390    
   1.02999997       2.00189686    
   1.03999996       2.01289797    
   1.04999995       2.02383018    
   1.05999994       2.03473067    
   1.06999993       2.04562211    
   1.07999992       2.05651975    
   1.09000003       2.06743670    
   1.10000002       2.07838249    
   1.11000001       2.08934927    
   1.12000000       2.10035729    
   1.13000000       2.11139989    
   1.13999999       2.12248087    
   1.14999998       2.13359857    
   1.15999997       2.14475965    
   1.16999996       2.15595746    
   1.17999995       2.16720033    
   1.18999994       2.17847943    
   1.19999993       2.18980169    
   1.20999992       2.20116401    
   1.22000003       2.21256471    
   1.23000002       2.22400784    
   1.24000001       2.23548913    
   1.25000000       2.24700928    
   1.25999999       2.25856853    
   1.26999998       2.27016640    
   1.27999997       2.28180218    
   1.28999996       2.29347515    
   1.29999995       2.30518675    
   1.30999994       2.31693602    
   1.31999993       2.32871914    
   1.32999992       2.34053731    
   1.33999991       2.35239148    
   1.35000002       2.36428452    
   1.36000001       2.37620807    
   1.37000000       2.38816690    
   1.38000000       2.40015936    
   1.38999999       2.41218305    
   1.39999998       2.42424011    
   1.40999997       2.43632865    
   1.41999996       2.44844985    
   1.42999995       2.46059895    
   1.43999994       2.47278047    
   1.44999993       2.48499060    
   1.45999992       2.49722815    
   1.46999991       2.50949526    
   1.48000002       2.52179050    
   1.49000001       2.53410912    
   1.50000000       2.54645777    
   1.50999999       2.55882788    
   1.51999998       2.57122564    
   1.52999997       2.58364058    
   1.53999996       2.59608197    
   1.54999995       2.60854530    
   1.55999994       2.62103081    
   1.56999993       2.63353157    
   1.57999992       2.64605045    
   1.58999991       2.65859127    
   1.59999990       2.67114544    
   1.61000001       2.68371511    
   1.62000000       2.69629669    
   1.63000000       2.70889235    
   1.63999999       2.72150016    
   1.64999998       2.73411584    
   1.65999997       2.74673700    
   1.66999996       2.75936484    
   1.67999995       2.77199960    
   1.68999994       2.78463697    
   1.69999993       2.79727530    
   1.70999992       2.80991030    
   1.71999991       2.82254529    
   1.73000002       2.83517504    
   1.74000001       2.84779358    
   1.75000000       2.86040640    
   1.75999999       2.87300587    
   1.76999998       2.88559079    
   1.77999997       2.89815784    
   1.78999996       2.91070509    
   1.79999995       2.92322803    
   1.80999994       2.93572426    
   1.81999993       2.94818878    
   1.82999992       2.96062493    
   1.83999991       2.97302127    
   1.84999990       2.98537731    
   1.86000001       2.99768996    
   1.87000000       3.00995541    
   1.88000000       3.02216101    
   1.88999999       3.03431368    
   1.89999998       3.04640055    
   1.90999997       3.05842209    
   1.91999996       3.07036948    
   1.92999995       3.08223772    
   1.93999994       3.09401965    
   1.94999993       3.10570931    
   1.95999992       3.11729980    
   1.96999991       3.12878919    
   1.97999990       3.14016056    
   1.99000001       3.15141201    
   2.00000000       3.16253591    
   2.00999999       3.17343307    
   2.01999998       3.18408632    
   2.02999997       3.19454789    
   2.03999996       3.20485830    
   2.04999995       3.21503615    
   2.05999994       3.22510219    
   2.06999993       3.23507023    
   2.07999992       3.24495268    
   2.08999991       3.25475836    
   2.09999990       3.26449251    
   2.10999990       3.27416635    
   2.11999989       3.28378439    
   2.12999988       3.29335213    
   2.13999987       3.30287051    
   2.14999986       3.31234670    
   2.15999985       3.32178307    
   2.16999984       3.33118296    
   2.18000007       3.34054947    
   2.19000006       3.34988523    
   2.20000005       3.35919118    
   2.21000004       3.36846828    
   2.22000003       3.37772155    
   2.23000002       3.38695216    
   2.24000001       3.39615941    
   2.25000000       3.40534544    
   2.25999999       3.41451001    
   2.26999998       3.42365670    
   2.27999997       3.43278432    
   2.28999996       3.44189787    
   2.29999995       3.45099711    
   2.30999994       3.46007657    
   2.31999993       3.46914554    
   2.32999992       3.47820187    
   2.33999991       3.48723936    
   2.34999990       3.49627066    
   2.35999990       3.50528717    
   2.36999989       3.51429200    
   2.37999988       3.52328801    
   2.38999987       3.53227353    
   2.39999986       3.54124784    
   2.40999985       3.55021381    
   2.41999984       3.55917406    
   2.42999983       3.56812048    
   2.44000006       3.57706189    
   2.45000005       3.58599353    
   2.46000004       3.59492087    
   2.47000003       3.60383797    
   2.48000002       3.61274815    
   2.49000001       3.62165403    
   2.50000000       3.63054991    
   2.50999999       3.63943934    
   2.51999998       3.64832568    
   2.52999997       3.65720463    
   2.53999996       3.66608071    
   2.54999995       3.67494822    
   2.55999994       3.68381071    
   2.56999993       3.69266915    
   2.57999992       3.70152426    
   2.58999991       3.71037054    
   2.59999990       3.71921611    
   2.60999990       3.72805548    
   2.61999989       3.73688865    
   2.62999988       3.74571705    
   2.63999987       3.75454712    
   2.64999986       3.76337099    
   2.65999985       3.77219009    
   2.66999984       3.78100324    
   2.67999983       3.78981686    
   2.69000006       3.79862475    
   2.70000005       3.80742955    
   2.71000004       3.81623316    
   2.72000003       3.82503176    
   2.73000002       3.83382583    
   2.74000001       3.84261894    
   2.75000000       3.85140753    
   2.75999999       3.86019325    
   2.76999998       3.86897755    
   2.77999997       3.87775970    
   2.78999996       3.88653684    
   2.79999995       3.89531207    
   2.80999994       3.90408707    
   2.81999993       3.91285610    
   2.82999992       3.92162395    
   2.83999991       3.93039155    
   2.84999990       3.93915415    
   2.85999990       3.94791627    
   2.86999989       3.95667458    
   2.87999988       3.96543193    
   2.88999987       3.97418737    
   2.89999986       3.98293948    
   2.90999985       3.99169207    
   2.91999984       4.00044012    
   2.92999983       4.00918722    
   2.93999982       4.01793385    
   2.95000005       4.02667618    
   2.96000004       4.03541851    
   2.97000003       4.04415798    
   2.98000002       4.05289555    
   2.99000001       4.06163359    
   3.00000000       4.07036734    
   3.00999999       4.07910204    
   3.01999998       4.08783150    
   3.02999997       4.09656048    
   3.03999996       4.10529041    
   3.04999995       4.11401844    
   3.05999994       4.12273979    
   3.06999993       4.13146639    
   3.07999992       4.14018774    
   3.08999991       4.14891005    
   3.09999990       4.15762758    
   3.10999990       4.16634798    
   3.11999989       4.17506313    
   3.12999988       4.18378353    
   3.13999987       4.19249439    
   3.14999986       4.20120811    
   3.15999985       4.20991802    
   3.16999984       4.21863127    
   3.17999983       4.22733927    
   3.18999982       4.23604870    
   3.19999981       4.24475479    
   3.21000004       4.25346231    
   3.22000003       4.26216507    
   3.23000002       4.27086926    
   3.24000001       4.27957249    
   3.25000000       4.28827286    
   3.25999999       4.29697084    
   3.26999998       4.30567265    
   3.27999997       4.31436825    
   3.28999996       4.32307005    
   3.29999995       4.33176470    
   3.30999994       4.34046030    
   3.31999993       4.34915209    
   3.32999992       4.35784340    
   3.33999991       4.36653519    
   3.34999990       4.37522793    
   3.35999990       4.38391590    
   3.36999989       4.39260817    
   3.37999988       4.40129614    
   3.38999987       4.40998316    
   3.39999986       4.41866922    
   3.40999985       4.42735291    
   3.41999984       4.43603802    
   3.42999983       4.44472361    
   3.43999982       4.45340252    
   3.44999981       4.46208668    
   3.46000004       4.47077274    
   3.47000003       4.47945261    
   3.48000002       4.48812580    
   3.49000001       4.49680519    
   3.50000000       4.50548506    
   3.50999999       4.51416206    
