   9.99999978E-03   6.72709546E-04
   1.99999996E-02   1.16394158E-03
   2.99999993E-02   1.55445468E-03
   3.99999991E-02   1.92019506E-03
   4.99999970E-02   2.39292113E-03
   5.99999987E-02   3.14010819E-03
   7.00000003E-02   4.83180583E-03
   7.99999982E-02   7.59581942E-03
   8.99999961E-02   1.21470504E-02
   9.99999940E-02   1.90660283E-02
  0.109999999       2.88860071E-02
  0.119999997       4.03165706E-02
  0.129999995       5.41900061E-02
  0.140000001       7.03442916E-02
  0.149999991       8.91114101E-02
  0.159999996      0.109617226    
  0.170000002      0.129105762    
  0.179999992      0.154455692    
  0.189999998      0.175721675    
  0.199999988      0.204735503    
  0.209999993      0.225904956    
  0.219999999      0.256560951    
  0.229999989      0.284788042    
  0.239999995      0.306017011    
  0.250000000      0.338931531    
  0.259999990      0.372873783    
  0.269999981      0.395683229    
  0.280000001      0.416547507    
  0.289999992      0.451680541    
  0.299999982      0.489255697    
  0.310000002      0.519549847    
  0.319999993      0.539127707    
  0.329999983      0.555981934    
  0.340000004      0.586569428    
  0.349999994      0.623449326    
  0.359999985      0.660902619    
  0.370000005      0.694647789    
  0.379999995      0.720213115    
  0.389999986      0.735441208    
  0.399999976      0.747165024    
  0.409999996      0.770171940    
  0.419999987      0.798956513    
  0.429999977      0.831149817    
  0.439999998      0.865408480    
  0.449999988      0.900331497    
  0.459999979      0.934136987    
  0.469999999      0.964488029    
  0.479999989      0.988581359    
  0.489999980       1.00394893    
  0.500000000       1.01170492    
  0.509999990       1.02414608    
  0.519999981       1.04116440    
  0.529999971       1.06104195    
  0.539999962       1.08314407    
  0.550000012       1.10710704    
  0.560000002       1.13266230    
  0.569999993       1.15957212    
  0.579999983       1.18758476    
  0.589999974       1.21640158    
  0.599999964       1.24565101    
  0.610000014       1.27483916    
  0.620000005       1.30331612    
  0.629999995       1.33022904    
  0.639999986       1.35446835    
  0.649999976       1.37465394    
  0.659999967       1.38930571    
  0.669999957       1.39843976    
  0.680000007       1.40828478    
  0.689999998       1.41947436    
  0.699999988       1.43168628    
  0.709999979       1.44475007    
  0.719999969       1.45856142    
  0.729999959       1.47304094    
  0.740000010       1.48813260    
  0.750000000       1.50379312    
  0.759999990       1.51998603    
  0.769999981       1.53668785    
  0.779999971       1.55385399    
  0.789999962       1.57149661    
  0.799999952       1.58956480    
  0.810000002       1.60804844    
  0.819999993       1.62692523    
  0.829999983       1.64616978    
  0.839999974       1.66576254    
  0.849999964       1.68567157    
  0.859999955       1.70586443    
  0.870000005       1.72630894    
  0.879999995       1.74695396    
  0.889999986       1.76775217    
  0.899999976       1.78864086    
  0.909999967       1.80954266    
  0.919999957       1.83037043    
  0.930000007       1.85101712    
  0.939999998       1.87134933    
  0.949999988       1.89120996    
  0.959999979       1.91040456    
  0.969999969       1.92869794    
  0.979999959       1.94579983    
  0.989999950       1.96135223    
   1.00000000       1.97491121    
   1.00999999       1.98681176    
   1.01999998       1.99820232    
   1.02999997       2.00934720    
   1.03999996       2.02036166    
   1.04999995       2.03130960    
   1.05999994       2.04222655    
   1.06999993       2.05313253    
   1.07999992       2.06405044    
   1.09000003       2.07498479    
   1.10000002       2.08594370    
   1.11000001       2.09693289    
   1.12000000       2.10795641    
   1.13000000       2.11901641    
   1.13999999       2.13011122    
   1.14999998       2.14124966    
   1.15999997       2.15242410    
   1.16999996       2.16363978    
   1.17999995       2.17489600    
   1.18999994       2.18619299    
   1.19999993       2.19753098    
   1.20999992       2.20890689    
   1.22000003       2.22032380    
   1.23000002       2.23178077    
   1.24000001       2.24327517    
   1.25000000       2.25481153    
   1.25999999       2.26638126    
   1.26999998       2.27799392    
   1.27999997       2.28964353    
   1.28999996       2.30132961    
   1.29999995       2.31305289    
   1.30999994       2.32481456    
   1.31999993       2.33661056    
   1.32999992       2.34843969    
   1.33999991       2.36030579    
   1.35000002       2.37220764    
   1.36000001       2.38414359    
   1.37000000       2.39611125    
   1.38000000       2.40811276    
   1.38999999       2.42014289    
   1.39999998       2.43221211    
   1.40999997       2.44430852    
   1.41999996       2.45643806    
   1.42999995       2.46859479    
   1.43999994       2.48078322    
   1.44999993       2.49300098    
   1.45999992       2.50524569    
   1.46999991       2.51751924    
   1.48000002       2.52981949    
   1.49000001       2.54214549    
   1.50000000       2.55449653    
   1.50999999       2.56687188    
   1.51999998       2.57927132    
   1.52999997       2.59169269    
   1.53999996       2.60414028    
   1.54999995       2.61660576    
   1.55999994       2.62908936    
   1.56999993       2.64159441    
   1.57999992       2.65411735    
   1.58999991       2.66665745    
   1.59999990       2.67922378    
   1.61000001       2.69178176    
   1.62000000       2.70436454    
   1.63000000       2.71695971    
   1.63999999       2.72956181    
   1.64999998       2.74217629    
   1.65999997       2.75480008    
   1.66999996       2.76742554    
   1.67999995       2.78005743    
   1.68999994       2.79268980    
   1.69999993       2.80532384    
   1.70999992       2.81795549    
   1.71999991       2.83058524    
   1.73000002       2.84321046    
   1.74000001       2.85582519    
   1.75000000       2.86842895    
   1.75999999       2.88102365    
   1.76999998       2.89360094    
   1.77999997       2.90616179    
   1.78999996       2.91870141    
   1.79999995       2.93121886    
   1.80999994       2.94370437    
   1.81999993       2.95616245    
   1.82999992       2.96859050    
   1.83999991       2.98097849    
   1.84999990       2.99332333    
   1.86000001       3.00562763    
   1.87000000       3.01788259    
   1.88000000       3.03008127    
   1.88999999       3.04222155    
   1.89999998       3.05430174    
   1.90999997       3.06631231    
   1.91999996       3.07825089    
   1.92999995       3.09010792    
   1.93999994       3.10188150    
   1.94999993       3.11356139    
   1.95999992       3.12514281    
   1.96999991       3.13662052    
   1.97999990       3.14798737    
   1.99000001       3.15923333    
   2.00000000       3.17034698    
   2.00999999       3.18123937    
   2.01999998       3.19188857    
   2.02999997       3.20234919    
   2.03999996       3.21265864    
   2.04999995       3.22283649    
   2.05999994       3.23290133    
   2.06999993       3.24287033    
   2.07999992       3.25275540    
   2.08999991       3.26256251    
   2.09999990       3.27230310    
   2.10999990       3.28197861    
   2.11999989       3.29160094    
   2.12999988       3.30117106    
   2.13999987       3.31069756    
   2.14999986       3.32017899    
   2.15999985       3.32961941    
   2.16999984       3.33902597    
   2.18000007       3.34839964    
   2.19000006       3.35773921    
   2.20000005       3.36705184    
   2.21000004       3.37633657    
   2.22000003       3.38559628    
   2.23000002       3.39483428    
   2.24000001       3.40404630    
   2.25000000       3.41323829    
   2.25999999       3.42241287    
   2.26999998       3.43156791    
   2.27999997       3.44070411    
   2.28999996       3.44982553    
   2.29999995       3.45893121    
   2.30999994       3.46802044    
   2.31999993       3.47709584    
   2.32999992       3.48615694    
   2.33999991       3.49520445    
   2.34999990       3.50424409    
   2.35999990       3.51327205    
   2.36999989       3.52228379    
   2.37999988       3.53128767    
   2.38999987       3.54028177    
   2.39999986       3.54926419    
   2.40999985       3.55823803    
   2.41999984       3.56720543    
   2.42999983       3.57616329    
   2.44000006       3.58511472    
   2.45000005       3.59405565    
   2.46000004       3.60298824    
   2.47000003       3.61191607    
   2.48000002       3.62083507    
   2.49000001       3.62974811    
   2.50000000       3.63865566    
   2.50999999       3.64755440    
   2.51999998       3.65644836    
   2.52999997       3.66533923    
   2.53999996       3.67422318    
   2.54999995       3.68309855    
   2.55999994       3.69197273    
   2.56999993       3.70083833    
   2.57999992       3.70969963    
   2.58999991       3.71855879    
   2.59999990       3.72741318    
   2.60999990       3.73626161    
   2.61999989       3.74510574    
   2.62999988       3.75394487    
   2.63999987       3.76278067    
   2.64999986       3.77161574    
   2.65999985       3.78044367    
   2.66999984       3.78926778    
   2.67999983       3.79808879    
   2.69000006       3.80690575    
   2.70000005       3.81572127    
   2.71000004       3.82453370    
   2.72000003       3.83334327    
   2.73000002       3.84214616    
   2.74000001       3.85094857    
   2.75000000       3.85974884    
   2.75999999       3.86854243    
   2.76999998       3.87733579    
   2.77999997       3.88612676    
   2.78999996       3.89491606    
   2.79999995       3.90369940    
   2.80999994       3.91248298    
   2.81999993       3.92126393    
   2.82999992       3.93004394    
   2.83999991       3.93881702    
   2.84999990       3.94759083    
   2.85999990       3.95636368    
   2.86999989       3.96512985    
   2.87999988       3.97389650    
   2.88999987       3.98266315    
   2.89999986       3.99142551    
   2.90999985       4.00018549    
   2.91999984       4.00895023    
   2.92999983       4.01770115    
   2.93999982       4.02645874    
   2.95000005       4.03521252    
   2.96000004       4.04396152    
   2.97000003       4.05271053    
   2.98000002       4.06145811    
   2.99000001       4.07020664    
   3.00000000       4.07894897    
   3.00999999       4.08769083    
   3.01999998       4.09643555    
   3.02999997       4.10517359    
   3.03999996       4.11391211    
   3.04999995       4.12265110    
   3.05999994       4.13138485    
   3.06999993       4.14012051    
   3.07999992       4.14885092    
   3.08999991       4.15757895    
   3.09999990       4.16631174    
   3.10999990       4.17503786    
   3.11999989       4.18376493    
   3.12999988       4.19249201    
   3.13999987       4.20121622    
   3.14999986       4.20993614    
   3.15999985       4.21866369    
   3.16999984       4.22738171    
   3.17999983       4.23609972    
   3.18999982       4.24481487    
   3.19999981       4.25353622    
   3.21000004       4.26225185    
   3.22000003       4.27096319    
   3.23000002       4.27967453    
   3.24000001       4.28839064    
   3.25000000       4.29709959    
   3.25999999       4.30580950    
   3.26999998       4.31451941    
   3.27999997       4.32322788    
   3.28999996       4.33193541    
   3.29999995       4.34064198    
   3.30999994       4.34934330    
   3.31999993       4.35804844    
   3.32999992       4.36675167    
   3.33999991       4.37545395    
   3.34999990       4.38415623    
   3.35999990       4.39285278    
   3.36999989       4.40155411    
   3.37999988       4.41025209    
   3.38999987       4.41894674    
   3.39999986       4.42764902    
   3.40999985       4.43634129    
   3.41999984       4.44503403    
   3.42999983       4.45372677    
   3.43999982       4.46241951    
   3.44999981       4.47112036    
   3.46000004       4.47980785    
   3.47000003       4.48849583    
   3.48000002       4.49718332    
   3.49000001       4.50587273    
   3.50000000       4.51456165    
   3.50999999       4.52324677    
