   9.99999978E-03   6.80577999E-04
   1.99999996E-02   1.17181172E-03
   2.99999993E-02   1.57093303E-03
   3.99999991E-02   1.93210202E-03
   4.99999970E-02   2.46903137E-03
   5.99999987E-02   3.38150887E-03
   7.00000003E-02   5.49947238E-03
   7.99999982E-02   8.98771454E-03
   8.99999961E-02   1.45522775E-02
   9.99999940E-02   2.27649789E-02
  0.109999999       3.42105888E-02
  0.119999997       4.73056138E-02
  0.129999995       6.30615801E-02
  0.140000001       8.11553076E-02
  0.149999991      0.101944290    
  0.159999996      0.124612220    
  0.170000002      0.145912528    
  0.179999992      0.173193380    
  0.189999998      0.196315855    
  0.199999988      0.227126509    
  0.209999993      0.249777615    
  0.219999999      0.282399118    
  0.229999989      0.311800241    
  0.239999995      0.334406972    
  0.250000000      0.369064301    
  0.259999990      0.404101372    
  0.269999981      0.427724659    
  0.280000001      0.449848801    
  0.289999992      0.486382812    
  0.299999982      0.524906993    
  0.310000002      0.555742502    
  0.319999993      0.575900733    
  0.329999983      0.593724728    
  0.340000004      0.625352621    
  0.349999994      0.663074672    
  0.359999985      0.701078951    
  0.370000005      0.735097408    
  0.379999995      0.760846317    
  0.389999986      0.776502132    
  0.399999976      0.788979113    
  0.409999996      0.812658191    
  0.419999987      0.842036605    
  0.429999977      0.874710679    
  0.439999998      0.909301102    
  0.449999988      0.944382310    
  0.459999979      0.978174865    
  0.469999999       1.00840652    
  0.479999989       1.03241992    
  0.489999980       1.04797494    
  0.500000000       1.05630124    
  0.509999990       1.06923842    
  0.519999981       1.08666611    
  0.529999971       1.10690117    
  0.539999962       1.12931263    
  0.550000012       1.15353155    
  0.560000002       1.17928088    
  0.569999993       1.20631611    
  0.579999983       1.23437393    
  0.589999974       1.26315188    
  0.599999964       1.29227400    
  0.610000014       1.32124460    
  0.620000005       1.34943461    
  0.629999995       1.37601483    
  0.639999986       1.39993834    
  0.649999976       1.41992366    
  0.659999967       1.43461418    
  0.669999957       1.44409728    
  0.680000007       1.45427847    
  0.689999998       1.46576011    
  0.699999988       1.47823489    
  0.709999979       1.49153912    
  0.719999969       1.50557065    
  0.729999959       1.52025092    
  0.740000010       1.53552544    
  0.750000000       1.55135107    
  0.759999990       1.56769383    
  0.769999981       1.58452272    
  0.779999971       1.60181010    
  0.789999962       1.61953568    
  0.799999952       1.63767409    
  0.810000002       1.65620434    
  0.819999993       1.67510724    
  0.829999983       1.69435084    
  0.839999974       1.71391940    
  0.849999964       1.73377860    
  0.859999955       1.75389314    
  0.870000005       1.77423108    
  0.879999995       1.79474318    
  0.889999986       1.81537783    
  0.899999976       1.83607304    
  0.909999967       1.85675633    
  0.919999957       1.87733960    
  0.930000007       1.89771998    
  0.939999998       1.91776681    
  0.949999988       1.93733621    
  0.959999979       1.95623732    
  0.969999969       1.97425306    
  0.979999959       1.99111247    
  0.989999950       2.00648808    
   1.00000000       2.01997590    
   1.00999999       2.03190327    
   1.01999998       2.04335141    
   1.02999997       2.05457425    
   1.03999996       2.06567478    
   1.04999995       2.07671499    
   1.05999994       2.08772635    
   1.06999993       2.09873390    
   1.07999992       2.10974097    
   1.09000003       2.12078071    
   1.10000002       2.13184190    
   1.11000001       2.14293003    
   1.12000000       2.15405273    
   1.13000000       2.16521096    
   1.13999999       2.17640328    
   1.14999998       2.18763590    
   1.15999997       2.19890618    
   1.16999996       2.21021748    
   1.17999995       2.22156501    
   1.18999994       2.23295474    
   1.19999993       2.24437881    
   1.20999992       2.25584507    
   1.22000003       2.26734614    
   1.23000002       2.27888823    
   1.24000001       2.29046583    
   1.25000000       2.30207968    
   1.25999999       2.31373477    
   1.26999998       2.32542396    
   1.27999997       2.33714604    
   1.28999996       2.34890628    
   1.29999995       2.36069965    
   1.30999994       2.37252831    
   1.31999993       2.38439155    
   1.32999992       2.39628935    
   1.33999991       2.40821695    
   1.35000002       2.42018151    
   1.36000001       2.43217397    
   1.37000000       2.44419956    
   1.38000000       2.45625496    
   1.38999999       2.46834230    
   1.39999998       2.48045993    
   1.40999997       2.49260473    
   1.41999996       2.50477982    
   1.42999995       2.51697898    
   1.43999994       2.52920890    
   1.44999993       2.54146528    
   1.45999992       2.55374837    
   1.46999991       2.56605268    
   1.48000002       2.57838845    
   1.49000001       2.59074092    
   1.50000000       2.60311985    
   1.50999999       2.61552238    
   1.51999998       2.62794256    
   1.52999997       2.64038444    
   1.53999996       2.65284252    
   1.54999995       2.66532350    
   1.55999994       2.67782164    
   1.56999993       2.69033337    
   1.57999992       2.70286417    
   1.58999991       2.71540499    
   1.59999990       2.72796440    
   1.61000001       2.74052954    
   1.62000000       2.75310922    
   1.63000000       2.76569510    
   1.63999999       2.77829194    
   1.64999998       2.79089236    
   1.65999997       2.80349898    
   1.66999996       2.81610870    
   1.67999995       2.82872057    
   1.68999994       2.84132910    
   1.69999993       2.85394144    
   1.70999992       2.86654353    
   1.71999991       2.87914276    
   1.73000002       2.89173460    
   1.74000001       2.90431571    
   1.75000000       2.91688442    
   1.75999999       2.92943811    
   1.76999998       2.94197536    
   1.77999997       2.95448852    
   1.78999996       2.96698618    
   1.79999995       2.97945380    
   1.80999994       2.99189234    
   1.81999993       3.00429773    
   1.82999992       3.01667404    
   1.83999991       3.02900743    
   1.84999990       3.04129910    
   1.86000001       3.05354571    
   1.87000000       3.06574225    
   1.88000000       3.07788515    
   1.88999999       3.08996677    
   1.89999998       3.10198641    
   1.90999997       3.11393905    
   1.91999996       3.12581754    
   1.92999995       3.13761687    
   1.93999994       3.14933538    
   1.94999993       3.16096282    
   1.95999992       3.17249274    
   1.96999991       3.18392205    
   1.97999990       3.19523692    
   1.99000001       3.20643735    
   2.00000000       3.21751523    
   2.00999999       3.22837543    
   2.01999998       3.23900390    
   2.02999997       3.24945092    
   2.03999996       3.25975251    
   2.04999995       3.26992846    
   2.05999994       3.28000093    
   2.06999993       3.28997707    
   2.07999992       3.29987431    
   2.08999991       3.30969834    
   2.09999990       3.31945515    
   2.10999990       3.32915759    
   2.11999989       3.33880162    
   2.12999988       3.34840012    
   2.13999987       3.35795355    
   2.14999986       3.36746645    
   2.15999985       3.37694025    
   2.16999984       3.38638115    
   2.18000007       3.39579129    
   2.19000006       3.40516806    
   2.20000005       3.41452026    
   2.21000004       3.42384362    
   2.22000003       3.43314433    
   2.23000002       3.44242334    
   2.24000001       3.45167899    
   2.25000000       3.46091533    
   2.25999999       3.47013474    
   2.26999998       3.47933388    
   2.27999997       3.48851871    
   2.28999996       3.49768305    
   2.29999995       3.50683522    
   2.30999994       3.51597357    
   2.31999993       3.52509737    
   2.32999992       3.53420901    
   2.33999991       3.54330468    
   2.34999990       3.55239606    
   2.35999990       3.56147218    
   2.36999989       3.57053661    
   2.37999988       3.57959318    
   2.38999987       3.58863640    
   2.39999986       3.59767365    
   2.40999985       3.60670066    
   2.41999984       3.61571813    
   2.42999983       3.62473106    
   2.44000006       3.63373137    
   2.45000005       3.64272785    
   2.46000004       3.65171671    
   2.47000003       3.66069388    
   2.48000002       3.66966963    
   2.49000001       3.67863703    
   2.50000000       3.68759799    
   2.50999999       3.69655395    
   2.51999998       3.70550323    
   2.52999997       3.71444559    
   2.53999996       3.72338438    
   2.54999995       3.73231959    
   2.55999994       3.74124479    
   2.56999993       3.75016713    
   2.57999992       3.75908875    
   2.58999991       3.76800084    
   2.59999990       3.77691054    
   2.60999990       3.78581500    
   2.61999989       3.79471636    
   2.62999988       3.80361271    
   2.63999987       3.81250620    
   2.64999986       3.82139349    
   2.65999985       3.83028054    
   2.66999984       3.83916283    
   2.67999983       3.84804177    
   2.69000006       3.85691833    
   2.70000005       3.86578965    
   2.71000004       3.87465596    
   2.72000003       3.88352370    
   2.73000002       3.89238477    
   2.74000001       3.90124321    
   2.75000000       3.91010165    
   2.75999999       3.91895556    
   2.76999998       3.92780685    
   2.77999997       3.93665504    
   2.78999996       3.94550014    
   2.79999995       3.95434451    
   2.80999994       3.96318412    
   2.81999993       3.97202516    
   2.82999992       3.98085999    
   2.83999991       3.98969269    
   2.84999990       3.99852753    
   2.85999990       4.00735569    
   2.86999989       4.01618195    
   2.87999988       4.02500772    
   2.88999987       4.03383255    
   2.89999986       4.04265261    
   2.90999985       4.05147076    
   2.91999984       4.06028843    
   2.92999983       4.06910419    
   2.93999982       4.07791471    
   2.95000005       4.08673048    
   2.96000004       4.09554195    
   2.97000003       4.10434914    
   2.98000002       4.11315584    
   2.99000001       4.12195826    
   3.00000000       4.13076067    
   3.00999999       4.13956594    
   3.01999998       4.14836788    
   3.02999997       4.15716410    
   3.03999996       4.16596413    
   3.04999995       4.17475462    
   3.05999994       4.18355131    
   3.06999993       4.19234562    
   3.07999992       4.20113420    
   3.08999991       4.20992517    
   3.09999990       4.21871281    
   3.10999990       4.22749996    
   3.11999989       4.23628521    
   3.12999988       4.24507141    
   3.13999987       4.25385141    
   3.14999986       4.26263714    
   3.15999985       4.27142000    
   3.16999984       4.28019619    
   3.17999983       4.28897667    
   3.18999982       4.29775429    
   3.19999981       4.30653000    
   3.21000004       4.31530476    
   3.22000003       4.32407999    
   3.23000002       4.33285236    
   3.24000001       4.34161949    
   3.25000000       4.35039520    
   3.25999999       4.35916567    
   3.26999998       4.36793566    
   3.27999997       4.37669849    
   3.28999996       4.38546944    
   3.29999995       4.39423037    
   3.30999994       4.40299988    
   3.31999993       4.41175938    
   3.32999992       4.42051840    
   3.33999991       4.42928362    
   3.34999990       4.43803930    
   3.35999990       4.44680548    
   3.36999989       4.45556116    
   3.37999988       4.46432018    
   3.38999987       4.47307682    
   3.39999986       4.48183155    
   3.40999985       4.49058485    
   3.41999984       4.49933958    
   3.42999983       4.50809431    
   3.43999982       4.51684523    
   3.44999981       4.52559757    
   3.46000004       4.53434896    
   3.47000003       4.54309702    
   3.48000002       4.55184317    
   3.49000001       4.56059170    
   3.50000000       4.56934309    
   3.50999999       4.57808828    
