   9.99999978E-03   6.86328509E-04
   1.99999996E-02   1.17922237E-03
   2.99999993E-02   1.58841885E-03
   3.99999991E-02   1.96756679E-03
   4.99999970E-02   2.66737072E-03
   5.99999987E-02   4.02350491E-03
   7.00000003E-02   7.14643719E-03
   7.99999982E-02   1.22585306E-02
   8.99999961E-02   2.00237595E-02
   9.99999940E-02   3.09250392E-02
  0.109999999       4.56061848E-02
  0.119999997       6.19852245E-02
  0.129999995       8.13660324E-02
  0.140000001      0.103104047    
  0.149999991      0.127604619    
  0.159999996      0.154222831    
  0.170000002      0.178848997    
  0.179999992      0.209476233    
  0.189999998      0.235955939    
  0.199999988      0.269798487    
  0.209999993      0.295103490    
  0.219999999      0.331031382    
  0.229999989      0.362388909    
  0.239999995      0.387413591    
  0.250000000      0.424931169    
  0.259999990      0.461699605    
  0.269999981      0.486722976    
  0.280000001      0.510993838    
  0.289999992      0.549749494    
  0.299999982      0.589707971    
  0.310000002      0.621375918    
  0.319999993      0.642537892    
  0.329999983      0.661997676    
  0.340000004      0.695253253    
  0.349999994      0.734221280    
  0.359999985      0.772980571    
  0.370000005      0.807334065    
  0.379999995      0.833355784    
  0.389999986      0.849759519    
  0.399999976      0.863502443    
  0.409999996      0.888234973    
  0.419999987      0.918494105    
  0.429999977      0.951835334    
  0.439999998      0.986829996    
  0.449999988       1.02202809    
  0.459999979       1.05567551    
  0.469999999       1.08562458    
  0.479999989       1.10947978    
  0.489999980       1.12536395    
  0.500000000       1.13465738    
  0.509999990       1.14840674    
  0.519999981       1.16647720    
  0.529999971       1.18725502    
  0.539999962       1.21011281    
  0.550000012       1.23467755    
  0.560000002       1.26066101    
  0.569999993       1.28780675    
  0.579999983       1.31564629    
  0.589999974       1.34445238    
  0.599999964       1.37325799    
  0.610000014       1.40178394    
  0.620000005       1.42941892    
  0.629999995       1.45539892    
  0.639999986       1.47877026    
  0.649999976       1.49841058    
  0.659999967       1.51316679    
  0.669999957       1.52322268    
  0.680000007       1.53395331    
  0.689999998       1.54590726    
  0.699999988       1.55880225    
  0.709999979       1.57248735    
  0.719999969       1.58686161    
  0.729999959       1.60185099    
  0.740000010       1.61740160    
  0.750000000       1.63347316    
  0.759999990       1.65002930    
  0.769999981       1.66703773    
  0.779999971       1.68447149    
  0.789999962       1.70230508    
  0.799999952       1.72051859    
  0.810000002       1.73908603    
  0.819999993       1.75798166    
  0.829999983       1.77718389    
  0.839999974       1.79666471    
  0.849999964       1.81639266    
  0.859999955       1.83633125    
  0.870000005       1.85644770    
  0.879999995       1.87668860    
  0.889999986       1.89700830    
  0.899999976       1.91734493    
  0.909999967       1.93762672    
  0.919999957       1.95777154    
  0.930000007       1.97767699    
  0.939999998       1.99723148    
  0.949999988       2.01629233    
  0.959999979       2.03469419    
  0.969999969       2.05224681    
  0.979999959       2.06870794    
  0.989999950       2.08379006    
   1.00000000       2.09715199    
   1.00999999       2.10911798    
   1.01999998       2.12065959    
   1.02999997       2.13199711    
   1.03999996       2.14323258    
   1.04999995       2.15441585    
   1.05999994       2.16557670    
   1.06999993       2.17673707    
   1.07999992       2.18790364    
   1.09000003       2.19909835    
   1.10000002       2.21031475    
   1.11000001       2.22155929    
   1.12000000       2.23283768    
   1.13000000       2.24414635    
   1.13999999       2.25549340    
   1.14999998       2.26687765    
   1.15999997       2.27829599    
   1.16999996       2.28975058    
   1.17999995       2.30124426    
   1.18999994       2.31276989    
   1.19999993       2.32433367    
   1.20999992       2.33593273    
   1.22000003       2.34756708    
   1.23000002       2.35923600    
   1.24000001       2.37093973    
   1.25000000       2.38267803    
   1.25999999       2.39444900    
   1.26999998       2.40625405    
   1.27999997       2.41809297    
   1.28999996       2.42996073    
   1.29999995       2.44186330    
   1.30999994       2.45379353    
   1.31999993       2.46575570    
   1.32999992       2.47774816    
   1.33999991       2.48977304    
   1.35000002       2.50182271    
   1.36000001       2.51390195    
   1.37000000       2.52600837    
   1.38000000       2.53814387    
   1.38999999       2.55030656    
   1.39999998       2.56249285    
   1.40999997       2.57470584    
   1.41999996       2.58694315    
   1.42999995       2.59920144    
   1.43999994       2.61149001    
   1.44999993       2.62379670    
   1.45999992       2.63612556    
   1.46999991       2.64847636    
   1.48000002       2.66084838    
   1.49000001       2.67323446    
   1.50000000       2.68564558    
   1.50999999       2.69807315    
   1.51999998       2.71051717    
   1.52999997       2.72298169    
   1.53999996       2.73545480    
   1.54999995       2.74794674    
   1.55999994       2.76045036    
   1.56999993       2.77296710    
   1.57999992       2.78549123    
   1.58999991       2.79803157    
   1.59999990       2.81057644    
   1.61000001       2.82312965    
   1.62000000       2.83568907    
   1.63000000       2.84825301    
   1.63999999       2.86082172    
   1.64999998       2.87339187    
   1.65999997       2.88596153    
   1.66999996       2.89853382    
   1.67999995       2.91110063    
   1.68999994       2.92366290    
   1.69999993       2.93621945    
   1.70999992       2.94876933    
   1.71999991       2.96130824    
   1.73000002       2.97383738    
   1.74000001       2.98635340    
   1.75000000       2.99884892    
   1.75999999       3.01132941    
   1.76999998       3.02379203    
   1.77999997       3.03622580    
   1.78999996       3.04863858    
   1.79999995       3.06101751    
   1.80999994       3.07337117    
   1.81999993       3.08568454    
   1.82999992       3.09796596    
   1.83999991       3.11020613    
   1.84999990       3.12240219    
   1.86000001       3.13455105    
   1.87000000       3.14664936    
   1.88000000       3.15868974    
   1.88999999       3.17067575    
   1.89999998       3.18259835    
   1.90999997       3.19444895    
   1.91999996       3.20623040    
   1.92999995       3.21793675    
   1.93999994       3.22955942    
   1.94999993       3.24109507    
   1.95999992       3.25253797    
   1.96999991       3.26388144    
   1.97999990       3.27512217    
   1.99000001       3.28625202    
   2.00000000       3.29726267    
   2.00999999       3.30807304    
   2.01999998       3.31866622    
   2.02999997       3.32909465    
   2.03999996       3.33938646    
   2.04999995       3.34956670    
   2.05999994       3.35964584    
   2.06999993       3.36964011    
   2.07999992       3.37955832    
   2.08999991       3.38941264    
   2.09999990       3.39920664    
   2.10999990       3.40894461    
   2.11999989       3.41863227    
   2.12999988       3.42827773    
   2.13999987       3.43788028    
   2.14999986       3.44744658    
   2.15999985       3.45697832    
   2.16999984       3.46647906    
   2.18000007       3.47594881    
   2.19000006       3.48539186    
   2.20000005       3.49480796    
   2.21000004       3.50419974    
   2.22000003       3.51356888    
   2.23000002       3.52291942    
   2.24000001       3.53224969    
   2.25000000       3.54155827    
   2.25999999       3.55085206    
   2.26999998       3.56012940    
   2.27999997       3.56939101    
   2.28999996       3.57863522    
   2.29999995       3.58786702    
   2.30999994       3.59708571    
   2.31999993       3.60629344    
   2.32999992       3.61548686    
   2.33999991       3.62466764    
   2.34999990       3.63383889    
   2.35999990       3.64300227    
   2.36999989       3.65215302    
   2.37999988       3.66129470    
   2.38999987       3.67042637    
   2.39999986       3.67954946    
   2.40999985       3.68866420    
   2.41999984       3.69777203    
   2.42999983       3.70687151    
   2.44000006       3.71596479    
   2.45000005       3.72504902    
   2.46000004       3.73412752    
   2.47000003       3.74319887    
   2.48000002       3.75226498    
   2.49000001       3.76132417    
   2.50000000       3.77037525    
   2.50999999       3.77942204    
   2.51999998       3.78846383    
   2.52999997       3.79750252    
   2.53999996       3.80653381    
   2.54999995       3.81556106    
   2.55999994       3.82458234    
   2.56999993       3.83359790    
   2.57999992       3.84261298    
   2.58999991       3.85161567    
   2.59999990       3.86062431    
   2.60999990       3.86962438    
   2.61999989       3.87861991    
   2.62999988       3.88760924    
   2.63999987       3.89659953    
   2.64999986       3.90558195    
   2.65999985       3.91456437    
   2.66999984       3.92354274    
   2.67999983       3.93251681    
   2.69000006       3.94148684    
   2.70000005       3.95045590    
   2.71000004       3.95941973    
   2.72000003       3.96838188    
   2.73000002       3.97734094    
   2.74000001       3.98629880    
   2.75000000       3.99525070    
   2.75999999       4.00420094    
   2.76999998       4.01315117    
   2.77999997       4.02209520    
   2.78999996       4.03104019    
   2.79999995       4.03997993    
   2.80999994       4.04891491    
   2.81999993       4.05785227    
   2.82999992       4.06678867    
   2.83999991       4.07571793    
   2.84999990       4.08464861    
   2.85999990       4.09357643    
   2.86999989       4.10249901    
   2.87999988       4.11142540    
   2.88999987       4.12034178    
   2.89999986       4.12925959    
   2.90999985       4.13818073    
   2.91999984       4.14709520    
   2.92999983       4.15601110    
   2.93999982       4.16492224    
   2.95000005       4.17383289    
   2.96000004       4.18274355    
   2.97000003       4.19164753    
   2.98000002       4.20055580    
   2.99000001       4.20945644    
   3.00000000       4.21835423    
   3.00999999       4.22726059    
   3.01999998       4.23615789    
   3.02999997       4.24505663    
   3.03999996       4.25395060    
   3.04999995       4.26284838    
   3.05999994       4.27174425    
   3.06999993       4.28063250    
   3.07999992       4.28952312    
   3.08999991       4.29840994    
   3.09999990       4.30729771    
   3.10999990       4.31618357    
   3.11999989       4.32506990    
   3.12999988       4.33395195    
   3.13999987       4.34283781    
   3.14999986       4.35171556    
   3.15999985       4.36059475    
   3.16999984       4.36947489    
   3.17999983       4.37835312    
   3.18999982       4.38722992    
   3.19999981       4.39610434    
   3.21000004       4.40497780    
   3.22000003       4.41385078    
   3.23000002       4.42272139    
   3.24000001       4.43159389    
   3.25000000       4.44046736    
   3.25999999       4.44933271    
   3.26999998       4.45820189    
   3.27999997       4.46706867    
   3.28999996       4.47593546    
   3.29999995       4.48479414    
   3.30999994       4.49365997    
   3.31999993       4.50252581    
   3.32999992       4.51138401    
   3.33999991       4.52024937    
   3.34999990       4.52910709    
   3.35999990       4.53796148    
   3.36999989       4.54682636    
   3.37999988       4.55568027    
   3.38999987       4.56453609    
   3.39999986       4.57339334    
   3.40999985       4.58224726    
   3.41999984       4.59109783    
   3.42999983       4.59995365    
   3.43999982       4.60880709    
   3.44999981       4.61765242    
   3.46000004       4.62650442    
   3.47000003       4.63535404    
   3.48000002       4.64420509    
   3.49000001       4.65305138    
   3.50000000       4.66189575    
   3.50999999       4.67074108    
