   9.99999978E-03   6.85249281E-04
   1.99999996E-02   1.17764284E-03
   2.99999993E-02   1.58090529E-03
   3.99999991E-02   1.95421721E-03
   4.99999970E-02   2.59546284E-03
   5.99999987E-02   3.79047543E-03
   7.00000003E-02   6.56652497E-03
   7.99999982E-02   1.11283474E-02
   8.99999961E-02   1.81585923E-02
   9.99999940E-02   2.81751566E-02
  0.109999999       4.18111198E-02
  0.119999997       5.71336076E-02
  0.129999995       7.53596872E-02
  0.140000001       9.59490016E-02
  0.149999991      0.119291015    
  0.159999996      0.144679293    
  0.170000002      0.168266132    
  0.179999992      0.197874218    
  0.189999998      0.223314106    
  0.199999988      0.256244630    
  0.209999993      0.280730069    
  0.219999999      0.315665275    
  0.229999989      0.346436888    
  0.239999995      0.370721519    
  0.250000000      0.407390654    
  0.259999990      0.443653107    
  0.269999981      0.468251258    
  0.280000001      0.491874188    
  0.289999992      0.529980838    
  0.299999982      0.569529772    
  0.310000002      0.600958407    
  0.319999993      0.621815383    
  0.329999983      0.640783787    
  0.340000004      0.673565388    
  0.349999994      0.712182939    
  0.359999985      0.750739038    
  0.370000005      0.785008490    
  0.379999995      0.810951769    
  0.389999986      0.827127457    
  0.399999976      0.840489924    
  0.409999996      0.864917159    
  0.419999987      0.894926965    
  0.429999977      0.928087234    
  0.439999998      0.962981641    
  0.449999988      0.998162985    
  0.459999979       1.03187203    
  0.469999999       1.06191683    
  0.479999989       1.08582306    
  0.489999980       1.10160589    
  0.500000000       1.11060941    
  0.509999990       1.12411678    
  0.519999981       1.14199674    
  0.529999971       1.16261768    
  0.539999962       1.18535662    
  0.550000012       1.20982766    
  0.560000002       1.23575437    
  0.569999993       1.26287878    
  0.579999983       1.29093421    
  0.589999974       1.31960869    
  0.599999964       1.34852457    
  0.610000014       1.37719321    
  0.620000005       1.40500510    
  0.629999995       1.43117249    
  0.639999986       1.45471323    
  0.649999976       1.47445536    
  0.659999967       1.48919368    
  0.669999957       1.49908078    
  0.680000007       1.50964618    
  0.689999998       1.52146184    
  0.699999988       1.53423393    
  0.709999979       1.54780734    
  0.719999969       1.56208086    
  0.729999959       1.57698190    
  0.740000010       1.59245396    
  0.750000000       1.60845542    
  0.759999990       1.62495244    
  0.769999981       1.64191127    
  0.779999971       1.65930533    
  0.789999962       1.67711413    
  0.799999952       1.69531035    
  0.810000002       1.71387196    
  0.819999993       1.73277771    
  0.829999983       1.75199842    
  0.839999974       1.77151048    
  0.849999964       1.79128516    
  0.859999955       1.81128335    
  0.870000005       1.83146679    
  0.879999995       1.85179937    
  0.889999986       1.87222028    
  0.899999976       1.89266825    
  0.909999967       1.91307497    
  0.919999957       1.93335557    
  0.930000007       1.95340824    
  0.939999998       1.97311282    
  0.949999988       1.99232864    
  0.959999979       2.01088333    
  0.969999969       2.02857375    
  0.979999959       2.04515147    
  0.989999950       2.06032276    
   1.00000000       2.07372308    
   1.00999999       2.08567762    
   1.01999998       2.09719110    
   1.02999997       2.10849714    
   1.03999996       2.11969471    
   1.04999995       2.13083625    
   1.05999994       2.14195085    
   1.06999993       2.15306950    
   1.07999992       2.16418767    
   1.09000003       2.17533731    
   1.10000002       2.18651032    
   1.11000001       2.19770718    
   1.12000000       2.20894051    
   1.13000000       2.22020721    
   1.13999999       2.23151016    
   1.14999998       2.24285030    
   1.15999997       2.25422454    
   1.16999996       2.26563787    
   1.17999995       2.27708888    
   1.18999994       2.28857470    
   1.19999993       2.30009937    
   1.20999992       2.31165767    
   1.22000003       2.32325673    
   1.23000002       2.33488822    
   1.24000001       2.34655571    
   1.25000000       2.35825944    
   1.25999999       2.36999631    
   1.26999998       2.38176680    
   1.27999997       2.39357233    
   1.28999996       2.40540934    
   1.29999995       2.41728091    
   1.30999994       2.42918324    
   1.31999993       2.44111991    
   1.32999992       2.45308518    
   1.33999991       2.46508098    
   1.35000002       2.47710609    
   1.36000001       2.48916292    
   1.37000000       2.50124764    
   1.38000000       2.51336312    
   1.38999999       2.52550125    
   1.39999998       2.53766847    
   1.40999997       2.54986143    
   1.41999996       2.56208301    
   1.42999995       2.57432604    
   1.43999994       2.58659887    
   1.44999993       2.59889269    
   1.45999992       2.61120796    
   1.46999991       2.62354898    
   1.48000002       2.63590717    
   1.49000001       2.64829040    
   1.50000000       2.66069078    
   1.50999999       2.67311358    
   1.51999998       2.68555260    
   1.52999997       2.69801021    
   1.53999996       2.71048117    
   1.54999995       2.72297335    
   1.55999994       2.73547411    
   1.56999993       2.74799085    
   1.57999992       2.76052070    
   1.58999991       2.77306128    
   1.59999990       2.78561211    
   1.61000001       2.79817104    
   1.62000000       2.81073856    
   1.63000000       2.82331061    
   1.63999999       2.83588791    
   1.64999998       2.84846950    
   1.65999997       2.86105275    
   1.66999996       2.87363505    
   1.67999995       2.88622046    
   1.68999994       2.89879727    
   1.69999993       2.91137123    
   1.70999992       2.92393661    
   1.71999991       2.93649578    
   1.73000002       2.94904828    
   1.74000001       2.96158147    
   1.75000000       2.97410297    
   1.75999999       2.98660493    
   1.76999998       2.99908924    
   1.77999997       3.01154971    
   1.78999996       3.02398586    
   1.79999995       3.03639293    
   1.80999994       3.04877353    
   1.81999993       3.06111693    
   1.82999992       3.07342696    
   1.83999991       3.08569551    
   1.84999990       3.09791827    
   1.86000001       3.11009693    
   1.87000000       3.12222505    
   1.88000000       3.13429809    
   1.88999999       3.14631391    
   1.89999998       3.15826178    
   1.90999997       3.17014885    
   1.91999996       3.18195677    
   1.92999995       3.19369221    
   1.93999994       3.20534182    
   1.94999993       3.21690297    
   1.95999992       3.22837663    
   1.96999991       3.23974419    
   1.97999990       3.25100803    
   1.99000001       3.26215553    
   2.00000000       3.27318883    
   2.00999999       3.28401303    
   2.01999998       3.29461646    
   2.02999997       3.30504823    
   2.03999996       3.31534553    
   2.04999995       3.32552338    
   2.05999994       3.33560109    
   2.06999993       3.34558940    
   2.07999992       3.35550141    
   2.08999991       3.36534476    
   2.09999990       3.37512732    
   2.10999990       3.38485599    
   2.11999989       3.39452815    
   2.12999988       3.40416026    
   2.13999987       3.41374707    
   2.14999986       3.42329741    
   2.15999985       3.43281150    
   2.16999984       3.44229555    
   2.18000007       3.45174599    
   2.19000006       3.46116877    
   2.20000005       3.47056770    
   2.21000004       3.47993684    
   2.22000003       3.48928690    
   2.23000002       3.49861407    
   2.24000001       3.50792098    
   2.25000000       3.51721048    
   2.25999999       3.52648139    
   2.26999998       3.53573370    
   2.27999997       3.54497027    
   2.28999996       3.55419350    
   2.29999995       3.56340194    
   2.30999994       3.57259393    
   2.31999993       3.58177948    
   2.32999992       3.59094691    
   2.33999991       3.60010123    
   2.34999990       3.60924983    
   2.35999990       3.61838651    
   2.36999989       3.62751126    
   2.37999988       3.63662553    
   2.38999987       3.64573050    
   2.39999986       3.65482831    
   2.40999985       3.66391730    
   2.41999984       3.67299891    
   2.42999983       3.68207049    
   2.44000006       3.69113684    
   2.45000005       3.70019460    
   2.46000004       3.70924330    
   2.47000003       3.71828771    
   2.48000002       3.72732687    
   2.49000001       3.73635793    
   2.50000000       3.74538374    
   2.50999999       3.75440216    
   2.51999998       3.76341510    
   2.52999997       3.77242374    
   2.53999996       3.78142691    
   2.54999995       3.79042697    
   2.55999994       3.79942036    
   2.56999993       3.80840850    
   2.57999992       3.81739187    
   2.58999991       3.82637143    
   2.59999990       3.83534908    
   2.60999990       3.84431887    
   2.61999989       3.85328531    
   2.62999988       3.86224937    
   2.63999987       3.87120962    
   2.64999986       3.88016605    
   2.65999985       3.88911605    
   2.66999984       3.89806652    
   2.67999983       3.90701151    
   2.69000006       3.91595316    
   2.70000005       3.92489481    
   2.71000004       3.93382931    
   2.72000003       3.94276214    
   2.73000002       3.95169449    
   2.74000001       3.96061969    
   2.75000000       3.96954441    
   2.75999999       3.97846580    
   2.76999998       3.98738503    
   2.77999997       3.99630094    
   2.78999996       4.00521278    
   2.79999995       4.01412630    
   2.80999994       4.02303267    
   2.81999993       4.03194332    
   2.82999992       4.04084444    
   2.83999991       4.04974747    
   2.84999990       4.05864811    
   2.85999990       4.06754637    
   2.86999989       4.07643986    
   2.87999988       4.08533716    
   2.88999987       4.09422493    
   2.89999986       4.10311508    
   2.90999985       4.11200380    
   2.91999984       4.12089205    
   2.92999983       4.12977695    
   2.93999982       4.13865757    
   2.95000005       4.14753962    
   2.96000004       4.15641594    
   2.97000003       4.16529274    
   2.98000002       4.17416954    
   2.99000001       4.18304396    
   3.00000000       4.19191647    
   3.00999999       4.20078611    
   3.01999998       4.20965767    
   3.02999997       4.21852398    
   3.03999996       4.22738743    
   3.04999995       4.23625565    
   3.05999994       4.24511909    
   3.06999993       4.25398159    
   3.07999992       4.26284313    
   3.08999991       4.27170181    
   3.09999990       4.28055716    
   3.10999990       4.28941298    
   3.11999989       4.29827118    
   3.12999988       4.30712557    
   3.13999987       4.31597757    
   3.14999986       4.32482481    
   3.15999985       4.33367729    
   3.16999984       4.34252787    
   3.17999983       4.35137749    
   3.18999982       4.36022043    
   3.19999981       4.36907005    
   3.21000004       4.37791348    
   3.22000003       4.38675356    
   3.23000002       4.39560080    
   3.24000001       4.40443897    
   3.25000000       4.41327715    
   3.25999999       4.42211246    
   3.26999998       4.43095541    
   3.27999997       4.43978882    
   3.28999996       4.44862795    
   3.29999995       4.45746279    
   3.30999994       4.46629286    
   3.31999993       4.47512770    
   3.32999992       4.48395920    
   3.33999991       4.49279308    
   3.34999990       4.50162220    
   3.35999990       4.51044989    
   3.36999989       4.51927662    
   3.37999988       4.52810574    
   3.38999987       4.53692961    
   3.39999986       4.54575682    
   3.40999985       4.55457973    
   3.41999984       4.56340361    
   3.42999983       4.57222891    
   3.43999982       4.58105326    
   3.44999981       4.58986998    
   3.46000004       4.59869194    
   3.47000003       4.60751057    
   3.48000002       4.61632919    
   3.49000001       4.62514687    
   3.50000000       4.63396406    
   3.50999999       4.64278078    
