   9.99999978E-03   6.84120110E-04
   1.99999996E-02   1.17632945E-03
   2.99999993E-02   1.57638115E-03
   3.99999991E-02   1.94668071E-03
   4.99999970E-02   2.55445275E-03
   5.99999987E-02   3.65604251E-03
   7.00000003E-02   6.22448372E-03
   7.99999982E-02   1.04506733E-02
   8.99999961E-02   1.70266405E-02
   9.99999940E-02   2.64935605E-02
  0.109999999       3.94692123E-02
  0.119999997       5.86006306E-02
  0.129999995       7.16110542E-02
  0.140000001       9.14605632E-02
  0.149999991      0.114051864    
  0.159999996      0.138641730    
  0.170000002      0.161555737    
  0.179999992      0.190491959    
  0.189999998      0.215253085    
  0.199999988      0.247576579    
  0.209999993      0.271525860    
  0.219999999      0.305800170    
  0.229999989      0.336179644    
  0.239999995      0.359977335    
  0.250000000      0.396075010    
  0.259999990      0.431993783    
  0.269999981      0.456311077    
  0.280000001      0.479503632    
  0.289999992      0.517168641    
  0.299999982      0.556434691    
  0.310000002      0.587698162    
  0.319999993      0.608353794    
  0.329999983      0.626994133    
  0.340000004      0.659452915    
  0.349999994      0.697825372    
  0.359999985      0.736234844    
  0.370000005      0.770439565    
  0.379999995      0.796329796    
  0.389999986      0.812354922    
  0.399999976      0.825464129    
  0.409999996      0.849682152    
  0.419999987      0.879518926    
  0.429999977      0.912548602    
  0.439999998      0.947365761    
  0.449999988      0.982528031    
  0.459999979       1.01626968    
  0.469999999       1.04637182    
  0.479999989       1.07030976    
  0.489999980       1.08602834    
  0.500000000       1.09483576    
  0.509999990       1.10818172    
  0.519999981       1.12593460    
  0.529999971       1.14645374    
  0.539999962       1.16909945    
  0.550000012       1.19350362    
  0.560000002       1.21938550    
  0.569999993       1.24649143    
  0.579999983       1.27455294    
  0.589999974       1.30326319    
  0.599999964       1.33224368    
  0.610000014       1.36100578    
  0.620000005       1.38892865    
  0.629999995       1.41521907    
  0.639999986       1.43887007    
  0.649999976       1.45868063    
  0.659999967       1.47340631    
  0.669999957       1.48317719    
  0.680000007       1.49363613    
  0.689999998       1.50535583    
  0.699999988       1.51804495    
  0.709999979       1.53154266    
  0.719999969       1.54574895    
  0.729999959       1.56058717    
  0.740000010       1.57600546    
  0.750000000       1.59195900    
  0.759999990       1.60841405    
  0.769999981       1.62533796    
  0.779999971       1.64270556    
  0.789999962       1.66049135    
  0.799999952       1.67867434    
  0.810000002       1.69723082    
  0.819999993       1.71613824    
  0.829999983       1.73536766    
  0.839999974       1.75489855    
  0.849999964       1.77470088    
  0.859999955       1.79473519    
  0.870000005       1.81496429    
  0.879999995       1.83535039    
  0.889999986       1.85583591    
  0.899999976       1.87635744    
  0.909999967       1.89684737    
  0.919999957       1.91721427    
  0.930000007       1.93736315    
  0.939999998       1.95716751    
  0.949999988       1.97648346    
  0.959999979       1.99513841    
  0.969999969       2.01292253    
  0.979999959       2.02958059    
  0.989999950       2.04481125    
   1.00000000       2.05823660    
   1.00999999       2.07018399    
   1.01999998       2.08167887    
   1.02999997       2.09295940    
   1.03999996       2.10413241    
   1.04999995       2.11524415    
   1.05999994       2.12633514    
   1.06999993       2.13741541    
   1.07999992       2.14850283    
   1.09000003       2.15962481    
   1.10000002       2.17076468    
   1.11000001       2.18193507    
   1.12000000       2.19313431    
   1.13000000       2.20437050    
   1.13999999       2.21563101    
   1.14999998       2.22695160    
   1.15999997       2.23829961    
   1.16999996       2.24968290    
   1.17999995       2.26110411    
   1.18999994       2.27256227    
   1.19999993       2.28405905    
   1.20999992       2.29559398    
   1.22000003       2.30716586    
   1.23000002       2.31877232    
   1.24000001       2.33041477    
   1.25000000       2.34209323    
   1.25999999       2.35380673    
   1.26999998       2.36555433    
   1.27999997       2.37733746    
   1.28999996       2.38915467    
   1.29999995       2.40099096    
   1.30999994       2.41288877    
   1.31999993       2.42480135    
   1.32999992       2.43674850    
   1.33999991       2.44872594    
   1.35000002       2.46073580    
   1.36000001       2.47277570    
   1.37000000       2.48484325    
   1.38000000       2.49694109    
   1.38999999       2.50906515    
   1.39999998       2.52122045    
   1.40999997       2.53339934    
   1.41999996       2.54560876    
   1.42999995       2.55784130    
   1.43999994       2.57010341    
   1.44999993       2.58238530    
   1.45999992       2.59469461    
   1.46999991       2.60702467    
   1.48000002       2.61937666    
   1.49000001       2.63175273    
   1.50000000       2.64414811    
   1.50999999       2.65656328    
   1.51999998       2.66899943    
   1.52999997       2.68145299    
   1.53999996       2.69392443    
   1.54999995       2.70640874    
   1.55999994       2.71891308    
   1.56999993       2.73142934    
   1.57999992       2.74396014    
   1.58999991       2.75650048    
   1.59999990       2.76905656    
   1.61000001       2.78161788    
   1.62000000       2.79418731    
   1.63000000       2.80676508    
   1.63999999       2.81935024    
   1.64999998       2.83193684    
   1.65999997       2.84452677    
   1.66999996       2.85711837    
   1.67999995       2.86970925    
   1.68999994       2.88229775    
   1.69999993       2.89488649    
   1.70999992       2.90746069    
   1.71999991       2.92003226    
   1.73000002       2.93259168    
   1.74000001       2.94514465    
   1.75000000       2.95767808    
   1.75999999       2.97019625    
   1.76999998       2.98269629    
   1.77999997       2.99517226    
   1.78999996       3.00762558    
   1.79999995       3.02005005    
   1.80999994       3.03244734    
   1.81999993       3.04480934    
   1.82999992       3.05713725    
   1.83999991       3.06942677    
   1.84999990       3.08167100    
   1.86000001       3.09386849    
   1.87000000       3.10601521    
   1.88000000       3.11810994    
   1.88999999       3.13014197    
   1.89999998       3.14211440    
   1.90999997       3.15401506    
   1.91999996       3.16584778    
   1.92999995       3.17760062    
   1.93999994       3.18926978    
   1.94999993       3.20084596    
   1.95999992       3.21233726    
   1.96999991       3.22372341    
   1.97999990       3.23500109    
   1.99000001       3.24616694    
   2.00000000       3.25721097    
   2.00999999       3.26804495    
   2.01999998       3.27865458    
   2.02999997       3.28909183    
   2.03999996       3.29938793    
   2.04999995       3.30956459    
   2.05999994       3.31964159    
   2.06999993       3.32962847    
   2.07999992       3.33953595    
   2.08999991       3.34937215    
   2.09999990       3.35914755    
   2.10999990       3.36886764    
   2.11999989       3.37853551    
   2.12999988       3.38815546    
   2.13999987       3.39773345    
   2.14999986       3.40727091    
   2.15999985       3.41677284    
   2.16999984       3.42624521    
   2.18000007       3.43568540    
   2.19000006       3.44509482    
   2.20000005       3.45447803    
   2.21000004       3.46383619    
   2.22000003       3.47317266    
   2.23000002       3.48248339    
   2.24000001       3.49177647    
   2.25000000       3.50105238    
   2.25999999       3.51030588    
   2.26999998       3.51954460    
   2.27999997       3.52876759    
   2.28999996       3.53797221    
   2.29999995       3.54716372    
   2.30999994       3.55634284    
   2.31999993       3.56550765    
   2.32999992       3.57465959    
   2.33999991       3.58379626    
   2.34999990       3.59292936    
   2.35999990       3.60204673    
   2.36999989       3.61115694    
   2.37999988       3.62025428    
   2.38999987       3.62934303    
   2.39999986       3.63841987    
   2.40999985       3.64749336    
   2.41999984       3.65655661    
   2.42999983       3.66561151    
   2.44000006       3.67465806    
   2.45000005       3.68369842    
   2.46000004       3.69273114    
   2.47000003       3.70175838    
   2.48000002       3.71077752    
   2.49000001       3.71979046    
   2.50000000       3.72879553    
   2.50999999       3.73779607    
   2.51999998       3.74679208    
   2.52999997       3.75578189    
   2.53999996       3.76476669    
   2.54999995       3.77374816    
   2.55999994       3.78272009    
   2.56999993       3.79169178    
   2.57999992       3.80065680    
   2.58999991       3.80961728    
   2.59999990       3.81857204    
   2.60999990       3.82752657    
   2.61999989       3.83647561    
   2.62999988       3.84541917    
   2.63999987       3.85435700    
   2.64999986       3.86329675    
   2.65999985       3.87222934    
   2.66999984       3.88116026    
   2.67999983       3.89008737    
   2.69000006       3.89900875    
   2.70000005       3.90792704    
   2.71000004       3.91684484    
   2.72000003       3.92576003    
   2.73000002       3.93466878    
   2.74000001       3.94357848    
   2.75000000       3.95248318    
   2.75999999       3.96138453    
   2.76999998       3.97028542    
   2.77999997       3.97918129    
   2.78999996       3.98807478    
   2.79999995       3.99696827    
   2.80999994       4.00585794    
   2.81999993       4.01474428    
   2.82999992       4.02362728    
   2.83999991       4.03251362    
   2.84999990       4.04139423    
   2.85999990       4.05026960    
   2.86999989       4.05914688    
   2.87999988       4.06802177    
   2.88999987       4.07689333    
   2.89999986       4.08576155    
   2.90999985       4.09463263    
   2.91999984       4.10349560    
   2.92999983       4.11236286    
   2.93999982       4.12122679    
   2.95000005       4.13008547    
   2.96000004       4.13894653    
   2.97000003       4.14780188    
   2.98000002       4.15666056    
   2.99000001       4.16550922    
   3.00000000       4.17436600    
   3.00999999       4.18321800    
   3.01999998       4.19206810    
   3.02999997       4.20091248    
   3.03999996       4.20976114    
   3.04999995       4.21860790    
   3.05999994       4.22744942    
   3.06999993       4.23628807    
   3.07999992       4.24513483    
   3.08999991       4.25397062    
   3.09999990       4.26281071    
   3.10999990       4.27164316    
   3.11999989       4.28048420    
   3.12999988       4.28931570    
   3.13999987       4.29814959    
   3.14999986       4.30697918    
   3.15999985       4.31581068    
   3.16999984       4.32464027    
   3.17999983       4.33346653    
   3.18999982       4.34229374    
   3.19999981       4.35111952    
   3.21000004       4.35994434    
   3.22000003       4.36876965    
   3.23000002       4.37759066    
   3.24000001       4.38640690    
   3.25000000       4.39523458    
   3.25999999       4.40405130    
   3.26999998       4.41286993    
   3.27999997       4.42168379    
   3.28999996       4.43050528    
   3.29999995       4.43931484    
   3.30999994       4.44813013    
   3.31999993       4.45694304    
   3.32999992       4.46575499    
   3.33999991       4.47456932    
   3.34999990       4.48337650    
   3.35999990       4.49218750    
   3.36999989       4.50099325    
   3.37999988       4.50980139    
   3.38999987       4.51860905    
   3.39999986       4.52741194    
   3.40999985       4.53621769    
   3.41999984       4.54501867    
   3.42999983       4.55382252    
   3.43999982       4.56262398    
   3.44999981       4.57142782    
   3.46000004       4.58022594    
   3.47000003       4.58902884    
   3.48000002       4.59782362    
   3.49000001       4.60662365    
   3.50000000       4.61542225    
   3.50999999       4.62421703    
