   9.99999978E-03   6.87550462E-04
   1.99999996E-02   1.18051085E-03
   2.99999993E-02   1.60231139E-03
   3.99999991E-02   2.00397545E-03
   4.99999970E-02   2.85687041E-03
   5.99999987E-02   4.62957425E-03
   7.00000003E-02   8.59276205E-03
   7.99999982E-02   1.49983643E-02
   8.99999961E-02   2.44622827E-02
   9.99999940E-02   3.73546407E-02
  0.109999999       5.43312244E-02
  0.119999997       7.30233416E-02
  0.129999995       9.48982388E-02
  0.140000001      0.119077981    
  0.149999991      0.146010563    
  0.159999996      0.175199747    
  0.170000002      0.202007219    
  0.179999992      0.234703884    
  0.189999998      0.263347358    
  0.199999988      0.299012125    
  0.209999993      0.326013505    
  0.219999999      0.363914937    
  0.229999989      0.396441966    
  0.239999995      0.422980785    
  0.250000000      0.462155938    
  0.259999990      0.499896079    
  0.269999981      0.525781691    
  0.280000001      0.551350117    
  0.289999992      0.591349423    
  0.299999982      0.632066965    
  0.310000002      0.664185762    
  0.319999993      0.685966492    
  0.329999983      0.706407726    
  0.340000004      0.740555882    
  0.349999994      0.780163288    
  0.359999985      0.819267452    
  0.370000005      0.853746891    
  0.379999995      0.879910529    
  0.389999986      0.896777809    
  0.399999976      0.911281288    
  0.409999996      0.936594784    
  0.419999987      0.967306197    
  0.429999977       1.00095785    
  0.439999998       1.03609800    
  0.449999988       1.07127142    
  0.459999979       1.10475576    
  0.469999999       1.13448656    
  0.479999989       1.15823030    
  0.489999980       1.17431784    
  0.500000000       1.18419862    
  0.509999990       1.19842017    
  0.519999981       1.21685350    
  0.529999971       1.23791528    
  0.539999962       1.26099491    
  0.550000012       1.28571343    
  0.560000002       1.31177974    
  0.569999993       1.33892834    
  0.579999983       1.36688375    
  0.589999974       1.39533210    
  0.599999964       1.42389107    
  0.610000014       1.45209205    
  0.620000005       1.47935498    
  0.629999995       1.50494230    
  0.639999986       1.52796769    
  0.649999976       1.54739451    
  0.659999967       1.56219196    
  0.669999957       1.57258379    
  0.680000007       1.58363295    
  0.689999998       1.59585941    
  0.699999988       1.60899520    
  0.709999979       1.62289226    
  0.719999969       1.63745463    
  0.729999959       1.65261352    
  0.740000010       1.66831088    
  0.750000000       1.68450797    
  0.759999990       1.70116937    
  0.769999981       1.71826017    
  0.779999971       1.73575592    
  0.789999962       1.75363076    
  0.799999952       1.77186036    
  0.810000002       1.79042184    
  0.819999993       1.80928969    
  0.829999983       1.82843387    
  0.839999974       1.84783411    
  0.849999964       1.86745274    
  0.859999955       1.88725817    
  0.870000005       1.90721238    
  0.879999995       1.92726660    
  0.889999986       1.94737101    
  0.899999976       1.96747053    
  0.909999967       1.98748827    
  0.919999957       2.00735044    
  0.930000007       2.02695847    
  0.939999998       2.04620290    
  0.949999988       2.06495261    
  0.959999979       2.08305192    
  0.969999969       2.10032248    
  0.979999959       2.11641097    
  0.989999950       2.13144970    
   1.00000000       2.14473748    
   1.00999999       2.15672135    
   1.01999998       2.16830778    
   1.02999997       2.17971277    
   1.03999996       2.19102335    
   1.04999995       2.20228577    
   1.05999994       2.21353340    
   1.06999993       2.22477531    
   1.07999992       2.23603368    
   1.09000003       2.24731445    
   1.10000002       2.25861716    
   1.11000001       2.26994944    
   1.12000000       2.28131270    
   1.13000000       2.29271054    
   1.13999999       2.30414104    
   1.14999998       2.31560588    
   1.15999997       2.32709980    
   1.16999996       2.33862948    
   1.17999995       2.35020924    
   1.18999994       2.36181521    
   1.19999993       2.37345243    
   1.20999992       2.38512468    
   1.22000003       2.39683175    
   1.23000002       2.40857196    
   1.24000001       2.42034411    
   1.25000000       2.43214536    
   1.25999999       2.44398165    
   1.26999998       2.45584702    
   1.27999997       2.46774483    
   1.28999996       2.47967553    
   1.29999995       2.49162745    
   1.30999994       2.50361705    
   1.31999993       2.51563382    
   1.32999992       2.52767277    
   1.33999991       2.53974295    
   1.35000002       2.55184054    
   1.36000001       2.56396103    
   1.37000000       2.57611060    
   1.38000000       2.58828497    
   1.38999999       2.60048079    
   1.39999998       2.61270261    
   1.40999997       2.62494802    
   1.41999996       2.63721323    
   1.42999995       2.64950085    
   1.43999994       2.66181183    
   1.44999993       2.67414308    
   1.45999992       2.68649435    
   1.46999991       2.69885850    
   1.48000002       2.71124673    
   1.49000001       2.72365117    
   1.50000000       2.73607063    
   1.50999999       2.74850392    
   1.51999998       2.76095557    
   1.52999997       2.77342224    
   1.53999996       2.78589821    
   1.54999995       2.79838586    
   1.55999994       2.81088614    
   1.56999993       2.82339454    
   1.57999992       2.83591270    
   1.58999991       2.84843779    
   1.59999990       2.86096978    
   1.61000001       2.87350917    
   1.62000000       2.88605046    
   1.63000000       2.89859200    
   1.63999999       2.91113830    
   1.64999998       2.92368269    
   1.65999997       2.93622470    
   1.66999996       2.94876504    
   1.67999995       2.96130061    
   1.68999994       2.97383022    
   1.69999993       2.98635077    
   1.70999992       2.99885678    
   1.71999991       3.01135850    
   1.73000002       3.02384257    
   1.74000001       3.03631139    
   1.75000000       3.04876208    
   1.75999999       3.06119347    
   1.76999998       3.07360291    
   1.77999997       3.08598638    
   1.78999996       3.09834242    
   1.79999995       3.11066961    
   1.80999994       3.12296367    
   1.81999993       3.13522196    
   1.82999992       3.14744425    
   1.83999991       3.15962386    
   1.84999990       3.17175961    
   1.86000001       3.18384719    
   1.87000000       3.19588399    
   1.88000000       3.20786595    
   1.88999999       3.21978831    
   1.89999998       3.23164916    
   1.90999997       3.24344301    
   1.91999996       3.25516319    
   1.92999995       3.26681328    
   1.93999994       3.27837825    
   1.94999993       3.28986192    
   1.95999992       3.30125141    
   1.96999991       3.31254792    
   1.97999990       3.32374382    
   1.99000001       3.33483028    
   2.00000000       3.34580398    
   2.00999999       3.35658646    
   2.01999998       3.36715913    
   2.02999997       3.37757707    
   2.03999996       3.38786650    
   2.04999995       3.39804506    
   2.05999994       3.40813375    
   2.06999993       3.41814017    
   2.07999992       3.42807412    
   2.08999991       3.43794632    
   2.09999990       3.44775891    
   2.10999990       3.45752335    
   2.11999989       3.46723795    
   2.12999988       3.47691345    
   2.13999987       3.48654699    
   2.14999986       3.49614668    
   2.15999985       3.50571299    
   2.16999984       3.51524806    
   2.18000007       3.52475715    
   2.19000006       3.53423667    
   2.20000005       3.54369473    
   2.21000004       3.55312753    
   2.22000003       3.56254077    
   2.23000002       3.57193327    
   2.24000001       3.58130789    
   2.25000000       3.59066582    
   2.25999999       3.60000396    
   2.26999998       3.60932589    
   2.27999997       3.61863589    
   2.28999996       3.62792873    
   2.29999995       3.63721085    
   2.30999994       3.64647841    
   2.31999993       3.65573406    
   2.32999992       3.66498113    
   2.33999991       3.67421174    
   2.34999990       3.68343234    
   2.35999990       3.69264793    
   2.36999989       3.70185161    
   2.37999988       3.71104622    
   2.38999987       3.72023010    
   2.39999986       3.72940731    
   2.40999985       3.73857665    
   2.41999984       3.74773765    
   2.42999983       3.75689149    
   2.44000006       3.76603746    
   2.45000005       3.77517676    
   2.46000004       3.78430963    
   2.47000003       3.79343605    
   2.48000002       3.80255556    
   2.49000001       3.81167269    
   2.50000000       3.82078075    
   2.50999999       3.82988286    
   2.51999998       3.83897948    
   2.52999997       3.84807301    
   2.53999996       3.85716105    
   2.54999995       3.86624408    
   2.55999994       3.87532091    
   2.56999993       3.88439631    
   2.57999992       3.89346480    
   2.58999991       3.90253258    
   2.59999990       3.91159225    
   2.60999990       3.92064857    
   2.61999989       3.92970276    
   2.62999988       3.93875217    
   2.63999987       3.94779634    
   2.64999986       3.95683885    
   2.65999985       3.96587801    
   2.66999984       3.97491503    
   2.67999983       3.98394608    
   2.69000006       3.99297523    
   2.70000005       4.00200224    
   2.71000004       4.01102591    
   2.72000003       4.02004671    
   2.73000002       4.02906275    
   2.74000001       4.03807783    
   2.75000000       4.04709101    
   2.75999999       4.05609846    
   2.76999998       4.06510401    
   2.77999997       4.07410717    
   2.78999996       4.08311129    
   2.79999995       4.09211016    
   2.80999994       4.10111094    
   2.81999993       4.11010599    
   2.82999992       4.11909771    
   2.83999991       4.12808514    
   2.84999990       4.13707685    
   2.85999990       4.14606190    
   2.86999989       4.15504360    
   2.87999988       4.16402531    
   2.88999987       4.17300797    
   2.89999986       4.18198681    
   2.90999985       4.19096088    
   2.91999984       4.19993734    
   2.92999983       4.20890856    
   2.93999982       4.21788120    
   2.95000005       4.22684956    
   2.96000004       4.23581600    
   2.97000003       4.24478388    
   2.98000002       4.25374460    
   2.99000001       4.26271152    
   3.00000000       4.27167368    
   3.00999999       4.28063250    
   3.01999998       4.28959322    
   3.02999997       4.29854774    
   3.03999996       4.30750275    
   3.04999995       4.31645966    
   3.05999994       4.32541323    
   3.06999993       4.33436155    
   3.07999992       4.34330750    
   3.08999991       4.35226297    
   3.09999990       4.36120796    
   3.10999990       4.37015104    
   3.11999989       4.37909794    
   3.12999988       4.38804150    
   3.13999987       4.39698601    
   3.14999986       4.40592480    
   3.15999985       4.41486120    
   3.16999984       4.42380285    
   3.17999983       4.43273926    
   3.18999982       4.44167471    
   3.19999981       4.45060968    
   3.21000004       4.45954132    
   3.22000003       4.46847343    
   3.23000002       4.47740650    
   3.24000001       4.48633909    
   3.25000000       4.49526834    
   3.25999999       4.50419760    
   3.26999998       4.51312304    
   3.27999997       4.52204943    
   3.28999996       4.53097534    
   3.29999995       4.53989887    
   3.30999994       4.54882336    
   3.31999993       4.55774546    
   3.32999992       4.56667233    
   3.33999991       4.57558870    
   3.34999990       4.58450842    
   3.35999990       4.59343004    
   3.36999989       4.60235023    
   3.37999988       4.61126709    
   3.38999987       4.62018251    
   3.39999986       4.62909365    
   3.40999985       4.63801289    
   3.41999984       4.64692163    
   3.42999983       4.65583420    
   3.43999982       4.66474438    
   3.44999981       4.67365694    
   3.46000004       4.68257093    
   3.47000003       4.69147730    
   3.48000002       4.70038557    
   3.49000001       4.70929575    
   3.50000000       4.71820021    
   3.50999999       4.72710800    
