   9.99999978E-03   6.93424779E-04
   1.99999996E-02   1.18000328E-03
   2.99999993E-02   1.63887464E-03
   3.99999991E-02   2.18343944E-03
   4.99999970E-02   3.71679291E-03
   5.99999987E-02   7.18174735E-03
   7.00000003E-02   1.41512603E-02
   7.99999982E-02   2.48614084E-02
   8.99999961E-02   3.97243761E-02
   9.99999940E-02   5.86183146E-02
  0.109999999       8.21366459E-02
  0.119999997      0.107378989    
  0.129999995      0.136061803    
  0.140000001      0.166722834    
  0.149999991      0.199892089    
  0.159999996      0.235600710    
  0.170000002      0.268028200    
  0.179999992      0.305640131    
  0.189999998      0.339699686    
  0.199999988      0.379533440    
  0.209999993      0.410750568    
  0.219999999      0.453090400    
  0.229999989      0.488294095    
  0.239999995      0.518456340    
  0.250000000      0.561223924    
  0.259999990      0.600988507    
  0.269999981      0.628914654    
  0.280000001      0.657462716    
  0.289999992      0.699989676    
  0.299999982      0.742109954    
  0.310000002      0.775130510    
  0.319999993      0.798377812    
  0.329999983      0.821046650    
  0.340000004      0.856971681    
  0.349999994      0.897681355    
  0.359999985      0.937231481    
  0.370000005      0.971765876    
  0.379999995      0.998187780    
  0.389999986       1.01616704    
  0.399999976       1.03239858    
  0.409999996       1.05887651    
  0.419999987       1.09037960    
  0.429999977       1.12445164    
  0.439999998       1.15961492    
  0.449999988       1.19443858    
  0.459999979       1.22730458    
  0.469999999       1.25637913    
  0.479999989       1.27981019    
  0.489999980       1.29638183    
  0.500000000       1.30762053    
  0.509999990       1.32288539    
  0.519999981       1.34204972    
  0.529999971       1.36365271    
  0.539999962       1.38709521    
  0.550000012       1.41199946    
  0.560000002       1.43806863    
  0.569999993       1.46503055    
  0.579999983       1.49260223    
  0.589999974       1.52047122    
  0.599999964       1.54827392    
  0.610000014       1.57556915    
  0.620000005       1.60182810    
  0.629999995       1.62641442    
  0.639999986       1.64858663    
  0.649999976       1.66750503    
  0.659999967       1.68238521    
  0.669999957       1.69352520    
  0.680000007       1.70528138    
  0.689999998       1.71810329    
  0.699999988       1.73175228    
  0.709999979       1.74609423    
  0.719999969       1.76104343    
  0.729999959       1.77653027    
  0.740000010       1.79250467    
  0.750000000       1.80892456    
  0.759999990       1.82575572    
  0.769999981       1.84296393    
  0.779999971       1.86052501    
  0.789999962       1.87840915    
  0.799999952       1.89659321    
  0.810000002       1.91505182    
  0.819999993       1.93375719    
  0.829999983       1.95268309    
  0.839999974       1.97180533    
  0.849999964       1.99108672    
  0.859999955       2.01049232    
  0.870000005       2.02998471    
  0.879999995       2.04952216    
  0.889999986       2.06905341    
  0.899999976       2.08852315    
  0.909999967       2.10787201    
  0.919999957       2.12702250    
  0.930000007       2.14588881    
  0.939999998       2.16437912    
  0.949999988       2.18237567    
  0.959999979       2.19975424    
  0.969999969       2.21636057    
  0.979999959       2.23202157    
  0.989999950       2.24652767    
   1.00000000       2.25963688    
   1.00999999       2.27164435    
   1.01999998       2.28333068    
   1.02999997       2.29487014    
   1.03999996       2.30633545    
   1.04999995       2.31776547    
   1.05999994       2.32918644    
   1.06999993       2.34061146    
   1.07999992       2.35205078    
   1.09000003       2.36351466    
   1.10000002       2.37499928    
   1.11000001       2.38651586    
   1.12000000       2.39805794    
   1.13000000       2.40963387    
   1.13999999       2.42123938    
   1.14999998       2.43287492    
   1.15999997       2.44454002    
   1.16999996       2.45623994    
   1.17999995       2.46796894    
   1.18999994       2.47972798    
   1.19999993       2.49151897    
   1.20999992       2.50333905    
   1.22000003       2.51518512    
   1.23000002       2.52706385    
   1.24000001       2.53897214    
   1.25000000       2.55090356    
   1.25999999       2.56286478    
   1.26999998       2.57485056    
   1.27999997       2.58686423    
   1.28999996       2.59889889    
   1.29999995       2.61096072    
   1.30999994       2.62304711    
   1.31999993       2.63515568    
   1.32999992       2.64728642    
   1.33999991       2.65944457    
   1.35000002       2.67161870    
   1.36000001       2.68381596    
   1.37000000       2.69603348    
   1.38000000       2.70827007    
   1.38999999       2.72053027    
   1.39999998       2.73280239    
   1.40999997       2.74509311    
   1.41999996       2.75740099    
   1.42999995       2.76973128    
   1.43999994       2.78207326    
   1.44999993       2.79443097    
   1.45999992       2.80679917    
   1.46999991       2.81918478    
   1.48000002       2.83158350    
   1.49000001       2.84399247    
   1.50000000       2.85641003    
   1.50999999       2.86884093    
   1.51999998       2.88127899    
   1.52999997       2.89372683    
   1.53999996       2.90618372    
   1.54999995       2.91864276    
   1.55999994       2.93111038    
   1.56999993       2.94357944    
   1.57999992       2.95605445    
   1.58999991       2.96853161    
   1.59999990       2.98100877    
   1.61000001       2.99348760    
   1.62000000       3.00596309    
   1.63000000       3.01843476    
   1.63999999       3.03090334    
   1.64999998       3.04336858    
   1.65999997       3.05582595    
   1.66999996       3.06827664    
   1.67999995       3.08071518    
   1.68999994       3.09314275    
   1.69999993       3.10556078    
   1.70999992       3.11796284    
   1.71999991       3.13034630    
   1.73000002       3.14271450    
   1.74000001       3.15506220    
   1.75000000       3.16738915    
   1.75999999       3.17969131    
   1.76999998       3.19196773    
   1.77999997       3.20421767    
   1.78999996       3.21643758    
   1.79999995       3.22862649    
   1.80999994       3.24077797    
   1.81999993       3.25289249    
   1.82999992       3.26496649    
   1.83999991       3.27700233    
   1.84999990       3.28899097    
   1.86000001       3.30093002    
   1.87000000       3.31281805    
   1.88000000       3.32465482    
   1.88999999       3.33643079    
   1.89999998       3.34814572    
   1.90999997       3.35979843    
   1.91999996       3.37138200    
   1.92999995       3.38289642    
   1.93999994       3.39433312    
   1.94999993       3.40568876    
   1.95999992       3.41696095    
   1.96999991       3.42814660    
   1.97999990       3.43923736    
   1.99000001       3.45023179    
   2.00000000       3.46111965    
   2.00999999       3.47183967    
   2.01999998       3.48237419    
   2.02999997       3.49277067    
   2.03999996       3.50305414    
   2.04999995       3.51324511    
   2.05999994       3.52335191    
   2.06999993       3.53338957    
   2.07999992       3.54336357    
   2.08999991       3.55328131    
   2.09999990       3.56314850    
   2.10999990       3.57297301    
   2.11999989       3.58275628    
   2.12999988       3.59250116    
   2.13999987       3.60221219    
   2.14999986       3.61189198    
   2.15999985       3.62154460    
   2.16999984       3.63116860    
   2.18000007       3.64076424    
   2.19000006       3.65034223    
   2.20000005       3.65989685    
   2.21000004       3.66942954    
   2.22000003       3.67894530    
   2.23000002       3.68844318    
   2.24000001       3.69792318    
   2.25000000       3.70738578    
   2.25999999       3.71683669    
   2.26999998       3.72627234    
   2.27999997       3.73569369    
   2.28999996       3.74510074    
   2.29999995       3.75450015    
   2.30999994       3.76388621    
   2.31999993       3.77326059    
   2.32999992       3.78262639    
   2.33999991       3.79197764    
   2.34999990       3.80132437    
   2.35999990       3.81066251    
   2.36999989       3.81998920    
   2.37999988       3.82930684    
   2.38999987       3.83861685    
   2.39999986       3.84791946    
   2.40999985       3.85721469    
   2.41999984       3.86650205    
   2.42999983       3.87578654    
   2.44000006       3.88506103    
   2.45000005       3.89433026    
   2.46000004       3.90359426    
   2.47000003       3.91284776    
   2.48000002       3.92209911    
   2.49000001       3.93134403    
   2.50000000       3.94058704    
   2.50999999       3.94982219    
   2.51999998       3.95905209    
   2.52999997       3.96827865    
   2.53999996       3.97749901    
   2.54999995       3.98671389    
   2.55999994       3.99592662    
   2.56999993       4.00513268    
   2.57999992       4.01433706    
   2.58999991       4.02353859    
   2.59999990       4.03273535    
   2.60999990       4.04192591    
   2.61999989       4.05111599    
   2.62999988       4.06030035    
   2.63999987       4.06948280    
   2.64999986       4.07866192    
   2.65999985       4.08783388    
   2.66999984       4.09700584    
   2.67999983       4.10617828    
   2.69000006       4.11534166    
   2.70000005       4.12450361    
   2.71000004       4.13366604    
   2.72000003       4.14282608    
   2.73000002       4.15197992    
   2.74000001       4.16113138    
   2.75000000       4.17027950    
   2.75999999       4.17942524    
   2.76999998       4.18857098    
   2.77999997       4.19771433    
   2.78999996       4.20685291    
   2.79999995       4.21599340    
   2.80999994       4.22512436    
   2.81999993       4.23426151    
   2.82999992       4.24339104    
   2.83999991       4.25251913    
   2.84999990       4.26164579    
   2.85999990       4.27077532    
   2.86999989       4.27989626    
   2.87999988       4.28901672    
   2.88999987       4.29813385    
   2.89999986       4.30725384    
   2.90999985       4.31637049    
   2.91999984       4.32548189    
   2.92999983       4.33459711    
   2.93999982       4.34370422    
   2.95000005       4.35281515    
   2.96000004       4.36192179    
   2.97000003       4.37102747    
   2.98000002       4.38013124    
   2.99000001       4.38923407    
   3.00000000       4.39833641    
   3.00999999       4.40743542    
   3.01999998       4.41653204    
   3.02999997       4.42562914    
   3.03999996       4.43472528    
   3.04999995       4.44381618    
   3.05999994       4.45290995    
   3.06999993       4.46199846    
   3.07999992       4.47109365    
   3.08999991       4.48017979    
   3.09999990       4.48926735    
   3.10999990       4.49834967    
   3.11999989       4.50743628    
   3.12999988       4.51652002    
   3.13999987       4.52560282    
   3.14999986       4.53468418    
   3.15999985       4.54376411    
   3.16999984       4.55284309    
   3.17999983       4.56192064    
   3.18999982       4.57099533    
   3.19999981       4.58007145    
   3.21000004       4.58914423    
   3.22000003       4.59821749    
   3.23000002       4.60729122    
   3.24000001       4.61635923    
   3.25000000       4.62543106    
   3.25999999       4.63449955    
   3.26999998       4.64356947    
   3.27999997       4.65263271    
   3.28999996       4.66169930    
   3.29999995       4.67076063    
   3.30999994       4.67982864    
   3.31999993       4.68888807    
   3.32999992       4.69795370    
   3.33999991       4.70701122    
   3.34999990       4.71607161    
   3.35999990       4.72513294    
   3.36999989       4.73419094    
   3.37999988       4.74324942    
   3.38999987       4.75230217    
   3.39999986       4.76135874    
   3.40999985       4.77041340    
   3.41999984       4.77946758    
   3.42999983       4.78852177    
   3.43999982       4.79757643    
   3.44999981       4.80662394    
   3.46000004       4.81567478    
   3.47000003       4.82472706    
   3.48000002       4.83377457    
   3.49000001       4.84282207    
   3.50000000       4.85187054    
   3.50999999       4.86091471    
