   9.99999978E-03   6.91843510E-04
   1.99999996E-02   1.18014798E-03
   2.99999993E-02   1.63322978E-03
   3.99999991E-02   2.14525289E-03
   4.99999970E-02   3.54095036E-03
   5.99999987E-02   6.68257894E-03
   7.00000003E-02   1.31098814E-02
   7.99999982E-02   2.30727457E-02
   8.99999961E-02   3.70227508E-02
   9.99999940E-02   5.49290590E-02
  0.109999999       7.74042234E-02
  0.119999997      0.101603828    
  0.129999995      0.129227132    
  0.140000001      0.158896193    
  0.149999991      0.191129074    
  0.159999996      0.225867182    
  0.170000002      0.257448852    
  0.179999992      0.294356525    
  0.189999998      0.327615917    
  0.199999988      0.366866589    
  0.209999993      0.397463590    
  0.219999999      0.439190924    
  0.229999989      0.474019349    
  0.239999995      0.503659785    
  0.250000000      0.545946002    
  0.259999990      0.585444450    
  0.269999981      0.613080084    
  0.280000001      0.641211808    
  0.289999992      0.683414757    
  0.299999982      0.725369155    
  0.310000002      0.758275509    
  0.319999993      0.781311631    
  0.329999983      0.803672314    
  0.340000004      0.839375257    
  0.349999994      0.879963279    
  0.359999985      0.919482946    
  0.370000005      0.954030395    
  0.379999995      0.980422854    
  0.389999986      0.998242497    
  0.399999976       1.01423275    
  0.409999996       1.04056251    
  0.419999987       1.07197869    
  0.429999977       1.10601854    
  0.439999998       1.14120710    
  0.449999988       1.17610729    
  0.459999979       1.20908141    
  0.469999999       1.23826468    
  0.479999989       1.26174390    
  0.489999980       1.27824664    
  0.500000000       1.28929389    
  0.509999990       1.30441487    
  0.519999981       1.32348526    
  0.529999971       1.34502411    
  0.539999962       1.36842906    
  0.550000012       1.39332294    
  0.560000002       1.41940808    
  0.569999993       1.44641542    
  0.579999983       1.47405815    
  0.589999974       1.50202823    
  0.599999964       1.52995360    
  0.610000014       1.55739117    
  0.620000005       1.58380508    
  0.629999995       1.60854197    
  0.639999986       1.63083947    
  0.649999976       1.64983118    
  0.659999967       1.66470349    
  0.669999957       1.67573893    
  0.680000007       1.68739903    
  0.689999998       1.70013714    
  0.699999988       1.71371806    
  0.709999979       1.72800350    
  0.719999969       1.74286640    
  0.729999959       1.75834703    
  0.740000010       1.77428734    
  0.750000000       1.79068387    
  0.759999990       1.80749583    
  0.769999981       1.82469523    
  0.779999971       1.84225380    
  0.789999962       1.86014462    
  0.799999952       1.87834227    
  0.810000002       1.89682400    
  0.819999993       1.91556108    
  0.829999983       1.93452704    
  0.839999974       1.95369470    
  0.849999964       1.97303104    
  0.859999955       1.99250209    
  0.870000005       2.01206946    
  0.879999995       2.03168797    
  0.889999986       2.05130696    
  0.899999976       2.07087159    
  0.909999967       2.09032226    
  0.919999957       2.10957694    
  0.930000007       2.12855363    
  0.939999998       2.14715385    
  0.949999988       2.16526055    
  0.959999979       2.18274188    
  0.969999969       2.19944429    
  0.979999959       2.21518302    
  0.989999950       2.22974777    
   1.00000000       2.24288368    
   1.00999999       2.25489044    
   1.01999998       2.26656103    
   1.02999997       2.27808213    
   1.03999996       2.28952742    
   1.04999995       2.30093503    
   1.05999994       2.31233454    
   1.06999993       2.32373691    
   1.07999992       2.33515239    
   1.09000003       2.34659028    
   1.10000002       2.35805130    
   1.11000001       2.36954308    
   1.12000000       2.38106084    
   1.13000000       2.39261317    
   1.13999999       2.40419650    
   1.14999998       2.41580772    
   1.15999997       2.42745471    
   1.16999996       2.43913221    
   1.17999995       2.45084000    
   1.18999994       2.46258140    
   1.19999993       2.47435021    
   1.20999992       2.48615193    
   1.22000003       2.49798107    
   1.23000002       2.50984287    
   1.24000001       2.52173209    
   1.25000000       2.53364658    
   1.25999999       2.54559207    
   1.26999998       2.55756330    
   1.27999997       2.56956005    
   1.28999996       2.58158517    
   1.29999995       2.59363389    
   1.30999994       2.60570574    
   1.31999993       2.61780453    
   1.32999992       2.62992644    
   1.33999991       2.64207339    
   1.35000002       2.65423989    
   1.36000001       2.66642666    
   1.37000000       2.67863870    
   1.38000000       2.69086862    
   1.38999999       2.70311904    
   1.39999998       2.71539187    
   1.40999997       2.72767830    
   1.41999996       2.73998260    
   1.42999995       2.75230646    
   1.43999994       2.76464629    
   1.44999993       2.77700067    
   1.45999992       2.78937221    
   1.46999991       2.80175567    
   1.48000002       2.81415319    
   1.49000001       2.82656455    
   1.50000000       2.83898830    
   1.50999999       2.85141873    
   1.51999998       2.86386204    
   1.52999997       2.87631273    
   1.53999996       2.88877439    
   1.54999995       2.90124249    
   1.55999994       2.91371465    
   1.56999993       2.92619443    
   1.57999992       2.93867683    
   1.58999991       2.95116258    
   1.59999990       2.96364760    
   1.61000001       2.97613764    
   1.62000000       2.98862243    
   1.63000000       3.00110888    
   1.63999999       3.01359034    
   1.64999998       3.02606750    
   1.65999997       3.03854012    
   1.66999996       3.05100322    
   1.67999995       3.06345749    
   1.68999994       3.07590342    
   1.69999993       3.08833313    
   1.70999992       3.10075164    
   1.71999991       3.11315799    
   1.73000002       3.12554359    
   1.74000001       3.13790870    
   1.75000000       3.15025640    
   1.75999999       3.16257572    
   1.76999998       3.17487574    
   1.77999997       3.18714380    
   1.78999996       3.19938302    
   1.79999995       3.21159339    
   1.80999994       3.22376704    
   1.81999993       3.23590422    
   1.82999992       3.24799943    
   1.83999991       3.26005530    
   1.84999990       3.27206373    
   1.86000001       3.28402758    
   1.87000000       3.29593468    
   1.88000000       3.30779219    
   1.88999999       3.31959033    
   1.89999998       3.33132768    
   1.90999997       3.34299874    
   1.91999996       3.35460401    
   1.92999995       3.36613584    
   1.93999994       3.37759209    
   1.94999993       3.38896728    
   1.95999992       3.40025496    
   1.96999991       3.41145515    
   1.97999990       3.42256260    
   1.99000001       3.43356562    
   2.00000000       3.44446850    
   2.00999999       3.45519567    
   2.01999998       3.46573710    
   2.02999997       3.47613573    
   2.03999996       3.48641872    
   2.04999995       3.49660730    
   2.05999994       3.50671172    
   2.06999993       3.51674175    
   2.07999992       3.52671337    
   2.08999991       3.53662324    
   2.09999990       3.54648280    
   2.10999990       3.55629849    
   2.11999989       3.56607080    
   2.12999988       3.57580519    
   2.13999987       3.58550572    
   2.14999986       3.59517431    
   2.15999985       3.60481238    
   2.16999984       3.61442256    
   2.18000007       3.62400866    
   2.19000006       3.63357091    
   2.20000005       3.64311028    
   2.21000004       3.65263081    
   2.22000003       3.66213226    
   2.23000002       3.67161298    
   2.24000001       3.68107724    
   2.25000000       3.69052577    
   2.25999999       3.69995952    
   2.26999998       3.70937943    
   2.27999997       3.71878481    
   2.28999996       3.72817707    
   2.29999995       3.73755741    
   2.30999994       3.74692583    
   2.31999993       3.75628304    
   2.32999992       3.76563168    
   2.33999991       3.77496481    
   2.34999990       3.78429437    
   2.35999990       3.79361176    
   2.36999989       3.80292249    
   2.37999988       3.81222367    
   2.38999987       3.82151461    
   2.39999986       3.83079910    
   2.40999985       3.84007692    
   2.41999984       3.84934735    
   2.42999983       3.85861015    
   2.44000006       3.86786723    
   2.45000005       3.87711716    
   2.46000004       3.88636088    
   2.47000003       3.89560056    
   2.48000002       3.90483046    
   2.49000001       3.91405869    
   2.50000000       3.92327809    
   2.50999999       3.93249393    
   2.51999998       3.94170618    
   2.52999997       3.95091391    
   2.53999996       3.96011567    
   2.54999995       3.96931100    
   2.55999994       3.97850537    
   2.56999993       3.98769283    
   2.57999992       3.99687815    
   2.58999991       4.00605774    
   2.59999990       4.01523447    
   2.60999990       4.02440834    
   2.61999989       4.03357649    
   2.62999988       4.04274368    
   2.63999987       4.05190468    
   2.64999986       4.06106329    
   2.65999985       4.07021618    
   2.66999984       4.07936859    
   2.67999983       4.08852148    
   2.69000006       4.09766483    
   2.70000005       4.10681152    
   2.71000004       4.11595058    
   2.72000003       4.12508821    
   2.73000002       4.13422251    
   2.74000001       4.14335489    
   2.75000000       4.15248632    
   2.75999999       4.16161489    
   2.76999998       4.17074013    
   2.77999997       4.17986202    
   2.78999996       4.18898058    
   2.79999995       4.19809771    
   2.80999994       4.20721388    
   2.81999993       4.21632910    
   2.82999992       4.22543955    
   2.83999991       4.23454571    
   2.84999990       4.24365425    
   2.85999990       4.25275850    
   2.86999989       4.26186371    
   2.87999988       4.27096272    
   2.88999987       4.28006649    
   2.89999986       4.28916264    
   2.90999985       4.29825830    
   2.91999984       4.30735016    
   2.92999983       4.31644344    
   2.93999982       4.32553530    
   2.95000005       4.33462620    
   2.96000004       4.34370708    
   2.97000003       4.35279512    
   2.98000002       4.36187840    
   2.99000001       4.37096310    
   3.00000000       4.38004017    
   3.00999999       4.38912392    
   3.01999998       4.39819813    
   3.02999997       4.40727568    
   3.03999996       4.41635227    
   3.04999995       4.42542648    
   3.05999994       4.43449783    
   3.06999993       4.44356871    
   3.07999992       4.45264101    
   3.08999991       4.46170855    
   3.09999990       4.47077370    
   3.10999990       4.47983932    
   3.11999989       4.48890495    
   3.12999988       4.49796677    
   3.13999987       4.50702953    
   3.14999986       4.51609230    
   3.15999985       4.52514744    
   3.16999984       4.53420448    
   3.17999983       4.54326725    
   3.18999982       4.55232286    
   3.19999981       4.56137753    
   3.21000004       4.57043123    
   3.22000003       4.57948542    
   3.23000002       4.58853626    
   3.24000001       4.59758663    
   3.25000000       4.60663605    
   3.25999999       4.61568356    
   3.26999998       4.62473249    
   3.27999997       4.63378143    
   3.28999996       4.64282656    
   3.29999995       4.65186834    
   3.30999994       4.66091394    
   3.31999993       4.66995811    
   3.32999992       4.67899704    
   3.33999991       4.68803835    
   3.34999990       4.69707727    
   3.35999990       4.70611811    
   3.36999989       4.71515846    
   3.37999988       4.72419357    
   3.38999987       4.73323298    
   3.39999986       4.74226761    
   3.40999985       4.75130033    
   3.41999984       4.76033306    
   3.42999983       4.76936913    
   3.43999982       4.77839994    
   3.44999981       4.78742981    
   3.46000004       4.79645967    
   3.47000003       4.80548954    
   3.48000002       4.81452322    
   3.49000001       4.82354641    
   3.50000000       4.83257341    
   3.50999999       4.84160185    
