   9.99999978E-03   7.06823543E-04
   1.99999996E-02   1.18332310E-03
   2.99999993E-02   1.67945086E-03
   3.99999991E-02   2.54013808E-03
   4.99999970E-02   5.23591228E-03
   5.99999987E-02   1.11969495E-02
   7.00000003E-02   2.20686719E-02
   7.99999982E-02   3.78906280E-02
   8.99999961E-02   5.87912090E-02
   9.99999940E-02   8.40098411E-02
  0.109999999      0.113959193    
  0.119999997      0.145610154    
  0.129999995      0.180653587    
  0.140000001      0.217140108    
  0.149999991      0.255686402    
  0.159999996      0.296898186    
  0.170000002      0.334191263    
  0.179999992      0.375638217    
  0.189999998      0.414187700    
  0.199999988      0.457105309    
  0.209999993      0.491796792    
  0.219999999      0.537291050    
  0.229999989      0.574502468    
  0.239999995      0.607505620    
  0.250000000      0.652659118    
  0.259999990      0.693710446    
  0.269999981      0.723231375    
  0.280000001      0.753962815    
  0.289999992      0.797993183    
  0.299999982      0.840798676    
  0.310000002      0.874344170    
  0.319999993      0.898722708    
  0.329999983      0.923008978    
  0.340000004      0.959936261    
  0.349999994       1.00106287    
  0.359999985       1.04056644    
  0.370000005       1.07489073    
  0.379999995       1.10142589    
  0.389999986       1.12027025    
  0.399999976       1.13777947    
  0.409999996       1.16493201    
  0.419999987       1.19674790    
  0.429999977       1.23080862    
  0.439999998       1.26565254    
  0.449999988       1.29989076    
  0.459999979       1.33202803    
  0.469999999       1.36043799    
  0.479999989       1.38356352    
  0.489999980       1.40049982    
  0.500000000       1.41277337    
  0.509999990       1.42877519    
  0.519999981       1.44839227    
  0.529999971       1.47026396    
  0.539999962       1.49381375    
  0.550000012       1.51867068    
  0.560000002       1.54453754    
  0.569999993       1.57114136    
  0.579999983       1.59820402    
  0.589999974       1.62542176    
  0.599999964       1.65244699    
  0.610000014       1.67887366    
  0.620000005       1.70422709    
  0.629999995       1.72794628    
  0.639999986       1.74939787    
  0.649999976       1.76788521    
  0.659999967       1.78282380    
  0.669999957       1.79450750    
  0.680000007       1.80677140    
  0.689999998       1.82000732    
  0.699999988       1.83400202    
  0.709999979       1.84863341    
  0.719999969       1.86381900    
  0.729999959       1.87949419    
  0.740000010       1.89560974    
  0.750000000       1.91212678    
  0.759999990       1.92900753    
  0.769999981       1.94622338    
  0.779999971       1.96374762    
  0.789999962       1.98154831    
  0.799999952       1.99960518    
  0.810000002       2.01789165    
  0.819999993       2.03637815    
  0.829999983       2.05503964    
  0.839999974       2.07367325    
  0.849999964       2.09277487    
  0.859999955       2.11178112    
  0.870000005       2.13083148    
  0.879999995       2.14988232    
  0.889999986       2.16889286    
  0.899999976       2.18780589    
  0.909999967       2.20656490    
  0.919999957       2.22510552    
  0.930000007       2.24335051    
  0.939999998       2.26121497    
  0.949999988       2.27860379    
  0.959999979       2.29540300    
  0.969999969       2.31148696    
  0.979999959       2.32670784    
  0.989999950       2.34089756    
   1.00000000       2.35386467    
   1.00999999       2.36588073    
   1.01999998       2.37762332    
   1.02999997       2.38924670    
   1.03999996       2.40081525    
   1.04999995       2.41235566    
   1.05999994       2.42389417    
   1.06999993       2.43543935    
   1.07999992       2.44700313    
   1.09000003       2.45858526    
   1.10000002       2.47019219    
   1.11000001       2.48182583    
   1.12000000       2.49348831    
   1.13000000       2.50517750    
   1.13999999       2.51689577    
   1.14999998       2.52864146    
   1.15999997       2.54041672    
   1.16999996       2.55221891    
   1.17999995       2.56404710    
   1.18999994       2.57590580    
   1.19999993       2.58778977    
   1.20999992       2.59969711    
   1.22000003       2.61163163    
   1.23000002       2.62359285    
   1.24000001       2.63557577    
   1.25000000       2.64758444    
   1.25999999       2.65961528    
   1.26999998       2.67166662    
   1.27999997       2.68374157    
   1.28999996       2.69583941    
   1.29999995       2.70795536    
   1.30999994       2.72009182    
   1.31999993       2.73224854    
   1.32999992       2.74442363    
   1.33999991       2.75661612    
   1.35000002       2.76882815    
   1.36000001       2.78105545    
   1.37000000       2.79329967    
   1.38000000       2.80556226    
   1.38999999       2.81783652    
   1.39999998       2.83012486    
   1.40999997       2.84242892    
   1.41999996       2.85474348    
   1.42999995       2.86707115    
   1.43999994       2.87941194    
   1.44999993       2.89176488    
   1.45999992       2.90412259    
   1.46999991       2.91649318    
   1.48000002       2.92887330    
   1.49000001       2.94126058    
   1.50000000       2.95365191    
   1.50999999       2.96604776    
   1.51999998       2.97845578    
   1.52999997       2.99086428    
   1.53999996       3.00327492    
   1.54999995       3.01569176    
   1.55999994       3.02810383    
   1.56999993       3.04052281    
   1.57999992       3.05293655    
   1.58999991       3.06535387    
   1.59999990       3.07776189    
   1.61000001       3.09017086    
   1.62000000       3.10257316    
   1.63000000       3.11496973    
   1.63999999       3.12735701    
   1.64999998       3.13973808    
   1.65999997       3.15210867    
   1.66999996       3.16446805    
   1.67999995       3.17681313    
   1.68999994       3.18914151    
   1.69999993       3.20146036    
   1.70999992       3.21375966    
   1.71999991       3.22604084    
   1.73000002       3.23830056    
   1.74000001       3.25053930    
   1.75000000       3.26275158    
   1.75999999       3.27494216    
   1.76999998       3.28710294    
   1.77999997       3.29923368    
   1.78999996       3.31133556    
   1.79999995       3.32340240    
   1.80999994       3.33543253    
   1.81999993       3.34742522    
   1.82999992       3.35937929    
   1.83999991       3.37129068    
   1.84999990       3.38315558    
   1.86000001       3.39497471    
   1.87000000       3.40674376    
   1.88000000       3.41845798    
   1.88999999       3.43011737    
   1.89999998       3.44172025    
   1.90999997       3.45325971    
   1.91999996       3.46473432    
   1.92999995       3.47614121    
   1.93999994       3.48747778    
   1.94999993       3.49873543    
   1.95999992       3.50991726    
   1.96999991       3.52101922    
   1.97999990       3.53203106    
   1.99000001       3.54295468    
   2.00000000       3.55378485    
   2.00999999       3.56445765    
   2.01999998       3.57496500    
   2.02999997       3.58535290    
   2.03999996       3.59563994    
   2.04999995       3.60583997    
   2.05999994       3.61596608    
   2.06999993       3.62603164    
   2.07999992       3.63604164    
   2.08999991       3.64600062    
   2.09999990       3.65591788    
   2.10999990       3.66579270    
   2.11999989       3.67562962    
   2.12999988       3.68543482    
   2.13999987       3.69520974    
   2.14999986       3.70495534    
   2.15999985       3.71467710    
   2.16999984       3.72437239    
   2.18000007       3.73404860    
   2.19000006       3.74370146    
   2.20000005       3.75333405    
   2.21000004       3.76295018    
   2.22000003       3.77254820    
   2.23000002       3.78213048    
   2.24000001       3.79169607    
   2.25000000       3.80124950    
   2.25999999       3.81079078    
   2.26999998       3.82031512    
   2.27999997       3.82982969    
   2.28999996       3.83933163    
   2.29999995       3.84882212    
   2.30999994       3.85830307    
   2.31999993       3.86777377    
   2.32999992       3.87723637    
   2.33999991       3.88668442    
   2.34999990       3.89613056    
   2.35999990       3.90556335    
   2.36999989       3.91498971    
   2.37999988       3.92440963    
   2.38999987       3.93382239    
   2.39999986       3.94322753    
   2.40999985       3.95262456    
   2.41999984       3.96201372    
   2.42999983       3.97139668    
   2.44000006       3.98077703    
   2.45000005       3.99014688    
   2.46000004       3.99951577    
   2.47000003       4.00887680    
   2.48000002       4.01823235    
   2.49000001       4.02758408    
   2.50000000       4.03692961    
   2.50999999       4.04627085    
   2.51999998       4.05560446    
   2.52999997       4.06493711    
   2.53999996       4.07426691    
   2.54999995       4.08359051    
   2.55999994       4.09290648    
   2.56999993       4.10222149    
   2.57999992       4.11153364    
   2.58999991       4.12084055    
   2.59999990       4.13014412    
   2.60999990       4.13944435    
   2.61999989       4.14874077    
   2.62999988       4.15803385    
   2.63999987       4.16732264    
   2.64999986       4.17661047    
   2.65999985       4.18589592    
   2.66999984       4.19517469    
   2.67999983       4.20445299    
   2.69000006       4.21372700    
   2.70000005       4.22299957    
   2.71000004       4.23227262    
   2.72000003       4.24153376    
   2.73000002       4.25080013    
   2.74000001       4.26006413    
   2.75000000       4.26932049    
   2.75999999       4.27857590    
   2.76999998       4.28783274    
   2.77999997       4.29708195    
   2.78999996       4.30633736    
   2.79999995       4.31557941    
   2.80999994       4.32482672    
   2.81999993       4.33407021    
   2.82999992       4.34331369    
   2.83999991       4.35255003    
   2.84999990       4.36179066    
   2.85999990       4.37099123    
   2.86999989       4.38025475    
   2.87999988       4.38948488    
   2.88999987       4.39871740    
   2.89999986       4.40794277    
   2.90999985       4.41717100    
   2.91999984       4.42639637    
   2.92999983       4.43561697    
   2.93999982       4.44484043    
   2.95000005       4.45406246    
   2.96000004       4.46327591    
   2.97000003       4.47249317    
   2.98000002       4.48170662    
   2.99000001       4.49092245    
   3.00000000       4.50013161    
   3.00999999       4.50934601    
   3.01999998       4.51855087    
   3.02999997       4.52776051    
   3.03999996       4.53696585    
   3.04999995       4.54617071    
   3.05999994       4.55537224    
   3.06999993       4.56457663    
   3.07999992       4.57377386    
   3.08999991       4.58297729    
   3.09999990       4.59217310    
   3.10999990       4.60136795    
   3.11999989       4.61056376    
   3.12999988       4.61975765    
   3.13999987       4.62895203    
   3.14999986       4.63814259    
   3.15999985       4.64733458    
   3.16999984       4.65652466    
   3.17999983       4.66571283    
   3.18999982       4.67489862    
   3.19999981       4.68408728    
   3.21000004       4.69326878    
   3.22000003       4.70245218    
   3.23000002       4.71163559    
   3.24000001       4.72081947    
   3.25000000       4.72999620    
   3.25999999       4.73917913    
   3.26999998       4.74835730    
   3.27999997       4.75753593    
   3.28999996       4.76671314    
   3.29999995       4.77589035    
   3.30999994       4.78506279    
   3.31999993       4.79423380    
   3.32999992       4.80340815    
   3.33999991       4.81258059    
   3.34999990       4.82175064    
   3.35999990       4.83092070    
   3.36999989       4.84008980    
   3.37999988       4.84925985    
   3.38999987       4.85842419    
   3.39999986       4.86759520    
   3.40999985       4.87675571    
   3.41999984       4.88592291    
   3.42999983       4.89508724    
   3.43999982       4.90425014    
   3.44999981       4.91341066    
   3.46000004       4.92257357    
   3.47000003       4.93173313    
   3.48000002       4.94089508    
   3.49000001       4.95005035    
   3.50000000       4.95921135    
   3.50999999       4.96836853    
