   9.99999978E-03   6.99738797E-04
   1.99999996E-02   1.18083903E-03
   2.99999993E-02   1.65822194E-03
   3.99999991E-02   2.34000711E-03
   4.99999970E-02   4.40752739E-03
   5.99999987E-02   9.06423014E-03
   7.00000003E-02   1.79502610E-02
   7.99999982E-02   3.12219560E-02
   8.99999961E-02   4.91540059E-02
   9.99999940E-02   7.13028684E-02
  0.109999999       9.81812179E-02
  0.119999997      0.126773760    
  0.129999995      0.158818007    
  0.140000001      0.192579955    
  0.149999991      0.228639439    
  0.159999996      0.267319858    
  0.170000002      0.302360862    
  0.179999992      0.342076242    
  0.189999998      0.378571212    
  0.199999988      0.420116276    
  0.209999993      0.453217238    
  0.219999999      0.497329086    
  0.229999989      0.533642948    
  0.239999995      0.565364122    
  0.250000000      0.609492838    
  0.259999990      0.649995327    
  0.269999981      0.678796947    
  0.280000001      0.708562732    
  0.289999992      0.751971364    
  0.299999982      0.794515312    
  0.310000002      0.827842653    
  0.319999993      0.851714313    
  0.329999983      0.875285804    
  0.340000004      0.911807895    
  0.349999994      0.952798188    
  0.359999985      0.992370307    
  0.370000005       1.02681792    
  0.379999995       1.05331337    
  0.389999986       1.07176721    
  0.399999976       1.08870959    
  0.409999996       1.11558509    
  0.419999987       1.14729643    
  0.429999977       1.18140256    
  0.439999998       1.21642983    
  0.449999988       1.25097084    
  0.459999979       1.28346467    
  0.469999999       1.31219471    
  0.479999989       1.33546603    
  0.489999980       1.35224009    
  0.500000000       1.36404753    
  0.509999990       1.37972617    
  0.519999981       1.39915431    
  0.529999971       1.42092037    
  0.539999962       1.44444299    
  0.550000012       1.46934474    
  0.560000002       1.49532938    
  0.569999993       1.52211714    
  0.579999983       1.54943466    
  0.589999974       1.57697129    
  0.599999964       1.60437059    
  0.610000014       1.63120878    
  0.620000005       1.65698504    
  0.629999995       1.68110931    
  0.639999986       1.70289266    
  0.649999976       1.72158456    
  0.659999967       1.73649335    
  0.669999957       1.74793661    
  0.680000007       1.75997543    
  0.689999998       1.77302778    
  0.699999988       1.78687346    
  0.709999979       1.80138147    
  0.719999969       1.81646597    
  0.729999959       1.83206499    
  0.740000010       1.84812474    
  0.750000000       1.86460757    
  0.759999990       1.88147473    
  0.769999981       1.89869750    
  0.779999971       1.91624737    
  0.789999962       1.93409765    
  0.799999952       1.95222306    
  0.810000002       1.97059798    
  0.819999993       1.98919439    
  0.829999983       2.00798678    
  0.839999974       2.02694893    
  0.849999964       2.04604506    
  0.859999955       2.06524110    
  0.870000005       2.08450484    
  0.879999995       2.10378623    
  0.889999986       2.12304139    
  0.899999976       2.14221191    
  0.909999967       2.16124701    
  0.919999957       2.18006968    
  0.930000007       2.19860005    
  0.939999998       2.21675253    
  0.949999988       2.23441839    
  0.959999979       2.25148320    
  0.969999969       2.26780653    
  0.979999959       2.28322649    
  0.989999950       2.29755926    
   1.00000000       2.31059146    
   1.00999999       2.32260561    
   1.01999998       2.33432555    
   1.02999997       2.34591269    
   1.03999996       2.35743499    
   1.04999995       2.36892915    
   1.05999994       2.38041520    
   1.06999993       2.39190936    
   1.07999992       2.40342045    
   1.09000003       2.41495109    
   1.10000002       2.42650652    
   1.11000001       2.43808722    
   1.12000000       2.44969583    
   1.13000000       2.46133876    
   1.13999999       2.47300768    
   1.14999998       2.48470449    
   1.15999997       2.49643517    
   1.16999996       2.50819397    
   1.17999995       2.51998043    
   1.18999994       2.53179479    
   1.19999993       2.54363990    
   1.20999992       2.55551028    
   1.22000003       2.56740808    
   1.23000002       2.57933474    
   1.24000001       2.59128475    
   1.25000000       2.60326481    
   1.25999999       2.61526418    
   1.26999998       2.62728906    
   1.27999997       2.63934231    
   1.28999996       2.65141368    
   1.29999995       2.66350579    
   1.30999994       2.67562366    
   1.31999993       2.68776107    
   1.32999992       2.69992280    
   1.33999991       2.71210122    
   1.35000002       2.72429895    
   1.36000001       2.73651576    
   1.37000000       2.74875188    
   1.38000000       2.76100373    
   1.38999999       2.77327180    
   1.39999998       2.78555846    
   1.40999997       2.79786325    
   1.41999996       2.81017804    
   1.42999995       2.82250738    
   1.43999994       2.83485126    
   1.44999993       2.84720969    
   1.45999992       2.85957551    
   1.46999991       2.87195635    
   1.48000002       2.88434649    
   1.49000001       2.89674520    
   1.50000000       2.90915489    
   1.50999999       2.92157006    
   1.51999998       2.93399453    
   1.52999997       2.94642282    
   1.53999996       2.95885873    
   1.54999995       2.97129464    
   1.55999994       2.98373604    
   1.56999993       2.99618196    
   1.57999992       3.00862718    
   1.58999991       3.02107048    
   1.59999990       3.03351450    
   1.61000001       3.04595542    
   1.62000000       3.05839491    
   1.63000000       3.07082915    
   1.63999999       3.08325720    
   1.64999998       3.09567785    
   1.65999997       3.10808897    
   1.66999996       3.12049055    
   1.67999995       3.13288331    
   1.68999994       3.14526176    
   1.69999993       3.15762448    
   1.70999992       3.16997075    
   1.71999991       3.18230152    
   1.73000002       3.19461441    
   1.74000001       3.20690012    
   1.75000000       3.21916819    
   1.75999999       3.23141074    
   1.76999998       3.24362373    
   1.77999997       3.25581241    
   1.78999996       3.26796770    
   1.79999995       3.28008986    
   1.80999994       3.29217815    
   1.81999993       3.30422735    
   1.82999992       3.31623721    
   1.83999991       3.32820272    
   1.84999990       3.34012651    
   1.86000001       3.35199952    
   1.87000000       3.36382484    
   1.88000000       3.37559533    
   1.88999999       3.38730812    
   1.89999998       3.39895988    
   1.90999997       3.41055059    
   1.91999996       3.42207718    
   1.92999995       3.43353009    
   1.93999994       3.44491243    
   1.94999993       3.45621800    
   1.95999992       3.46744037    
   1.96999991       3.47857785    
   1.97999990       3.48962688    
   1.99000001       3.50057960    
   2.00000000       3.51143742    
   2.00999999       3.52213025    
   2.01999998       3.53265190    
   2.02999997       3.54304290    
   2.03999996       3.55332518    
   2.04999995       3.56352067    
   2.05999994       3.57363725    
   2.06999993       3.58369017    
   2.07999992       3.59368324    
   2.08999991       3.60362196    
   2.09999990       3.61351871    
   2.10999990       3.62336850    
   2.11999989       3.63318133    
   2.12999988       3.64295888    
   2.13999987       3.65270495    
   2.14999986       3.66242099    
   2.15999985       3.67210984    
   2.16999984       3.68177319    
   2.18000007       3.69141173    
   2.19000006       3.70102739    
   2.20000005       3.71062446    
   2.21000004       3.72020149    
   2.22000003       3.72976470    
   2.23000002       3.73930812    
   2.24000001       3.74883628    
   2.25000000       3.75834846    
   2.25999999       3.76784658    
   2.26999998       3.77732968    
   2.27999997       3.78680229    
   2.28999996       3.79626107    
   2.29999995       3.80570722    
   2.30999994       3.81514621    
   2.31999993       3.82457423    
   2.32999992       3.83398819    
   2.33999991       3.84339595    
   2.34999990       3.85279441    
   2.35999990       3.86218452    
   2.36999989       3.87156558    
   2.37999988       3.88093853    
   2.38999987       3.89030457    
   2.39999986       3.89966512    
   2.40999985       3.90901518    
   2.41999984       3.91835809    
   2.42999983       3.92769647    
   2.44000006       3.93702650    
   2.45000005       3.94635105    
   2.46000004       3.95568728    
   2.47000003       3.96498418    
   2.48000002       3.97429180    
   2.49000001       3.98359704    
   2.50000000       3.99289179    
   2.50999999       4.00218296    
   2.51999998       4.01147127    
   2.52999997       4.02075577    
   2.53999996       4.03003597    
   2.54999995       4.03930902    
   2.55999994       4.04857969    
   2.56999993       4.05784464    
   2.57999992       4.06710672    
   2.58999991       4.07636786    
   2.59999990       4.08562374    
   2.60999990       4.09487438    
   2.61999989       4.10411596    
   2.62999988       4.11336279    
   2.63999987       4.12260199    
   2.64999986       4.13184071    
   2.65999985       4.14107513    
   2.66999984       4.15030479    
   2.67999983       4.15953302    
   2.69000006       4.16875839    
   2.70000005       4.17798376    
   2.71000004       4.18720245    
   2.72000003       4.19641829    
   2.73000002       4.20563316    
   2.74000001       4.21484041    
   2.75000000       4.22405338    
   2.75999999       4.23326111    
   2.76999998       4.24246359    
   2.77999997       4.25166607    
   2.78999996       4.26086617    
   2.79999995       4.27006626    
   2.80999994       4.27926254    
   2.81999993       4.28845215    
   2.82999992       4.29764271    
   2.83999991       4.30682850    
   2.84999990       4.31601810    
   2.85999990       4.32520247    
   2.86999989       4.33438587    
   2.87999988       4.34357023    
   2.88999987       4.35274696    
   2.89999986       4.36192274    
   2.90999985       4.37110043    
   2.91999984       4.38027334    
   2.92999983       4.38944817    
   2.93999982       4.39861679    
   2.95000005       4.40778828    
   2.96000004       4.41695356    
   2.97000003       4.42612219    
   2.98000002       4.43528366    
   2.99000001       4.44444847    
   3.00000000       4.45360899    
   3.00999999       4.46276808    
   3.01999998       4.47192478    
   3.02999997       4.48108339    
   3.03999996       4.49023581    
   3.04999995       4.49939156    
   3.05999994       4.50854683    
   3.06999993       4.51769829    
   3.07999992       4.52684689    
   3.08999991       4.53599262    
   3.09999990       4.54514265    
   3.10999990       4.55428934    
   3.11999989       4.56343269    
   3.12999988       4.57257843    
   3.13999987       4.58172226    
   3.14999986       4.59086180    
   3.15999985       4.59999943    
   3.16999984       4.60913992    
   3.17999983       4.61827898    
   3.18999982       4.62741709    
   3.19999981       4.63654947    
   3.21000004       4.64568472    
   3.22000003       4.65481901    
   3.23000002       4.66394854    
   3.24000001       4.67308331    
   3.25000000       4.68221331    
   3.25999999       4.69134283    
   3.26999998       4.70047235    
   3.27999997       4.70959330    
   3.28999996       4.71872663    
   3.29999995       4.72784948    
   3.30999994       4.73697281    
   3.31999993       4.74609852    
   3.32999992       4.75521851    
   3.33999991       4.76433897    
   3.34999990       4.77346182    
   3.35999990       4.78257942    
   3.36999989       4.79169750    
   3.37999988       4.80081463    
   3.38999987       4.80993176    
   3.39999986       4.81904984    
   3.40999985       4.82816410    
   3.41999984       4.83727646    
   3.42999983       4.84639025    
   3.43999982       4.85550117    
   3.44999981       4.86461687    
   3.46000004       4.87372780    
   3.47000003       4.88283920    
   3.48000002       4.89194393    
   3.49000001       4.90105391    
   3.50000000       4.91016006    
   3.50999999       4.91926670    
