   9.99999978E-03   6.95456809E-04
   1.99999996E-02   1.18008954E-03
   2.99999993E-02   1.64482649E-03
   3.99999991E-02   2.22782022E-03
   4.99999970E-02   3.91733693E-03
   5.99999987E-02   7.74053298E-03
   7.00000003E-02   1.52951488E-02
   7.99999982E-02   2.68064123E-02
   8.99999961E-02   4.26359773E-02
   9.99999940E-02   6.25650659E-02
  0.109999999       8.71649534E-02
  0.119999997      0.113479815    
  0.129999995      0.143260136    
  0.140000001      0.174933717    
  0.149999991      0.209053904    
  0.159999996      0.245742425    
  0.170000002      0.279029697    
  0.179999992      0.317344517    
  0.189999998      0.352210194    
  0.199999988      0.392621160    
  0.209999993      0.424463660    
  0.219999999      0.467404604    
  0.229999989      0.502981961    
  0.239999995      0.533665538    
  0.250000000      0.576900423    
  0.259999990      0.616921306    
  0.269999981      0.645140409    
  0.280000001      0.674098969    
  0.289999992      0.716935635    
  0.299999982      0.759209633    
  0.310000002      0.792338133    
  0.319999993      0.815794826    
  0.329999983      0.838769078    
  0.340000004      0.874906003    
  0.349999994      0.915722847    
  0.359999985      0.955291867    
  0.370000005      0.989804983    
  0.379999995       1.01625466    
  0.389999986       1.03439295    
  0.399999976       1.05086350    
  0.409999996       1.07748210    
  0.419999987       1.10906279    
  0.429999977       1.14315689    
  0.439999998       1.17828703    
  0.449999988       1.21302402    
  0.459999979       1.24577355    
  0.469999999       1.27473640    
  0.479999989       1.29811668    
  0.489999980       1.31475604    
  0.500000000       1.32618725    
  0.509999990       1.34159315    
  0.519999981       1.36084902    
  0.529999971       1.38251078    
  0.539999962       1.40598500    
  0.550000012       1.43089402    
  0.560000002       1.45693970    
  0.569999993       1.48385394    
  0.579999983       1.51134443    
  0.589999974       1.53910959    
  0.599999964       1.56678081    
  0.610000014       1.59392810    
  0.620000005       1.62003028    
  0.629999995       1.64446819    
  0.639999986       1.66650939    
  0.649999976       1.68535161    
  0.659999967       1.70024300    
  0.669999957       1.71148455    
  0.680000007       1.72333860    
  0.689999998       1.73623788    
  0.699999988       1.74995327    
  0.709999979       1.76435399    
  0.719999969       1.77935076    
  0.729999959       1.79487741    
  0.740000010       1.81088066    
  0.750000000       1.82732558    
  0.759999990       1.84416926    
  0.769999981       1.86138737    
  0.779999971       1.87894523    
  0.789999962       1.89682055    
  0.799999952       1.91498888    
  0.810000002       1.93342197    
  0.819999993       1.95209515    
  0.829999983       1.97097921    
  0.839999974       1.99005139    
  0.849999964       2.00927234    
  0.859999955       2.02861071    
  0.870000005       2.04802918    
  0.879999995       2.06748366    
  0.889999986       2.08692598    
  0.899999976       2.10630059    
  0.909999967       2.12554359    
  0.919999957       2.14458370    
  0.930000007       2.16334271    
  0.939999998       2.18171716    
  0.949999988       2.19960809    
  0.959999979       2.21688056    
  0.969999969       2.23339391    
  0.979999959       2.24897313    
  0.989999950       2.26341987    
   1.00000000       2.27650642    
   1.00999999       2.28851771    
   1.01999998       2.30021381    
   1.02999997       2.31176734    
   1.03999996       2.32325435    
   1.04999995       2.33470511    
   1.05999994       2.34614897    
   1.06999993       2.35759974    
   1.07999992       2.36906075    
   1.09000003       2.38054872    
   1.10000002       2.39205956    
   1.11000001       2.40359545    
   1.12000000       2.41516066    
   1.13000000       2.42675948    
   1.13999999       2.43838668    
   1.14999998       2.45004106    
   1.15999997       2.46173239    
   1.16999996       2.47345090    
   1.17999995       2.48520088    
   1.18999994       2.49698067    
   1.19999993       2.50879073    
   1.20999992       2.52062917    
   1.22000003       2.53249216    
   1.23000002       2.54438567    
   1.24000001       2.55630589    
   1.25000000       2.56825733    
   1.25999999       2.58023214    
   1.26999998       2.59223270    
   1.27999997       2.60425854    
   1.28999996       2.61630869    
   1.29999995       2.62838149    
   1.30999994       2.64047861    
   1.31999993       2.65259600    
   1.32999992       2.66473937    
   1.33999991       2.67690277    
   1.35000002       2.68908930    
   1.36000001       2.70129299    
   1.37000000       2.71351767    
   1.38000000       2.72576046    
   1.38999999       2.73802352    
   1.39999998       2.75030088    
   1.40999997       2.76259708    
   1.41999996       2.77491021    
   1.42999995       2.78723979    
   1.43999994       2.79958224    
   1.44999993       2.81194043    
   1.45999992       2.82431126    
   1.46999991       2.83669472    
   1.48000002       2.84909010    
   1.49000001       2.86149716    
   1.50000000       2.87391353    
   1.50999999       2.88634038    
   1.51999998       2.89877343    
   1.52999997       2.91121745    
   1.53999996       2.92366624    
   1.54999995       2.93611836    
   1.55999994       2.94857812    
   1.56999993       2.96103954    
   1.57999992       2.97350526    
   1.58999991       2.98597193    
   1.59999990       2.99843955    
   1.61000001       3.01090336    
   1.62000000       3.02337074    
   1.63000000       3.03583002    
   1.63999999       3.04828596    
   1.64999998       3.06073689    
   1.65999997       3.07317901    
   1.66999996       3.08561373    
   1.67999995       3.09803677    
   1.68999994       3.11044908    
   1.69999993       3.12284636    
   1.70999992       3.13523006    
   1.71999991       3.14760232    
   1.73000002       3.15994859    
   1.74000001       3.17227817    
   1.75000000       3.18458652    
   1.75999999       3.19686699    
   1.76999998       3.20912623    
   1.77999997       3.22135329    
   1.78999996       3.23355246    
   1.79999995       3.24571943    
   1.80999994       3.25784922    
   1.81999993       3.26994300    
   1.82999992       3.28199983    
   1.83999991       3.29400969    
   1.84999990       3.30596876    
   1.86000001       3.31789136    
   1.87000000       3.32975817    
   1.88000000       3.34157252    
   1.88999999       3.35333109    
   1.89999998       3.36502600    
   1.90999997       3.37665772    
   1.91999996       3.38822174    
   1.92999995       3.39971471    
   1.93999994       3.41113305    
   1.94999993       3.42247176    
   1.95999992       3.43372941    
   1.96999991       3.44489861    
   1.97999990       3.45597339    
   1.99000001       3.46695352    
   2.00000000       3.47783136    
   2.00999999       3.48854041    
   2.01999998       3.49907136    
   2.02999997       3.50946760    
   2.03999996       3.51975155    
   2.04999995       3.52994204    
   2.05999994       3.54005241    
   2.06999993       3.55009699    
   2.07999992       3.56007552    
   2.08999991       3.57000160    
   2.09999990       3.57987356    
   2.10999990       3.58971119    
   2.11999989       3.59950304    
   2.12999988       3.60925722    
   2.13999987       3.61898065    
   2.14999986       3.62867475    
   2.15999985       3.63833475    
   2.16999984       3.64797282    
   2.18000007       3.65758491    
   2.19000006       3.66717291    
   2.20000005       3.67674327    
   2.21000004       3.68629360    
   2.22000003       3.69582224    
   2.23000002       3.70533371    
   2.24000001       3.71483135    
   2.25000000       3.72431231    
   2.25999999       3.73377800    
   2.26999998       3.74322677    
   2.27999997       3.75266767    
   2.28999996       3.76209259    
   2.29999995       3.77150512    
   2.30999994       3.78090882    
   2.31999993       3.79030013    
   2.32999992       3.79968309    
   2.33999991       3.80905342    
   2.34999990       3.81841588    
   2.35999990       3.82776976    
   2.36999989       3.83711505    
   2.37999988       3.84645176    
   2.38999987       3.85578251    
   2.39999986       3.86510301    
   2.40999985       3.87441564    
   2.41999984       3.88372374    
   2.42999983       3.89302611    
   2.44000006       3.90231872    
   2.45000005       3.91160202    
   2.46000004       3.92088866    
   2.47000003       3.93016171    
   2.48000002       3.93943214    
   2.49000001       3.94869661    
   2.50000000       3.95795631    
   2.50999999       3.96721053    
   2.51999998       3.97646022    
   2.52999997       3.98570466    
   2.53999996       3.99494529    
   2.54999995       4.00418329    
   2.55999994       4.01341248    
   2.56999993       4.02264023    
   2.57999992       4.03186274    
   2.58999991       4.04108191    
   2.59999990       4.05029774    
   2.60999990       4.05950928    
   2.61999989       4.06871843    
   2.62999988       4.07792377    
   2.63999987       4.08712292    
   2.64999986       4.09632111    
   2.65999985       4.10551596    
   2.66999984       4.11470699    
   2.67999983       4.12389469    
   2.69000006       4.13308096    
   2.70000005       4.14226341    
   2.71000004       4.15144348    
   2.72000003       4.16062164    
   2.73000002       4.16979694    
   2.74000001       4.17896700    
   2.75000000       4.18813705    
   2.75999999       4.19730711    
   2.76999998       4.20646763    
   2.77999997       4.21563101    
   2.78999996       4.22478867    
   2.79999995       4.23394871    
   2.80999994       4.24310398    
   2.81999993       4.25225639    
   2.82999992       4.26140785    
   2.83999991       4.27055836    
   2.84999990       4.27970552    
   2.85999990       4.28884935    
   2.86999989       4.29799032    
   2.87999988       4.30713320    
   2.88999987       4.31626987    
   2.89999986       4.32540989    
   2.90999985       4.33454847    
   2.91999984       4.34367800    
   2.92999983       4.35280991    
   2.93999982       4.36194324    
   2.95000005       4.37107468    
   2.96000004       4.38019753    
   2.97000003       4.38932610    
   2.98000002       4.39844799    
   2.99000001       4.40756702    
   3.00000000       4.41669416    
   3.00999999       4.42581320    
   3.01999998       4.43492794    
   3.02999997       4.44404459    
   3.03999996       4.45316172    
   3.04999995       4.46227932    
   3.05999994       4.47138834    
   3.06999993       4.48049736    
   3.07999992       4.48960829    
   3.08999991       4.49871635    
   3.09999990       4.50782585    
   3.10999990       4.51692772    
   3.11999989       4.52603626    
   3.12999988       4.53513718    
   3.13999987       4.54424000    
   3.14999986       4.55334282    
   3.15999985       4.56244326    
   3.16999984       4.57154179    
   3.17999983       4.58063793    
   3.18999982       4.58973312    
   3.19999981       4.59883165    
   3.21000004       4.60792542    
   3.22000003       4.61701584    
   3.23000002       4.62610817    
   3.24000001       4.63520050    
   3.25000000       4.64428997    
   3.25999999       4.65337706    
   3.26999998       4.66246605    
   3.27999997       4.67155600    
   3.28999996       4.68063736    
   3.29999995       4.68972731    
   3.30999994       4.69880915    
   3.31999993       4.70789146    
   3.32999992       4.71697330    
   3.33999991       4.72605515    
   3.34999990       4.73513460    
   3.35999990       4.74421263    
   3.36999989       4.75329447    
   3.37999988       4.76236963    
   3.38999987       4.77144670    
   3.39999986       4.78051805    
   3.40999985       4.78959656    
   3.41999984       4.79866934    
   3.42999983       4.80774164    
   3.43999982       4.81681538    
   3.44999981       4.82588911    
   3.46000004       4.83495522    
   3.47000003       4.84402752    
   3.48000002       4.85309553    
   3.49000001       4.86216593    
   3.50000000       4.87123299    
   3.50999999       4.88029814    
