   9.99999978E-03   7.14273076E-04
   1.99999996E-02   1.20750931E-03
   2.99999993E-02   1.91344460E-03
   3.99999991E-02   4.50611813E-03
   4.99999970E-02   1.20121771E-02
   5.99999987E-02   2.63262223E-02
   7.00000003E-02   4.84777242E-02
   7.99999982E-02   7.74931833E-02
   8.99999961E-02  0.112699859    
   9.99999940E-02  0.151970118    
  0.109999999      0.195066065    
  0.119999997      0.239707783    
  0.129999995      0.286860824    
  0.140000001      0.333967984    
  0.149999991      0.381790131    
  0.159999996      0.432139248    
  0.170000002      0.477830976    
  0.179999992      0.525103748    
  0.189999998      0.570879996    
  0.199999988      0.618111312    
  0.209999993      0.658380508    
  0.219999999      0.707874298    
  0.229999989      0.747999251    
  0.239999995      0.785212040    
  0.250000000      0.832986832    
  0.259999990      0.875385523    
  0.269999981      0.907287419    
  0.280000001      0.940940619    
  0.289999992      0.986161470    
  0.299999982       1.02909720    
  0.310000002       1.06304276    
  0.319999993       1.08908749    
  0.329999983       1.11552882    
  0.340000004       1.15310013    
  0.349999994       1.19385350    
  0.359999985       1.23242342    
  0.370000005       1.26585507    
  0.379999995       1.29233670    
  0.389999986       1.31246519    
  0.399999976       1.33175921    
  0.409999996       1.35941041    
  0.419999987       1.39102566    
  0.429999977       1.42430723    
  0.439999998       1.45789552    
  0.449999988       1.49054706    
  0.459999979       1.52100933    
  0.469999999       1.54802454    
  0.479999989       1.57049549    
  0.489999980       1.58794141    
  0.500000000       1.60175765    
  0.509999990       1.61872625    
  0.519999981       1.63877404    
  0.529999971       1.66072428    
  0.539999962       1.68404996    
  0.550000012       1.70840263    
  0.560000002       1.73349750    
  0.569999993       1.75907850    
  0.579999983       1.78488398    
  0.589999974       1.81064141    
  0.599999964       1.83604550    
  0.610000014       1.86075699    
  0.620000005       1.88439989    
  0.629999995       1.90654695    
  0.639999986       1.92673397    
  0.649999976       1.94449151    
  0.659999967       1.95943010    
  0.669999957       1.97188377    
  0.680000007       1.98484766    
  0.689999998       1.99863136    
  0.699999988       2.01305199    
  0.709999979       2.02800512    
  0.719999969       2.04337931    
  0.729999959       2.05923843    
  0.740000010       2.07541251    
  0.750000000       2.09190631    
  0.759999990       2.10869122    
  0.769999981       2.12573171    
  0.779999971       2.14300299    
  0.789999962       2.16047740    
  0.799999952       2.17813063    
  0.810000002       2.19594002    
  0.819999993       2.21387792    
  0.829999983       2.23191905    
  0.839999974       2.25003743    
  0.849999964       2.26820159    
  0.859999955       2.28638506    
  0.870000005       2.30454779    
  0.879999995       2.32265925    
  0.889999986       2.34067559    
  0.899999976       2.35855532    
  0.909999967       2.37625003    
  0.919999957       2.39370489    
  0.930000007       2.41086459    
  0.939999998       2.42765856    
  0.949999988       2.44401312    
  0.959999979       2.45985198    
  0.969999969       2.47507524    
  0.979999959       2.48958707    
  0.989999950       2.50326657    
   1.00000000       2.51598310    
   1.00999999       2.52798057    
   1.01999998       2.53978348    
   1.02999997       2.55150700    
   1.03999996       2.56319785    
   1.04999995       2.57487655    
   1.05999994       2.58656025    
   1.06999993       2.59825850    
   1.07999992       2.60996866    
   1.09000003       2.62170386    
   1.10000002       2.63345957    
   1.11000001       2.64523935    
   1.12000000       2.65704155    
   1.13000000       2.66886854    
   1.13999999       2.68071818    
   1.14999998       2.69258976    
   1.15999997       2.70448327    
   1.16999996       2.71640253    
   1.17999995       2.72834182    
   1.18999994       2.74030089    
   1.19999993       2.75228000    
   1.20999992       2.76428151    
   1.22000003       2.77629757    
   1.23000002       2.78833532    
   1.24000001       2.80038929    
   1.25000000       2.81246161    
   1.25999999       2.82455277    
   1.26999998       2.83665586    
   1.27999997       2.84877419    
   1.28999996       2.86090732    
   1.29999995       2.87304735    
   1.30999994       2.88521838    
   1.31999993       2.89739132    
   1.32999992       2.90957904    
   1.33999991       2.92177582    
   1.35000002       2.93398452    
   1.36000001       2.94620347    
   1.37000000       2.95843458    
   1.38000000       2.97066951    
   1.38999999       2.98291945    
   1.39999998       2.99517369    
   1.40999997       3.00743389    
   1.41999996       3.01970220    
   1.42999995       3.03197598    
   1.43999994       3.04425550    
   1.44999993       3.05653882    
   1.45999992       3.06882596    
   1.46999991       3.08111858    
   1.48000002       3.09341097    
   1.49000001       3.10570741    
   1.50000000       3.11800003    
   1.50999999       3.13029528    
   1.51999998       3.14259052    
   1.52999997       3.15488529    
   1.53999996       3.16717362    
   1.54999995       3.17946267    
   1.55999994       3.19174695    
   1.56999993       3.20402265    
   1.57999992       3.21629596    
   1.58999991       3.22855973    
   1.59999990       3.24081755    
   1.61000001       3.25306726    
   1.62000000       3.26530480    
   1.63000000       3.27753115    
   1.63999999       3.28974724    
   1.64999998       3.30195093    
   1.65999997       3.31413865    
   1.66999996       3.32630920    
   1.67999995       3.33846569    
   1.68999994       3.35060382    
   1.69999993       3.36272573    
   1.70999992       3.37482071    
   1.71999991       3.38690042    
   1.73000002       3.39895177    
   1.74000001       3.41098237    
   1.75000000       3.42298651    
   1.75999999       3.43496227    
   1.76999998       3.44691038    
   1.77999997       3.45882654    
   1.78999996       3.47071004    
   1.79999995       3.48255992    
   1.80999994       3.49437690    
   1.81999993       3.50615454    
   1.82999992       3.51789546    
   1.83999991       3.52959180    
   1.84999990       3.54124379    
   1.86000001       3.55285883    
   1.87000000       3.56442094    
   1.88000000       3.57593489    
   1.88999999       3.58740115    
   1.89999998       3.59880948    
   1.90999997       3.61016321    
   1.91999996       3.62146211    
   1.92999995       3.63269806    
   1.93999994       3.64386725    
   1.94999993       3.65497661    
   1.95999992       3.66601610    
   1.96999991       3.67698145    
   1.97999990       3.68787956    
   1.99000001       3.69869447    
   2.00000000       3.70943546    
   2.00999999       3.72004342    
   2.01999998       3.73052025    
   2.02999997       3.74089694    
   2.03999996       3.75119495    
   2.04999995       3.76142550    
   2.05999994       3.77159214    
   2.06999993       3.78171539    
   2.07999992       3.79178953    
   2.08999991       3.80182481    
   2.09999990       3.81182456    
   2.10999990       3.82179332    
   2.11999989       3.83172965    
   2.12999988       3.84164333    
   2.13999987       3.85152960    
   2.14999986       3.86139011    
   2.15999985       3.87123394    
   2.16999984       3.88105464    
   2.18000007       3.89086032    
   2.19000006       3.90064645    
   2.20000005       3.91041565    
   2.21000004       3.92017221    
   2.22000003       3.92991114    
   2.23000002       3.93964005    
   2.24000001       3.94935560    
   2.25000000       3.95905828    
   2.25999999       3.96874952    
   2.26999998       3.97843003    
   2.27999997       3.98809695    
   2.28999996       3.99775887    
   2.29999995       4.00741053    
   2.30999994       4.01705265    
   2.31999993       4.02668285    
   2.32999992       4.03630733    
   2.33999991       4.04592228    
   2.34999990       4.05553007    
   2.35999990       4.06513405    
   2.36999989       4.07472897    
   2.37999988       4.08431721    
   2.38999987       4.09389925    
   2.39999986       4.10347176    
   2.40999985       4.11304235    
   2.41999984       4.12260151    
   2.42999983       4.13216209    
   2.44000006       4.14171219    
   2.45000005       4.15125847    
   2.46000004       4.16079903    
   2.47000003       4.17033482    
   2.48000002       4.17986774    
   2.49000001       4.18939304    
   2.50000000       4.19891500    
   2.50999999       4.20843649    
   2.51999998       4.21794891    
   2.52999997       4.22745657    
   2.53999996       4.23696184    
   2.54999995       4.24646378    
   2.55999994       4.25596142    
   2.56999993       4.26545858    
   2.57999992       4.27494621    
   2.58999991       4.28443623    
   2.59999990       4.29391527    
   2.60999990       4.30339384    
   2.61999989       4.31287098    
   2.62999988       4.32234478    
   2.63999987       4.33181572    
   2.64999986       4.34128475    
   2.65999985       4.35074711    
   2.66999984       4.36020994    
   2.67999983       4.36967134    
   2.69000006       4.37912703    
   2.70000005       4.38857985    
   2.71000004       4.39802933    
   2.72000003       4.40747833    
   2.73000002       4.41692686    
   2.74000001       4.42636967    
   2.75000000       4.43580675    
   2.75999999       4.44525051    
   2.76999998       4.45469141    
   2.77999997       4.46411800    
   2.78999996       4.47354984    
   2.79999995       4.48297739    
   2.80999994       4.49241066    
   2.81999993       4.50183201    
   2.82999992       4.51125765    
   2.83999991       4.52068377    
   2.84999990       4.53009892    
   2.85999990       4.53952122    
   2.86999989       4.54893541    
   2.87999988       4.55834723    
   2.88999987       4.56776094    
   2.89999986       4.57717228    
   2.90999985       4.58658266    
   2.91999984       4.59598970    
   2.92999983       4.60539579    
   2.93999982       4.61479759    
   2.95000005       4.62420225    
   2.96000004       4.63360119    
   2.97000003       4.64300299    
   2.98000002       4.65240383    
   2.99000001       4.66179752    
   3.00000000       4.67118883    
   3.00999999       4.68058586    
   3.01999998       4.68997955    
   3.02999997       4.69936705    
   3.03999996       4.70875359    
   3.04999995       4.71814632    
   3.05999994       4.72753334    
   3.06999993       4.73691511    
   3.07999992       4.74629641    
   3.08999991       4.75568151    
   3.09999990       4.76506424    
   3.10999990       4.77443981    
   3.11999989       4.78382158    
   3.12999988       4.79319620    
   3.13999987       4.80257368    
   3.14999986       4.81195259    
   3.15999985       4.82132483    
   3.16999984       4.83069658    
   3.17999983       4.84006691    
   3.18999982       4.84944153    
   3.19999981       4.85880804    
   3.21000004       4.86817551    
   3.22000003       4.87754059    
   3.23000002       4.88690758    
   3.24000001       4.89627457    
   3.25000000       4.90563726    
   3.25999999       4.91500235    
   3.26999998       4.92436457    
   3.27999997       4.93372536    
   3.28999996       4.94308376    
   3.29999995       4.95244408    
   3.30999994       4.96179867    
   3.31999993       4.97115421    
   3.32999992       4.98051357    
   3.33999991       4.98986816    
   3.34999990       4.99922037    
   3.35999990       5.00857687    
   3.36999989       5.01792669    
   3.37999988       5.02728081    
   3.38999987       5.03663158    
   3.39999986       5.04597902    
   3.40999985       5.05532503    
   3.41999984       5.06467438    
   3.42999983       5.07402086    
   3.43999982       5.08337021    
   3.44999981       5.09271479    
   3.46000004       5.10205841    
   3.47000003       5.11140203    
   3.48000002       5.12074280    
   3.49000001       5.13008213    
   3.50000000       5.13942671    
   3.50999999       5.14876699    
