   9.99999978E-03   7.13398564E-04
   1.99999996E-02   1.19990320E-03
   2.99999993E-02   1.82021700E-03
   3.99999991E-02   3.79561097E-03
   4.99999970E-02   9.74483602E-03
   5.99999987E-02   2.15609167E-02
   7.00000003E-02   4.05238308E-02
   7.99999982E-02   6.59829229E-02
   8.99999961E-02   9.74794924E-02
   9.99999940E-02  0.133204669    
  0.109999999      0.173101574    
  0.119999997      0.214600891    
  0.129999995      0.258914858    
  0.140000001      0.303581208    
  0.149999991      0.349332213    
  0.159999996      0.397687972    
  0.170000002      0.441510320    
  0.179999992      0.487567961    
  0.189999998      0.531801224    
  0.199999988      0.578178644    
  0.209999993      0.617257237    
  0.219999999      0.666024685    
  0.229999989      0.705559254    
  0.239999995      0.741916716    
  0.250000000      0.789278269    
  0.259999990      0.831474841    
  0.269999981      0.862887979    
  0.280000001      0.895987332    
  0.289999992      0.941103041    
  0.299999982      0.984128118    
  0.310000002       1.01804161    
  0.319999993       1.04375172    
  0.329999983       1.06978345    
  0.340000004       1.10733402    
  0.349999994       1.14829576    
  0.359999985       1.18717372    
  0.370000005       1.22086740    
  0.379999995       1.24739313    
  0.389999986       1.26726007    
  0.399999976       1.28619909    
  0.409999996       1.31382048    
  0.419999987       1.34556043    
  0.429999977       1.37910354    
  0.439999998       1.41305256    
  0.449999988       1.44612896    
  0.459999979       1.47701633    
  0.469999999       1.50437593    
  0.479999989       1.52701223    
  0.489999980       1.54435980    
  0.500000000       1.55785549    
  0.509999990       1.57464147    
  0.519999981       1.59463179    
  0.529999971       1.61660826    
  0.539999962       1.64002979    
  0.550000012       1.66454458    
  0.560000002       1.68986094    
  0.569999993       1.71571887    
  0.579999983       1.74185085    
  0.589999974       1.76797438    
  0.599999964       1.79377854    
  0.610000014       1.81890380    
  0.620000005       1.84294963    
  0.629999995       1.86546254    
  0.639999986       1.88593972    
  0.649999976       1.90387011    
  0.659999967       1.91881347    
  0.669999957       1.93111181    
  0.680000007       1.94393539    
  0.689999998       1.95761323    
  0.699999988       1.97195661    
  0.709999979       1.98685861    
  0.719999969       2.00224137    
  0.729999959       2.01804733    
  0.740000010       2.03423047    
  0.750000000       2.05075121    
  0.759999990       2.06757760    
  0.769999981       2.08467722    
  0.779999971       2.10202575    
  0.789999962       2.11959696    
  0.799999952       2.13736176    
  0.810000002       2.15529823    
  0.819999993       2.17338204    
  0.829999983       2.19157863    
  0.839999974       2.20987105    
  0.849999964       2.22822833    
  0.859999955       2.24660826    
  0.870000005       2.26498723    
  0.879999995       2.28332210    
  0.889999986       2.30157638    
  0.899999976       2.31969595    
  0.909999967       2.33763862    
  0.919999957       2.35534334    
  0.930000007       2.37275147    
  0.939999998       2.38978720    
  0.949999988       2.40637589    
  0.959999979       2.42242742    
  0.969999969       2.43784451    
  0.979999959       2.45251274    
  0.989999950       2.46630621    
   1.00000000       2.47908044    
   1.00999999       2.49108243    
   1.01999998       2.50287724    
   1.02999997       2.51458430    
   1.03999996       2.52625155    
   1.04999995       2.53790593    
   1.05999994       2.54956150    
   1.06999993       2.56122947    
   1.07999992       2.57291555    
   1.09000003       2.58461952    
   1.10000002       2.59634948    
   1.11000001       2.60810447    
   1.12000000       2.61987901    
   1.13000000       2.63167953    
   1.13999999       2.64350867    
   1.14999998       2.65535855    
   1.15999997       2.66723347    
   1.16999996       2.67913127    
   1.17999995       2.69105315    
   1.18999994       2.70299768    
   1.19999993       2.71496129    
   1.20999992       2.72694874    
   1.22000003       2.73895288    
   1.23000002       2.75098038    
   1.24000001       2.76302624    
   1.25000000       2.77508950    
   1.25999999       2.78717065    
   1.26999998       2.79926848    
   1.27999997       2.81138515    
   1.28999996       2.82351923    
   1.29999995       2.83566618    
   1.30999994       2.84783077    
   1.31999993       2.86000657    
   1.32999992       2.87219596    
   1.33999991       2.88440156    
   1.35000002       2.89661837    
   1.36000001       2.90884686    
   1.37000000       2.92108274    
   1.38000000       2.93333578    
   1.38999999       2.94559407    
   1.39999998       2.95786428    
   1.40999997       2.97013855    
   1.41999996       2.98242784    
   1.42999995       2.99471641    
   1.43999994       3.00701785    
   1.44999993       3.01932192    
   1.45999992       3.03163218    
   1.46999991       3.04394913    
   1.48000002       3.05626488    
   1.49000001       3.06858850    
   1.50000000       3.08091116    
   1.50999999       3.09323454    
   1.51999998       3.10556030    
   1.52999997       3.11788654    
   1.53999996       3.13020730    
   1.54999995       3.14252639    
   1.55999994       3.15484715    
   1.56999993       3.16715860    
   1.57999992       3.17946982    
   1.58999991       3.19177485    
   1.59999990       3.20407009    
   1.61000001       3.21635795    
   1.62000000       3.22863865    
   1.63000000       3.24090672    
   1.63999999       3.25316477    
   1.64999998       3.26541305    
   1.65999997       3.27764606    
   1.66999996       3.28986597    
   1.67999995       3.30206537    
   1.68999994       3.31425023    
   1.69999993       3.32641816    
   1.70999992       3.33856368    
   1.71999991       3.35068917    
   1.73000002       3.36279392    
   1.74000001       3.37487268    
   1.75000000       3.38692522    
   1.75999999       3.39895177    
   1.76999998       3.41094899    
   1.77999997       3.42291474    
   1.78999996       3.43484807    
   1.79999995       3.44674969    
   1.80999994       3.45861506    
   1.81999993       3.47044230    
   1.82999992       3.48223233    
   1.83999991       3.49397874    
   1.84999990       3.50568032    
   1.86000001       3.51733971    
   1.87000000       3.52895069    
   1.88000000       3.54050875    
   1.88999999       3.55201721    
   1.89999998       3.56346798    
   1.90999997       3.57486486    
   1.91999996       3.58620048    
   1.92999995       3.59747577    
   1.93999994       3.60868144    
   1.94999993       3.61982369    
   1.95999992       3.63089561    
   1.96999991       3.64189100    
   1.97999990       3.65281057    
   1.99000001       3.66364884    
   2.00000000       3.67440796    
   2.00999999       3.68503046    
   2.01999998       3.69551373    
   2.02999997       3.70589161    
   2.03999996       3.71618414    
   2.04999995       3.72640848    
   2.05999994       3.73656559    
   2.06999993       3.74667430    
   2.07999992       3.75673532    
   2.08999991       3.76675153    
   2.09999990       3.77673054    
   2.10999990       3.78667760    
   2.11999989       3.79659104    
   2.12999988       3.80647755    
   2.13999987       3.81633782    
   2.14999986       3.82617640    
   2.15999985       3.83598924    
   2.16999984       3.84578204    
   2.18000007       3.85555840    
   2.19000006       3.86531425    
   2.20000005       3.87505484    
   2.21000004       3.88477635    
   2.22000003       3.89448619    
   2.23000002       3.90418196    
   2.24000001       3.91386271    
   2.25000000       3.92352939    
   2.25999999       3.93318629    
   2.26999998       3.94283295    
   2.27999997       3.95246625    
   2.28999996       3.96209025    
   2.29999995       3.97170401    
   2.30999994       3.98130965    
   2.31999993       3.99090505    
   2.32999992       4.00049353    
   2.33999991       4.01007032    
   2.34999990       4.01964521    
   2.35999990       4.02920866    
   2.36999989       4.03876352    
   2.37999988       4.04831457    
   2.38999987       4.05785894    
   2.39999986       4.06739283    
   2.40999985       4.07692051    
   2.41999984       4.08644772    
   2.42999983       4.09596348    
   2.44000006       4.10547733    
   2.45000005       4.11498451    
   2.46000004       4.12448597    
   2.47000003       4.13398552    
   2.48000002       4.14347792    
   2.49000001       4.15296268    
   2.50000000       4.16244602    
   2.50999999       4.17192364    
   2.51999998       4.18139648    
   2.52999997       4.19086409    
   2.53999996       4.20033264    
   2.54999995       4.20979214    
   2.55999994       4.21924973    
   2.56999993       4.22870255    
   2.57999992       4.23815298    
   2.58999991       4.24760199    
   2.59999990       4.25704384    
   2.60999990       4.26648331    
   2.61999989       4.27591896    
   2.62999988       4.28535318    
   2.63999987       4.29478359    
   2.64999986       4.30421114    
   2.65999985       4.31363249    
   2.66999984       4.32305717    
   2.67999983       4.33247375    
   2.69000006       4.34188938    
   2.70000005       4.35130215    
   2.71000004       4.36071205    
   2.72000003       4.37012196    
   2.73000002       4.37952709    
   2.74000001       4.38892794    
   2.75000000       4.39832830    
   2.75999999       4.40772724    
   2.76999998       4.41712141    
   2.77999997       4.42651558    
   2.78999996       4.43590689    
   2.79999995       4.44529724    
   2.80999994       4.45468235    
   2.81999993       4.46406841    
   2.82999992       4.47344923    
   2.83999991       4.48283195    
   2.84999990       4.49220943    
   2.85999990       4.50159025    
   2.86999989       4.51096106    
   2.87999988       4.52033997    
   2.88999987       4.52971077    
   2.89999986       4.53907681    
   2.90999985       4.54844475    
   2.91999984       4.55781364    
   2.92999983       4.56717682    
   2.93999982       4.57654047    
   2.95000005       4.58590508    
   2.96000004       4.59525871    
   2.97000003       4.60462141    
   2.98000002       4.61397552    
   2.99000001       4.62333393    
   3.00000000       4.63268852    
   3.00999999       4.64203739    
   3.01999998       4.65139055    
   3.02999997       4.66074181    
   3.03999996       4.67008877    
   3.04999995       4.67943478    
   3.05999994       4.68878222    
   3.06999993       4.69812393    
   3.07999992       4.70747137    
   3.08999991       4.71681070    
   3.09999990       4.72614813    
   3.10999990       4.73548651    
   3.11999989       4.74482489    
   3.12999988       4.75416088    
   3.13999987       4.76350021    
   3.14999986       4.77283287    
   3.15999985       4.78216839    
   3.16999984       4.79149914    
   3.17999983       4.80083179    
   3.18999982       4.81015873    
   3.19999981       4.81948900    
   3.21000004       4.82881546    
   3.22000003       4.83813858    
   3.23000002       4.84746599    
   3.24000001       4.85679293    
   3.25000000       4.86611128    
   3.25999999       4.87543106    
   3.26999998       4.88475609    
   3.27999997       4.89407158    
   3.28999996       4.90339422    
   3.29999995       4.91271305    
   3.30999994       4.92202806    
   3.31999993       4.93134499    
   3.32999992       4.94065619    
   3.33999991       4.94997358    
   3.34999990       4.95928812    
   3.35999990       4.96859932    
   3.36999989       4.97791004    
   3.37999988       4.98722363    
   3.38999987       4.99653292    
   3.39999986       5.00583792    
   3.40999985       5.01514769    
   3.41999984       5.02445364    
   3.42999983       5.03376007    
   3.43999982       5.04306412    
   3.44999981       5.05237103    
   3.46000004       5.06167269    
   3.47000003       5.07097435    
   3.48000002       5.08027840    
   3.49000001       5.08957911    
   3.50000000       5.09887981    
   3.50999999       5.10817575    
