   9.99999978E-03   7.13886344E-04
   1.99999996E-02   1.19804638E-03
   2.99999993E-02   1.80128007E-03
   3.99999991E-02   3.65142198E-03
   4.99999970E-02   9.26653296E-03
   5.99999987E-02   2.05251668E-02
   7.00000003E-02   3.87604684E-02
   7.99999982E-02   6.33907318E-02
   8.99999961E-02   9.40100402E-02
   9.99999940E-02  0.128886268    
  0.109999999      0.168006286    
  0.119999997      0.208743408    
  0.129999995      0.252357543    
  0.140000001      0.296418577    
  0.149999991      0.341650307    
  0.159999996      0.389500409    
  0.170000002      0.432853371    
  0.179999992      0.478598833    
  0.189999998      0.522437572    
  0.199999988      0.568591177    
  0.209999993      0.607365072    
  0.219999999      0.655934691    
  0.229999989      0.695316374    
  0.239999995      0.731450438    
  0.250000000      0.778692067    
  0.259999990      0.820828915    
  0.269999981      0.852115631    
  0.280000001      0.885066509    
  0.289999992      0.930140972    
  0.299999982      0.973176599    
  0.310000002       1.00708115    
  0.319999993       1.03269887    
  0.329999983       1.05862153    
  0.340000004       1.09615600    
  0.349999994       1.13715720    
  0.359999985       1.17610312    
  0.370000005       1.20985532    
  0.379999995       1.23638904    
  0.389999986       1.25618732    
  0.399999976       1.27503395    
  0.409999996       1.30263758    
  0.419999987       1.33440399    
  0.429999977       1.36800575    
  0.439999998       1.40203726    
  0.449999988       1.43521249    
  0.459999979       1.46620166    
  0.469999999       1.49364293    
  0.479999989       1.51632023    
  0.489999980       1.53364193    
  0.500000000       1.54705405    
  0.509999990       1.56378973    
  0.519999981       1.58376479    
  0.529999971       1.60574126    
  0.539999962       1.62918508    
  0.550000012       1.65373302    
  0.560000002       1.67910278    
  0.569999993       1.70502400    
  0.579999983       1.73123300    
  0.589999974       1.75744569    
  0.599999964       1.78334427    
  0.610000014       1.80856895    
  0.620000005       1.83271420    
  0.629999995       1.85531640    
  0.639999986       1.87586772    
  0.649999976       1.89383936    
  0.659999967       1.90878499    
  0.669999957       1.92104316    
  0.680000007       1.93382823    
  0.689999998       1.94748056    
  0.699999988       1.96180320    
  0.709999979       1.97668898    
  0.719999969       1.99206066    
  0.729999959       2.00786185    
  0.740000010       2.02404499    
  0.750000000       2.04057169    
  0.759999990       2.05739903    
  0.769999981       2.07451963    
  0.779999971       2.09188509    
  0.789999962       2.10947609    
  0.799999952       2.12726903    
  0.810000002       2.14523625    
  0.819999993       2.16335130    
  0.829999983       2.18158889    
  0.839999974       2.19992280    
  0.849999964       2.21832132    
  0.859999955       2.23675394    
  0.870000005       2.25518489    
  0.879999995       2.27357531    
  0.889999986       2.29188466    
  0.899999976       2.31006312    
  0.909999967       2.32806635    
  0.919999957       2.34583473    
  0.930000007       2.36330247    
  0.939999998       2.38040113    
  0.949999988       2.39704561    
  0.959999979       2.41315126    
  0.969999969       2.42861724    
  0.979999959       2.44332552    
  0.989999950       2.45714355    
   1.00000000       2.46993279    
   1.00999999       2.48193765    
   1.01999998       2.49373126    
   1.02999997       2.50543261    
   1.03999996       2.51709223    
   1.04999995       2.52873874    
   1.05999994       2.54039001    
   1.06999993       2.55204940    
   1.07999992       2.56372714    
   1.09000003       2.57542562    
   1.10000002       2.58714676    
   1.11000001       2.59889269    
   1.12000000       2.61066246    
   1.13000000       2.62245488    
   1.13999999       2.63427877    
   1.14999998       2.64612222    
   1.15999997       2.65799093    
   1.16999996       2.66988468    
   1.17999995       2.68180060    
   1.18999994       2.69373918    
   1.19999993       2.70570016    
   1.20999992       2.71768284    
   1.22000003       2.72968316    
   1.23000002       2.74170947    
   1.24000001       2.75375175    
   1.25000000       2.76581097    
   1.25999999       2.77789068    
   1.26999998       2.78998971    
   1.27999997       2.80210447    
   1.28999996       2.81423497    
   1.29999995       2.82638240    
   1.30999994       2.83854413    
   1.31999993       2.85072207    
   1.32999992       2.86291170    
   1.33999991       2.87511826    
   1.35000002       2.88733602    
   1.36000001       2.89956260    
   1.37000000       2.91180587    
   1.38000000       2.92405772    
   1.38999999       2.93632078    
   1.39999998       2.94859099    
   1.40999997       2.96087193    
   1.41999996       2.97316003    
   1.42999995       2.98546124    
   1.43999994       2.99776340    
   1.44999993       3.01007032    
   1.45999992       3.02238846    
   1.46999991       3.03470826    
   1.48000002       3.04703212    
   1.49000001       3.05935860    
   1.50000000       3.07168913    
   1.50999999       3.08401966    
   1.51999998       3.09635162    
   1.52999997       3.10868478    
   1.53999996       3.12101364    
   1.54999995       3.13334441    
   1.55999994       3.14566994    
   1.56999993       3.15799260    
   1.57999992       3.17031050    
   1.58999991       3.18262482    
   1.59999990       3.19493055    
   1.61000001       3.20722675    
   1.62000000       3.21951723    
   1.63000000       3.23179674    
   1.63999999       3.24406385    
   1.64999998       3.25632286    
   1.65999997       3.26856375    
   1.66999996       3.28079510    
   1.67999995       3.29301047    
   1.68999994       3.30520415    
   1.69999993       3.31738424    
   1.70999992       3.32954264    
   1.71999991       3.34168077    
   1.73000002       3.35379386    
   1.74000001       3.36588430    
   1.75000000       3.37795091    
   1.75999999       3.38998771    
   1.76999998       3.40199924    
   1.77999997       3.41397715    
   1.78999996       3.42592406    
   1.79999995       3.43783641    
   1.80999994       3.44971585    
   1.81999993       3.46155477    
   1.82999992       3.47335458    
   1.83999991       3.48511124    
   1.84999990       3.49682832    
   1.86000001       3.50849819    
   1.87000000       3.52011871    
   1.88000000       3.53168988    
   1.88999999       3.54320717    
   1.89999998       3.55467367    
   1.90999997       3.56607866    
   1.91999996       3.57742381    
   1.92999995       3.58870888    
   1.93999994       3.59992576    
   1.94999993       3.61107564    
   1.95999992       3.62215257    
   1.96999991       3.63315582    
   1.97999990       3.64408326    
   1.99000001       3.65492940    
   2.00000000       3.66569161    
   2.00999999       3.67631483    
   2.01999998       3.68679976    
   2.02999997       3.69717836    
   2.03999996       3.70747304    
   2.04999995       3.71769261    
   2.05999994       3.72784758    
   2.06999993       3.73795271    
   2.07999992       3.74801111    
   2.08999991       3.75802302    
   2.09999990       3.76799774    
   2.10999990       3.77794003    
   2.11999989       3.78784776    
   2.12999988       3.79772735    
   2.13999987       3.80757976    
   2.14999986       3.81741166    
   2.15999985       3.82722092    
   2.16999984       3.83700776    
   2.18000007       3.84677362    
   2.19000006       3.85652089    
   2.20000005       3.86625433    
   2.21000004       3.87596893    
   2.22000003       3.88567066    
   2.23000002       3.89535761    
   2.24000001       3.90502977    
   2.25000000       3.91469049    
   2.25999999       3.92433810    
   2.26999998       3.93397593    
   2.27999997       3.94359851    
   2.28999996       3.95321512    
   2.29999995       3.96282148    
   2.30999994       3.97241521    
   2.31999993       3.98200083    
   2.32999992       3.99158072    
   2.33999991       4.00114965    
   2.34999990       4.01071501    
   2.35999990       4.02026844    
   2.36999989       4.02981472    
   2.37999988       4.03935766    
   2.38999987       4.04888868    
   2.39999986       4.05841494    
   2.40999985       4.06793833    
   2.41999984       4.07744980    
   2.42999983       4.08695841    
   2.44000006       4.09646273    
   2.45000005       4.10595942    
   2.46000004       4.11545038    
   2.47000003       4.12493849    
   2.48000002       4.13442421    
   2.49000001       4.14389753    
   2.50000000       4.15337133    
   2.50999999       4.16283751    
   2.51999998       4.17230320    
   2.52999997       4.18176222    
   2.53999996       4.19121933    
   2.54999995       4.20066404    
   2.55999994       4.21011496    
   2.56999993       4.21956015    
   2.57999992       4.22900009    
   2.58999991       4.23843575    
   2.59999990       4.24786663    
   2.60999990       4.25730085    
   2.61999989       4.26672268    
   2.62999988       4.27614784    
   2.63999987       4.28556728    
   2.64999986       4.29498672    
   2.65999985       4.30439901    
   2.66999984       4.31380749    
   2.67999983       4.32321930    
   2.69000006       4.33262348    
   2.70000005       4.34202719    
   2.71000004       4.35142374    
   2.72000003       4.36082172    
   2.73000002       4.37021971    
   2.74000001       4.37961292    
   2.75000000       4.38899803    
   2.75999999       4.39838982    
   2.76999998       4.40777254    
   2.77999997       4.41715765    
   2.78999996       4.42654085    
   2.79999995       4.43591738    
   2.80999994       4.44529247    
   2.81999993       4.45466948    
   2.82999992       4.46403980    
   2.83999991       4.47341347    
   2.84999990       4.48278189    
   2.85999990       4.49214649    
   2.86999989       4.50151348    
   2.87999988       4.51087427    
   2.88999987       4.52023935    
   2.89999986       4.52959824    
   2.90999985       4.53895426    
   2.91999984       4.54831409    
   2.92999983       4.55766964    
   2.93999982       4.56702137    
   2.95000005       4.57637215    
   2.96000004       4.58572340    
   2.97000003       4.59506989    
   2.98000002       4.60441494    
   2.99000001       4.61376143    
   3.00000000       4.62310505    
   3.00999999       4.63244867    
   3.01999998       4.64178753    
   3.02999997       4.65112782    
   3.03999996       4.66046810    
   3.04999995       4.66980219    
   3.05999994       4.67913818    
   3.06999993       4.68847179    
   3.07999992       4.69780588    
   3.08999991       4.70713520    
   3.09999990       4.71646595    
   3.10999990       4.72579336    
   3.11999989       4.73511934    
   3.12999988       4.74444962    
   3.13999987       4.75377321    
   3.14999986       4.76309729    
   3.15999985       4.77242327    
   3.16999984       4.78173971    
   3.17999983       4.79106426    
   3.18999982       4.80038357    
   3.19999981       4.80970144    
   3.21000004       4.81902027    
   3.22000003       4.82833052    
   3.23000002       4.83764839    
   3.24000001       4.84696245    
   3.25000000       4.85627127    
   3.25999999       4.86558437    
   3.26999998       4.87489557    
   3.27999997       4.88420725    
   3.28999996       4.89351606    
   3.29999995       4.90282154    
   3.30999994       4.91213131    
   3.31999993       4.92143726    
   3.32999992       4.93073940    
   3.33999991       4.94004583    
   3.34999990       4.94934988    
   3.35999990       4.95865011    
   3.36999989       4.96795177    
   3.37999988       4.97725153    
   3.38999987       4.98655128    
   3.39999986       4.99584770    
   3.40999985       5.00514793    
   3.41999984       5.01444483    
   3.42999983       5.02373552    
   3.43999982       5.03303337    
   3.44999981       5.04232740    
   3.46000004       5.05162096    
   3.47000003       5.06091547    
   3.48000002       5.07020569    
   3.49000001       5.07949781    
   3.50000000       5.08878565    
   3.50999999       5.09807587    
