   9.99999978E-03   7.18066469E-04
   1.99999996E-02   1.22445379E-03
   2.99999993E-02   2.21452722E-03
   3.99999991E-02   6.47748355E-03
   4.99999970E-02   1.77543256E-02
   5.99999987E-02   3.76684442E-02
   7.00000003E-02   6.65811896E-02
   7.99999982E-02  0.102821574    
   8.99999961E-02  0.145287067    
   9.99999940E-02  0.191350818    
  0.109999999      0.240387499    
  0.119999997      0.290812403    
  0.129999995      0.343053460    
  0.140000001      0.394464016    
  0.149999991      0.445849329    
  0.159999996      0.499536335    
  0.170000002      0.548419535    
  0.179999992      0.597653091    
  0.189999998      0.645958900    
  0.199999988      0.694490016    
  0.209999993      0.736710012    
  0.219999999      0.787192047    
  0.229999989      0.828239679    
  0.239999995      0.866783679    
  0.250000000      0.915001869    
  0.259999990      0.957598567    
  0.269999981      0.990265965    
  0.280000001       1.02471471    
  0.289999992       1.06986725    
  0.299999982       1.11246610    
  0.310000002       1.14636922    
  0.319999993       1.17293191    
  0.329999983       1.19996750    
  0.340000004       1.23737741    
  0.349999994       1.27758205    
  0.359999985       1.31546378    
  0.370000005       1.34833992    
  0.379999995       1.37468898    
  0.389999986       1.39522922    
  0.399999976       1.41506791    
  0.409999996       1.44267905    
  0.419999987       1.47391725    
  0.429999977       1.50661862    
  0.439999998       1.53945041    
  0.449999988       1.57126069    
  0.459999979       1.60090160    
  0.469999999       1.62726080    
  0.479999989       1.64941156    
  0.489999980       1.66699815    
  0.500000000       1.68133855    
  0.509999990       1.69858098    
  0.519999981       1.71866846    
  0.529999971       1.74050426    
  0.539999962       1.76358938    
  0.550000012       1.78758407    
  0.560000002       1.81221902    
  0.569999993       1.83724451    
  0.579999983       1.86241102    
  0.589999974       1.88746309    
  0.599999964       1.91211855    
  0.610000014       1.93606853    
  0.620000005       1.95897222    
  0.629999995       1.98045516    
  0.639999986       2.00011826    
  0.649999976       2.01756191    
  0.659999967       2.03247333    
  0.669999957       2.04517555    
  0.680000007       2.05836105    
  0.689999998       2.07229924    
  0.699999988       2.08682752    
  0.709999979       2.10184908    
  0.719999969       2.11728787    
  0.729999959       2.13309741    
  0.740000010       2.14922953    
  0.750000000       2.16564703    
  0.759999990       2.18232036    
  0.769999981       2.19922066    
  0.779999971       2.21632409    
  0.789999962       2.23359728    
  0.799999952       2.25102901    
  0.810000002       2.26857948    
  0.819999993       2.28623700    
  0.829999983       2.30397081    
  0.839999974       2.32175469    
  0.849999964       2.33956456    
  0.859999955       2.35736513    
  0.870000005       2.37513065    
  0.879999995       2.39282656    
  0.889999986       2.41041183    
  0.899999976       2.42785168    
  0.909999967       2.44509912    
  0.919999957       2.46210814    
  0.930000007       2.47882032    
  0.939999998       2.49518442    
  0.949999988       2.51112962    
  0.959999979       2.52659035    
  0.969999969       2.54148078    
  0.979999959       2.55571675    
  0.989999950       2.56919718    
   1.00000000       2.58181381    
   1.00999999       2.59379101    
   1.01999998       2.60560656    
   1.02999997       2.61735439    
   1.03999996       2.62907457    
   1.04999995       2.64079261    
   1.05999994       2.65251446    
   1.06999993       2.66425061    
   1.07999992       2.67600751    
   1.09000003       2.68778086    
   1.10000002       2.69957519    
   1.11000001       2.71139169    
   1.12000000       2.72323012    
   1.13000000       2.73509145    
   1.13999999       2.74697423    
   1.14999998       2.75887394    
   1.15999997       2.77079868    
   1.16999996       2.78273773    
   1.17999995       2.79469919    
   1.18999994       2.80667853    
   1.19999993       2.81867528    
   1.20999992       2.83069015    
   1.22000003       2.84271669    
   1.23000002       2.85476232    
   1.24000001       2.86682296    
   1.25000000       2.87889910    
   1.25999999       2.89098954    
   1.26999998       2.90308881    
   1.27999997       2.91520548    
   1.28999996       2.92733192    
   1.29999995       2.93947077    
   1.30999994       2.95161891    
   1.31999993       2.96377897    
   1.32999992       2.97594666    
   1.33999991       2.98812318    
   1.35000002       3.00031185    
   1.36000001       3.01250601    
   1.37000000       3.02470660    
   1.38000000       3.03691673    
   1.38999999       3.04913020    
   1.39999998       3.06134748    
   1.40999997       3.07357574    
   1.41999996       3.08580422    
   1.42999995       3.09803700    
   1.43999994       3.11026859    
   1.44999993       3.12250972    
   1.45999992       3.13474822    
   1.46999991       3.14698744    
   1.48000002       3.15922904    
   1.49000001       3.17146611    
   1.50000000       3.18370247    
   1.50999999       3.19594169    
   1.51999998       3.20817637    
   1.52999997       3.22040534    
   1.53999996       3.23262858    
   1.54999995       3.24484897    
   1.55999994       3.25706506    
   1.56999993       3.26926923    
   1.57999992       3.28146863    
   1.58999991       3.29365826    
   1.59999990       3.30584216    
   1.61000001       3.31801176    
   1.62000000       3.33017135    
   1.63000000       3.34231710    
   1.63999999       3.35445118    
   1.64999998       3.36657143    
   1.65999997       3.37867355    
   1.66999996       3.39076161    
   1.67999995       3.40283084    
   1.68999994       3.41488123    
   1.69999993       3.42691374    
   1.70999992       3.43892288    
   1.71999991       3.45090914    
   1.73000002       3.46287155    
   1.74000001       3.47480989    
   1.75000000       3.48672271    
   1.75999999       3.49860859    
   1.76999998       3.51046395    
   1.77999997       3.52228999    
   1.78999996       3.53408384    
   1.79999995       3.54584527    
   1.80999994       3.55757141    
   1.81999993       3.56926155    
   1.82999992       3.58091187    
   1.83999991       3.59252357    
   1.84999990       3.60409403    
   1.86000001       3.61561728    
   1.87000000       3.62710214    
   1.88000000       3.63853741    
   1.88999999       3.64992380    
   1.89999998       3.66125894    
   1.90999997       3.67253876    
   1.91999996       3.68376875    
   1.92999995       3.69493961    
   1.93999994       3.70605183    
   1.94999993       3.71710229    
   1.95999992       3.72808528    
   1.96999991       3.73900676    
   1.97999990       3.74985790    
   1.99000001       3.76063561    
   2.00000000       3.77134037    
   2.00999999       3.78192949    
   2.01999998       3.79239559    
   2.02999997       3.80277491    
   2.03999996       3.81308055    
   2.04999995       3.82332420    
   2.05999994       3.83351493    
   2.06999993       3.84366035    
   2.07999992       3.85376430    
   2.08999991       3.86383295    
   2.09999990       3.87386584    
   2.10999990       3.88387322    
   2.11999989       3.89385438    
   2.12999988       3.90380812    
   2.13999987       3.91374040    
   2.14999986       3.92365193    
   2.15999985       3.93354416    
   2.16999984       3.94344354    
   2.18000007       3.95327520    
   2.19000006       3.96311593    
   2.20000005       3.97294188    
   2.21000004       3.98275352    
   2.22000003       3.99255204    
   2.23000002       4.00233746    
   2.24000001       4.01211262    
   2.25000000       4.02187920    
   2.25999999       4.03162813    
   2.26999998       4.04137087    
   2.27999997       4.05110359    
   2.28999996       4.06082821    
   2.29999995       4.07049465    
   2.30999994       4.08025122    
   2.31999993       4.08994436    
   2.32999992       4.09963608    
   2.33999991       4.10931683    
   2.34999990       4.11899185    
   2.35999990       4.12866163    
   2.36999989       4.13832283    
   2.37999988       4.14797783    
   2.38999987       4.15762568    
   2.39999986       4.16726923    
   2.40999985       4.17690563    
   2.41999984       4.18653393    
   2.42999983       4.19616508    
   2.44000006       4.20578194    
   2.45000005       4.21539974    
   2.46000004       4.22500944    
   2.47000003       4.23461485    
   2.48000002       4.24421597    
   2.49000001       4.25381374    
   2.50000000       4.26340389    
   2.50999999       4.27299166    
   2.51999998       4.28257322    
   2.52999997       4.29215431    
   2.53999996       4.30173111    
   2.54999995       4.31130505    
   2.55999994       4.32087088    
   2.56999993       4.33043861    
   2.57999992       4.33999395    
   2.58999991       4.34955502    
   2.59999990       4.35910940    
   2.60999990       4.36865997    
   2.61999989       4.37821007    
   2.62999988       4.38775301    
   2.63999987       4.39729595    
   2.64999986       4.40683889    
   2.65999985       4.41636992    
   2.66999984       4.42590475    
   2.67999983       4.43543482    
   2.69000006       4.44496107    
   2.70000005       4.45448589    
   2.71000004       4.46401024    
   2.72000003       4.47353125    
   2.73000002       4.48305416    
   2.74000001       4.49256420    
   2.75000000       4.50207615    
   2.75999999       4.51158571    
   2.76999998       4.52109623    
   2.77999997       4.53060198    
   2.78999996       4.54010630    
   2.79999995       4.54960966    
   2.80999994       4.55910826    
   2.81999993       4.56860781    
   2.82999992       4.57810545    
   2.83999991       4.58759499    
   2.84999990       4.59708691    
   2.85999990       4.60657835    
   2.86999989       4.61606884    
   2.87999988       4.62555408    
   2.88999987       4.63503981    
   2.89999986       4.64452124    
   2.90999985       4.65400028    
   2.91999984       4.66347980    
   2.92999983       4.67296028    
   2.93999982       4.68243694    
   2.95000005       4.69191122    
   2.96000004       4.70138693    
   2.97000003       4.71085596    
   2.98000002       4.72032595    
   2.99000001       4.72978449    
   3.00000000       4.73925877    
   3.00999999       4.74872684    
   3.01999998       4.75818825    
   3.02999997       4.76765156    
   3.03999996       4.77711248    
   3.04999995       4.78657341    
   3.05999994       4.79603195    
   3.06999993       4.80548906    
   3.07999992       4.81494236    
   3.08999991       4.82440090    
   3.09999990       4.83385277    
   3.10999990       4.84330702    
   3.11999989       4.85275459    
   3.12999988       4.86220360    
   3.13999987       4.87165308    
   3.14999986       4.88109875    
   3.15999985       4.89054537    
   3.16999984       4.89998484    
   3.17999983       4.90943432    
   3.18999982       4.91887665    
   3.19999981       4.92831850    
   3.21000004       4.93775702    
   3.22000003       4.94719887    
   3.23000002       4.95663452    
   3.24000001       4.96607351    
   3.25000000       4.97550964    
   3.25999999       4.98494053    
   3.26999998       4.99437428    
   3.27999997       5.00380993    
   3.28999996       5.01324034    
   3.29999995       5.02266836    
   3.30999994       5.03210020    
   3.31999993       5.04152775    
   3.32999992       5.05095720    
   3.33999991       5.06038141    
   3.34999990       5.06980467    
   3.35999990       5.07923174    
   3.36999989       5.08865738    
   3.37999988       5.09807777    
   3.38999987       5.10750246    
   3.39999986       5.11692333    
   3.40999985       5.12634230    
   3.41999984       5.13576031    
   3.42999983       5.14517927    
   3.43999982       5.15459919    
   3.44999981       5.16401434    
   3.46000004       5.17343092    
   3.47000003       5.18284559    
   3.48000002       5.19225740    
   3.49000001       5.20167303    
   3.50000000       5.21108532    
   3.50999999       5.22049665    
