   9.99999978E-03   7.17497081E-04
   1.99999996E-02   1.22234074E-03
   2.99999993E-02   2.15863553E-03
   3.99999991E-02   6.12204149E-03
   4.99999970E-02   1.67631842E-02
   5.99999987E-02   3.57687064E-02
   7.00000003E-02   6.36148751E-02
   7.99999982E-02   9.87437367E-02
   8.99999961E-02  0.140110388    
   9.99999940E-02  0.185159266    
  0.109999999      0.233322486    
  0.119999997      0.282901675    
  0.129999995      0.334410340    
  0.140000001      0.385207504    
  0.149999991      0.436091632    
  0.159999996      0.489317179    
  0.170000002      0.537753880    
  0.179999992      0.586721778    
  0.189999998      0.634683549    
  0.199999988      0.683044136    
  0.209999993      0.724999130    
  0.219999999      0.775363207    
  0.229999989      0.816289783    
  0.239999995      0.854658782    
  0.250000000      0.902836382    
  0.259999990      0.945417404    
  0.269999981      0.977984428    
  0.280000001       1.01233459    
  0.289999992       1.05751777    
  0.299999982       1.10017896    
  0.310000002       1.13409686    
  0.319999993       1.16059256    
  0.329999983       1.18755352    
  0.340000004       1.22500169    
  0.349999994       1.26529908    
  0.359999985       1.30329299    
  0.370000005       1.33625424    
  0.379999995       1.36262774    
  0.389999986       1.38311243    
  0.399999976       1.40288043    
  0.409999996       1.43050730    
  0.419999987       1.46181464    
  0.429999977       1.49460244    
  0.439999998       1.52755213    
  0.449999988       1.55949092    
  0.459999979       1.58925545    
  0.469999999       1.61571205    
  0.479999989       1.63791215    
  0.489999980       1.65548193    
  0.500000000       1.66974890    
  0.509999990       1.68695605    
  0.519999981       1.70704377    
  0.529999971       1.72890198    
  0.539999962       1.75202727    
  0.550000012       1.77607799    
  0.560000002       1.80078602    
  0.569999993       1.82589579    
  0.579999983       1.85116041    
  0.589999974       1.87631655    
  0.599999964       1.90108228    
  0.610000014       1.92514551    
  0.620000005       1.94815803    
  0.629999995       1.96973729    
  0.639999986       1.98947501    
  0.649999976       2.00696611    
  0.659999967       2.02188206    
  0.669999957       2.03455234    
  0.680000007       2.04770827    
  0.689999998       2.06162500    
  0.699999988       2.07614255    
  0.709999979       2.09115362    
  0.719999969       2.10659218    
  0.729999959       2.12240577    
  0.740000010       2.13854384    
  0.750000000       2.15497804    
  0.759999990       2.17166901    
  0.769999981       2.18859291    
  0.779999971       2.20571971    
  0.789999962       2.22302794    
  0.799999952       2.24048996    
  0.810000002       2.25808144    
  0.819999993       2.27578259    
  0.829999983       2.29356217    
  0.839999974       2.31139541    
  0.849999964       2.32925797    
  0.859999955       2.34711528    
  0.870000005       2.36493945    
  0.879999995       2.38269758    
  0.889999986       2.40034580    
  0.899999976       2.41785145    
  0.909999967       2.43516159    
  0.919999957       2.45223451    
  0.930000007       2.46901274    
  0.939999998       2.48543835    
  0.949999988       2.50144243    
  0.959999979       2.51695538    
  0.969999969       2.53189373    
  0.979999959       2.54616928    
  0.989999950       2.55967832    
   1.00000000       2.57230926    
   1.00999999       2.58428860    
   1.01999998       2.59610367    
   1.02999997       2.60784864    
   1.03999996       2.61956763    
   1.04999995       2.63128018    
   1.05999994       2.64299631    
   1.06999993       2.65472984    
   1.07999992       2.66647911    
   1.09000003       2.67825031    
   1.10000002       2.69003677    
   1.11000001       2.70184851    
   1.12000000       2.71368384    
   1.13000000       2.72553945    
   1.13999999       2.73741770    
   1.14999998       2.74931550    
   1.15999997       2.76123524    
   1.16999996       2.77317262    
   1.17999995       2.78513265    
   1.18999994       2.79711080    
   1.19999993       2.80910301    
   1.20999992       2.82111549    
   1.22000003       2.83314419    
   1.23000002       2.84518814    
   1.24000001       2.85724831    
   1.25000000       2.86932755    
   1.25999999       2.88141751    
   1.26999998       2.89351892    
   1.27999997       2.90563655    
   1.28999996       2.91776490    
   1.29999995       2.92990518    
   1.30999994       2.94205546    
   1.31999993       2.95421791    
   1.32999992       2.96638966    
   1.33999991       2.97857261    
   1.35000002       2.99076366    
   1.36000001       3.00296068    
   1.37000000       3.01516747    
   1.38000000       3.02738118    
   1.38999999       3.03960252    
   1.39999998       3.05182624    
   1.40999997       3.06405687    
   1.41999996       3.07629204    
   1.42999995       3.08853126    
   1.43999994       3.10077357    
   1.44999993       3.11301875    
   1.45999992       3.12526631    
   1.46999991       3.13751125    
   1.48000002       3.14976048    
   1.49000001       3.16200852    
   1.50000000       3.17425752    
   1.50999999       3.18650103    
   1.51999998       3.19874454    
   1.52999997       3.21098351    
   1.53999996       3.22321701    
   1.54999995       3.23544908    
   1.55999994       3.24767542    
   1.56999993       3.25989079    
   1.57999992       3.27210236    
   1.58999991       3.28430128    
   1.59999990       3.29649448    
   1.61000001       3.30867767    
   1.62000000       3.32084823    
   1.63000000       3.33300972    
   1.63999999       3.34515381    
   1.64999998       3.35728407    
   1.65999997       3.36940026    
   1.66999996       3.38150072    
   1.67999995       3.39358115    
   1.68999994       3.40564656    
   1.69999993       3.41769052    
   1.70999992       3.42971373    
   1.71999991       3.44171286    
   1.73000002       3.45368791    
   1.74000001       3.46564007    
   1.75000000       3.47756863    
   1.75999999       3.48946667    
   1.76999998       3.50133538    
   1.77999997       3.51317644    
   1.78999996       3.52498674    
   1.79999995       3.53675461    
   1.80999994       3.54849386    
   1.81999993       3.56019568    
   1.82999992       3.57185888    
   1.83999991       3.58348322    
   1.84999990       3.59506488    
   1.86000001       3.60660601    
   1.87000000       3.61810184    
   1.88000000       3.62954640    
   1.88999999       3.64094496    
   1.89999998       3.65229011    
   1.90999997       3.66358542    
   1.91999996       3.67482090    
   1.92999995       3.68600059    
   1.93999994       3.69712019    
   1.94999993       3.70817852    
   1.95999992       3.71917129    
   1.96999991       3.73009753    
   1.97999990       3.74095464    
   1.99000001       3.75173736    
   2.00000000       3.76244926    
   2.00999999       3.77304006    
   2.01999998       3.78350854    
   2.02999997       3.79388690    
   2.03999996       3.80419111    
   2.04999995       3.81443143    
   2.05999994       3.82462025    
   2.06999993       3.83475900    
   2.07999992       3.84486079    
   2.08999991       3.85492325    
   2.09999990       3.86495614    
   2.10999990       3.87495589    
   2.11999989       3.88492942    
   2.12999988       3.89487624    
   2.13999987       3.90480328    
   2.14999986       3.91470695    
   2.15999985       3.92459249    
   2.16999984       3.93445873    
   2.18000007       3.94430733    
   2.19000006       3.95414352    
   2.20000005       3.96395850    
   2.21000004       3.97376204    
   2.22000003       3.98355222    
   2.23000002       3.99333119    
   2.24000001       4.00309801    
   2.25000000       4.01285315    
   2.25999999       4.02259541    
   2.26999998       4.03233004    
   2.27999997       4.04205370    
   2.28999996       4.05176592    
   2.29999995       4.06142378    
   2.30999994       4.07116938    
   2.31999993       4.08085775    
   2.32999992       4.09053469    
   2.33999991       4.10020781    
   2.34999990       4.10987473    
   2.35999990       4.11953259    
   2.36999989       4.12918711    
   2.37999988       4.13883162    
   2.38999987       4.14847136    
   2.39999986       4.15810061    
   2.40999985       4.16772747    
   2.41999984       4.17735243    
   2.42999983       4.18696594    
   2.44000006       4.19657898    
   2.45000005       4.20618296    
   2.46000004       4.21578074    
   2.47000003       4.22534561    
   2.48000002       4.23496914    
   2.49000001       4.24455786    
   2.50000000       4.25414181    
   2.50999999       4.26371670    
   2.51999998       4.27329254    
   2.52999997       4.28285885    
   2.53999996       4.29242373    
   2.54999995       4.30198717    
   2.55999994       4.31154871    
   2.56999993       4.32109976    
   2.57999992       4.33065128    
   2.58999991       4.34020090    
   2.59999990       4.34974527    
   2.60999990       4.35928726    
   2.61999989       4.36882067    
   2.62999988       4.37835932    
   2.63999987       4.38788795    
   2.64999986       4.39741659    
   2.65999985       4.40694523    
   2.66999984       4.41646814    
   2.67999983       4.42598629    
   2.69000006       4.43550348    
   2.70000005       4.44501734    
   2.71000004       4.45453072    
   2.72000003       4.46404123    
   2.73000002       4.47354841    
   2.74000001       4.48305511    
   2.75000000       4.49255562    
   2.75999999       4.50205946    
   2.76999998       4.51155567    
   2.77999997       4.52105141    
   2.78999996       4.53054380    
   2.79999995       4.54003906    
   2.80999994       4.54952574    
   2.81999993       4.55901718    
   2.82999992       4.56850052    
   2.83999991       4.57798243    
   2.84999990       4.58746576    
   2.85999990       4.59694433    
   2.86999989       4.60641861    
   2.87999988       4.61589384    
   2.88999987       4.62537336    
   2.89999986       4.63484526    
   2.90999985       4.64431810    
   2.91999984       4.65378475    
   2.92999983       4.66325521    
   2.93999982       4.67271900    
   2.95000005       4.68218279    
   2.96000004       4.69164610    
   2.97000003       4.70110655    
   2.98000002       4.71056652    
   2.99000001       4.72001457    
   3.00000000       4.72948027    
   3.00999999       4.73893595    
   3.01999998       4.74838972    
   3.02999997       4.75784159    
   3.03999996       4.76729202    
   3.04999995       4.77674150    
   3.05999994       4.78619242    
   3.06999993       4.79563522    
   3.07999992       4.80508375    
   3.08999991       4.81452608    
   3.09999990       4.82397079    
   3.10999990       4.83341217    
   3.11999989       4.84285259    
   3.12999988       4.85228968    
   3.13999987       4.86173010    
   3.14999986       4.87116385    
   3.15999985       4.88060331    
   3.16999984       4.89003515    
   3.17999983       4.89947176    
   3.18999982       4.90889883    
   3.19999981       4.91833162    
   3.21000004       4.92776251    
   3.22000003       4.93719196    
   3.23000002       4.94661999    
   3.24000001       4.95604420    
   3.25000000       4.96547031    
   3.25999999       4.97489548    
   3.26999998       4.98431778    
   3.27999997       4.99374247    
   3.28999996       5.00316238    
   3.29999995       5.01258135    
   3.30999994       5.02199984    
   3.31999993       5.03141832    
   3.32999992       5.04084015    
   3.33999991       5.05025578    
   3.34999990       5.05966949    
   3.35999990       5.06908512    
   3.36999989       5.07849646    
   3.37999988       5.08790874    
   3.38999987       5.09732246    
   3.39999986       5.10673332    
   3.40999985       5.11614227    
   3.41999984       5.12555170    
   3.42999983       5.13495827    
   3.43999982       5.14436817    
   3.44999981       5.15377283    
   3.46000004       5.16317892    
   3.47000003       5.17258596    
   3.48000002       5.18198729    
   3.49000001       5.19139385    
   3.50000000       5.20079279    
   3.50999999       5.21019268    
