   9.99999978E-03   7.16986309E-04
   1.99999996E-02   1.21935178E-03
   2.99999993E-02   2.10560625E-03
   3.99999991E-02   5.79452887E-03
   4.99999970E-02   1.58351995E-02
   5.99999987E-02   3.39707024E-02
   7.00000003E-02   6.07885718E-02
   7.99999982E-02   9.48280469E-02
   8.99999961E-02  0.135118067    
   9.99999940E-02  0.179166615    
  0.109999999      0.226465419    
  0.119999997      0.275204331    
  0.129999995      0.325981498    
  0.140000001      0.376164049    
  0.149999991      0.426543921    
  0.159999996      0.479301900    
  0.170000002      0.527288675    
  0.179999992      0.575986087    
  0.189999998      0.623596430    
  0.199999988      0.671784103    
  0.209999993      0.713467062    
  0.219999999      0.763705790    
  0.229999989      0.804506421    
  0.239999995      0.842695534    
  0.250000000      0.890822470    
  0.259999990      0.933387518    
  0.269999981      0.965849459    
  0.280000001       1.00009465    
  0.289999992       1.04530108    
  0.299999982       1.08802056    
  0.310000002       1.12194920    
  0.319999993       1.14837599    
  0.329999983       1.17525828    
  0.340000004       1.21273971    
  0.349999994       1.25312638    
  0.359999985       1.29122448    
  0.370000005       1.32427239    
  0.379999995       1.35066664    
  0.389999986       1.37109613    
  0.399999976       1.39079094    
  0.409999996       1.41842973    
  0.419999987       1.44979656    
  0.429999977       1.48267508    
  0.439999998       1.51574063    
  0.449999988       1.54780400    
  0.459999979       1.57768977    
  0.469999999       1.60424376    
  0.479999989       1.62648988    
  0.489999980       1.64404094    
  0.500000000       1.65823567    
  0.509999990       1.67540705    
  0.519999981       1.69549155    
  0.529999971       1.71737051    
  0.539999962       1.74053276    
  0.550000012       1.76464152    
  0.560000002       1.78941643    
  0.569999993       1.81461024    
  0.579999983       1.83996952    
  0.589999974       1.86522901    
  0.599999964       1.89010501    
  0.610000014       1.91427875    
  0.620000005       1.93739843    
  0.629999995       1.95907235    
  0.639999986       1.97888780    
  0.649999976       1.99642372    
  0.659999967       2.01134372    
  0.669999957       2.02397943    
  0.680000007       2.03710485    
  0.689999998       2.05100298    
  0.699999988       2.06550479    
  0.709999979       2.08050776    
  0.719999969       2.09594703    
  0.729999959       2.11176181    
  0.740000010       2.12790823    
  0.750000000       2.14435577    
  0.759999990       2.16106462    
  0.769999981       2.17800903    
  0.779999971       2.19516230    
  0.789999962       2.21250010    
  0.799999952       2.22999859    
  0.810000002       2.24762797    
  0.819999993       2.26536679    
  0.829999983       2.28319120    
  0.839999974       2.30107617    
  0.849999964       2.31898975    
  0.859999955       2.33690596    
  0.870000005       2.35478640    
  0.879999995       2.37260389    
  0.889999986       2.39031506    
  0.899999976       2.40788364    
  0.909999967       2.42526031    
  0.919999957       2.44239974    
  0.930000007       2.45923853    
  0.939999998       2.47572637    
  0.949999988       2.49178982    
  0.959999979       2.50735760    
  0.969999969       2.52234316    
  0.979999959       2.53665662    
  0.989999950       2.55019379    
   1.00000000       2.56284022    
   1.00999999       2.57482433    
   1.01999998       2.58663535    
   1.02999997       2.59837699    
   1.03999996       2.61009192    
   1.04999995       2.62179756    
   1.05999994       2.63351202    
   1.06999993       2.64523888    
   1.07999992       2.65698123    
   1.09000003       2.66874456    
   1.10000002       2.68053198    
   1.11000001       2.69233656    
   1.12000000       2.70416927    
   1.13000000       2.71601725    
   1.13999999       2.72789049    
   1.14999998       2.73978782    
   1.15999997       2.75170422    
   1.16999996       2.76363897    
   1.17999995       2.77559566    
   1.18999994       2.78756881    
   1.19999993       2.79956222    
   1.20999992       2.81157374    
   1.22000003       2.82360196    
   1.23000002       2.83563757    
   1.24000001       2.84770489    
   1.25000000       2.85978222    
   1.25999999       2.87186956    
   1.26999998       2.88397360    
   1.27999997       2.89609218    
   1.28999996       2.90822244    
   1.29999995       2.92036700    
   1.30999994       2.93252015    
   1.31999993       2.94468379    
   1.32999992       2.95685887    
   1.33999991       2.96904302    
   1.35000002       2.98124123    
   1.36000001       2.99344134    
   1.37000000       3.00565267    
   1.38000000       3.01786852    
   1.38999999       3.03009510    
   1.39999998       3.04232574    
   1.40999997       3.05456471    
   1.41999996       3.06680298    
   1.42999995       3.07904959    
   1.43999994       3.09130001    
   1.44999993       3.10355186    
   1.45999992       3.11580420    
   1.46999991       3.12805915    
   1.48000002       3.14031863    
   1.49000001       3.15257573    
   1.50000000       3.16482806    
   1.50999999       3.17708421    
   1.51999998       3.18933749    
   1.52999997       3.20158195    
   1.53999996       3.21382952    
   1.54999995       3.22606826    
   1.55999994       3.23830318    
   1.56999993       3.25053191    
   1.57999992       3.26275206    
   1.58999991       3.27496767    
   1.59999990       3.28716826    
   1.61000001       3.29936576    
   1.62000000       3.31154609    
   1.63000000       3.32371688    
   1.63999999       3.33587646    
   1.64999998       3.34802055    
   1.65999997       3.36014676    
   1.66999996       3.37225842    
   1.67999995       3.38435388    
   1.68999994       3.39642906    
   1.69999993       3.40848637    
   1.70999992       3.42052388    
   1.71999991       3.43253613    
   1.73000002       3.44452524    
   1.74000001       3.45649028    
   1.75000000       3.46842980    
   1.75999999       3.48033595    
   1.76999998       3.49222255    
   1.77999997       3.50407577    
   1.78999996       3.51589513    
   1.79999995       3.52768350    
   1.80999994       3.53943539    
   1.81999993       3.55115151    
   1.82999992       3.56282783    
   1.83999991       3.57446384    
   1.84999990       3.58605981    
   1.86000001       3.59760785    
   1.87000000       3.60911584    
   1.88000000       3.62057161    
   1.88999999       3.63197923    
   1.89999998       3.64333749    
   1.90999997       3.65463972    
   1.91999996       3.66588855    
   1.92999995       3.67707634    
   1.93999994       3.68820596    
   1.94999993       3.69927192    
   1.95999992       3.71027517    
   1.96999991       3.72120714    
   1.97999990       3.73206854    
   1.99000001       3.74285936    
   2.00000000       3.75357318    
   2.00999999       3.76416874    
   2.01999998       3.77463746    
   2.02999997       3.78501439    
   2.03999996       3.79531717    
   2.04999995       3.80555749    
   2.05999994       3.81574202    
   2.06999993       3.82588100    
   2.07999992       3.83597565    
   2.08999991       3.84603405    
   2.09999990       3.85605907    
   2.10999990       3.86605287    
   2.11999989       3.87602115    
   2.12999988       3.88596368    
   2.13999987       3.89588332    
   2.14999986       3.90577841    
   2.15999985       3.91565681    
   2.16999984       3.92551661    
   2.18000007       3.93535876    
   2.19000006       3.94518399    
   2.20000005       3.95499396    
   2.21000004       3.96478963    
   2.22000003       3.97457194    
   2.23000002       3.98434138    
   2.24000001       3.99409962    
   2.25000000       4.00384378    
   2.25999999       4.01357889    
   2.26999998       4.02330351    
   2.27999997       4.03301907    
   2.28999996       4.04272318    
   2.29999995       4.05241823    
   2.30999994       4.06210756    
   2.31999993       4.07178545    
   2.32999992       4.08145523    
   2.33999991       4.09111691    
   2.34999990       4.10077477    
   2.35999990       4.11042595    
   2.36999989       4.12006712    
   2.37999988       4.12970209    
   2.38999987       4.13933086    
   2.39999986       4.14895535    
   2.40999985       4.15857172    
   2.41999984       4.16818333    
   2.42999983       4.17779160    
   2.44000006       4.18739367    
   2.45000005       4.19698429    
   2.46000004       4.20657730    
   2.47000003       4.21616411    
   2.48000002       4.22574329    
   2.49000001       4.23531961    
   2.50000000       4.24489307    
   2.50999999       4.25446033    
   2.51999998       4.26402426    
   2.52999997       4.27358246    
   2.53999996       4.28313780    
   2.54999995       4.29269075    
   2.55999994       4.30223751    
   2.56999993       4.31178379    
   2.57999992       4.32132387    
   2.58999991       4.33085918    
   2.59999990       4.34039354    
   2.60999990       4.34992695    
   2.61999989       4.35945272    
   2.62999988       4.36897945    
   2.63999987       4.37849808    
   2.64999986       4.38801956    
   2.65999985       4.39753437    
   2.66999984       4.40704966    
   2.67999983       4.41655636    
   2.69000006       4.42606592    
   2.70000005       4.43556833    
   2.71000004       4.44507217    
   2.72000003       4.45457029    
   2.73000002       4.46406937    
   2.74000001       4.47356558    
   2.75000000       4.48305798    
   2.75999999       4.49254465    
   2.76999998       4.50203180    
   2.77999997       4.51151943    
   2.78999996       4.52100325    
   2.79999995       4.53048325    
   2.80999994       4.53996563    
   2.81999993       4.54943800    
   2.82999992       4.55891275    
   2.83999991       4.56838989    
   2.84999990       4.57785797    
   2.85999990       4.58733225    
   2.86999989       4.59679461    
   2.87999988       4.60626507    
   2.88999987       4.61572790    
   2.89999986       4.62519026    
   2.90999985       4.63465166    
   2.91999984       4.64410973    
   2.92999983       4.65356779    
   2.93999982       4.66302347    
   2.95000005       4.67247581    
   2.96000004       4.68192816    
   2.97000003       4.69137764    
   2.98000002       4.70082951    
   2.99000001       4.71026564    
   3.00000000       4.71972084    
   3.00999999       4.72916603    
   3.01999998       4.73861122    
   3.02999997       4.74805212    
   3.03999996       4.75749207    
   3.04999995       4.76693439    
   3.05999994       4.77636766    
   3.06999993       4.78580332    
   3.07999992       4.79524040    
   3.08999991       4.80467081    
   3.09999990       4.81410789    
   3.10999990       4.82354116    
   3.11999989       4.83296871    
   3.12999988       4.84239912    
   3.13999987       4.85182714    
   3.14999986       4.86125326    
   3.15999985       4.87067413    
   3.16999984       4.88010073    
   3.17999983       4.88952208    
   3.18999982       4.89894629    
   3.19999981       4.90836811    
   3.21000004       4.91778851    
   3.22000003       4.92720222    
   3.23000002       4.93662024    
   3.24000001       4.94603729    
   3.25000000       4.95545101    
   3.25999999       4.96486855    
   3.26999998       4.97428131    
   3.27999997       4.98369360    
   3.28999996       4.99310064    
   3.29999995       5.00251532    
   3.30999994       5.01192236    
   3.31999993       5.02133226    
   3.32999992       5.03073645    
   3.33999991       5.04014587    
   3.34999990       5.04955196    
   3.35999990       5.05895233    
   3.36999989       5.06835985    
   3.37999988       5.07775927    
   3.38999987       5.08716106    
   3.39999986       5.09656382    
   3.40999985       5.10596323    
   3.41999984       5.11535788    
   3.42999983       5.12476063    
   3.43999982       5.13415480    
   3.44999981       5.14355373    
   3.46000004       5.15294886    
   3.47000003       5.16234159    
   3.48000002       5.17173672    
   3.49000001       5.18112898    
   3.50000000       5.19052124    
   3.50999999       5.19990969    
