   9.99999978E-03   7.25000456E-04
   1.99999996E-02   1.25012698E-03
   2.99999993E-02   2.74093985E-03
   3.99999991E-02   9.34848748E-03
   4.99999970E-02   2.52848268E-02
   5.99999987E-02   5.15358299E-02
   7.00000003E-02   8.76202583E-02
   7.99999982E-02  0.131150380    
   8.99999961E-02  0.180602789    
   9.99999940E-02  0.233040318    
  0.109999999      0.287461609    
  0.119999997      0.343049735    
  0.129999995      0.399684131    
  0.140000001      0.454735070    
  0.149999991      0.509036839    
  0.159999996      0.565349042    
  0.170000002      0.616807222    
  0.179999992      0.667509854    
  0.189999998      0.717732251    
  0.199999988      0.767148495    
  0.209999993      0.810845733    
  0.219999999      0.861867368    
  0.229999989      0.903541505    
  0.239999995      0.943013728    
  0.250000000      0.991293371    
  0.259999990       1.03388178    
  0.269999981       1.06708896    
  0.280000001       1.10201490    
  0.289999992       1.14683020    
  0.299999982       1.18893921    
  0.310000002       1.22269571    
  0.319999993       1.24961138    
  0.329999983       1.27699554    
  0.340000004       1.31407118    
  0.349999994       1.35360074    
  0.359999985       1.39073658    
  0.370000005       1.42303348    
  0.379999995       1.44920218    
  0.389999986       1.47003448    
  0.399999976       1.49025297    
  0.409999996       1.51769316    
  0.419999987       1.54847956    
  0.429999977       1.58053660    
  0.439999998       1.61259675    
  0.449999988       1.64357913    
  0.459999979       1.67243695    
  0.469999999       1.69818270    
  0.479999989       1.72002041    
  0.489999980       1.73769176    
  0.500000000       1.75243115    
  0.509999990       1.76984859    
  0.519999981       1.78990436    
  0.529999971       1.81157124    
  0.539999962       1.83437192    
  0.550000012       1.85798490    
  0.560000002       1.88214743    
  0.569999993       1.90662253    
  0.579999983       1.93117583    
  0.589999974       1.95556104    
  0.599999964       1.97952139    
  0.610000014       2.00277352    
  0.620000005       2.02501202    
  0.629999995       2.04590416    
  0.639999986       2.06510019    
  0.649999976       2.08226490    
  0.659999967       2.09713030    
  0.669999957       2.11002278    
  0.680000007       2.12336493    
  0.689999998       2.13741183    
  0.699999988       2.15200019    
  0.709999979       2.16704512    
  0.719999969       2.18247557    
  0.729999959       2.19824123    
  0.740000010       2.21430326    
  0.750000000       2.23062229    
  0.759999990       2.24716902    
  0.769999981       2.26391506    
  0.779999971       2.28083777    
  0.789999962       2.29790902    
  0.799999952       2.31510830    
  0.810000002       2.33240962    
  0.819999993       2.34979177    
  0.829999983       2.36723089    
  0.839999974       2.38469911    
  0.849999964       2.40217566    
  0.859999955       2.41962814    
  0.870000005       2.43702245    
  0.879999995       2.45434308    
  0.889999986       2.47154284    
  0.899999976       2.48858809    
  0.909999967       2.50543332    
  0.919999957       2.52204752    
  0.930000007       2.53837395    
  0.939999998       2.55436063    
  0.949999988       2.56995368    
  0.959999979       2.58508801    
  0.969999969       2.59969163    
  0.979999959       2.61369181    
  0.989999950       2.62700224    
   1.00000000       2.63953042    
   1.00999999       2.65148807    
   1.01999998       2.66330385    
   1.02999997       2.67506671    
   1.03999996       2.68680644    
   1.04999995       2.69854903    
   1.05999994       2.71030021    
   1.06999993       2.72206235    
   1.07999992       2.73384404    
   1.09000003       2.74564314    
   1.10000002       2.75746393    
   1.11000001       2.76930451    
   1.12000000       2.78116322    
   1.13000000       2.79304218    
   1.13999999       2.80494189    
   1.14999998       2.81685758    
   1.15999997       2.82879400    
   1.16999996       2.84074759    
   1.17999995       2.85264158    
   1.18999994       2.86470079    
   1.19999993       2.87670159    
   1.20999992       2.88871670    
   1.22000003       2.90074372    
   1.23000002       2.91278648    
   1.24000001       2.92484522    
   1.25000000       2.93690848    
   1.25999999       2.94899106    
   1.26999998       2.96107769    
   1.27999997       2.97318006    
   1.28999996       2.98528862    
   1.29999995       2.99740958    
   1.30999994       3.00953817    
   1.31999993       3.02167583    
   1.32999992       3.03381610    
   1.33999991       3.04596782    
   1.35000002       3.05812240    
   1.36000001       3.07028627    
   1.37000000       3.08245325    
   1.38000000       3.09462571    
   1.38999999       3.10680342    
   1.39999998       3.11898279    
   1.40999997       3.13116527    
   1.41999996       3.14335060    
   1.42999995       3.15553617    
   1.43999994       3.16772366    
   1.44999993       3.17991042    
   1.45999992       3.19209981    
   1.46999991       3.20428872    
   1.48000002       3.21647239    
   1.49000001       3.22865558    
   1.50000000       3.24083281    
   1.50999999       3.25301194    
   1.51999998       3.26518250    
   1.52999997       3.27734995    
   1.53999996       3.28951049    
   1.54999995       3.30166316    
   1.55999994       3.31380200    
   1.56999993       3.32594752    
   1.57999992       3.33807683    
   1.58999991       3.35019660    
   1.59999990       3.36230373    
   1.61000001       3.37440252    
   1.62000000       3.38648510    
   1.63000000       3.39855719    
   1.63999999       3.41061401    
   1.64999998       3.42265630    
   1.65999997       3.43467975    
   1.66999996       3.44668674    
   1.67999995       3.45867491    
   1.68999994       3.47064471    
   1.69999993       3.48259711    
   1.70999992       3.49452543    
   1.71999991       3.50643110    
   1.73000002       3.51831198    
   1.74000001       3.53016949    
   1.75000000       3.54199934    
   1.75999999       3.55380464    
   1.76999998       3.56557918    
   1.77999997       3.57732320    
   1.78999996       3.58903623    
   1.79999995       3.60071588    
   1.80999994       3.61236453    
   1.81999993       3.62397122    
   1.82999992       3.63554859    
   1.83999991       3.64708686    
   1.84999990       3.65858340    
   1.86000001       3.67003465    
   1.87000000       3.68144727    
   1.88000000       3.69281244    
   1.88999999       3.70413375    
   1.89999998       3.71540451    
   1.90999997       3.72662377    
   1.91999996       3.73779535    
   1.92999995       3.74890828    
   1.93999994       3.75996900    
   1.94999993       3.77096963    
   1.95999992       3.78191090    
   1.96999991       3.79279017    
   1.97999990       3.80360389    
   1.99000001       3.81435132    
   2.00000000       3.82503200    
   2.00999999       3.83560228    
   2.01999998       3.84606409    
   2.02999997       3.85644579    
   2.03999996       3.86675906    
   2.04999995       3.87701607    
   2.05999994       3.88722587    
   2.06999993       3.89739275    
   2.07999992       3.90752268    
   2.08999991       3.91761947    
   2.09999990       3.92768908    
   2.10999990       3.93773031    
   2.11999989       3.94774675    
   2.12999988       3.95773840    
   2.13999987       3.96771336    
   2.14999986       3.97766709    
   2.15999985       3.98760295    
   2.16999984       3.99752045    
   2.18000007       4.00742722    
   2.19000006       4.01731443    
   2.20000005       4.02718973    
   2.21000004       4.03705025    
   2.22000003       4.04690123    
   2.23000002       4.05673790    
   2.24000001       4.06656790    
   2.25000000       4.07638168    
   2.25999999       4.08618879    
   2.26999998       4.09598589    
   2.27999997       4.10577154    
   2.28999996       4.11555052    
   2.29999995       4.12531996    
   2.30999994       4.13508463    
   2.31999993       4.14483500    
   2.32999992       4.15458584    
   2.33999991       4.16432238    
   2.34999990       4.16393852    
   2.35999990       4.18378448    
   2.36999989       4.19350529    
   2.37999988       4.20321226    
   2.38999987       4.21292496    
   2.39999986       4.22262621    
   2.40999985       4.23231888    
   2.41999984       4.24201107    
   2.42999983       4.25169849    
   2.44000006       4.26137877    
   2.45000005       4.27105379    
   2.46000004       4.28072309    
   2.47000003       4.29039049    
   2.48000002       4.30004883    
   2.49000001       4.30971146    
   2.50000000       4.31936264    
   2.50999999       4.32901001    
   2.51999998       4.33865643    
   2.52999997       4.34829807    
   2.53999996       4.35793018    
   2.54999995       4.36756754    
   2.55999994       4.37719631    
   2.56999993       4.38682032    
   2.57999992       4.39644480    
   2.58999991       4.40606689    
   2.59999990       4.41567898    
   2.60999990       4.42529106    
   2.61999989       4.43490028    
   2.62999988       4.44451046    
   2.63999987       4.45411253    
   2.64999986       4.46371174    
   2.65999985       4.47331476    
   2.66999984       4.48290968    
   2.67999983       4.49250174    
   2.69000006       4.50209475    
   2.70000005       4.51167631    
   2.71000004       4.52126551    
   2.72000003       4.53084517    
   2.73000002       4.54042482    
   2.74000001       4.55000544    
   2.75000000       4.55957651    
   2.75999999       4.56914902    
   2.76999998       4.57871962    
   2.77999997       4.58829069    
   2.78999996       4.59785414    
   2.79999995       4.60741901    
   2.80999994       4.61698103    
   2.81999993       4.62654305    
   2.82999992       4.63610172    
   2.83999991       4.64565659    
   2.84999990       4.65520859    
   2.85999990       4.66476202    
   2.86999989       4.67431116    
   2.87999988       4.68386269    
   2.88999987       4.69340611    
   2.89999986       4.70295334    
   2.90999985       4.71249771    
   2.91999984       4.72203779    
   2.92999983       4.73157835    
   2.93999982       4.74111843    
   2.95000005       4.75065517    
   2.96000004       4.76018810    
   2.97000003       4.76972151    
   2.98000002       4.77925396    
   2.99000001       4.78878307    
   3.00000000       4.79831600    
   3.00999999       4.80784082    
   3.01999998       4.81736946    
   3.02999997       4.82688856    
   3.03999996       4.83641815    
   3.04999995       4.84593773    
   3.05999994       4.85545826    
   3.06999993       4.86497593    
   3.07999992       4.87449312    
   3.08999991       4.88401222    
   3.09999990       4.89352703    
   3.10999990       4.90303898    
   3.11999989       4.91255665    
   3.12999988       4.92206287    
   3.13999987       4.93157053    
   3.14999986       4.94108772    
   3.15999985       4.95059109    
   3.16999984       4.96009970    
   3.17999983       4.96960402    
   3.18999982       4.97910690    
   3.19999981       4.98860884    
   3.21000004       4.99811268    
   3.22000003       5.00761604    
   3.23000002       5.01711512    
   3.24000001       5.02661371    
   3.25000000       5.03610897    
   3.25999999       5.04560804    
   3.26999998       5.05510283    
   3.27999997       5.06459856    
   3.28999996       5.07409239    
   3.29999995       5.08358240    
   3.30999994       5.09307528    
   3.31999993       5.10256433    
   3.32999992       5.11205196    
   3.33999991       5.12154245    
   3.34999990       5.13102722    
   3.35999990       5.14051628    
   3.36999989       5.15000248    
   3.37999988       5.15948725    
   3.38999987       5.16897106    
   3.39999986       5.17845297    
   3.40999985       5.18793917    
   3.41999984       5.19741440    
   3.42999983       5.20689297    
   3.43999982       5.21637583    
   3.44999981       5.22585583    
   3.46000004       5.23532724    
   3.47000003       5.24480534    
   3.48000002       5.25428438    
   3.49000001       5.26375818    
   3.50000000       5.27323103    
   3.50999999       5.28270483    
