   9.99999978E-03   7.30075582E-04
   1.99999996E-02   1.27001095E-03
   2.99999993E-02   3.17695737E-03
   3.99999991E-02   1.14093199E-02
   4.99999970E-02   3.03164423E-02
   5.99999987E-02   6.03738390E-02
   7.00000003E-02  0.100574113    
   7.99999982E-02  0.148140818    
   8.99999961E-02  0.201336354    
   9.99999940E-02  0.257129192    
  0.109999999      0.314313740    
  0.119999997      0.372520208    
  0.129999995      0.431324244    
  0.140000001      0.488146126    
  0.149999991      0.543831408    
  0.159999996      0.601343751    
  0.170000002      0.654001653    
  0.179999992      0.705632567    
  0.189999998      0.756414652    
  0.199999988      0.806178629    
  0.209999993      0.850526512    
  0.219999999      0.901655018    
  0.229999989      0.943615735    
  0.239999995      0.983461261    
  0.250000000       1.03165126    
  0.259999990       1.07417011    
  0.269999981       1.10759199    
  0.280000001       1.14267397    
  0.289999992       1.18721509    
  0.299999982       1.22900712    
  0.310000002       1.26264572    
  0.319999993       1.28970075    
  0.329999983       1.31722856    
  0.340000004       1.35403109    
  0.349999994       1.39315116    
  0.359999985       1.42985642    
  0.370000005       1.46182287    
  0.379999995       1.48787713    
  0.389999986       1.50882959    
  0.399999976       1.52920175    
  0.409999996       1.55651033    
  0.419999987       1.58702016    
  0.429999977       1.61870396    
  0.439999998       1.65033352    
  0.449999988       1.68086386    
  0.459999979       1.70930338    
  0.469999999       1.73471940    
  0.479999989       1.75638831    
  0.489999980       1.77408814    
  0.500000000       1.78900731    
  0.509999990       1.80649006    
  0.519999981       1.82650447    
  0.529999971       1.84806001    
  0.539999962       1.87069094    
  0.550000012       1.89408422    
  0.560000002       1.91798496    
  0.569999993       1.94215679    
  0.579999983       1.96637678    
  0.589999974       1.99040985    
  0.599999964       2.01400471    
  0.610000014       2.03689528    
  0.620000005       2.05878925    
  0.629999995       2.07937717    
  0.639999986       2.09833455    
  0.649999976       2.11535072    
  0.659999967       2.13019133    
  0.669999957       2.14316440    
  0.680000007       2.15657640    
  0.689999998       2.17066169    
  0.699999988       2.18527198    
  0.709999979       2.20031834    
  0.719999969       2.21573019    
  0.729999959       2.23146439    
  0.740000010       2.24747753    
  0.750000000       2.26373267    
  0.759999990       2.28020453    
  0.769999981       2.29686213    
  0.779999971       2.31368041    
  0.789999962       2.33063960    
  0.799999952       2.34771109    
  0.810000002       2.36487317    
  0.819999993       2.38210917    
  0.829999983       2.39939022    
  0.839999974       2.41669011    
  0.849999964       2.43398690    
  0.859999955       2.45125413    
  0.870000005       2.46846557    
  0.879999995       2.48558545    
  0.889999986       2.50258398    
  0.899999976       2.51942372    
  0.909999967       2.53607130    
  0.919999957       2.55248237    
  0.930000007       2.56861115    
  0.939999998       2.58440876    
  0.949999988       2.59982347    
  0.959999979       2.61479330    
  0.969999969       2.62925744    
  0.979999959       2.64313674    
  0.989999950       2.65636373    
   1.00000000       2.66884613    
   1.00999999       2.68079114    
   1.01999998       2.69260645    
   1.02999997       2.70437360    
   1.03999996       2.71612191    
   1.04999995       2.72787380    
   1.05999994       2.73963618    
   1.06999993       2.75140882    
   1.07999992       2.76319790    
   1.09000003       2.77500606    
   1.10000002       2.78683639    
   1.11000001       2.79868484    
   1.12000000       2.81055260    
   1.13000000       2.82243657    
   1.13999999       2.83434033    
   1.14999998       2.84626341    
   1.15999997       2.85820174    
   1.16999996       2.87015796    
   1.17999995       2.88212299    
   1.18999994       2.89410949    
   1.19999993       2.90610695    
   1.20999992       2.91811991    
   1.22000003       2.93014550    
   1.23000002       2.94218063    
   1.24000001       2.95423269    
   1.25000000       2.96629167    
   1.25999999       2.97836232    
   1.26999998       2.99044323    
   1.27999997       3.00253057    
   1.28999996       3.01462841    
   1.29999995       3.02673602    
   1.30999994       3.03884768    
   1.31999993       3.05096817    
   1.32999992       3.06309819    
   1.33999991       3.07522798    
   1.35000002       3.08736753    
   1.36000001       3.09950876    
   1.37000000       3.11165500    
   1.38000000       3.12380648    
   1.38999999       3.13596177    
   1.39999998       3.14811778    
   1.40999997       3.16027570    
   1.41999996       3.17243600    
   1.42999995       3.18459487    
   1.43999994       3.19675684    
   1.44999993       3.20891476    
   1.45999992       3.22107339    
   1.46999991       3.23322940    
   1.48000002       3.24538541    
   1.49000001       3.25753403    
   1.50000000       3.26968336    
   1.50999999       3.28182602    
   1.51999998       3.29396415    
   1.52999997       3.30609679    
   1.53999996       3.31822085    
   1.54999995       3.33034015    
   1.55999994       3.34244823    
   1.56999993       3.35454965    
   1.57999992       3.36664152    
   1.58999991       3.37872148    
   1.59999990       3.39079189    
   1.61000001       3.40284634    
   1.62000000       3.41489363    
   1.63000000       3.42692327    
   1.63999999       3.43893981    
   1.64999998       3.45093870    
   1.65999997       3.46292377    
   1.66999996       3.47488904    
   1.67999995       3.48683882    
   1.68999994       3.49876547    
   1.69999993       3.51067281    
   1.70999992       3.52255797    
   1.71999991       3.53442097    
   1.73000002       3.54626131    
   1.74000001       3.55807304    
   1.75000000       3.56986380    
   1.75999999       3.58162308    
   1.76999998       3.59335804    
   1.77999997       3.60505986    
   1.78999996       3.61673379    
   1.79999995       3.62837172    
   1.80999994       3.63997889    
   1.81999993       3.65155101    
   1.82999992       3.66308570    
   1.83999991       3.67458367    
   1.84999990       3.68604255    
   1.86000001       3.69745946    
   1.87000000       3.70883441    
   1.88000000       3.72016692    
   1.88999999       3.73145223    
   1.89999998       3.74269009    
   1.90999997       3.75388026    
   1.91999996       3.76502204    
   1.92999995       3.77610970    
   1.93999994       3.78714252    
   1.94999993       3.79812169    
   1.95999992       3.80903959    
   1.96999991       3.81989789    
   1.97999990       3.83069825    
   1.99000001       3.84142947    
   2.00000000       3.85209537    
   2.00999999       3.86266017    
   2.01999998       3.87311792    
   2.02999997       3.88350177    
   2.03999996       3.89381671    
   2.04999995       3.90408397    
   2.05999994       3.91430378    
   2.06999993       3.92448187    
   2.07999992       3.93462873    
   2.08999991       3.94474196    
   2.09999990       3.95482635    
   2.10999990       3.96488285    
   2.11999989       3.97491908    
   2.12999988       3.98493147    
   2.13999987       3.99492550    
   2.14999986       4.00490189    
   2.15999985       4.01486015    
   2.16999984       4.02480078    
   2.18000007       4.03472948    
   2.19000006       4.04464293    
   2.20000005       4.05454350    
   2.21000004       4.06442881    
   2.22000003       4.07430267    
   2.23000002       4.08417082    
   2.24000001       4.09402370    
   2.25000000       4.10386562    
   2.25999999       4.11370230    
   2.26999998       4.12352467    
   2.27999997       4.13333607    
   2.28999996       4.14314508    
   2.29999995       4.15294361    
   2.30999994       4.16273403    
   2.31999993       4.17251778    
   2.32999992       4.18229342    
   2.33999991       4.19205999    
   2.34999990       4.20182085    
   2.35999990       4.21157598    
   2.36999989       4.22132683    
   2.37999988       4.23106766    
   2.38999987       4.24080849    
   2.39999986       4.25053930    
   2.40999985       4.26026535    
   2.41999984       4.26998663    
   2.42999983       4.27970266    
   2.44000006       4.28941345    
   2.45000005       4.29912043    
   2.46000004       4.30882311    
   2.47000003       4.31851959    
   2.48000002       4.32820892    
   2.49000001       4.33789682    
   2.50000000       4.34757710    
   2.50999999       4.35726261    
   2.51999998       4.36693859    
   2.52999997       4.37660646    
   2.53999996       4.38627243    
   2.54999995       4.39593744    
   2.55999994       4.40560055    
   2.56999993       4.41525602    
   2.57999992       4.42491198    
   2.58999991       4.43456173    
   2.59999990       4.44420576    
   2.60999990       4.45385361    
   2.61999989       4.46348953    
   2.62999988       4.47312880    
   2.63999987       4.48276711    
   2.64999986       4.49239683    
   2.65999985       4.50202751    
   2.66999984       4.51165295    
   2.67999983       4.52127504    
   2.69000006       4.53089666    
   2.70000005       4.54051685    
   2.71000004       4.55013466    
   2.72000003       4.55974722    
   2.73000002       4.56935596    
   2.74000001       4.57896614    
   2.75000000       4.58856964    
   2.75999999       4.59817553    
   2.76999998       4.60777378    
   2.77999997       4.61737919    
   2.78999996       4.62697506    
   2.79999995       4.63656855    
   2.80999994       4.64616156    
   2.81999993       4.65575314    
   2.82999992       4.66534376    
   2.83999991       4.67493296    
   2.84999990       4.68451500    
   2.85999990       4.69409990    
   2.86999989       4.70368242    
   2.87999988       4.71326351    
   2.88999987       4.72283792    
   2.89999986       4.73241854    
   2.90999985       4.74199343    
   2.91999984       4.75156355    
   2.92999983       4.76113415    
   2.93999982       4.77070427    
   2.95000005       4.78027344    
   2.96000004       4.78983784    
   2.97000003       4.79940462    
   2.98000002       4.80896711    
   2.99000001       4.81852961    
   3.00000000       4.82809114    
   3.00999999       4.83764791    
   3.01999998       4.84720612    
   3.02999997       4.85676146    
   3.03999996       4.86631393    
   3.04999995       4.87586927    
   3.05999994       4.88542080    
   3.06999993       4.89497042    
   3.07999992       4.90451860    
   3.08999991       4.91407013    
   3.09999990       4.92361450    
   3.10999990       4.93315935    
   3.11999989       4.94270182    
   3.12999988       4.95224333    
   3.13999987       4.96178532    
   3.14999986       4.97132826    
   3.15999985       4.98086119    
   3.16999984       4.99040270    
   3.17999983       4.99993944    
   3.18999982       5.00947523    
   3.19999981       5.01900673    
   3.21000004       5.02854109    
   3.22000003       5.03807211    
   3.23000002       5.04760218    
   3.24000001       5.05713415    
   3.25000000       5.06666470    
   3.25999999       5.07619190    
   3.26999998       5.08572006    
   3.27999997       5.09524488    
   3.28999996       5.10476637    
   3.29999995       5.11428928    
   3.30999994       5.12381315    
   3.31999993       5.13333797    
   3.32999992       5.14285374    
   3.33999991       5.15237617    
   3.34999990       5.16189289    
   3.35999990       5.17141151    
   3.36999989       5.18092918    
   3.37999988       5.19044304    
   3.38999987       5.19995928    
   3.39999986       5.20946980    
   3.40999985       5.21898651    
   3.41999984       5.22849894    
   3.42999983       5.23800707    
   3.43999982       5.24751711    
   3.44999981       5.25702763    
   3.46000004       5.26653481    
   3.47000003       5.27604103    
   3.48000002       5.28554869    
   3.49000001       5.29505253    
   3.50000000       5.30455637    
   3.50999999       5.31406021    
