   9.99999978E-03   7.31375418E-04
   1.99999996E-02   1.28826674E-03
   2.99999993E-02   3.55137652E-03
   3.99999991E-02   1.30928000E-02
   4.99999970E-02   3.42614092E-02
   5.99999987E-02   6.71212822E-02
   7.00000003E-02  0.110273302    
   7.99999982E-02  0.160676390    
   8.99999961E-02  0.216453731    
   9.99999940E-02  0.274535179    
  0.109999999      0.333579659    
  0.119999997      0.393531293    
  0.129999995      0.453760445    
  0.140000001      0.511729360    
  0.149999991      0.568304062    
  0.159999996      0.626566529    
  0.170000002      0.679984510    
  0.179999992      0.731719494    
  0.189999998      0.783299863    
  0.199999988      0.833256304    
  0.209999993      0.877998531    
  0.219999999      0.929161787    
  0.229999989      0.971273303    
  0.239999995       1.01133013    
  0.250000000       1.05941212    
  0.259999990       1.10185087    
  0.269999981       1.13539982    
  0.280000001       1.17055249    
  0.289999992       1.21487081    
  0.299999982       1.25642347    
  0.310000002       1.28996468    
  0.319999993       1.31709599    
  0.329999983       1.34468520    
  0.340000004       1.38128746    
  0.349999994       1.42010546    
  0.359999985       1.45650232    
  0.370000005       1.48823357    
  0.379999995       1.51420045    
  0.389999986       1.53522050    
  0.399999976       1.55568254    
  0.409999996       1.58288705    
  0.419999987       1.61318958    
  0.429999977       1.64460897    
  0.439999998       1.67593098    
  0.449999988       1.70614862    
  0.459999979       1.73429644    
  0.469999999       1.75948894    
  0.479999989       1.78103566    
  0.489999980       1.79874790    
  0.500000000       1.81378102    
  0.509999990       1.83129835    
  0.519999981       1.85127461    
  0.529999971       1.87274504    
  0.539999962       1.89525306    
  0.550000012       1.91848755    
  0.560000002       1.94220221    
  0.569999993       1.96616757    
  0.579999983       1.99015546    
  0.589999974       2.01394439    
  0.599999964       2.03728795    
  0.610000014       2.05992961    
  0.620000005       2.08159089    
  0.629999995       2.10197091    
  0.639999986       2.12092185    
  0.649999976       2.13768816    
  0.659999967       2.15250564    
  0.669999957       2.16552591    
  0.680000007       2.17898273    
  0.689999998       2.19309425    
  0.699999988       2.20770955    
  0.709999979       2.22275305    
  0.719999969       2.23814940    
  0.729999959       2.25385642    
  0.740000010       2.26983333    
  0.750000000       2.28604102    
  0.759999990       2.30245686    
  0.769999981       2.31905127    
  0.779999971       2.33579683    
  0.789999962       2.35267401    
  0.799999952       2.36965442    
  0.810000002       2.38672256    
  0.819999993       2.40385556    
  0.829999983       2.42102599    
  0.839999974       2.43821096    
  0.849999964       2.45538926    
  0.859999955       2.47253013    
  0.870000005       2.48960686    
  0.879999995       2.50659370    
  0.889999986       2.52345467    
  0.899999976       2.54015875    
  0.909999967       2.55666947    
  0.919999957       2.57294416    
  0.930000007       2.58893800    
  0.939999998       2.60461235    
  0.949999988       2.61990738    
  0.959999979       2.63476682    
  0.969999969       2.64913392    
  0.979999959       2.66294169    
  0.989999950       2.67611170    
   1.00000000       2.68856287    
   1.00999999       2.70049691    
   1.01999998       2.71231031    
   1.02999997       2.72407770    
   1.03999996       2.73583531    
   1.04999995       2.74759102    
   1.05999994       2.75935602    
   1.06999993       2.77113485    
   1.07999992       2.78293204    
   1.09000003       2.79474783    
   1.10000002       2.80657935    
   1.11000001       2.81843209    
   1.12000000       2.83030152    
   1.13000000       2.84219122    
   1.13999999       2.85409713    
   1.14999998       2.86601901    
   1.15999997       2.87795782    
   1.16999996       2.88991141    
   1.17999995       2.90187907    
   1.18999994       2.91386557    
   1.19999993       2.92586017    
   1.20999992       2.93786764    
   1.22000003       2.94989014    
   1.23000002       2.96192193    
   1.24000001       2.97396517    
   1.25000000       2.98601770    
   1.25999999       2.99808049    
   1.26999998       3.01015067    
   1.27999997       3.02223396    
   1.28999996       3.03431940    
   1.29999995       3.04641771    
   1.30999994       3.05851960    
   1.31999993       3.07063103    
   1.32999992       3.08274269    
   1.33999991       3.09486294    
   1.35000002       3.10698771    
   1.36000001       3.11911511    
   1.37000000       3.13124871    
   1.38000000       3.14338160    
   1.38999999       3.15551925    
   1.39999998       3.16765666    
   1.40999997       3.17979789    
   1.41999996       3.19194007    
   1.42999995       3.20408106    
   1.43999994       3.21622372    
   1.44999993       3.22836280    
   1.45999992       3.24049878    
   1.46999991       3.25263524    
   1.48000002       3.26476622    
   1.49000001       3.27689624    
   1.50000000       3.28902245    
   1.50999999       3.30114079    
   1.51999998       3.31325555    
   1.52999997       3.32536268    
   1.53999996       3.33746195    
   1.54999995       3.34955692    
   1.55999994       3.36164141    
   1.56999993       3.37371731    
   1.57999992       3.38578105    
   1.58999991       3.39783525    
   1.59999990       3.40987396    
   1.61000001       3.42190790    
   1.62000000       3.43392301    
   1.63000000       3.44592619    
   1.63999999       3.45791316    
   1.64999998       3.46988487    
   1.65999997       3.48184180    
   1.66999996       3.49377847    
   1.67999995       3.50569892    
   1.68999994       3.51759815    
   1.69999993       3.52947545    
   1.70999992       3.54133081    
   1.71999991       3.55316544    
   1.73000002       3.56497622    
   1.74000001       3.57676053    
   1.75000000       3.58852196    
   1.75999999       3.60025525    
   1.76999998       3.61195850    
   1.77999997       3.62363434    
   1.78999996       3.63527846    
   1.79999995       3.64689016    
   1.80999994       3.65847063    
   1.81999993       3.67001438    
   1.82999992       3.68152380    
   1.83999991       3.69299531    
   1.84999990       3.70442724    
   1.86000001       3.71582150    
   1.87000000       3.72717309    
   1.88000000       3.73848033    
   1.88999999       3.74974680    
   1.89999998       3.76096463    
   1.90999997       3.77213502    
   1.91999996       3.78325367    
   1.92999995       3.79432416    
   1.93999994       3.80534077    
   1.94999993       3.81629992    
   1.95999992       3.82720232    
   1.96999991       3.83805227    
   1.97999990       3.84883976    
   1.99000001       3.85956407    
   2.00000000       3.87022138    
   2.00999999       3.88077974    
   2.01999998       3.89123631    
   2.02999997       3.90161991    
   2.03999996       3.91194248    
   2.04999995       3.92221165    
   2.05999994       3.93243718    
   2.06999993       3.94262624    
   2.07999992       3.95277810    
   2.08999991       3.96290183    
   2.09999990       3.97299743    
   2.10999990       3.98307204    
   2.11999989       3.99311805    
   2.12999988       4.00314426    
   2.13999987       4.01315355    
   2.14999986       4.02314377    
   2.15999985       4.03311872    
   2.16999984       4.04307413    
   2.18000007       4.05301809    
   2.19000006       4.06294823    
   2.20000005       4.07286072    
   2.21000004       4.08276844    
   2.22000003       4.09266138    
   2.23000002       4.10254192    
   2.24000001       4.11241388    
   2.25000000       4.12227392    
   2.25999999       4.13212490    
   2.26999998       4.14196634    
   2.27999997       4.15180111    
   2.28999996       4.16162729    
   2.29999995       4.17144394    
   2.30999994       4.18125486    
   2.31999993       4.19105482    
   2.32999992       4.20085335    
   2.33999991       4.21063995    
   2.34999990       4.22042084    
   2.35999990       4.23019314    
   2.36999989       4.23996592    
   2.37999988       4.24973011    
   2.38999987       4.25948668    
   2.39999986       4.26923847    
   2.40999985       4.27898216    
   2.41999984       4.28872061    
   2.42999983       4.29845905    
   2.44000006       4.30819082    
   2.45000005       4.31791925    
   2.46000004       4.32763910    
   2.47000003       4.33735466    
   2.48000002       4.34707117    
   2.49000001       4.35677528    
   2.50000000       4.36647987    
   2.50999999       4.37617922    
   2.51999998       4.38587999    
   2.52999997       4.39557028    
   2.53999996       4.40525532    
   2.54999995       4.41494465    
   2.55999994       4.42462349    
   2.56999993       4.43430090    
   2.57999992       4.44397688    
   2.58999991       4.45364666    
   2.59999990       4.46331406    
   2.60999990       4.47298241    
   2.61999989       4.48264074    
   2.62999988       4.49229956    
   2.63999987       4.50195456    
   2.64999986       4.51160860    
   2.65999985       4.52125645    
   2.66999984       4.53090429    
   2.67999983       4.54054880    
   2.69000006       4.55019140    
   2.70000005       4.55983067    
   2.71000004       4.56946993    
   2.72000003       4.57910156    
   2.73000002       4.58873606    
   2.74000001       4.59836531    
   2.75000000       4.60799122    
   2.75999999       4.61761570    
   2.76999998       4.62723780    
   2.77999997       4.63685989    
   2.78999996       4.64647675    
   2.79999995       4.65609503    
   2.80999994       4.66570807    
   2.81999993       4.67532444    
   2.82999992       4.68493032    
   2.83999991       4.69453859    
   2.84999990       4.70414591    
   2.85999990       4.71375179    
   2.86999989       4.72335148    
   2.87999988       4.73295212    
   2.88999987       4.74255180    
   2.89999986       4.75214958    
   2.90999985       4.76174927    
   2.91999984       4.77133942    
   2.92999983       4.78093243    
   2.93999982       4.79051971    
   2.95000005       4.80010891    
   2.96000004       4.80969620    
   2.97000003       4.81928158    
   2.98000002       4.82886744    
   2.99000001       4.83844805    
   3.00000000       4.84803247    
   3.00999999       4.85760832    
   3.01999998       4.86718893    
   3.02999997       4.87676716    
   3.03999996       4.88634348    
   3.04999995       4.89591599    
   3.05999994       4.90548944    
   3.06999993       4.91505957    
   3.07999992       4.92462540    
   3.08999991       4.93419600    
   3.09999990       4.94376230    
   3.10999990       4.95333052    
   3.11999989       4.96289444    
   3.12999988       4.97245598    
   3.13999987       4.98202038    
   3.14999986       4.99158287    
   3.15999985       5.00114012    
   3.16999984       5.01069736    
   3.17999983       5.02025795    
   3.18999982       5.02981281    
   3.19999981       5.03936577    
   3.21000004       5.04892492    
   3.22000003       5.05847645    
   3.23000002       5.06802320    
   3.24000001       5.07757282    
   3.25000000       5.08712530    
   3.25999999       5.09667683    
   3.26999998       5.10622025    
   3.27999997       5.11576796    
   3.28999996       5.12531185    
   3.29999995       5.13485384    
   3.30999994       5.14439869    
   3.31999993       5.15394258    
   3.32999992       5.16348124    
   3.33999991       5.17302322    
   3.34999990       5.18256044    
   3.35999990       5.19209862    
   3.36999989       5.20163679    
   3.37999988       5.21117544    
   3.38999987       5.22071028    
   3.39999986       5.23024368    
   3.40999985       5.23977757    
   3.41999984       5.24931288    
   3.42999983       5.25884247    
   3.43999982       5.26837444    
   3.44999981       5.27790022    
   3.46000004       5.28743124    
   3.47000003       5.29695797    
   3.48000002       5.30648422    
   3.49000001       5.31601000    
   3.50000000       5.32553434    
   3.50999999       5.33506060    
