   9.99999978E-03   7.38830073E-04
   1.99999996E-02   1.38997426E-03
   2.99999993E-02   5.32475673E-03
   3.99999991E-02   2.01608334E-02
   4.99999970E-02   4.97066565E-02
   5.99999987E-02   9.23770741E-02
   7.00000003E-02  0.145422116    
   7.99999982E-02  0.205012307    
   8.99999961E-02  0.268881917    
   9.99999940E-02  0.334009647    
  0.109999999      0.398663431    
  0.119999997      0.463772744    
  0.129999995      0.528107584    
  0.140000001      0.589346766    
  0.149999991      0.648346424    
  0.159999996      0.708566010    
  0.170000002      0.764004111    
  0.179999992      0.816707611    
  0.189999998      0.869543731    
  0.199999988      0.919870973    
  0.209999993      0.965577424    
  0.219999999       1.01657605    
  0.229999989       1.05899477    
  0.239999995       1.09948289    
  0.250000000       1.14699686    
  0.259999990       1.18905652    
  0.269999981       1.22285819    
  0.280000001       1.25805187    
  0.289999992       1.30149841    
  0.299999982       1.34217906    
  0.310000002       1.37533689    
  0.319999993       1.40261137    
  0.329999983       1.43026841    
  0.340000004       1.46611607    
  0.349999994       1.50388563    
  0.359999985       1.53924525    
  0.370000005       1.57019806    
  0.379999995       1.59584391    
  0.389999986       1.61701608    
  0.399999976       1.63766968    
  0.409999996       1.66445851    
  0.419999987       1.69405317    
  0.429999977       1.72457778    
  0.439999998       1.75490558    
  0.449999988       1.78411126    
  0.459999979       1.81133389    
  0.469999999       1.83581054    
  0.479999989       1.85696447    
  0.489999980       1.87468028    
  0.500000000       1.89001203    
  0.509999990       1.90758932    
  0.519999981       1.92740560    
  0.529999971       1.94856727    
  0.539999962       1.97064948    
  0.550000012       1.99336183    
  0.560000002       2.01646829    
  0.569999993       2.03975129    
  0.579999983       2.06300592    
  0.589999974       2.08602452    
  0.599999964       2.10858655    
  0.610000014       2.13045764    
  0.620000005       2.15139866    
  0.629999995       2.17115092    
  0.639999986       2.18945050    
  0.649999976       2.20605946    
  0.659999967       2.22079515    
  0.669999957       2.23395109    
  0.680000007       2.24751091    
  0.689999998       2.26166892    
  0.699999988       2.27628970    
  0.709999979       2.29129243    
  0.719999969       2.30662107    
  0.729999959       2.32222009    
  0.740000010       2.33806610    
  0.750000000       2.35411119    
  0.759999990       2.37033319    
  0.769999981       2.38670945    
  0.779999971       2.40321541    
  0.789999962       2.41982579    
  0.799999952       2.43652844    
  0.810000002       2.45327759    
  0.819999993       2.47007537    
  0.829999983       2.48689628    
  0.839999974       2.50371623    
  0.849999964       2.52051330    
  0.859999955       2.53726101    
  0.870000005       2.55393386    
  0.879999995       2.57050538    
  0.889999986       2.58694720    
  0.899999976       2.60322547    
  0.909999967       2.61931968    
  0.919999957       2.63518071    
  0.930000007       2.65077448    
  0.939999998       2.66606116    
  0.949999988       2.68099928    
  0.959999979       2.69553399    
  0.969999969       2.70961618    
  0.979999959       2.72318816    
  0.989999950       2.73618412    
   1.00000000       2.74854469    
   1.00999999       2.76045012    
   1.01999998       2.77225494    
   1.02999997       2.78402543    
   1.03999996       2.79578829    
   1.04999995       2.80755186    
   1.05999994       2.81932759    
   1.06999993       2.83112168    
   1.07999992       2.84292698    
   1.09000003       2.85475135    
   1.10000002       2.86659145    
   1.11000001       2.87844992    
   1.12000000       2.89032745    
   1.13000000       2.90221620    
   1.13999999       2.91412306    
   1.14999998       2.92604375    
   1.15999997       2.93797731    
   1.16999996       2.94992352    
   1.17999995       2.96187901    
   1.18999994       2.97385097    
   1.19999993       2.98583293    
   1.20999992       2.99782562    
   1.22000003       3.00982690    
   1.23000002       3.02183604    
   1.24000001       3.03385520    
   1.25000000       3.04588294    
   1.25999999       3.05791521    
   1.26999998       3.06995487    
   1.27999997       3.08200359    
   1.28999996       3.09405518    
   1.29999995       3.10611439    
   1.30999994       3.11817479    
   1.31999993       3.13024020    
   1.32999992       3.14231110    
   1.33999991       3.15438533    
   1.35000002       3.16645837    
   1.36000001       3.17853832    
   1.37000000       3.19061804    
   1.38000000       3.20269918    
   1.38999999       3.21477938    
   1.39999998       3.22686219    
   1.40999997       3.23893833    
   1.41999996       3.25102043    
   1.42999995       3.26309681    
   1.43999994       3.27517176    
   1.44999993       3.28724551    
   1.45999992       3.29931593    
   1.46999991       3.31137991    
   1.48000002       3.32344151    
   1.49000001       3.33549714    
   1.50000000       3.34754610    
   1.50999999       3.35958886    
   1.51999998       3.37162685    
   1.52999997       3.38365626    
   1.53999996       3.39567685    
   1.54999995       3.40768981    
   1.55999994       3.41969180    
   1.56999993       3.43168306    
   1.57999992       3.44366479    
   1.58999991       3.45563507    
   1.59999990       3.46758962    
   1.61000001       3.47953534    
   1.62000000       3.49146438    
   1.63000000       3.50338316    
   1.63999999       3.51527476    
   1.64999998       3.52716351    
   1.65999997       3.53902745    
   1.66999996       3.55087638    
   1.67999995       3.56270671    
   1.68999994       3.57451582    
   1.69999993       3.58630252    
   1.70999992       3.59807062    
   1.71999991       3.60981679    
   1.73000002       3.62153769    
   1.74000001       3.63323307    
   1.75000000       3.64490485    
   1.75999999       3.65654755    
   1.76999998       3.66816759    
   1.77999997       3.67975664    
   1.78999996       3.69131279    
   1.79999995       3.70284104    
   1.80999994       3.71433902    
   1.81999993       3.72580290    
   1.82999992       3.73723030    
   1.83999991       3.74862456    
   1.84999990       3.75997853    
   1.86000001       3.77130103    
   1.87000000       3.78258276    
   1.88000000       3.79381990    
   1.88999999       3.80501604    
   1.89999998       3.81617045    
   1.90999997       3.82728004    
   1.91999996       3.83834267    
   1.92999995       3.84935522    
   1.93999994       3.86032081    
   1.94999993       3.87123799    
   1.95999992       3.88209915    
   1.96999991       3.89290786    
   1.97999990       3.90366030    
   1.99000001       3.91435599    
   2.00000000       3.92499065    
   2.00999999       3.93553615    
   2.01999998       3.94598961    
   2.02999997       3.95637608    
   2.03999996       3.96671152    
   2.04999995       3.97699881    
   2.05999994       3.98724675    
   2.06999993       3.99745870    
   2.07999992       4.00764084    
   2.08999991       4.01779795    
   2.09999990       4.02792835    
   2.10999990       4.03803492    
   2.11999989       4.04812193    
   2.12999988       4.05818987    
   2.13999987       4.06824064    
   2.14999986       4.07827711    
   2.15999985       4.08829832    
   2.16999984       4.09830475    
   2.18000007       4.10829592    
   2.19000006       4.11827326    
   2.20000005       4.12824249    
   2.21000004       4.13819885    
   2.22000003       4.14814186    
   2.23000002       4.15807438    
   2.24000001       4.16800690    
   2.25000000       4.17791796    
   2.25999999       4.18782663    
   2.26999998       4.19772434    
   2.27999997       4.20761538    
   2.28999996       4.21749592    
   2.29999995       4.22737026    
   2.30999994       4.23723888    
   2.31999993       4.24710083    
   2.32999992       4.25695419    
   2.33999991       4.26680136    
   2.34999990       4.27664137    
   2.35999990       4.28647900    
   2.36999989       4.29630899    
   2.37999988       4.30613327    
   2.38999987       4.31594324    
   2.39999986       4.32575798    
   2.40999985       4.33556604    
   2.41999984       4.34536839    
   2.42999983       4.35516500    
   2.44000006       4.36495972    
   2.45000005       4.37474537    
   2.46000004       4.38452816    
   2.47000003       4.39430618    
   2.48000002       4.40408039    
   2.49000001       4.41384840    
   2.50000000       4.42361450    
   2.50999999       4.43338299    
   2.51999998       4.44313765    
   2.52999997       4.45289373    
   2.53999996       4.46264219    
   2.54999995       4.47239208    
   2.55999994       4.48213196    
   2.56999993       4.49187469    
   2.57999992       4.50161028    
   2.58999991       4.51134539    
   2.59999990       4.52107334    
   2.60999990       4.53080416    
   2.61999989       4.54052544    
   2.62999988       4.55024910    
   2.63999987       4.55996609    
   2.64999986       4.56967974    
   2.65999985       4.57939386    
   2.66999984       4.58910513    
   2.67999983       4.59880877    
   2.69000006       4.60851908    
   2.70000005       4.61821985    
   2.71000004       4.62792158    
   2.72000003       4.63762140    
   2.73000002       4.64731359    
   2.74000001       4.65700340    
   2.75000000       4.66669846    
   2.75999999       4.67638397    
   2.76999998       4.68606806    
   2.77999997       4.69575548    
   2.78999996       4.70543385    
   2.79999995       4.71511602    
   2.80999994       4.72479200    
   2.81999993       4.73446703    
   2.82999992       4.74414062    
   2.83999991       4.75381136    
   2.84999990       4.76347876    
   2.85999990       4.77314758    
   2.86999989       4.78281116    
   2.87999988       4.79247475    
   2.88999987       4.80213928    
   2.89999986       4.81180048    
   2.90999985       4.82146120    
   2.91999984       4.83111668    
   2.92999983       4.84077072    
   2.93999982       4.85042477    
   2.95000005       4.86007547    
   2.96000004       4.86972284    
   2.97000003       4.87937164    
   2.98000002       4.88901901    
   2.99000001       4.89866590    
   3.00000000       4.90830851    
   3.00999999       4.91795301    
   3.01999998       4.92759323    
   3.02999997       4.93723106    
   3.03999996       4.94686937    
   3.04999995       4.95650434    
   3.05999994       4.96614265    
   3.06999993       4.97577667    
   3.07999992       4.98540974    
   3.08999991       4.99504089    
   3.09999990       5.00466824    
   3.10999990       5.01429987    
   3.11999989       5.02392673    
   3.12999988       5.03355217    
   3.13999987       5.04317760    
   3.14999986       5.05279922    
   3.15999985       5.06242132    
   3.16999984       5.07204199    
   3.17999983       5.08166409    
   3.18999982       5.09128094    
   3.19999981       5.10089731    
   3.21000004       5.11051559    
   3.22000003       5.12012911    
   3.23000002       5.12974691    
   3.24000001       5.13935518    
   3.25000000       5.14896822    
   3.25999999       5.15858030    
   3.26999998       5.16818714    
   3.27999997       5.17779922    
   3.28999996       5.18740559    
   3.29999995       5.19701433    
   3.30999994       5.20661449    
   3.31999993       5.21622086    
   3.32999992       5.22582579    
   3.33999991       5.23542833    
   3.34999990       5.24502707    
   3.35999990       5.25462818    
   3.36999989       5.26422977    
   3.37999988       5.27382660    
   3.38999987       5.28342295    
   3.39999986       5.29302168    
   3.40999985       5.30261660    
   3.41999984       5.31221104    
   3.42999983       5.32180357    
   3.43999982       5.33139753    
   3.44999981       5.34098959    
   3.46000004       5.35058069    
   3.47000003       5.36016750    
   3.48000002       5.36975908    
   3.49000001       5.37934494    
   3.50000000       5.38893461    
   3.50999999       5.39852190    
