   9.99999978E-03   7.36810383E-04
   1.99999996E-02   1.41786505E-03
   2.99999993E-02   5.75025287E-03
   3.99999991E-02   2.17129290E-02
   4.99999970E-02   5.29195145E-02
   5.99999987E-02   9.90609601E-02
   7.00000003E-02  0.152290523    
   7.99999982E-02  0.213505849    
   8.99999961E-02  0.278765798    
   9.99999940E-02  0.345084339    
  0.109999999      0.410666615    
  0.119999997      0.476615131    
  0.129999995      0.541600227    
  0.140000001      0.603347242    
  0.149999991      0.662714064    
  0.159999996      0.723209798    
  0.170000002      0.778958082    
  0.179999992      0.831772685    
  0.189999998      0.884772718    
  0.199999988      0.935128391    
  0.209999993      0.980958760    
  0.219999999       1.03188908    
  0.229999989       1.07433736    
  0.239999995       1.11486232    
  0.250000000       1.16224468    
  0.259999990       1.20421839    
  0.269999981       1.23804307    
  0.280000001       1.27321696    
  0.289999992       1.31648588    
  0.299999982       1.35700142    
  0.310000002       1.39008164    
  0.319999993       1.41736293    
  0.329999983       1.44501078    
  0.340000004       1.48071194    
  0.349999994       1.51828337    
  0.359999985       1.55345643    
  0.370000005       1.58426774    
  0.379999995       1.60984933    
  0.389999986       1.63103724    
  0.399999976       1.65171456    
  0.409999996       1.67842114    
  0.419999987       1.70787942    
  0.429999977       1.73824108    
  0.439999998       1.76839149    
  0.449999988       1.79741776    
  0.459999979       1.82447910    
  0.469999999       1.84882927    
  0.479999989       1.86991572    
  0.489999980       1.88762629    
  0.500000000       1.90300083    
  0.509999990       1.92057908    
  0.519999981       1.94036257    
  0.529999971       1.96146584    
  0.539999962       1.98346794    
  0.550000012       2.00608730    
  0.560000002       2.02908254    
  0.569999993       2.05224490    
  0.579999983       2.07537436    
  0.589999974       2.09825587    
  0.599999964       2.12068248    
  0.610000014       2.14242435    
  0.620000005       2.16324019    
  0.629999995       2.18288517    
  0.639999986       2.20110154    
  0.649999976       2.21765733    
  0.659999967       2.23237801    
  0.669999957       2.24555087    
  0.680000007       2.25912142    
  0.689999998       2.27328515    
  0.699999988       2.28790617    
  0.709999979       2.30289793    
  0.719999969       2.31821060    
  0.729999959       2.33379245    
  0.740000010       2.34960794    
  0.750000000       2.36562371    
  0.759999990       2.38181090    
  0.769999981       2.39814925    
  0.779999971       2.41460943    
  0.789999962       2.43116975    
  0.799999952       2.44781470    
  0.810000002       2.46451712    
  0.819999993       2.48125815    
  0.829999983       2.49801803    
  0.839999974       2.51477480    
  0.849999964       2.53150439    
  0.859999955       2.54818225    
  0.870000005       2.56478429    
  0.879999995       2.58128834    
  0.889999986       2.59765768    
  0.899999976       2.61386919    
  0.909999967       2.62988806    
  0.919999957       2.64567637    
  0.930000007       2.66120529    
  0.939999998       2.67642927    
  0.949999988       2.69130397    
  0.959999979       2.70578384    
  0.969999969       2.71982002    
  0.979999959       2.73335171    
  0.989999950       2.74632454    
   1.00000000       2.75866437    
   1.00999999       2.77056456    
   1.01999998       2.78236842    
   1.02999997       2.79413748    
   1.03999996       2.80590010    
   1.04999995       2.81766677    
   1.05999994       2.82944417    
   1.06999993       2.84123588    
   1.07999992       2.85304499    
   1.09000003       2.86486936    
   1.10000002       2.87671137    
   1.11000001       2.88856888    
   1.12000000       2.90044546    
   1.13000000       2.91233325    
   1.13999999       2.92423701    
   1.14999998       2.93615627    
   1.15999997       2.94808888    
   1.16999996       2.96003485    
   1.17999995       2.97198915    
   1.18999994       2.98395753    
   1.19999993       2.99593425    
   1.20999992       3.00792265    
   1.22000003       3.01992059    
   1.23000002       3.03192377    
   1.24000001       3.04393768    
   1.25000000       3.05595732    
   1.25999999       3.06798649    
   1.26999998       3.08001971    
   1.27999997       3.09206104    
   1.28999996       3.10410929    
   1.29999995       3.11615491    
   1.30999994       3.12821031    
   1.31999993       3.14026928    
   1.32999992       3.15233135    
   1.33999991       3.16439557    
   1.35000002       3.17646170    
   1.36000001       3.18852901    
   1.37000000       3.20060086    
   1.38000000       3.21266842    
   1.38999999       3.22473955    
   1.39999998       3.23680925    
   1.40999997       3.24887824    
   1.41999996       3.26095009    
   1.42999995       3.27301359    
   1.43999994       3.28507733    
   1.44999993       3.29713726    
   1.45999992       3.30919313    
   1.46999991       3.32124996    
   1.48000002       3.33329487    
   1.49000001       3.34534001    
   1.50000000       3.35737371    
   1.50999999       3.36940360    
   1.51999998       3.38143039    
   1.52999997       3.39344454    
   1.53999996       3.40545130    
   1.54999995       3.41745043    
   1.55999994       3.42943573    
   1.56999993       3.44141269    
   1.57999992       3.45337963    
   1.58999991       3.46533656    
   1.59999990       3.47727633    
   1.61000001       3.48920465    
   1.62000000       3.50112009    
   1.63000000       3.51302099    
   1.63999999       3.52490354    
   1.64999998       3.53677344    
   1.65999997       3.54862380    
   1.66999996       3.56045365    
   1.67999995       3.57226801    
   1.68999994       3.58406353    
   1.69999993       3.59583712    
   1.70999992       3.60758781    
   1.71999991       3.61931872    
   1.73000002       3.63102412    
   1.74000001       3.64270282    
   1.75000000       3.65435910    
   1.75999999       3.66599107    
   1.76999998       3.67759395    
   1.77999997       3.68916678    
   1.78999996       3.70071340    
   1.79999995       3.71222734    
   1.80999994       3.72370934    
   1.81999993       3.73515749    
   1.82999992       3.74657273    
   1.83999991       3.75795174    
   1.84999990       3.76929545    
   1.86000001       3.78060412    
   1.87000000       3.79186893    
   1.88000000       3.80309987    
   1.88999999       3.81428313    
   1.89999998       3.82542658    
   1.90999997       3.83652687    
   1.91999996       3.84758139    
   1.92999995       3.85858655    
   1.93999994       3.86954308    
   1.94999993       3.88044906    
   1.95999992       3.89130759    
   1.96999991       3.90210819    
   1.97999990       3.91285491    
   1.99000001       3.92354417    
   2.00000000       3.93417668    
   2.00999999       3.94471955    
   2.01999998       3.95517302    
   2.02999997       3.96556211    
   2.03999996       3.97589922    
   2.04999995       3.98618746    
   2.05999994       3.99643946    
   2.06999993       4.00665712    
   2.07999992       4.01684284    
   2.08999991       4.02700758    
   2.09999990       4.03714228    
   2.10999990       4.04725695    
   2.11999989       4.05734825    
   2.12999988       4.06742764    
   2.13999987       4.07748365    
   2.14999986       4.08753061    
   2.15999985       4.09755516    
   2.16999984       4.10756826    
   2.18000007       4.11756849    
   2.19000006       4.12755680    
   2.20000005       4.13753223    
   2.21000004       4.14749718    
   2.22000003       4.15745211    
   2.23000002       4.16739750    
   2.24000001       4.17732716    
   2.25000000       4.18725491    
   2.25999999       4.19716883    
   2.26999998       4.20708036    
   2.27999997       4.21697998    
   2.28999996       4.22687197    
   2.29999995       4.23675585    
   2.30999994       4.24663210    
   2.31999993       4.25650215    
   2.32999992       4.26636982    
   2.33999991       4.27622271    
   2.34999990       4.28607130    
   2.35999990       4.29591990    
   2.36999989       4.30575609    
   2.37999988       4.31559420    
   2.38999987       4.32541943    
   2.39999986       4.33524227    
   2.40999985       4.34505892    
   2.41999984       4.35487032    
   2.42999983       4.36467981    
   2.44000006       4.37448359    
   2.45000005       4.38428211    
   2.46000004       4.39407301    
   2.47000003       4.40386248    
   2.48000002       4.41364813    
   2.49000001       4.42342663    
   2.50000000       4.43320704    
   2.50999999       4.44297504    
   2.51999998       4.45274115    
   2.52999997       4.46251106    
   2.53999996       4.47226810    
   2.54999995       4.48202991    
   2.55999994       4.49178362    
   2.56999993       4.50153255    
   2.57999992       4.51128054    
   2.58999991       4.52102423    
   2.59999990       4.53076506    
   2.60999990       4.54050541    
   2.61999989       4.55023956    
   2.62999988       4.55997324    
   2.63999987       4.56970072    
   2.64999986       4.57942867    
   2.65999985       4.58914900    
   2.66999984       4.59887171    
   2.67999983       4.60858631    
   2.69000006       4.61830568    
   2.70000005       4.62801647    
   2.71000004       4.63772774    
   2.72000003       4.64743423    
   2.73000002       4.65714025    
   2.74000001       4.66684484    
   2.75000000       4.67654657    
   2.75999999       4.68624210    
   2.76999998       4.69593811    
   2.77999997       4.70563364    
   2.78999996       4.71532393    
   2.79999995       4.72501659    
   2.80999994       4.73470497    
   2.81999993       4.74438667    
   2.82999992       4.75407219    
   2.83999991       4.76375675    
   2.84999990       4.77343512    
   2.85999990       4.78311253    
   2.86999989       4.79278708    
   2.87999988       4.80246592    
   2.88999987       4.81213427    
   2.89999986       4.82180786    
   2.90999985       4.83147907    
   2.91999984       4.84114313    
   2.92999983       4.85080481    
   2.93999982       4.86047220    
   2.95000005       4.87013769    
   2.96000004       4.87979460    
   2.97000003       4.88945389    
   2.98000002       4.89911222    
   2.99000001       4.90877008    
   3.00000000       4.91842413    
   3.00999999       4.92807531    
   3.01999998       4.93772507    
   3.02999997       4.94737768    
   3.03999996       4.95702934    
   3.04999995       4.96667147    
   3.05999994       4.97631836    
   3.06999993       4.98596191    
   3.07999992       4.99560499    
   3.08999991       5.00524616    
   3.09999990       5.01488590    
   3.10999990       5.02452517    
   3.11999989       5.03416204    
   3.12999988       5.04380035    
   3.13999987       5.05343580    
   3.14999986       5.06306696    
   3.15999985       5.07270002    
   3.16999984       5.08233309    
   3.17999983       5.09196234    
   3.18999982       5.10159254    
   3.19999981       5.11122036    
   3.21000004       5.12084532    
   3.22000003       5.13047028    
   3.23000002       5.14009619    
   3.24000001       5.14971876    
   3.25000000       5.15934181    
   3.25999999       5.16896248    
   3.26999998       5.17858505    
   3.27999997       5.18820190    
   3.28999996       5.19782257    
   3.29999995       5.20743799    
   3.30999994       5.21705437    
   3.31999993       5.22667027    
   3.32999992       5.23628139    
   3.33999991       5.24589491    
   3.34999990       5.25550508    
   3.35999990       5.26511621    
   3.36999989       5.27472830    
   3.37999988       5.28433561    
   3.38999987       5.29394388    
   3.39999986       5.30354977    
   3.40999985       5.31315804    
   3.41999984       5.32276106    
   3.42999983       5.33236694    
   3.43999982       5.34196568    
   3.44999981       5.35156918    
   3.46000004       5.36117125    
   3.47000003       5.37077141    
   3.48000002       5.38036871    
   3.49000001       5.38996696    
   3.50000000       5.39956665    
   3.50999999       5.40916586    
