   9.99999978E-03   7.37177616E-04
   1.99999996E-02   1.45083456E-03
   2.99999993E-02   6.22460386E-03
   3.99999991E-02   2.33869664E-02
   4.99999970E-02   5.63434251E-02
   5.99999987E-02  0.104511485    
   7.00000003E-02  0.159483820    
   7.99999982E-02  0.222348496    
   8.99999961E-02  0.289007664    
   9.99999940E-02  0.356519371    
  0.109999999      0.423025995    
  0.119999997      0.489804417    
  0.129999995      0.555426180    
  0.140000001      0.617669582    
  0.149999991      0.677389801    
  0.159999996      0.738147736    
  0.170000002      0.794178247    
  0.179999992      0.847107053    
  0.189999998      0.900255501    
  0.199999988      0.950628698    
  0.209999993      0.996572495    
  0.219999999       1.04742169    
  0.229999989       1.08988678    
  0.239999995       1.13044441    
  0.250000000       1.17768312    
  0.259999990       1.21956408    
  0.269999981       1.25340557    
  0.280000001       1.28854966    
  0.289999992       1.33163500    
  0.299999982       1.37197554    
  0.310000002       1.40497422    
  0.319999993       1.43225861    
  0.329999983       1.45989311    
  0.340000004       1.49543929    
  0.349999994       1.53281069    
  0.359999985       1.56778884    
  0.370000005       1.59845340    
  0.379999995       1.62397313    
  0.389999986       1.64517152    
  0.399999976       1.66586614    
  0.409999996       1.69248760    
  0.419999987       1.72180676    
  0.429999977       1.75200164    
  0.439999998       1.78197026    
  0.449999988       1.81081367    
  0.459999979       1.83771420    
  0.469999999       1.86193609    
  0.479999989       1.88295054    
  0.489999980       1.90065551    
  0.500000000       1.91607070    
  0.509999990       1.93365121    
  0.519999981       1.95339739    
  0.529999971       1.97443879    
  0.539999962       1.99636078    
  0.550000012       2.01888084    
  0.560000002       2.04176641    
  0.569999993       2.06480622    
  0.579999983       2.08780265    
  0.589999974       2.11055064    
  0.599999964       2.13283992    
  0.610000014       2.15444851    
  0.620000005       2.17514181    
  0.629999995       2.19468093    
  0.639999986       2.21281219    
  0.649999976       2.22931075    
  0.659999967       2.24401665    
  0.669999957       2.25720644    
  0.680000007       2.27079535    
  0.689999998       2.28495908    
  0.699999988       2.29957366    
  0.709999979       2.31455731    
  0.719999969       2.32985425    
  0.729999959       2.34541345    
  0.740000010       2.36120033    
  0.750000000       2.37718391    
  0.759999990       2.39333844    
  0.769999981       2.40962887    
  0.779999971       2.42604756    
  0.789999962       2.44256043    
  0.799999952       2.45915031    
  0.810000002       2.47580028    
  0.819999993       2.49248219    
  0.829999983       2.50917792    
  0.839999974       2.52587080    
  0.849999964       2.54253173    
  0.859999955       2.55914187    
  0.870000005       2.57567477    
  0.879999995       2.59210563    
  0.889999986       2.60840273    
  0.899999976       2.62454200    
  0.909999967       2.64049029    
  0.919999957       2.65621042    
  0.930000007       2.67167115    
  0.939999998       2.68682742    
  0.949999988       2.70164442    
  0.959999979       2.71607327    
  0.969999969       2.73005939    
  0.979999959       2.74355316    
  0.989999950       2.75649452    
   1.00000000       2.76882219    
   1.00999999       2.78071547    
   1.01999998       2.79251456    
   1.02999997       2.80428338    
   1.03999996       2.81604743    
   1.04999995       2.82781315    
   1.05999994       2.83959293    
   1.06999993       2.85138369    
   1.07999992       2.86319327    
   1.09000003       2.87501884    
   1.10000002       2.88686204    
   1.11000001       2.89872050    
   1.12000000       2.91059351    
   1.13000000       2.92248178    
   1.13999999       2.93438745    
   1.14999998       2.94630456    
   1.15999997       2.95823264    
   1.16999996       2.97017670    
   1.17999995       2.98209238    
   1.18999994       2.99409509    
   1.19999993       3.00606608    
   1.20999992       3.01805067    
   1.22000003       3.03004074    
   1.23000002       3.04204178    
   1.24000001       3.05404854    
   1.25000000       3.06606269    
   1.25999999       3.07808685    
   1.26999998       3.09011459    
   1.27999997       3.10214639    
   1.28999996       3.11418700    
   1.29999995       3.12622452    
   1.30999994       3.13827252    
   1.31999993       3.15032411    
   1.32999992       3.16237617    
   1.33999991       3.17443299    
   1.35000002       3.18648767    
   1.36000001       3.19854522    
   1.37000000       3.21060562    
   1.38000000       3.22266650    
   1.38999999       3.23472404    
   1.39999998       3.24678588    
   1.40999997       3.25884247    
   1.41999996       3.27089858    
   1.42999995       3.28295326    
   1.43999994       3.29500389    
   1.44999993       3.30705523    
   1.45999992       3.31909680    
   1.46999991       3.33113670    
   1.48000002       3.34317517    
   1.49000001       3.35520267    
   1.50000000       3.36722708    
   1.50999999       3.37924051    
   1.51999998       3.39125228    
   1.52999997       3.40325356    
   1.53999996       3.41524553    
   1.54999995       3.42722917    
   1.55999994       3.43920112    
   1.56999993       3.45116496    
   1.57999992       3.46311331    
   1.58999991       3.47505593    
   1.59999990       3.48698187    
   1.61000001       3.49889636    
   1.62000000       3.51079464    
   1.63000000       3.52267790    
   1.63999999       3.53454685    
   1.64999998       3.54640031    
   1.65999997       3.55823708    
   1.66999996       3.57005072    
   1.67999995       3.58184981    
   1.68999994       3.59362578    
   1.69999993       3.60538578    
   1.70999992       3.61712122    
   1.71999991       3.62883520    
   1.73000002       3.64052677    
   1.74000001       3.65219140    
   1.75000000       3.66383195    
   1.75999999       3.67544961    
   1.76999998       3.68703318    
   1.77999997       3.69859695    
   1.78999996       3.71012545    
   1.79999995       3.72162414    
   1.80999994       3.73309278    
   1.81999993       3.74452925    
   1.82999992       3.75593185    
   1.83999991       3.76729941    
   1.84999990       3.77862740    
   1.86000001       3.78992248    
   1.87000000       3.80118060    
   1.88000000       3.81239629    
   1.88999999       3.82357073    
   1.89999998       3.83470201    
   1.90999997       3.84579277    
   1.91999996       3.85683489    
   1.92999995       3.86783171    
   1.93999994       3.87878060    
   1.94999993       3.88967943    
   1.95999992       3.90052891    
   1.96999991       3.91132331    
   1.97999990       3.92206454    
   1.99000001       3.93275189    
   2.00000000       3.94337821    
   2.00999999       3.95392108    
   2.01999998       3.96437454    
   2.02999997       3.97476530    
   2.03999996       3.98510146    
   2.04999995       3.99539495    
   2.05999994       4.00565004    
   2.06999993       4.01587248    
   2.07999992       4.02606440    
   2.08999991       4.03623056    
   2.09999990       4.04637384    
   2.10999990       4.05649328    
   2.11999989       4.06659460    
   2.12999988       4.07667923    
   2.13999987       4.08674240    
   2.14999986       4.09679270    
   2.15999985       4.10682821    
   2.16999984       4.11684895    
   2.18000007       4.12685680    
   2.19000006       4.13685560    
   2.20000005       4.14684153    
   2.21000004       4.15681362    
   2.22000003       4.16677713    
   2.23000002       4.17672873    
   2.24000001       4.18667221    
   2.25000000       4.19660521    
   2.25999999       4.20653343    
   2.26999998       4.21645117    
   2.27999997       4.22636080    
   2.28999996       4.23625898    
   2.29999995       4.24615669    
   2.30999994       4.25604200    
   2.31999993       4.26592255    
   2.32999992       4.27579880    
   2.33999991       4.28566551    
   2.34999990       4.29552174    
   2.35999990       4.30538416    
   2.36999989       4.31522894    
   2.37999988       4.32507181    
   2.38999987       4.33491087    
   2.39999986       4.34474373    
   2.40999985       4.35456991    
   2.41999984       4.36439371    
   2.42999983       4.37420893    
   2.44000006       4.38402128    
   2.45000005       4.39382696    
   2.46000004       4.40363455    
   2.47000003       4.41343546    
   2.48000002       4.42323065    
   2.49000001       4.43302107    
   2.50000000       4.44280672    
   2.50999999       4.45259190    
   2.51999998       4.46237373    
   2.52999997       4.47214460    
   2.53999996       4.48192072    
   2.54999995       4.49168730    
   2.55999994       4.50145006    
   2.56999993       4.51121235    
   2.57999992       4.52096939    
   2.58999991       4.53072643    
   2.59999990       4.54047680    
   2.60999990       4.55020809    
   2.61999989       4.55996847    
   2.62999988       4.56971073    
   2.63999987       4.57945204    
   2.64999986       4.58918953    
   2.65999985       4.59892321    
   2.66999984       4.60865164    
   2.67999983       4.61838150    
   2.69000006       4.62811136    
   2.70000005       4.63783550    
   2.71000004       4.64755344    
   2.72000003       4.65727043    
   2.73000002       4.66698647    
   2.74000001       4.67670059    
   2.75000000       4.68641424    
   2.75999999       4.69612598    
   2.76999998       4.70582867    
   2.77999997       4.71553230    
   2.78999996       4.72523642    
   2.79999995       4.73493385    
   2.80999994       4.74463511    
   2.81999993       4.75433302    
   2.82999992       4.76402283    
   2.83999991       4.77371645    
   2.84999990       4.78340816    
   2.85999990       4.79309416    
   2.86999989       4.80278301    
   2.87999988       4.81246901    
   2.88999987       4.82215452    
   2.89999986       4.83183098    
   2.90999985       4.84151125    
   2.91999984       4.85118771    
   2.92999983       4.86086512    
   2.93999982       4.87054300    
   2.95000005       4.88021374    
   2.96000004       4.88988209    
   2.97000003       4.89955282    
   2.98000002       4.90922165    
   2.99000001       4.91888618    
   3.00000000       4.92855501    
   3.00999999       4.93821526    
   3.01999998       4.94787741    
   3.02999997       4.95753956    
   3.03999996       4.96720028    
   3.04999995       4.97685623    
   3.05999994       4.98651123    
   3.06999993       4.99616766    
   3.07999992       5.00581741    
   3.08999991       5.01547337    
   3.09999990       5.02512407    
   3.10999990       5.03477478    
   3.11999989       5.04442024    
   3.12999988       5.05406618    
   3.13999987       5.06371355    
   3.14999986       5.07335711    
   3.15999985       5.08300304    
   3.16999984       5.09264040    
   3.17999983       5.10228348    
   3.18999982       5.11192179    
   3.19999981       5.12155914    
   3.21000004       5.13120127    
   3.22000003       5.14083385    
   3.23000002       5.15047169    
   3.24000001       5.16010189    
   3.25000000       5.16973686    
   3.25999999       5.17936563    
   3.26999998       5.18899918    
   3.27999997       5.19862795    
   3.28999996       5.20825720    
   3.29999995       5.21788311    
   3.30999994       5.22751093    
   3.31999993       5.23713493    
   3.32999992       5.24675512    
   3.33999991       5.25638247    
   3.34999990       5.26600599    
   3.35999990       5.27562666    
   3.36999989       5.28524494    
   3.37999988       5.29486322    
   3.38999987       5.30448341    
   3.39999986       5.31409693    
   3.40999985       5.32371712    
   3.41999984       5.33333063    
   3.42999983       5.34294510    
   3.43999982       5.35255671    
   3.44999981       5.36216640    
   3.46000004       5.37178421    
   3.47000003       5.38139391    
   3.48000002       5.39100456    
   3.49000001       5.40061045    
   3.50000000       5.41022062    
   3.50999999       5.41982746    
