   9.99999978E-03   7.43418816E-04
   1.99999996E-02   2.52948701E-03
   2.99999993E-02   1.66534744E-02
   3.99999991E-02   5.45208417E-02
   4.99999970E-02  0.113049291    
   5.99999987E-02  0.185219660    
   7.00000003E-02  0.264911979    
   7.99999982E-02  0.347159415    
   8.99999961E-02  0.429354697    
   9.99999940E-02  0.509636700    
  0.109999999      0.585661948    
  0.119999997      0.660565853    
  0.129999995      0.732056975    
  0.140000001      0.798661947    
  0.149999991      0.861201167    
  0.159999996      0.923601568    
  0.170000002      0.981614411    
  0.179999992       1.03493571    
  0.189999998       1.08859921    
  0.199999988       1.13838875    
  0.209999993       1.18469298    
  0.219999999       1.23374748    
  0.229999989       1.27585375    
  0.239999995       1.31599152    
  0.250000000       1.36087167    
  0.259999990       1.40121281    
  0.269999981       1.43476343    
  0.280000001       1.46901524    
  0.289999992       1.50942934    
  0.299999982       1.54739475    
  0.310000002       1.57913733    
  0.319999993       1.60614407    
  0.329999983       1.63324213    
  0.340000004       1.66661286    
  0.349999994       1.70134473    
  0.359999985       1.73386109    
  0.370000005       1.76268566    
  0.379999995       1.78728151    
  0.389999986       1.80840361    
  0.399999976       1.82904601    
  0.409999996       1.85442483    
  0.419999987       1.88194442    
  0.429999977       1.91002285    
  0.439999998       1.93775368    
  0.449999988       1.96440613    
  0.459999979       1.98935068    
  0.469999999       2.01205730    
  0.479999989       2.03217459    
  0.489999980       2.04969025    
  0.500000000       2.06541586    
  0.509999990       2.08285856    
  0.519999981       2.10204244    
  0.529999971       2.12224984    
  0.539999962       2.14312339    
  0.550000012       2.16441727    
  0.560000002       2.18593001    
  0.569999993       2.20748973    
  0.579999983       2.22892928    
  0.589999974       2.25007725    
  0.599999964       2.27078080    
  0.610000014       2.29085827    
  0.620000005       2.31013751    
  0.629999995       2.32844639    
  0.639999986       2.34561038    
  0.649999976       2.36147809    
  0.659999967       2.37595057    
  0.669999957       2.38927627    
  0.680000007       2.40292740    
  0.689999998       2.41706204    
  0.699999988       2.43156171    
  0.709999979       2.44635797    
  0.719999969       2.46139693    
  0.729999959       2.47664237    
  0.740000010       2.49205852    
  0.750000000       2.50761580    
  0.759999990       2.52329350    
  0.769999981       2.53906822    
  0.779999971       2.55492067    
  0.789999962       2.57082796    
  0.799999952       2.58677626    
  0.810000002       2.60274601    
  0.819999993       2.61871862    
  0.829999983       2.63467908    
  0.839999974       2.65060568    
  0.849999964       2.66648483    
  0.859999955       2.68229270    
  0.870000005       2.69801259    
  0.879999995       2.71362066    
  0.889999986       2.72909617    
  0.899999976       2.74441981    
  0.909999967       2.75956035    
  0.919999957       2.77449679    
  0.930000007       2.78920317    
  0.939999998       2.80365109    
  0.949999988       2.81779933    
  0.959999979       2.83162761    
  0.969999969       2.84509087    
  0.979999959       2.85815835    
  0.989999950       2.87078834    
   1.00000000       2.88293433    
   1.00999999       2.89475775    
   1.01999998       2.90652061    
   1.02999997       2.91826844    
   1.03999996       2.93001652    
   1.04999995       2.94177675    
   1.05999994       2.95354557    
   1.06999993       2.96533394    
   1.07999992       2.97712922    
   1.09000003       2.98894334    
   1.10000002       3.00076914    
   1.11000001       3.01260734    
   1.12000000       3.02445531    
   1.13000000       3.03631091    
   1.13999999       3.04818034    
   1.14999998       3.06006098    
   1.15999997       3.07194471    
   1.16999996       3.08383608    
   1.17999995       3.09573674    
   1.18999994       3.10764241    
   1.19999993       3.11955237    
   1.20999992       3.13146996    
   1.22000003       3.14338970    
   1.23000002       3.15531301    
   1.24000001       3.16723585    
   1.25000000       3.17916536    
   1.25999999       3.19109845    
   1.26999998       3.20302963    
   1.27999997       3.21496534    
   1.28999996       3.22690177    
   1.29999995       3.23883653    
   1.30999994       3.25077081    
   1.31999993       3.26270890    
   1.32999992       3.27464223    
   1.33999991       3.28657603    
   1.35000002       3.29850769    
   1.36000001       3.31043768    
   1.37000000       3.32236552    
   1.38000000       3.33429098    
   1.38999999       3.34621406    
   1.39999998       3.35813069    
   1.40999997       3.37004352    
   1.41999996       3.38195515    
   1.42999995       3.39385796    
   1.43999994       3.40575647    
   1.44999993       3.41765094    
   1.45999992       3.42953634    
   1.46999991       3.44141674    
   1.48000002       3.45328975    
   1.49000001       3.46515560    
   1.50000000       3.47701120    
   1.50999999       3.48885870    
   1.51999998       3.50069952    
   1.52999997       3.51252866    
   1.53999996       3.52434897    
   1.54999995       3.53615665    
   1.55999994       3.54795194    
   1.56999993       3.55973673    
   1.57999992       3.57151103    
   1.58999991       3.58327031    
   1.59999990       3.59501719    
   1.61000001       3.60675073    
   1.62000000       3.61846638    
   1.63000000       3.63016868    
   1.63999999       3.64185500    
   1.64999998       3.65352225    
   1.65999997       3.66517758    
   1.66999996       3.67681026    
   1.67999995       3.68842816    
   1.68999994       3.70002413    
   1.69999993       3.71160340    
   1.70999992       3.72316098    
   1.71999991       3.73469400    
   1.73000002       3.74620724    
   1.74000001       3.75762677    
   1.75000000       3.76916575    
   1.75999999       3.78060985    
   1.76999998       3.79202819    
   1.77999997       3.80342126    
   1.78999996       3.81478643    
   1.79999995       3.82612491    
   1.80999994       3.83743453    
   1.81999993       3.84871531    
   1.82999992       3.85996628    
   1.83999991       3.87118602    
   1.84999990       3.88237453    
   1.86000001       3.89353132    
   1.87000000       3.90465355    
   1.88000000       3.91574049    
   1.88999999       3.92679071    
   1.89999998       3.93780637    
   1.90999997       3.94878507    
   1.91999996       3.95972586    
   1.92999995       3.97062469    
   1.93999994       3.98148465    
   1.94999993       3.99230170    
   1.95999992       4.00307655    
   1.96999991       4.01380634    
   1.97999990       4.02448893    
   1.99000001       4.03512907    
   2.00000000       4.04572105    
   2.00999999       4.05624199    
   2.01999998       4.06669712    
   2.02999997       4.07710028    
   2.03999996       4.08746481    
   2.04999995       4.09779406    
   2.05999994       4.10809565    
   2.06999993       4.11836767    
   2.07999992       4.12861872    
   2.08999991       4.13884783    
   2.09999990       4.14905977    
   2.10999990       4.15925503    
   2.11999989       4.16942883    
   2.12999988       4.17959404    
   2.13999987       4.18974113    
   2.14999986       4.19988060    
   2.15999985       4.21000290    
   2.16999984       4.22011614    
   2.18000007       4.23021746    
   2.19000006       4.24030876    
   2.20000005       4.25039148    
   2.21000004       4.26046515    
   2.22000003       4.27052879    
   2.23000002       4.28058290    
   2.24000001       4.29062939    
   2.25000000       4.30067062    
   2.25999999       4.31069803    
   2.26999998       4.32071972    
   2.27999997       4.33073759    
   2.28999996       4.34074736    
   2.29999995       4.35075045    
   2.30999994       4.36074638    
   2.31999993       4.37073755    
   2.32999992       4.38072157    
   2.33999991       4.39070177    
   2.34999990       4.40067196    
   2.35999990       4.41063929    
   2.36999989       4.42060137    
   2.37999988       4.43055916    
   2.38999987       4.44050694    
   2.39999986       4.45045614    
   2.40999985       4.46039963    
   2.41999984       4.47033405    
   2.42999983       4.48026752    
   2.44000006       4.49019718    
   2.45000005       4.50011778    
   2.46000004       4.51003838    
   2.47000003       4.51995134    
   2.48000002       4.52986050    
   2.49000001       4.53979397    
   2.50000000       4.54967403    
   2.50999999       4.55957508    
   2.51999998       4.56947088    
   2.52999997       4.57936096    
   2.53999996       4.58924675    
   2.54999995       4.59913254    
   2.55999994       4.60901594    
   2.56999993       4.61889362    
   2.57999992       4.62876892    
   2.58999991       4.63863945    
   2.59999990       4.64850903    
   2.60999990       4.65837383    
   2.61999989       4.66823912    
   2.62999988       4.67809534    
   2.63999987       4.68795252    
   2.64999986       4.69780827    
   2.65999985       4.70765781    
   2.66999984       4.71751022    
   2.67999983       4.72735119    
   2.69000006       4.73719501    
   2.70000005       4.74703693    
   2.71000004       4.75687790    
   2.72000003       4.76670504    
   2.73000002       4.77654648    
   2.74000001       4.78637409    
   2.75000000       4.79620647    
   2.75999999       4.80603313    
   2.76999998       4.81585646    
   2.77999997       4.82567596    
   2.78999996       4.83549547    
   2.79999995       4.84531403    
   2.80999994       4.85513115    
   2.81999993       4.86494541    
   2.82999992       4.87475491    
   2.83999991       4.88456535    
   2.84999990       4.89437103    
   2.85999990       4.90417767    
   2.86999989       4.91397905    
   2.87999988       4.92378235    
   2.88999987       4.93358469    
   2.89999986       4.94337988    
   2.90999985       4.95317793    
   2.91999984       4.96296930    
   2.92999983       4.97276402    
   2.93999982       4.98255825    
   2.95000005       4.99234533    
   2.96000004       5.00213051    
   2.97000003       5.01191998    
   2.98000002       5.02170467    
   2.99000001       5.03148699    
   3.00000000       5.04126930    
   3.00999999       5.05104780    
   3.01999998       5.06082678    
   3.02999997       5.07060099    
   3.03999996       5.08037806    
   3.04999995       5.09015131    
   3.05999994       5.09992313    
   3.06999993       5.10969591    
   3.07999992       5.11946535    
   3.08999991       5.12923384    
   3.09999990       5.13900089    
   3.10999990       5.14876366    
   3.11999989       5.15852833    
   3.12999988       5.16829014    
   3.13999987       5.17805338    
   3.14999986       5.18781376    
   3.15999985       5.19757223    
   3.16999984       5.20732975    
   3.17999983       5.21708727    
   3.18999982       5.22684336    
   3.19999981       5.23659611    
   3.21000004       5.24634695    
   3.22000003       5.25610256    
   3.23000002       5.26585054    
   3.24000001       5.27560282    
   3.25000000       5.28534698    
   3.25999999       5.29509306    
   3.26999998       5.30484104    
   3.27999997       5.31458473    
   3.28999996       5.32433081    
   3.29999995       5.33406973    
   3.30999994       5.34381151    
   3.31999993       5.35355377    
   3.32999992       5.36329174    
   3.33999991       5.37303400    
   3.34999990       5.38276529    
   3.35999990       5.39250708    
   3.36999989       5.40224171    
   3.37999988       5.41197205    
   3.38999987       5.42170382    
   3.39999986       5.43143702    
   3.40999985       5.44116735    
   3.41999984       5.45089674    
   3.42999983       5.46062565    
   3.43999982       5.47035646    
   3.44999981       5.48007774    
   3.46000004       5.48981142    
   3.47000003       5.49953461    
   3.48000002       5.50925732    
   3.49000001       5.51898193    
   3.50000000       5.52870560    
   3.50999999       5.53842354    
