   9.99999978E-03   7.40832707E-04
   1.99999996E-02   1.91118778E-03
   2.99999993E-02   1.14185633E-02
   3.99999991E-02   3.99198160E-02
   4.99999970E-02   8.76703039E-02
   5.99999987E-02  0.149499431    
   7.00000003E-02  0.220299989    
   7.99999982E-02  0.295301586    
   8.99999961E-02  0.371885300    
   9.99999940E-02  0.447666049    
  0.109999999      0.520423532    
  0.119999997      0.592643619    
  0.129999995      0.662291050    
  0.140000001      0.727581739    
  0.149999991      0.789354384    
  0.159999996      0.851447165    
  0.170000002      0.909007430    
  0.179999992      0.962386012    
  0.189999998       1.01611924    
  0.199999988       1.06630373    
  0.209999993       1.11268187    
  0.219999999       1.16258812    
  0.229999989       1.20496309    
  0.239999995       1.24541938    
  0.250000000       1.29133046    
  0.259999990       1.33234763    
  0.269999981       1.36611497    
  0.280000001       1.40082002    
  0.289999992       1.44234252    
  0.299999982       1.48127496    
  0.310000002       1.51355219    
  0.319999993       1.54073596    
  0.329999983       1.56811762    
  0.340000004       1.60237968    
  0.349999994       1.63816178    
  0.359999985       1.67164588    
  0.370000005       1.70119536    
  0.379999995       1.72617304    
  0.389999986       1.74736893    
  0.399999976       1.76808882    
  0.409999996       1.79398036    
  0.419999987       1.82222259    
  0.429999977       1.85112679    
  0.439999998       1.87972164    
  0.449999988       1.90721381    
  0.459999979       1.93290067    
  0.469999999       1.95618546    
  0.479999989       1.97665358    
  0.489999980       1.99426484    
  0.500000000       2.00990987    
  0.509999990       2.02743506    
  0.519999981       2.04685974    
  0.529999971       2.06740308    
  0.539999962       2.08869529    
  0.550000012       2.11046743    
  0.560000002       2.13250899    
  0.569999993       2.15463519    
  0.579999983       2.17666650    
  0.589999974       2.19842458    
  0.599999964       2.21971750    
  0.610000014       2.24036884    
  0.620000005       2.26017189    
  0.629999995       2.27893662    
  0.639999986       2.29645944    
  0.649999976       2.31256723    
  0.659999967       2.32713556    
  0.669999957       2.34042192    
  0.680000007       2.35407043    
  0.689999998       2.36823249    
  0.699999988       2.38278866    
  0.709999979       2.39767146    
  0.719999969       2.41281891    
  0.729999959       2.42819357    
  0.740000010       2.44376040    
  0.750000000       2.45948935    
  0.759999990       2.47535849    
  0.769999981       2.49133325    
  0.779999971       2.50740767    
  0.789999962       2.52355003    
  0.799999952       2.53974581    
  0.810000002       2.55597806    
  0.819999993       2.57222104    
  0.829999983       2.58845758    
  0.839999974       2.60467625    
  0.849999964       2.62085247    
  0.859999955       2.63695717    
  0.870000005       2.65298271    
  0.879999995       2.66889572    
  0.889999986       2.68467951    
  0.899999976       2.70030284    
  0.909999967       2.71574283    
  0.919999957       2.73096871    
  0.930000007       2.74594927    
  0.939999998       2.76065183    
  0.949999988       2.77504921    
  0.959999979       2.78909111    
  0.969999969       2.80274701    
  0.979999959       2.81596851    
  0.989999950       2.82871127    
   1.00000000       2.84092736    
   1.00999999       2.85277510    
   1.01999998       2.86455655    
   1.02999997       2.87631464    
   1.03999996       2.88807130    
   1.04999995       2.89983726    
   1.05999994       2.91161442    
   1.06999993       2.92340684    
   1.07999992       2.93521357    
   1.09000003       2.94703293    
   1.10000002       2.95886850    
   1.11000001       2.97071743    
   1.12000000       2.98258018    
   1.13000000       2.99445319    
   1.13999999       3.00633979    
   1.14999998       3.01823688    
   1.15999997       3.03014183    
   1.16999996       3.04205418    
   1.17999995       3.05398059    
   1.18999994       3.06591010    
   1.19999993       3.07785010    
   1.20999992       3.08979344    
   1.22000003       3.10174465    
   1.23000002       3.11369896    
   1.24000001       3.12565875    
   1.25000000       3.13762617    
   1.25999999       3.14959574    
   1.26999998       3.16156507    
   1.27999997       3.17354083    
   1.28999996       3.18551946    
   1.29999995       3.19749784    
   1.30999994       3.20947909    
   1.31999993       3.22145796    
   1.32999992       3.23344350    
   1.33999991       3.24542785    
   1.35000002       3.25740719    
   1.36000001       3.26939034    
   1.37000000       3.28136873    
   1.38000000       3.29334879    
   1.38999999       3.30532169    
   1.39999998       3.31729722    
   1.40999997       3.32926917    
   1.41999996       3.34123278    
   1.42999995       3.35319757    
   1.43999994       3.36515617    
   1.44999993       3.37710690    
   1.45999992       3.38905549    
   1.46999991       3.40099859    
   1.48000002       3.41293526    
   1.49000001       3.42486262    
   1.50000000       3.43678427    
   1.50999999       3.44869852    
   1.51999998       3.46060181    
   1.52999997       3.47249866    
   1.53999996       3.48438334    
   1.54999995       3.49625969    
   1.55999994       3.50812387    
   1.56999993       3.51997495    
   1.57999992       3.53181601    
   1.58999991       3.54364371    
   1.59999990       3.55546093    
   1.61000001       3.56726050    
   1.62000000       3.57904887    
   1.63000000       3.59081721    
   1.63999999       3.60215545    
   1.64999998       3.61431170    
   1.65999997       3.62603140    
   1.66999996       3.63773680    
   1.67999995       3.64941931    
   1.68999994       3.66108584    
   1.69999993       3.67273140    
   1.70999992       3.68435407    
   1.71999991       3.69595551    
   1.73000002       3.70753551    
   1.74000001       3.71909118    
   1.75000000       3.73062348    
   1.75999999       3.74213076    
   1.76999998       3.75361347    
   1.77999997       3.76506662    
   1.78999996       3.77649164    
   1.79999995       3.78789115    
   1.80999994       3.79925799    
   1.81999993       3.81059480    
   1.82999992       3.82190180    
   1.83999991       3.83317590    
   1.84999990       3.84441829    
   1.86000001       3.85562325    
   1.87000000       3.86679506    
   1.88000000       3.87792826    
   1.88999999       3.88902569    
   1.89999998       3.90008473    
   1.90999997       3.91110182    
   1.91999996       3.92207789    
   1.92999995       3.93301177    
   1.93999994       3.94390440    
   1.94999993       3.95475030    
   1.95999992       3.96555161    
   1.96999991       3.97630453    
   1.97999990       3.98700905    
   1.99000001       3.99766612    
   2.00000000       4.00826883    
   2.00999999       4.01879883    
   2.01999998       4.02925062    
   2.02999997       4.03964806    
   2.03999996       4.05000114    
   2.04999995       4.06031799    
   2.05999994       4.07060289    
   2.06999993       4.08085155    
   2.07999992       4.09108305    
   2.08999991       4.10129118    
   2.09999990       4.11147356    
   2.10999990       4.12164116    
   2.11999989       4.13179207    
   2.12999988       4.14192104    
   2.13999987       4.15204334    
   2.14999986       4.16215134    
   2.15999985       4.17224312    
   2.16999984       4.18231821    
   2.18000007       4.19238663    
   2.19000006       4.20244217    
   2.20000005       4.21248579    
   2.21000004       4.22252178    
   2.22000003       4.23254824    
   2.23000002       4.24256802    
   2.24000001       4.25257349    
   2.25000000       4.26257896    
   2.25999999       4.27256775    
   2.26999998       4.28255510    
   2.27999997       4.29253149    
   2.28999996       4.30249882    
   2.29999995       4.31246138    
   2.30999994       4.32241821    
   2.31999993       4.33236933    
   2.32999992       4.34231377    
   2.33999991       4.35225010    
   2.34999990       4.36217976    
   2.35999990       4.37210560    
   2.36999989       4.38202906    
   2.37999988       4.39194202    
   2.38999987       4.40185499    
   2.39999986       4.41175747    
   2.40999985       4.42165804    
   2.41999984       4.43155003    
   2.42999983       4.44144297    
   2.44000006       4.45132875    
   2.45000005       4.46121216    
   2.46000004       4.47108555    
   2.47000003       4.48096132    
   2.48000002       4.49082994    
   2.49000001       4.50069094    
   2.50000000       4.51055527    
   2.50999999       4.52041292    
   2.51999998       4.53026199    
   2.52999997       4.54011154    
   2.53999996       4.54995728    
   2.54999995       4.55979967    
   2.55999994       4.56963730    
   2.56999993       4.57947397    
   2.57999992       4.58930492    
   2.58999991       4.59913588    
   2.59999990       4.60895967    
   2.60999990       4.61878538    
   2.61999989       4.62860394    
   2.62999988       4.63842249    
   2.63999987       4.64823580    
   2.64999986       4.65804529    
   2.65999985       4.66785479    
   2.66999984       4.67765856    
   2.67999983       4.68746233    
   2.69000006       4.69726276    
   2.70000005       4.70706034    
   2.71000004       4.71685839    
   2.72000003       4.72665310    
   2.73000002       4.73643875    
   2.74000001       4.74622917    
   2.75000000       4.75601339    
   2.75999999       4.76579714    
   2.76999998       4.77557898    
   2.77999997       4.78535700    
   2.78999996       4.79513264    
   2.79999995       4.80490828    
   2.80999994       4.81468248    
   2.81999993       4.82445240    
   2.82999992       4.83421993    
   2.83999991       4.84398603    
   2.84999990       4.85375500    
   2.85999990       4.86351490    
   2.86999989       4.87327766    
   2.87999988       4.88303518    
   2.88999987       4.89279461    
   2.89999986       4.90254736    
   2.90999985       4.91230297    
   2.91999984       4.92205381    
   2.92999983       4.93180513    
   2.93999982       4.94155264    
   2.95000005       4.95130348    
   2.96000004       4.96104765    
   2.97000003       4.97079086    
   2.98000002       4.98052788    
   2.99000001       4.99027109    
   3.00000000       5.00001287    
   3.00999999       5.00974703    
   3.01999998       5.01948357    
   3.02999997       5.02921772    
   3.03999996       5.03894901    
   3.04999995       5.04868269    
   3.05999994       5.05841303    
   3.06999993       5.06814146    
   3.07999992       5.07787037    
   3.08999991       5.08759403    
   3.09999990       5.09732056    
   3.10999990       5.10703993    
   3.11999989       5.11676645    
   3.12999988       5.12647915    
   3.13999987       5.13620424    
   3.14999986       5.14592314    
   3.15999985       5.15563583    
   3.16999984       5.16534996    
   3.17999983       5.17506790    
   3.18999982       5.18477821    
   3.19999981       5.19449234    
   3.21000004       5.20420218    
   3.22000003       5.21390867    
   3.23000002       5.22362423    
   3.24000001       5.23332548    
   3.25000000       5.24303102    
   3.25999999       5.25273800    
   3.26999998       5.26244402    
   3.27999997       5.27214336    
   3.28999996       5.28184557    
   3.29999995       5.29154825    
   3.30999994       5.30124331    
   3.31999993       5.31094599    
   3.32999992       5.32064438    
   3.33999991       5.33033752    
   3.34999990       5.34002924    
   3.35999990       5.34972763    
   3.36999989       5.35941887    
   3.37999988       5.36911249    
   3.38999987       5.37880278    
   3.39999986       5.38849163    
   3.40999985       5.39818335    
   3.41999984       5.40786648    
   3.42999983       5.41755724    
   3.43999982       5.42724514    
   3.44999981       5.43692875    
   3.46000004       5.44661474    
   3.47000003       5.45629930    
   3.48000002       5.46597910    
   3.49000001       5.47566032    
   3.50000000       5.48534393    
   3.50999999       5.49502182    
