   9.99999978E-03   7.44639779E-04
   1.99999996E-02   2.75715184E-03
   2.99999993E-02   1.83725208E-02
   3.99999991E-02   5.89666776E-02
   4.99999970E-02  0.120479710    
   5.99999987E-02  0.195409060    
   7.00000003E-02  0.277400881    
   7.99999982E-02  0.361471087    
   8.99999961E-02  0.445039004    
   9.99999940E-02  0.526399136    
  0.109999999      0.603187859    
  0.119999997      0.678697288    
  0.129999995      0.750583172    
  0.140000001      0.817448556    
  0.149999991      0.880132020    
  0.159999996      0.942549407    
  0.170000002       1.00061786    
  0.179999992       1.05388415    
  0.189999998       1.10747540    
  0.199999988       1.15713334    
  0.209999993       1.20337594    
  0.219999999       1.25217855    
  0.229999989       1.29419231    
  0.239999995       1.33421457    
  0.250000000       1.37880611    
  0.259999990       1.41895354    
  0.269999981       1.45242965    
  0.280000001       1.48654199    
  0.289999992       1.52665269    
  0.299999982       1.56435764    
  0.310000002       1.59595120    
  0.319999993       1.62289894    
  0.329999983       1.64990640    
  0.340000004       1.68303752    
  0.349999994       1.71748912    
  0.359999985       1.74975109    
  0.370000005       1.77838612    
  0.379999995       1.80287623    
  0.389999986       1.82396543    
  0.399999976       1.84458232    
  0.409999996       1.86982095    
  0.419999987       1.89714897    
  0.429999977       1.92501080    
  0.439999998       1.95251620    
  0.449999988       1.97895086    
  0.459999979       2.00370455    
  0.469999999       2.02626157    
  0.479999989       2.04628563    
  0.489999980       2.06377125    
  0.500000000       2.07951164    
  0.509999990       2.09692764    
  0.519999981       2.11604691    
  0.529999971       2.13616133    
  0.539999962       2.15692425    
  0.550000012       2.17809081    
  0.560000002       2.19946647    
  0.569999993       2.22088265    
  0.579999983       2.24216318    
  0.589999974       2.26316404    
  0.599999964       2.28371096    
  0.610000014       2.30364299    
  0.620000005       2.32278800    
  0.629999995       2.34098196    
  0.639999986       2.35805464    
  0.649999976       2.37385964    
  0.659999967       2.38830876    
  0.669999957       2.40164018    
  0.680000007       2.41528988    
  0.689999998       2.42941475    
  0.699999988       2.44389725    
  0.709999979       2.45866942    
  0.719999969       2.47367692    
  0.729999959       2.48888612    
  0.740000010       2.50426078    
  0.750000000       2.51977277    
  0.759999990       2.53540277    
  0.769999981       2.55112433    
  0.779999971       2.56691504    
  0.789999962       2.58276176    
  0.799999952       2.59864545    
  0.810000002       2.61454988    
  0.819999993       2.63045096    
  0.829999983       2.64633679    
  0.839999974       2.66219330    
  0.849999964       2.67799425    
  0.859999955       2.69372845    
  0.870000005       2.70936799    
  0.879999995       2.72490048    
  0.889999986       2.74029875    
  0.899999976       2.75554371    
  0.909999967       2.77061176    
  0.919999957       2.78547692    
  0.930000007       2.80011249    
  0.939999998       2.81448865    
  0.949999988       2.82858324    
  0.959999979       2.84235096    
  0.969999969       2.85577178    
  0.979999959       2.86880064    
  0.989999950       2.88140035    
   1.00000000       2.89353061    
   1.00999999       2.90534520    
   1.01999998       2.91710377    
   1.02999997       2.92884874    
   1.03999996       2.94059587    
   1.04999995       2.95235300    
   1.05999994       2.96411991    
   1.06999993       2.97590375    
   1.07999992       2.98769975    
   1.09000003       2.99950743    
   1.10000002       3.01133013    
   1.11000001       3.02316332    
   1.12000000       3.03500843    
   1.13000000       3.04686308    
   1.13999999       3.05872488    
   1.14999998       3.07059979    
   1.15999997       3.08247828    
   1.16999996       3.09436464    
   1.17999995       3.10625601    
   1.18999994       3.11815476    
   1.19999993       3.13005781    
   1.20999992       3.14196539    
   1.22000003       3.15387797    
   1.23000002       3.16579127    
   1.24000001       3.17770529    
   1.25000000       3.18962669    
   1.25999999       3.20154691    
   1.26999998       3.21346951    
   1.27999997       3.22539282    
   1.28999996       3.23731875    
   1.29999995       3.24924064    
   1.30999994       3.26116371    
   1.31999993       3.27308583    
   1.32999992       3.28500915    
   1.33999991       3.29693174    
   1.35000002       3.30884790    
   1.36000001       3.32076693    
   1.37000000       3.33267999    
   1.38000000       3.34459186    
   1.38999999       3.35649800    
   1.39999998       3.36840248    
   1.40999997       3.38030100    
   1.41999996       3.39219427    
   1.42999995       3.40408134    
   1.43999994       3.41596580    
   1.44999993       3.42784286    
   1.45999992       3.43971419    
   1.46999991       3.45157790    
   1.48000002       3.46343446    
   1.49000001       3.47528219    
   1.50000000       3.48712349    
   1.50999999       3.49895239    
   1.51999998       3.51077700    
   1.52999997       3.52258825    
   1.53999996       3.53438926    
   1.54999995       3.54618216    
   1.55999994       3.55796123    
   1.56999993       3.56972861    
   1.57999992       3.58148265    
   1.58999991       3.59322524    
   1.59999990       3.60495567    
   1.61000001       3.61666822    
   1.62000000       3.62836862    
   1.63000000       3.64005256    
   1.63999999       3.65172219    
   1.64999998       3.66337299    
   1.65999997       3.67500901    
   1.66999996       3.68662596    
   1.67999995       3.69822788    
   1.68999994       3.70980453    
   1.69999993       3.72136664    
   1.70999992       3.73290539    
   1.71999991       3.74442339    
   1.73000002       3.75591874    
   1.74000001       3.76739502    
   1.75000000       3.77884412    
   1.75999999       3.79027200    
   1.76999998       3.80167246    
   1.77999997       3.81305027    
   1.78999996       3.82440066    
   1.79999995       3.83572125    
   1.80999994       3.84701920    
   1.81999993       3.85828638    
   1.82999992       3.86952400    
   1.83999991       3.88073206    
   1.84999990       3.89190602    
   1.86000001       3.90304613    
   1.87000000       3.91416025    
   1.88000000       3.92523408    
   1.88999999       3.93627524    
   1.89999998       3.94727969    
   1.90999997       3.95824909    
   1.91999996       3.96917796    
   1.92999995       3.98007035    
   1.93999994       3.99091935    
   1.94999993       4.00172949    
   1.95999992       4.01250029    
   1.96999991       4.02322149    
   1.97999990       4.03389978    
   1.99000001       4.04453850    
   2.00000000       4.05512810    
   2.00999999       4.06564522    
   2.01999998       4.07610226    
   2.02999997       4.08650589    
   2.03999996       4.09687471    
   2.04999995       4.10720730    
   2.05999994       4.11751175    
   2.06999993       4.12778997    
   2.07999992       4.13804293    
   2.08999991       4.14828396    
   2.09999990       4.15849638    
   2.10999990       4.16870070    
   2.11999989       4.17888165    
   2.12999988       4.18905401    
   2.13999987       4.19921207    
   2.14999986       4.20935631    
   2.15999985       4.21948719    
   2.16999984       4.22961187    
   2.18000007       4.23972034    
   2.19000006       4.24981928    
   2.20000005       4.25991154    
   2.21000004       4.26999426    
   2.22000003       4.28006792    
   2.23000002       4.29013300    
   2.24000001       4.30018663    
   2.25000000       4.31023455    
   2.25999999       4.32027721    
   2.26999998       4.33030844    
   2.27999997       4.34033346    
   2.28999996       4.35035324    
   2.29999995       4.36036682    
   2.30999994       4.37037420    
   2.31999993       4.38037443    
   2.32999992       4.39036942    
   2.33999991       4.40035629    
   2.34999990       4.41033792    
   2.35999990       4.42031717    
   2.36999989       4.43029404    
   2.37999988       4.44025850    
   2.38999987       4.45022154    
   2.39999986       4.46017694    
   2.40999985       4.47012901    
   2.41999984       4.48007536    
   2.42999983       4.49001932    
   2.44000006       4.49995470    
   2.45000005       4.50988960    
   2.46000004       4.51982117    
   2.47000003       4.52974367    
   2.48000002       4.53966665    
   2.49000001       4.54958916    
   2.50000000       4.55949974    
   2.50999999       4.56940746    
   2.51999998       4.57931757    
   2.52999997       4.58921862    
   2.53999996       4.59911728    
   2.54999995       4.60901403    
   2.55999994       4.61890459    
   2.56999993       4.62879372    
   2.57999992       4.63868093    
   2.58999991       4.64856434    
   2.59999990       4.65844250    
   2.60999990       4.66831923    
   2.61999989       4.67819309    
   2.62999988       4.68806267    
   2.63999987       4.69792747    
   2.64999986       4.70779562    
   2.65999985       4.71765757    
   2.66999984       4.72751808    
   2.67999983       4.73737240    
   2.69000006       4.74722862    
   2.70000005       4.75707912    
   2.71000004       4.76693010    
   2.72000003       4.77677631    
   2.73000002       4.78661251    
   2.74000001       4.79646015    
   2.75000000       4.80630064    
   2.75999999       4.81613636    
   2.76999998       4.82597256    
   2.77999997       4.83580160    
   2.78999996       4.84563541    
   2.79999995       4.85546112    
   2.80999994       4.86528921    
   2.81999993       4.87511253    
   2.82999992       4.88493681    
   2.83999991       4.89475679    
   2.84999990       4.90457439    
   2.85999990       4.91439247    
   2.86999989       4.92420721    
   2.87999988       4.93401814    
   2.88999987       4.94382668    
   2.89999986       4.95363808    
   2.90999985       4.96344233    
   2.91999984       4.97324991    
   2.92999983       4.98304892    
   2.93999982       4.99285316    
   2.95000005       5.00265265    
   2.96000004       5.01245451    
   2.97000003       5.02225256    
   2.98000002       5.03204536    
   2.99000001       5.04183817    
   3.00000000       5.05163240    
   3.00999999       5.06142378    
   3.01999998       5.07121134    
   3.02999997       5.08099651    
   3.03999996       5.09078646    
   3.04999995       5.10056973    
   3.05999994       5.11035252    
   3.06999993       5.12013340    
   3.07999992       5.12991524    
   3.08999991       5.13969469    
   3.09999990       5.14947081    
   3.10999990       5.15924501    
   3.11999989       5.16901970    
   3.12999988       5.17879391    
   3.13999987       5.18856621    
   3.14999986       5.19833517    
   3.15999985       5.20810461    
   3.16999984       5.21787500    
   3.17999983       5.22764301    
   3.18999982       5.23740864    
   3.19999981       5.24717236    
   3.21000004       5.25693703    
   3.22000003       5.26669645    
   3.23000002       5.27646112    
   3.24000001       5.28621817    
   3.25000000       5.29597664    
   3.25999999       5.30573320    
   3.26999998       5.31549168    
   3.27999997       5.32524538    
   3.28999996       5.33500099    
   3.29999995       5.34475470    
   3.30999994       5.35450363    
   3.31999993       5.36425638    
   3.32999992       5.37400150    
   3.33999991       5.38375664    
   3.34999990       5.39349937    
   3.35999990       5.40324736    
   3.36999989       5.41299248    
   3.37999988       5.42273808    
   3.38999987       5.43248272    
   3.39999986       5.44221973    
   3.40999985       5.45196533    
   3.41999984       5.46170282    
   3.42999983       5.47144413    
   3.43999982       5.48118067    
   3.44999981       5.49092007    
   3.46000004       5.50066042    
   3.47000003       5.51039314    
   3.48000002       5.52012777    
   3.49000001       5.52986145    
   3.50000000       5.53959179    
   3.50999999       5.54932547    
