   9.99999978E-03   7.42380216E-04
   1.99999996E-02   2.33546202E-03
   2.99999993E-02   1.51093854E-02
   3.99999991E-02   5.04178256E-02
   4.99999970E-02  0.106077291    
   5.99999987E-02  0.175559893    
   7.00000003E-02  0.252982110    
   7.99999982E-02  0.333407879    
   8.99999961E-02  0.414218694    
   9.99999940E-02  0.493398458    
  0.109999999      0.568635285    
  0.119999997      0.642906249    
  0.129999995      0.713975191    
  0.140000001      0.780286431    
  0.149999991      0.842666447    
  0.159999996      0.905024707    
  0.170000002      0.962958276    
  0.179999992       1.01631725    
  0.189999998       1.07003021    
  0.199999988       1.11993814    
  0.209999993       1.16628575    
  0.219999999       1.21557570    
  0.229999989       1.25776696    
  0.239999995       1.29800260    
  0.250000000       1.34316111    
  0.259999990       1.38368309    
  0.269999981       1.41730213    
  0.280000001       1.45168090    
  0.289999992       1.49238825    
  0.299999982       1.53060722    
  0.310000002       1.56252444    
  0.319999993       1.58955276    
  0.329999983       1.61672926    
  0.340000004       1.65033710    
  0.349999994       1.68533742    
  0.359999985       1.71810567    
  0.370000005       1.74711871    
  0.379999995       1.77181399    
  0.389999986       1.79296279    
  0.399999976       1.81363010    
  0.409999996       1.83914280    
  0.419999987       1.86684930    
  0.429999977       1.89514315    
  0.439999998       1.92309272    
  0.449999988       1.94996238    
  0.459999979       1.97509480    
  0.469999999       1.99794757    
  0.479999989       2.01815653    
  0.489999980       2.03569937    
  0.500000000       2.05140877    
  0.509999990       2.06887555    
  0.519999981       2.08812547    
  0.529999971       2.10842109    
  0.539999962       2.12939930    
  0.550000012       2.15081692    
  0.560000002       2.17246628    
  0.569999993       2.19417191    
  0.579999983       2.21576142    
  0.589999974       2.23706579    
  0.599999964       2.25791693    
  0.610000014       2.27813745    
  0.620000005       2.29755306    
  0.629999995       2.31597328    
  0.639999986       2.33323121    
  0.649999976       2.34915662    
  0.659999967       2.36365771    
  0.669999957       2.37697768    
  0.680000007       2.39062285    
  0.689999998       2.40476966    
  0.699999988       2.41928339    
  0.709999979       2.43410468    
  0.719999969       2.44917393    
  0.729999959       2.46445084    
  0.740000010       2.47990561    
  0.750000000       2.49550772    
  0.759999990       2.51123691    
  0.769999981       2.52706409    
  0.779999971       2.54297042    
  0.789999962       2.55894136    
  0.799999952       2.57495284    
  0.810000002       2.59098744    
  0.819999993       2.60703087    
  0.829999983       2.62306166    
  0.839999974       2.63906384    
  0.849999964       2.65501571    
  0.859999955       2.67089868    
  0.870000005       2.68669987    
  0.879999995       2.70238090    
  0.889999986       2.71793532    
  0.899999976       2.73333192    
  0.909999967       2.74855042    
  0.919999957       2.76355982    
  0.930000007       2.77833462    
  0.939999998       2.79284406    
  0.949999988       2.80705619    
  0.959999979       2.82093811    
  0.969999969       2.83444810    
  0.979999959       2.84755611    
  0.989999950       2.86021304    
   1.00000000       2.87237763    
   1.00999999       2.88420463    
   1.01999998       2.89597225    
   1.02999997       2.90772486    
   1.03999996       2.91947627    
   1.04999995       2.93123913    
   1.05999994       2.94301033    
   1.06999993       2.95479774    
   1.07999992       2.96659780    
   1.09000003       2.97841358    
   1.10000002       2.99023938    
   1.11000001       3.00208187    
   1.12000000       3.01393342    
   1.13000000       3.02579689    
   1.13999999       3.03767014    
   1.14999998       3.04955244    
   1.15999997       3.06144309    
   1.16999996       3.07334280    
   1.17999995       3.08525038    
   1.18999994       3.09716201    
   1.19999993       3.10907936    
   1.20999992       3.12100196    
   1.22000003       3.13292980    
   1.23000002       3.14486408    
   1.24000001       3.15679836    
   1.25000000       3.16873741    
   1.25999999       3.18067837    
   1.26999998       3.19262147    
   1.27999997       3.20456600    
   1.28999996       3.21651435    
   1.29999995       3.22846079    
   1.30999994       3.24040771    
   1.31999993       3.25235510    
   1.32999992       3.26430082    
   1.33999991       3.27624822    
   1.35000002       3.28819442    
   1.36000001       3.30013537    
   1.37000000       3.31207824    
   1.38000000       3.32401633    
   1.38999999       3.33595181    
   1.39999998       3.34788418    
   1.40999997       3.35981417    
   1.41999996       3.37173772    
   1.42999995       3.38365626    
   1.43999994       3.39557147    
   1.44999993       3.40748000    
   1.45999992       3.41938281    
   1.46999991       3.43127537    
   1.48000002       3.44316626    
   1.49000001       3.45504951    
   1.50000000       3.46692228    
   1.50999999       3.47878599    
   1.51999998       3.49064207    
   1.52999997       3.50248933    
   1.53999996       3.51439595    
   1.54999995       3.52615023    
   1.55999994       3.53796411    
   1.56999993       3.54976749    
   1.57999992       3.56155872    
   1.58999991       3.57333302    
   1.59999990       3.58509779    
   1.61000001       3.59684753    
   1.62000000       3.60858154    
   1.63000000       3.62030172    
   1.63999999       3.63200808    
   1.64999998       3.64369226    
   1.65999997       3.65536356    
   1.66999996       3.66701603    
   1.67999995       3.67864728    
   1.68999994       3.69026375    
   1.69999993       3.70185685    
   1.70999992       3.71343303    
   1.71999991       3.72498608    
   1.73000002       3.73651314    
   1.74000001       3.74802017    
   1.75000000       3.75950694    
   1.75999999       3.77096653    
   1.76999998       3.78239679    
   1.77999997       3.79380727    
   1.78999996       3.80518699    
   1.79999995       3.81654024    
   1.80999994       3.82786465    
   1.81999993       3.83915901    
   1.82999992       3.85042429    
   1.83999991       3.86165786    
   1.84999990       3.87286067    
   1.86000001       3.88402843    
   1.87000000       3.89516449    
   1.88000000       3.90626454    
   1.88999999       3.91732597    
   1.89999998       3.92835093    
   1.90999997       3.93934011    
   1.91999996       3.95028806    
   1.92999995       3.96119428    
   1.93999994       3.97206426    
   1.94999993       3.98288894    
   1.95999992       3.99366975    
   1.96999991       4.00440407    
   1.97999990       4.01509476    
   1.99000001       4.02573729    
   2.00000000       4.03633547    
   2.00999999       4.04685450    
   2.01999998       4.05730915    
   2.02999997       4.06771374    
   2.03999996       4.07807207    
   2.04999995       4.08840084    
   2.05999994       4.09869385    
   2.06999993       4.10896254    
   2.07999992       4.11920881    
   2.08999991       4.12943268    
   2.09999990       4.13963985    
   2.10999990       4.14982319    
   2.11999989       4.15999460    
   2.12999988       4.17015123    
   2.13999987       4.18029261    
   2.14999986       4.19041729    
   2.15999985       4.20053530    
   2.16999984       4.21063948    
   2.18000007       4.22073317    
   2.19000006       4.23081398    
   2.20000005       4.24088717    
   2.21000004       4.25095320    
   2.22000003       4.26100874    
   2.23000002       4.27105188    
   2.24000001       4.28108597    
   2.25000000       4.29111767    
   2.25999999       4.30113554    
   2.26999998       4.31115150    
   2.27999997       4.32115507    
   2.28999996       4.33115864    
   2.29999995       4.34115171    
   2.30999994       4.35113859    
   2.31999993       4.36111879    
   2.32999992       4.37109470    
   2.33999991       4.38106108    
   2.34999990       4.39102125    
   2.35999990       4.40097809    
   2.36999989       4.41092968    
   2.37999988       4.42087841    
   2.38999987       4.43081665    
   2.39999986       4.44075060    
   2.40999985       4.45068693    
   2.41999984       4.46061373    
   2.42999983       4.47053146    
   2.44000006       4.48045158    
   2.45000005       4.49035931    
   2.46000004       4.50027370    
   2.47000003       4.51017570    
   2.48000002       4.52007580    
   2.49000001       4.52997017    
   2.50000000       4.53986597    
   2.50999999       4.54975510    
   2.51999998       4.55964136    
   2.52999997       4.56951952    
   2.53999996       4.57939911    
   2.54999995       4.58927202    
   2.55999994       4.59914207    
   2.56999993       4.60901213    
   2.57999992       4.61887503    
   2.58999991       4.62873697    
   2.59999990       4.63859701    
   2.60999990       4.64844847    
   2.61999989       4.65830326    
   2.62999988       4.66814899    
   2.63999987       4.67799854    
   2.64999986       4.68783951    
   2.65999985       4.69768000    
   2.66999984       4.70751953    
   2.67999983       4.71735001    
   2.69000006       4.72718763    
   2.70000005       4.73701239    
   2.71000004       4.74684572    
   2.72000003       4.75666714    
   2.73000002       4.76649237    
   2.74000001       4.77631044    
   2.75000000       4.78612947    
   2.75999999       4.79594183    
   2.76999998       4.80575705    
   2.77999997       4.81556845    
   2.78999996       4.82537746    
   2.79999995       4.83518219    
   2.80999994       4.84499073    
   2.81999993       4.85479212    
   2.82999992       4.86459351    
   2.83999991       4.87439060    
   2.84999990       4.88418436    
   2.85999990       4.89398050    
   2.86999989       4.90378761    
   2.87999988       4.91356421    
   2.88999987       4.92335558    
   2.89999986       4.93314457    
   2.90999985       4.94292784    
   2.91999984       4.95271349    
   2.92999983       4.96249247    
   2.93999982       4.97227383    
   2.95000005       4.98205328    
   2.96000004       4.99183416    
   2.97000003       5.00160742    
   2.98000002       5.01137972    
   2.99000001       5.02115393    
   3.00000000       5.03092337    
   3.00999999       5.04069281    
   3.01999998       5.05046129    
   3.02999997       5.06022739    
   3.03999996       5.06999063    
   3.04999995       5.07975721    
   3.05999994       5.08951855    
   3.06999993       5.09927511    
   3.07999992       5.10903502    
   3.08999991       5.11879826    
   3.09999990       5.12854862    
   3.10999990       5.13830090    
   3.11999989       5.14805746    
   3.12999988       5.15780687    
   3.13999987       5.16755867    
   3.14999986       5.17731142    
   3.15999985       5.18705893    
   3.16999984       5.19680691    
   3.17999983       5.20655346    
   3.18999982       5.21629667    
   3.19999981       5.22603941    
   3.21000004       5.23578596    
   3.22000003       5.24552441    
   3.23000002       5.25526381    
   3.24000001       5.26500130    
   3.25000000       5.27473688    
   3.25999999       5.28447342    
   3.26999998       5.29421377    
   3.27999997       5.30394697    
   3.28999996       5.31368399    
   3.29999995       5.32341051    
   3.30999994       5.33314276    
   3.31999993       5.34286737    
   3.32999992       5.35259724    
   3.33999991       5.36232853    
   3.34999990       5.37205172    
   3.35999990       5.38177824    
   3.36999989       5.39150381    
   3.37999988       5.40122604    
   3.38999987       5.41095161    
   3.39999986       5.42067289    
   3.40999985       5.43039227    
   3.41999984       5.44011068    
   3.42999983       5.44982767    
   3.43999982       5.45954704    
   3.44999981       5.46926069    
   3.46000004       5.47898006    
   3.47000003       5.48869658    
   3.48000002       5.49840689    
   3.49000001       5.50811672    
   3.50000000       5.51778555    
   3.50999999       5.52754545    
