   9.99999978E-03   8.64016765E-04
   1.99999996E-02   1.57993250E-02
   2.99999993E-02   7.81405345E-02
   3.99999991E-02  0.178563014    
   4.99999970E-02  0.294437796    
   5.99999987E-02  0.412935674    
   7.00000003E-02  0.527524352    
   7.99999982E-02  0.634833157    
   8.99999961E-02  0.734007120    
   9.99999940E-02  0.826310515    
  0.109999999      0.909907579    
  0.119999997      0.989553511    
  0.129999995       1.06295121    
  0.140000001       1.13003886    
  0.149999991       1.19149983    
  0.159999996       1.25099611    
  0.170000002       1.30681252    
  0.179999992       1.35711122    
  0.189999998       1.40706718    
  0.199999988       1.45298672    
  0.209999993       1.49627078    
  0.219999999       1.53974557    
  0.229999989       1.57895184    
  0.239999995       1.61576962    
  0.250000000       1.65482593    
  0.259999990       1.69110155    
  0.269999981       1.72241187    
  0.280000001       1.75341702    
  0.289999992       1.78816020    
  0.299999982       1.82129133    
  0.310000002       1.85003626    
  0.319999993       1.87538934    
  0.329999983       1.90038204    
  0.340000004       1.92931569    
  0.349999994       1.95911825    
  0.359999985       1.98721778    
  0.370000005       2.01267409    
  0.379999995       2.03523469    
  0.389999986       2.05544090    
  0.399999976       2.07514191    
  0.409999996       2.09790206    
  0.419999987       2.12203932    
  0.429999977       2.14640379    
  0.439999998       2.17036033    
  0.449999988       2.19342303    
  0.459999979       2.21522021    
  0.469999999       2.23545146    
  0.479999989       2.25395203    
  0.489999980       2.27076244    
  0.500000000       2.28640151    
  0.509999990       2.30314517    
  0.519999981       2.32104468    
  0.529999971       2.33959436    
  0.539999962       2.35852575    
  0.550000012       2.37766290    
  0.560000002       2.39685845    
  0.569999993       2.41599321    
  0.579999983       2.43494987    
  0.589999974       2.45361781    
  0.599999964       2.47189760    
  0.610000014       2.48968697    
  0.620000005       2.50687647    
  0.629999995       2.52337766    
  0.639999986       2.53910375    
  0.649999976       2.55397463    
  0.659999967       2.56795526    
  0.669999957       2.58121872    
  0.680000007       2.59473372    
  0.689999998       2.60858774    
  0.699999988       2.62269092    
  0.709999979       2.63698554    
  0.719999969       2.65143585    
  0.729999959       2.66600680    
  0.740000010       2.68067360    
  0.750000000       2.69541430    
  0.759999990       2.71021438    
  0.769999981       2.72504878    
  0.779999971       2.73991275    
  0.789999962       2.75478053    
  0.799999952       2.76964903    
  0.810000002       2.78450012    
  0.819999993       2.79932261    
  0.829999983       2.81410551    
  0.839999974       2.82883716    
  0.849999964       2.84349895    
  0.859999955       2.85808516    
  0.870000005       2.87257528    
  0.879999995       2.88696933    
  0.889999986       2.90124130    
  0.899999976       2.91537690    
  0.909999967       2.92936993    
  0.919999957       2.94319534    
  0.930000007       2.95684600    
  0.939999998       2.97030330    
  0.949999988       2.98354506    
  0.959999979       2.99655390    
  0.969999969       3.00931501    
  0.979999959       3.02180696    
  0.989999950       3.03400564    
   1.00000000       3.04589152    
   1.00999999       3.05758166    
   1.01999998       3.06925321    
   1.02999997       3.08093023    
   1.03999996       3.09261560    
   1.04999995       3.10431695    
   1.05999994       3.11602378    
   1.06999993       3.12774253    
   1.07999992       3.13947034    
   1.09000003       3.15120697    
   1.10000002       3.16295171    
   1.11000001       3.17469788    
   1.12000000       3.18645048    
   1.13000000       3.19820547    
   1.13999999       3.20996523    
   1.14999998       3.22172236    
   1.15999997       3.23348188    
   1.16999996       3.24524212    
   1.17999995       3.25700164    
   1.18999994       3.26875877    
   1.19999993       3.28051639    
   1.20999992       3.29227018    
   1.22000003       3.30402231    
   1.23000002       3.31577325    
   1.24000001       3.32752371    
   1.25000000       3.33926249    
   1.25999999       3.35100365    
   1.26999998       3.36273766    
   1.27999997       3.37447166    
   1.28999996       3.38619757    
   1.29999995       3.39792204    
   1.30999994       3.40963912    
   1.31999993       3.42135239    
   1.32999992       3.43305874    
   1.33999991       3.44475937    
   1.35000002       3.45645547    
   1.36000001       3.46814346    
   1.37000000       3.47982788    
   1.38000000       3.49150252    
   1.38999999       3.50317216    
   1.39999998       3.51483512    
   1.40999997       3.52649140    
   1.41999996       3.53813863    
   1.42999995       3.54977751    
   1.43999994       3.56141090    
   1.44999993       3.57303071    
   1.45999992       3.58464432    
   1.46999991       3.59625125    
   1.48000002       3.60784745    
   1.49000001       3.61943340    
   1.50000000       3.63100958    
   1.50999999       3.64257216    
   1.51999998       3.65412951    
   1.52999997       3.66567516    
   1.53999996       3.67720795    
   1.54999995       3.68873119    
   1.55999994       3.70024252    
   1.56999993       3.71173882    
   1.57999992       3.72322512    
   1.58999991       3.73469639    
   1.59999990       3.74615645    
   1.61000001       3.75760102    
   1.62000000       3.76903296    
   1.63000000       3.78044748    
   1.63999999       3.79185319    
   1.64999998       3.80323839    
   1.65999997       3.81461072    
   1.66999996       3.82596421    
   1.67999995       3.83730412    
   1.68999994       3.84861636    
   1.69999993       3.85993052    
   1.70999992       3.87121487    
   1.71999991       3.88248372    
   1.73000002       3.89373565    
   1.74000001       3.90496778    
   1.75000000       3.91617846    
   1.75999999       3.92737198    
   1.76999998       3.93854284    
   1.77999997       3.94969249    
   1.78999996       3.96081948    
   1.79999995       3.97192717    
   1.80999994       3.98301387    
   1.81999993       3.99407339    
   1.82999992       4.00511122    
   1.83999991       4.01612568    
   1.84999990       4.02711582    
   1.86000001       4.03807783    
   1.87000000       4.04901552    
   1.88000000       4.05992842    
   1.88999999       4.07081938    
   1.89999998       4.08167410    
   1.90999997       4.09250307    
   1.91999996       4.10330439    
   1.92999995       4.11407852    
   1.93999994       4.12481785    
   1.94999993       4.13553476    
   1.95999992       4.14621449    
   1.96999991       4.15686274    
   1.97999990       4.16747570    
   1.99000001       4.17806482    
   2.00000000       4.18861675    
   2.00999999       4.19911909    
   2.01999998       4.20958662    
   2.02999997       4.22001600    
   2.03999996       4.23042679    
   2.04999995       4.24081469    
   2.05999994       4.25118446    
   2.06999993       4.26153851    
   2.07999992       4.27187824    
   2.08999991       4.28220272    
   2.09999990       4.29251528    
   2.10999990       4.30282068    
   2.11999989       4.31310844    
   2.12999988       4.32338762    
   2.13999987       4.33365822    
   2.14999986       4.34392309    
   2.15999985       4.35417271    
   2.16999984       4.36442089    
   2.18000007       4.37465525    
   2.19000006       4.38488245    
   2.20000005       4.39510727    
   2.21000004       4.40531969    
   2.22000003       4.41552925    
   2.23000002       4.42572689    
   2.24000001       4.43592024    
   2.25000000       4.44610834    
   2.25999999       4.45628786    
   2.26999998       4.46646261    
   2.27999997       4.47663260    
   2.28999996       4.48679686    
   2.29999995       4.49695349    
   2.30999994       4.50710392    
   2.31999993       4.51724911    
   2.32999992       4.52739096    
   2.33999991       4.53752565    
   2.34999990       4.54765224    
   2.35999990       4.55778122    
   2.36999989       4.56790257    
   2.37999988       4.57801867    
   2.38999987       4.58813429    
   2.39999986       4.59823513    
   2.40999985       4.60833883    
   2.41999984       4.61843920    
   2.42999983       4.62853050    
   2.44000006       4.63862085    
   2.45000005       4.64870596    
   2.46000004       4.65878725    
   2.47000003       4.66886520    
   2.48000002       4.67894125    
   2.49000001       4.68900871    
   2.50000000       4.69907141    
   2.50999999       4.70913649    
   2.51999998       4.71919537    
   2.52999997       4.72925186    
   2.53999996       4.73930216    
   2.54999995       4.74935102    
   2.55999994       4.75939560    
   2.56999993       4.76943588    
   2.57999992       4.77947569    
   2.58999991       4.78951025    
   2.59999990       4.79953957    
   2.60999990       4.80957270    
   2.61999989       4.81959629    
   2.62999988       4.82962132    
   2.63999987       4.83963823    
   2.64999986       4.84965706    
   2.65999985       4.85967350    
   2.66999984       4.86968899    
   2.67999983       4.87969637    
   2.69000006       4.88970232    
   2.70000005       4.89970446    
   2.71000004       4.90971041    
   2.72000003       4.91970730    
   2.73000002       4.92970276    
   2.74000001       4.93969488    
   2.75000000       4.94969177    
   2.75999999       4.95967674    
   2.76999998       4.96966600    
   2.77999997       4.97964859    
   2.78999996       4.98963118    
   2.79999995       4.99961042    
   2.80999994       5.00959349    
   2.81999993       5.01956844    
   2.82999992       5.02953911    
   2.83999991       5.03951311    
   2.84999990       5.04947662    
   2.85999990       5.05944777    
   2.86999989       5.06941795    
   2.87999988       5.07937860    
   2.88999987       5.08934355    
   2.89999986       5.09930325    
   2.90999985       5.10925674    
   2.91999984       5.11921501    
   2.92999983       5.12917137    
   2.93999982       5.13912249    
   2.95000005       5.14907646    
   2.96000004       5.15902710    
   2.97000003       5.16897154    
   2.98000002       5.17891693    
   2.99000001       5.18886232    
   3.00000000       5.19880486    
   3.00999999       5.20874596    
   3.01999998       5.21868944    
   3.02999997       5.22862339    
   3.03999996       5.23856020    
   3.04999995       5.24849129    
   3.05999994       5.25842810    
   3.06999993       5.26836014    
   3.07999992       5.27828789    
   3.08999991       5.28821850    
   3.09999990       5.29814529    
   3.10999990       5.30807018    
   3.11999989       5.31799555    
   3.12999988       5.32791948    
   3.13999987       5.33783913    
   3.14999986       5.34776258    
   3.15999985       5.35767937    
   3.16999984       5.36759663    
   3.17999983       5.37751436    
   3.18999982       5.38742685    
   3.19999981       5.39734173    
   3.21000004       5.40725660    
   3.22000003       5.41716146    
   3.23000002       5.42707539    
   3.24000001       5.43698311    
   3.25000000       5.44688797    
   3.25999999       5.45679617    
   3.26999998       5.46670055    
   3.27999997       5.47660446    
   3.28999996       5.48650599    
   3.29999995       5.49640846    
   3.30999994       5.50630713    
   3.31999993       5.51620436    
   3.32999992       5.52610636    
   3.33999991       5.53599834    
   3.34999990       5.54589224    
   3.35999990       5.55578852    
   3.36999989       5.56568289    
   3.37999988       5.57557726    
   3.38999987       5.58546257    
   3.39999986       5.59535789    
   3.40999985       5.60524559    
   3.41999984       5.61513424    
   3.42999983       5.62502146    
   3.43999982       5.63490629    
   3.44999981       5.64479017    
   3.46000004       5.65467548    
   3.47000003       5.66455650    
   3.48000002       5.67444181    
   3.49000001       5.68432140    
   3.50000000       5.69419956    
   3.50999999       5.70408297    
