   9.99999978E-03   7.66745768E-04
   1.99999996E-02   6.77431747E-03
   2.99999993E-02   4.18066196E-02
   3.99999991E-02  0.110898808    
   4.99999970E-02  0.200718984    
   5.99999987E-02  0.299794555    
   7.00000003E-02  0.400732934    
   7.99999982E-02  0.498986125    
   8.99999961E-02  0.592610002    
   9.99999940E-02  0.681443691    
  0.109999999      0.763228834    
  0.119999997      0.842282832    
  0.129999995      0.916097283    
  0.140000001      0.984024942    
  0.149999991       1.04681492    
  0.159999996       1.10835552    
  0.170000002       1.16591322    
  0.179999992       1.21804130    
  0.189999998       1.27020943    
  0.199999988       1.31819892    
  0.209999993       1.36327708    
  0.219999999       1.40946925    
  0.229999989       1.45025551    
  0.239999995       1.48883832    
  0.250000000       1.53061819    
  0.259999990       1.56884110    
  0.269999981       1.60135782    
  0.280000001       1.63397574    
  0.289999992       1.67128146    
  0.299999982       1.70659196    
  0.310000002       1.73674762    
  0.319999993       1.76297152    
  0.329999983       1.78901684    
  0.340000004       1.81993818    
  0.349999994       1.85190475    
  0.359999985       1.88192916    
  0.370000005       1.90886831    
  0.379999995       1.93236959    
  0.389999986       1.95307469    
  0.399999976       1.97328734    
  0.409999996       1.99722838    
  0.419999987       2.02285194    
  0.429999977       2.04882169    
  0.439999998       2.07439041    
  0.449999988       2.09897542    
  0.459999979       2.12210178    
  0.469999999       2.14338398    
  0.479999989       2.16259646    
  0.489999980       2.17975569    
  0.500000000       2.19551373    
  0.509999990       2.21261477    
  0.519999981       2.23110747    
  0.529999971       2.25039697    
  0.539999962       2.27017879    
  0.550000012       2.29024744    
  0.560000002       2.31043673    
  0.569999993       2.33059549    
  0.579999983       2.35059452    
  0.589999974       2.37029719    
  0.599999964       2.38958120    
  0.610000014       2.40831280    
  0.620000005       2.42636013    
  0.629999995       2.44360256    
  0.639999986       2.45992279    
  0.649999976       2.47521377    
  0.659999967       2.48942089    
  0.669999957       2.50273800    
  0.680000007       2.51635146    
  0.689999998       2.53035116    
  0.699999988       2.54465008    
  0.709999979       2.55918002    
  0.719999969       2.57390237    
  0.729999959       2.58878136    
  0.740000010       2.60378170    
  0.750000000       2.61888480    
  0.759999990       2.63406706    
  0.769999981       2.64931583    
  0.779999971       2.66460514    
  0.789999962       2.67992043    
  0.799999952       2.69525075    
  0.810000002       2.71057820    
  0.819999993       2.72588563    
  0.829999983       2.74116087    
  0.839999974       2.75639415    
  0.849999964       2.77156377    
  0.859999955       2.78665495    
  0.870000005       2.80165434    
  0.879999995       2.81654954    
  0.889999986       2.83130884    
  0.899999976       2.84593058    
  0.909999967       2.86038947    
  0.919999957       2.87466788    
  0.930000007       2.88874054    
  0.939999998       2.90259171    
  0.949999988       2.91619992    
  0.959999979       2.92953849    
  0.969999969       2.94258094    
  0.979999959       2.95529890    
  0.989999950       2.96766853    
   1.00000000       2.97966123    
   1.00999999       2.99141121    
   1.01999998       3.00312471    
   1.02999997       3.01483607    
   1.03999996       3.02655602    
   1.04999995       3.03828788    
   1.05999994       3.05002618    
   1.06999993       3.06178069    
   1.07999992       3.07354474    
   1.09000003       3.08531976    
   1.10000002       3.09710288    
   1.11000001       3.10889530    
   1.12000000       3.12069726    
   1.13000000       3.13250065    
   1.13999999       3.14431381    
   1.14999998       3.15612817    
   1.15999997       3.16794896    
   1.16999996       3.17977142    
   1.17999995       3.19159412    
   1.18999994       3.20342350    
   1.19999993       3.21525049    
   1.20999992       3.22707987    
   1.22000003       3.23890758    
   1.23000002       3.25073743    
   1.24000001       3.26256800    
   1.25000000       3.27439523    
   1.25999999       3.28622150    
   1.26999998       3.29804707    
   1.27999997       3.30986929    
   1.28999996       3.32169008    
   1.29999995       3.33350754    
   1.30999994       3.34532142    
   1.31999993       3.35713291    
   1.32999992       3.36894202    
   1.33999991       3.38074470    
   1.35000002       3.39254403    
   1.36000001       3.40432835    
   1.37000000       3.41613173    
   1.38000000       3.42791486    
   1.38999999       3.43969464    
   1.39999998       3.45146990    
   1.40999997       3.46323681    
   1.41999996       3.47499871    
   1.42999995       3.48674941    
   1.43999994       3.49849677    
   1.44999993       3.51023602    
   1.45999992       3.52197194    
   1.46999991       3.53369284    
   1.48000002       3.54540491    
   1.49000001       3.55711341    
   1.50000000       3.56881046    
   1.50999999       3.58049607    
   1.51999998       3.59217215    
   1.52999997       3.60383797    
   1.53999996       3.61549377    
   1.54999995       3.62713695    
   1.55999994       3.63876557    
   1.56999993       3.65038753    
   1.57999992       3.66199160    
   1.58999991       3.67358541    
   1.59999990       3.68516469    
   1.61000001       3.69673419    
   1.62000000       3.70828199    
   1.63000000       3.71981978    
   1.63999999       3.73134136    
   1.64999998       3.74284554    
   1.65999997       3.75433230    
   1.66999996       3.76580358    
   1.67999995       3.77725935    
   1.68999994       3.78869414    
   1.69999993       3.80011296    
   1.70999992       3.81151056    
   1.71999991       3.82288980    
   1.73000002       3.83424759    
   1.74000001       3.84558463    
   1.75000000       3.85690236    
   1.75999999       3.86819601    
   1.76999998       3.87946963    
   1.77999997       3.89071965    
   1.78999996       3.90194368    
   1.79999995       3.91314292    
   1.80999994       3.92431831    
   1.81999993       3.93547153    
   1.82999992       3.94659376    
   1.83999991       3.95769119    
   1.84999990       3.96876168    
   1.86000001       3.97980189    
   1.87000000       3.99081516    
   1.88000000       4.00179529    
   1.88999999       4.01275015    
   1.89999998       4.02366924    
   1.90999997       4.03455448    
   1.91999996       4.04541302    
   1.92999995       4.05623388    
   1.93999994       4.06702471    
   1.94999993       4.07777882    
   1.95999992       4.08849430    
   1.96999991       4.09917784    
   1.97999990       4.10981941    
   1.99000001       4.12042475    
   2.00000000       4.13099098    
   2.00999999       4.14149952    
   2.01999998       4.15195942    
   2.02999997       4.16237974    
   2.03999996       4.17276907    
   2.04999995       4.18312979    
   2.05999994       4.19347048    
   2.06999993       4.20379114    
   2.07999992       4.21409321    
   2.08999991       4.22438049    
   2.09999990       4.23465061    
   2.10999990       4.24490643    
   2.11999989       4.25515127    
   2.12999988       4.26538229    
   2.13999987       4.27560806    
   2.14999986       4.28581667    
   2.15999985       4.29601479    
   2.16999984       4.30620813    
   2.18000007       4.31639051    
   2.19000006       4.32656479    
   2.20000005       4.33672667    
   2.21000004       4.34688616    
   2.22000003       4.35703230    
   2.23000002       4.36717415    
   2.24000001       4.37730694    
   2.25000000       4.38743496    
   2.25999999       4.39755249    
   2.26999998       4.40766859    
   2.27999997       4.41777420    
   2.28999996       4.42787361    
   2.29999995       4.43796921    
   2.30999994       4.44805622    
   2.31999993       4.45814323    
   2.32999992       4.46821642    
   2.33999991       4.47829199    
   2.34999990       4.48835468    
   2.35999990       4.49842358    
   2.36999989       4.50847387    
   2.37999988       4.51852465    
   2.38999987       4.52857351    
   2.39999986       4.53861570    
   2.40999985       4.54864931    
   2.41999984       4.55868435    
   2.42999983       4.56871462    
   2.44000006       4.57873583    
   2.45000005       4.58875418    
   2.46000004       4.59877348    
   2.47000003       4.60878372    
   2.48000002       4.61879492    
   2.49000001       4.62879658    
   2.50000000       4.63879442    
   2.50999999       4.64879465    
   2.51999998       4.65878344    
   2.52999997       4.66877604    
   2.53999996       4.67876005    
   2.54999995       4.68874311    
   2.55999994       4.69872236    
   2.56999993       4.70869684    
   2.57999992       4.71867323    
   2.58999991       4.72863865    
   2.59999990       4.73860359    
   2.60999990       4.74856997    
   2.61999989       4.75853109    
   2.62999988       4.76848936    
   2.63999987       4.77844143    
   2.64999986       4.78839302    
   2.65999985       4.79834032    
   2.66999984       4.80828524    
   2.67999983       4.81822824    
   2.69000006       4.82817364    
   2.70000005       4.83811140    
   2.71000004       4.84804916    
   2.72000003       4.85797930    
   2.73000002       4.86790752    
   2.74000001       4.87783670    
   2.75000000       4.88776588    
   2.75999999       4.89768982    
   2.76999998       4.90761089    
   2.77999997       4.91753006    
   2.78999996       4.92744780    
   2.79999995       4.93735981    
   2.80999994       4.94727421    
   2.81999993       4.95718431    
   2.82999992       4.96709251    
   2.83999991       4.97699451    
   2.84999990       4.98689938    
   2.85999990       4.99680376    
   2.86999989       5.00670910    
   2.87999988       5.01660776    
   2.88999987       5.02650404    
   2.89999986       5.03639460    
   2.90999985       5.04629183    
   2.91999984       5.05618286    
   2.92999983       5.06607151    
   2.93999982       5.07595873    
   2.95000005       5.08584642    
   2.96000004       5.09572840    
   2.97000003       5.10561419    
   2.98000002       5.11549330    
   2.99000001       5.12537050    
   3.00000000       5.13525152    
   3.00999999       5.14512730    
   3.01999998       5.15500021    
   3.02999997       5.16487551    
   3.03999996       5.17474842    
   3.04999995       5.18461514    
   3.05999994       5.19448233    
   3.06999993       5.20435095    
   3.07999992       5.21421480    
   3.08999991       5.22407961    
   3.09999990       5.23394442    
   3.10999990       5.24380255    
   3.11999989       5.25366402    
   3.12999988       5.26352310    
   3.13999987       5.27338219    
   3.14999986       5.28323746    
   3.15999985       5.29309082    
   3.16999984       5.30294371    
   3.17999983       5.31279469    
   3.18999982       5.32264996    
   3.19999981       5.33249569    
   3.21000004       5.34234428    
   3.22000003       5.35219049    
   3.23000002       5.36203766    
   3.24000001       5.37188053    
   3.25000000       5.38172579    
   3.25999999       5.39156389    
   3.26999998       5.40140772    
   3.27999997       5.41124487    
   3.28999996       5.42108583    
   3.29999995       5.43092632    
   3.30999994       5.44076109    
   3.31999993       5.45059395    
   3.32999992       5.46043062    
   3.33999991       5.47026205    
   3.34999990       5.48009253    
   3.35999990       5.48992586    
   3.36999989       5.49975491    
   3.37999988       5.50958300    
   3.38999987       5.51941156    
   3.39999986       5.52923727    
   3.40999985       5.53906298    
   3.41999984       5.54888630    
   3.42999983       5.55870676    
   3.43999982       5.56853247    
   3.44999981       5.57835245    
   3.46000004       5.58817530    
   3.47000003       5.59799480    
   3.48000002       5.47896194    
   3.49000001       5.61763048    
   3.50000000       5.62744427    
   3.50999999       5.63726521    
