   9.99999978E-03   7.61828909E-04
   1.99999996E-02   5.94807137E-03
   2.99999993E-02   3.72706912E-02
   3.99999991E-02  0.102449380    
   4.99999970E-02  0.188303173    
   5.99999987E-02  0.284192592    
   7.00000003E-02  0.382751137    
   7.99999982E-02  0.479316622    
   8.99999961E-02  0.571809292    
   9.99999940E-02  0.659853756    
  0.109999999      0.741147578    
  0.119999997      0.819908023    
  0.129999995      0.893617332    
  0.140000001      0.961534739    
  0.149999991       1.02441764    
  0.159999996       1.08617651    
  0.170000002       1.14389992    
  0.179999992       1.19624496    
  0.189999998       1.24867892    
  0.199999988       1.29694068    
  0.209999993       1.34223616    
  0.219999999       1.38881457    
  0.229999989       1.42980587    
  0.239999995       1.46862292    
  0.250000000       1.51080251    
  0.259999990       1.54930735    
  0.269999981       1.58198130    
  0.280000001       1.61481702    
  0.289999992       1.65252054    
  0.299999982       1.68816125    
  0.310000002       1.71852136    
  0.319999993       1.74486291    
  0.329999983       1.77105391    
  0.340000004       1.80227864    
  0.349999994       1.83458233    
  0.359999985       1.86490297    
  0.370000005       1.89207208    
  0.379999995       1.91571355    
  0.389999986       1.93648195    
  0.399999976       1.95676255    
  0.409999996       1.98088562    
  0.419999987       2.00673604    
  0.429999977       2.03296113    
  0.439999998       2.05878162    
  0.449999988       2.08360910    
  0.459999979       2.10694814    
  0.469999999       2.12839842    
  0.479999989       2.14771819    
  0.489999980       2.16493154    
  0.500000000       2.18069482    
  0.509999990       2.19784355    
  0.519999981       2.21642780    
  0.529999971       2.23582816    
  0.539999962       2.25573993    
  0.550000012       2.27595711    
  0.560000002       2.29630136    
  0.569999993       2.31662536    
  0.579999983       2.33679152    
  0.589999974       2.35666394    
  0.599999964       2.37610817    
  0.610000014       2.39499211    
  0.620000005       2.41318226    
  0.629999995       2.43054628    
  0.639999986       2.44696116    
  0.649999976       2.46231604    
  0.659999967       2.47655773    
  0.669999957       2.48988366    
  0.680000007       2.50350475    
  0.689999998       2.51752543    
  0.699999988       2.53185153    
  0.709999979       2.54641819    
  0.719999969       2.56117964    
  0.729999959       2.57610440    
  0.740000010       2.59115839    
  0.750000000       2.60631680    
  0.759999990       2.62156010    
  0.769999981       2.63686919    
  0.779999971       2.65222335    
  0.789999962       2.66761112    
  0.799999952       2.68301511    
  0.810000002       2.69841647    
  0.819999993       2.71380258    
  0.829999983       2.72915649    
  0.839999974       2.74447203    
  0.849999964       2.75972176    
  0.859999955       2.77489662    
  0.870000005       2.78997827    
  0.879999995       2.80494928    
  0.889999986       2.81979465    
  0.899999976       2.83449554    
  0.909999967       2.84903288    
  0.919999957       2.86338353    
  0.930000007       2.87752843    
  0.939999998       2.89144754    
  0.949999988       2.90511346    
  0.959999979       2.91850328    
  0.969999969       2.93159413    
  0.979999959       2.94435239    
  0.989999950       2.95675159    
   1.00000000       2.96876264    
   1.00999999       2.98051834    
   1.01999998       2.99223971    
   1.02999997       3.00395226    
   1.03999996       3.01567888    
   1.04999995       3.02741194    
   1.05999994       3.03916097    
   1.06999993       3.05091691    
   1.07999992       3.06268716    
   1.09000003       3.07446814    
   1.10000002       3.08625722    
   1.11000001       3.09805727    
   1.12000000       3.10986114    
   1.13000000       3.12167335    
   1.13999999       3.13349581    
   1.14999998       3.14531732    
   1.15999997       3.15714431    
   1.16999996       3.16897774    
   1.17999995       3.18081212    
   1.18999994       3.19265032    
   1.19999993       3.20448875    
   1.20999992       3.21633053    
   1.22000003       3.22817087    
   1.23000002       3.24001050    
   1.24000001       3.25185037    
   1.25000000       3.26369238    
   1.25999999       3.27553201    
   1.26999998       3.28736997    
   1.27999997       3.29920888    
   1.28999996       3.31103969    
   1.29999995       3.32287383    
   1.30999994       3.33470464    
   1.31999993       3.34653139    
   1.32999992       3.35835481    
   1.33999991       3.37017441    
   1.35000002       3.38198996    
   1.36000001       3.39380145    
   1.37000000       3.40560699    
   1.38000000       3.41740966    
   1.38999999       3.42920732    
   1.39999998       3.44099665    
   1.40999997       3.45278311    
   1.41999996       3.46456194    
   1.42999995       3.47633243    
   1.43999994       3.48809767    
   1.44999993       3.49985433    
   1.45999992       3.51160789    
   1.46999991       3.52334762    
   1.48000002       3.53508115    
   1.49000001       3.54680729    
   1.50000000       3.55852246    
   1.50999999       3.57022595    
   1.51999998       3.58192372    
   1.52999997       3.59360480    
   1.53999996       3.60528088    
   1.54999995       3.61694241    
   1.55999994       3.62859416    
   1.56999993       3.64023328    
   1.57999992       3.65186048    
   1.58999991       3.66347241    
   1.59999990       3.67506981    
   1.61000001       3.68665600    
   1.62000000       3.69822526    
   1.63000000       3.70978260    
   1.63999999       3.72131944    
   1.64999998       3.73284483    
   1.65999997       3.74435353    
   1.66999996       3.75584221    
   1.67999995       3.76731443    
   1.68999994       3.77877307    
   1.69999993       3.79020548    
   1.70999992       3.80162215    
   1.71999991       3.81302071    
   1.73000002       3.82439375    
   1.74000001       3.83575082    
   1.75000000       3.84708309    
   1.75999999       3.85839605    
   1.76999998       3.86968327    
   1.77999997       3.88094783    
   1.78999996       3.89219093    
   1.79999995       3.90340710    
   1.80999994       3.91459775    
   1.81999993       3.92576194    
   1.82999992       3.93690109    
   1.83999991       3.94801211    
   1.84999990       3.95909548    
   1.86000001       3.97014952    
   1.87000000       3.98117423    
   1.88000000       3.99216509    
   1.88999999       4.00313091    
   1.89999998       4.01406193    
   1.90999997       4.02496004    
   1.91999996       4.03582478    
   1.92999995       4.04665422    
   1.93999994       4.05745077    
   1.94999993       4.06821299    
   1.95999992       4.07893515    
   1.96999991       4.08962250    
   1.97999990       4.10027075    
   1.99000001       4.11087751    
   2.00000000       4.12144470    
   2.00999999       4.13195658    
   2.01999998       4.14241457    
   2.02999997       4.15283394    
   2.03999996       4.16321850    
   2.04999995       4.17357826    
   2.05999994       4.18391609    
   2.06999993       4.19423008    
   2.07999992       4.20452738    
   2.08999991       4.21480751    
   2.09999990       4.22507000    
   2.10999990       4.23531961    
   2.11999989       4.24555492    
   2.12999988       4.25578022    
   2.13999987       4.26599407    
   2.14999986       4.27619600    
   2.15999985       4.28639078    
   2.16999984       4.29657173    
   2.18000007       4.30674458    
   2.19000006       4.31690884    
   2.20000005       4.32706261    
   2.21000004       4.33720970    
   2.22000003       4.34734583    
   2.23000002       4.35747957    
   2.24000001       4.36759949    
   2.25000000       4.37771940    
   2.25999999       4.38782978    
   2.26999998       4.39793396    
   2.27999997       4.40803003    
   2.28999996       4.41811943    
   2.29999995       4.42820358    
   2.30999994       4.43828249    
   2.31999993       4.44835758    
   2.32999992       4.45842171    
   2.33999991       4.46848249    
   2.34999990       4.47853518    
   2.35999990       4.48859024    
   2.36999989       4.49863529    
   2.37999988       4.50867605    
   2.38999987       4.51871061    
   2.39999986       4.52874613    
   2.40999985       4.53877020    
   2.41999984       4.54879093    
   2.42999983       4.55880928    
   2.44000006       4.56882334    
   2.45000005       4.57883215    
   2.46000004       4.58883762    
   2.47000003       4.59884024    
   2.48000002       4.60883713    
   2.49000001       4.61883163    
   2.50000000       4.62881804    
   2.50999999       4.63880253    
   2.51999998       4.64878464    
   2.52999997       4.65876484    
   2.53999996       4.66873598    
   2.54999995       4.67871332    
   2.55999994       4.68867779    
   2.56999993       4.69864225    
   2.57999992       4.70860577    
   2.58999991       4.71856356    
   2.59999990       4.72851515    
   2.60999990       4.73847055    
   2.61999989       4.74841976    
   2.62999988       4.75836563    
   2.63999987       4.76830816    
   2.64999986       4.77825212    
   2.65999985       4.78819132    
   2.66999984       4.79812098    
   2.67999983       4.80805397    
   2.69000006       4.81798458    
   2.70000005       4.82791376    
   2.71000004       4.83783722    
   2.72000003       4.84776211    
   2.73000002       4.85767984    
   2.74000001       4.86759329    
   2.75000000       4.87751532    
   2.75999999       4.88742733    
   2.76999998       4.89733601    
   2.77999997       4.90724659    
   2.78999996       4.91715097    
   2.79999995       4.92705297    
   2.80999994       4.93695688    
   2.81999993       4.94685507    
   2.82999992       4.95675421    
   2.83999991       4.96664810    
   2.84999990       4.97654200    
   2.85999990       4.98643494    
   2.86999989       4.99632454    
   2.87999988       5.00621414    
   2.88999987       5.01609993    
   2.89999986       5.02598381    
   2.90999985       5.03586483    
   2.91999984       5.04574585    
   2.92999983       5.05551338    
   2.93999982       5.06550169    
   2.95000005       5.07538033    
   2.96000004       5.08525085    
   2.97000003       5.09512234    
   2.98000002       5.10499096    
   2.99000001       5.11486053    
   3.00000000       5.12472534    
   3.00999999       5.13459587    
   3.01999998       5.14446115    
   3.02999997       5.15432262    
   3.03999996       5.16418695    
   3.04999995       5.17403936    
   3.05999994       5.18389893    
   3.06999993       5.19375372    
   3.07999992       5.20361233    
   3.08999991       5.21346283    
   3.09999990       5.22331524    
   3.10999990       5.23316383    
   3.11999989       5.24301720    
   3.12999988       5.25286341    
   3.13999987       5.26270723    
   3.14999986       5.27255726    
   3.15999985       5.28239632    
   3.16999984       5.29224253    
   3.17999983       5.30208206    
   3.18999982       5.31192160    
   3.19999981       5.32175970    
   3.21000004       5.33159971    
   3.22000003       5.34143257    
   3.23000002       5.35127163    
   3.24000001       5.36110163    
   3.25000000       5.37093544    
   3.25999999       5.38076687    
   3.26999998       5.39059830    
   3.27999997       5.40042591    
   3.28999996       5.41025543    
   3.29999995       5.42008066    
   3.30999994       5.42990589    
   3.31999993       5.43973112    
   3.32999992       5.44955635    
   3.33999991       5.45937347    
   3.34999990       5.46919632    
   3.35999990       5.47901917    
   3.36999989       5.48884058    
   3.37999988       5.49865675    
   3.38999987       5.50847387    
   3.39999986       5.51828671    
   3.40999985       5.52810764    
   3.41999984       5.53791714    
   3.42999983       5.54773188    
   3.43999982       5.55754137    
   3.44999981       5.56735325    
   3.46000004       5.57716227    
   3.47000003       5.58697414    
   3.48000002       5.59678173    
   3.49000001       5.60658836    
   3.50000000       5.61639643    
   3.50999999       5.62619972    
