   9.99999978E-03   9.04255372E-04
   1.99999996E-02   1.83396991E-02
   2.99999993E-02   8.67899805E-02
   3.99999991E-02  0.193329856    
   4.99999970E-02  0.313846618    
   5.99999987E-02  0.435532689    
   7.00000003E-02  0.552204609    
   7.99999982E-02  0.660768270    
   8.99999961E-02  0.760605574    
   9.99999940E-02  0.853222430    
  0.109999999      0.936900616    
  0.119999997       1.01641893    
  0.129999995       1.08955014    
  0.140000001       1.15632987    
  0.149999991       1.21742547    
  0.159999996       1.27644181    
  0.170000002       1.33183575    
  0.179999992       1.38173544    
  0.189999998       1.43121111    
  0.199999988       1.47670674    
  0.209999993       1.51960456    
  0.219999999       1.56255710    
  0.229999989       1.60143483    
  0.239999995       1.63789678    
  0.250000000       1.67644680    
  0.259999990       1.71234441    
  0.269999981       1.74341023    
  0.280000001       1.77410364    
  0.289999992       1.80837989    
  0.299999982       1.84111142    
  0.310000002       1.86958969    
  0.319999993       1.89476597    
  0.329999983       1.91955471    
  0.340000004       1.94812787    
  0.349999994       1.97754395    
  0.359999985       2.00529814    
  0.370000005       2.03049159    
  0.379999995       2.05287862    
  0.389999986       2.07297921    
  0.399999976       2.09258032    
  0.409999996       2.11512423    
  0.419999987       2.13899136    
  0.429999977       2.16307640    
  0.439999998       2.18674803    
  0.449999988       2.20954967    
  0.459999979       2.23111463    
  0.469999999       2.25116062    
  0.479999989       2.26953197    
  0.489999980       2.28627253    
  0.500000000       2.30188370    
  0.509999990       2.31855321    
  0.519999981       2.33634830    
  0.529999971       2.35475850    
  0.539999962       2.37354112    
  0.550000012       2.39251232    
  0.560000002       2.41153717    
  0.569999993       2.43048930    
  0.579999983       2.44926620    
  0.589999974       2.46775770    
  0.599999964       2.48586559    
  0.610000014       2.50349355    
  0.620000005       2.52053928    
  0.629999995       2.53691626    
  0.639999986       2.55253720    
  0.649999976       2.56733727    
  0.659999967       2.58127689    
  0.669999957       2.59452271    
  0.680000007       2.60801864    
  0.689999998       2.62184310    
  0.699999988       2.63590837    
  0.709999979       2.65015984    
  0.719999969       2.66455841    
  0.729999959       2.67907262    
  0.740000010       2.69368196    
  0.750000000       2.70835781    
  0.759999990       2.72308493    
  0.769999981       2.73784924    
  0.779999971       2.75263453    
  0.789999962       2.76742840    
  0.799999952       2.78221273    
  0.810000002       2.79698205    
  0.819999993       2.81171894    
  0.829999983       2.82641625    
  0.839999974       2.84106135    
  0.849999964       2.85563898    
  0.859999955       2.87013531    
  0.870000005       2.88454509    
  0.879999995       2.89885020    
  0.889999986       2.91303563    
  0.899999976       2.92709279    
  0.909999967       2.94100666    
  0.919999957       2.95476031    
  0.930000007       2.96833777    
  0.939999998       2.98172641    
  0.949999988       2.99490690    
  0.959999979       3.00786376    
  0.969999969       3.02057719    
  0.979999959       3.03302836    
  0.989999950       3.04519677    
   1.00000000       3.05706787    
   1.00999999       3.06874704    
   1.01999998       3.08041191    
   1.02999997       3.09208155    
   1.03999996       3.10376215    
   1.04999995       3.11545515    
   1.05999994       3.12715673    
   1.06999993       3.13887095    
   1.07999992       3.15059137    
   1.09000003       3.16231918    
   1.10000002       3.17405462    
   1.11000001       3.18579221    
   1.12000000       3.19753718    
   1.13000000       3.20928097    
   1.13999999       3.22103167    
   1.14999998       3.23277521    
   1.15999997       3.24452519    
   1.16999996       3.25627375    
   1.17999995       3.26802206    
   1.18999994       3.27976394    
   1.19999993       3.29150915    
   1.20999992       3.30325103    
   1.22000003       3.31498861    
   1.23000002       3.32672572    
   1.24000001       3.33845615    
   1.25000000       3.35018373    
   1.25999999       3.36190820    
   1.26999998       3.37362790    
   1.27999997       3.38534284    
   1.28999996       3.39705515    
   1.29999995       3.40876079    
   1.30999994       3.42045856    
   1.31999993       3.43215394    
   1.32999992       3.44384408    
   1.33999991       3.45552516    
   1.35000002       3.46720457    
   1.36000001       3.47887564    
   1.37000000       3.49053669    
   1.38000000       3.50219369    
   1.38999999       3.51384568    
   1.39999998       3.52548718    
   1.40999997       3.53712225    
   1.41999996       3.54875040    
   1.42999995       3.56037021    
   1.43999994       3.57197928    
   1.44999993       3.58358097    
   1.45999992       3.59517527    
   1.46999991       3.60675979    
   1.48000002       3.61833405    
   1.49000001       3.62989902    
   1.50000000       3.64145541    
   1.50999999       3.65300059    
   1.51999998       3.66453433    
   1.52999997       3.67605472    
   1.53999996       3.68757081    
   1.54999995       3.69907093    
   1.55999994       3.71056032    
   1.56999993       3.72203755    
   1.57999992       3.73350000    
   1.58999991       3.74495125    
   1.59999990       3.75639200    
   1.61000001       3.76781487    
   1.62000000       3.77922487    
   1.63000000       3.79062223    
   1.63999999       3.80200219    
   1.64999998       3.81337142    
   1.65999997       3.82472157    
   1.66999996       3.83605671    
   1.67999995       3.84737468    
   1.68999994       3.85867763    
   1.69999993       3.86996579    
   1.70999992       3.88123107    
   1.71999991       3.89248061    
   1.73000002       3.90371394    
   1.74000001       3.91492677    
   1.75000000       3.92612076    
   1.75999999       3.93729329    
   1.76999998       3.94845009    
   1.77999997       3.95958447    
   1.78999996       3.97069740    
   1.79999995       3.98178673    
   1.80999994       3.99285531    
   1.81999993       4.00390005    
   1.82999992       4.01492405    
   1.83999991       4.02592611    
   1.84999990       4.03689861    
   1.86000001       4.04785109    
   1.87000000       4.05877781    
   1.88000000       4.06967545    
   1.88999999       4.08055258    
   1.89999998       4.09140110    
   1.90999997       4.10221958    
   1.91999996       4.11301327    
   1.92999995       4.12377787    
   1.93999994       4.13451242    
   1.94999993       4.14521646    
   1.95999992       4.15589380    
   1.96999991       4.16653824    
   1.97999990       4.17715025    
   1.99000001       4.18773460    
   2.00000000       4.19828224    
   2.00999999       4.20878506    
   2.01999998       4.21925068    
   2.02999997       4.22968626    
   2.03999996       4.24009705    
   2.04999995       4.25049114    
   2.05999994       4.26086712    
   2.06999993       4.27122593    
   2.07999992       4.28157187    
   2.08999991       4.29190159    
   2.09999990       4.30222273    
   2.10999990       4.31253290    
   2.11999989       4.32282972    
   2.12999988       4.33311701    
   2.13999987       4.34339857    
   2.14999986       4.35366631    
   2.15999985       4.36393070    
   2.16999984       4.37418556    
   2.18000007       4.38443089    
   2.19000006       4.39467287    
   2.20000005       4.40490103    
   2.21000004       4.41512442    
   2.22000003       4.42534351    
   2.23000002       4.43555307    
   2.24000001       4.44575691    
   2.25000000       4.45594883    
   2.25999999       4.46614361    
   2.26999998       4.47633028    
   2.27999997       4.48650932    
   2.28999996       4.49668169    
   2.29999995       4.50684690    
   2.30999994       4.51701212    
   2.31999993       4.52716827    
   2.32999992       4.53731632    
   2.33999991       4.54746532    
   2.34999990       4.55760574    
   2.35999990       4.56774282    
   2.36999989       4.57787514    
   2.37999988       4.58800316    
   2.38999987       4.59812737    
   2.39999986       4.60824203    
   2.40999985       4.61835337    
   2.41999984       4.62846518    
   2.42999983       4.63856792    
   2.44000006       4.64866829    
   2.45000005       4.65876627    
   2.46000004       4.66885853    
   2.47000003       4.67894506    
   2.48000002       4.68902922    
   2.49000001       4.69910908    
   2.50000000       4.70918608    
   2.50999999       4.71926022    
   2.51999998       4.72932911    
   2.52999997       4.73939705    
   2.53999996       4.74946213    
   2.54999995       4.75952148    
   2.55999994       4.76957273    
   2.56999993       4.77962780    
   2.57999992       4.78967905    
   2.58999991       4.79972458    
   2.59999990       4.80976772    
   2.60999990       4.81980753    
   2.61999989       4.82984066    
   2.62999988       4.83987951    
   2.63999987       4.84990835    
   2.64999986       4.85993671    
   2.65999985       4.86996460    
   2.66999984       4.87998676    
   2.67999983       4.89000940    
   2.69000006       4.90002394    
   2.70000005       4.91004086    
   2.71000004       4.92005157    
   2.72000003       4.93006372    
   2.73000002       4.94007111    
   2.74000001       4.95007610    
   2.75000000       4.96007681    
   2.75999999       4.97007895    
   2.76999998       4.98007727    
   2.77999997       4.99007416    
   2.78999996       5.00007010    
   2.79999995       5.01005697    
   2.80999994       5.02004671    
   2.81999993       5.03003645    
   2.82999992       5.04001999    
   2.83999991       5.05000067    
   2.84999990       5.05998182    
   2.85999990       5.06996250    
   2.86999989       5.07993841    
   2.87999988       5.08991194    
   2.88999987       5.09988832    
   2.89999986       5.10985661    
   2.90999985       5.11982679    
   2.91999984       5.12979603    
   2.92999983       5.13976002    
   2.93999982       5.14972687    
   2.95000005       5.15968418    
   2.96000004       5.16964769    
   2.97000003       5.17960501    
   2.98000002       5.18956518    
   2.99000001       5.19951534    
   3.00000000       5.20946741    
   3.00999999       5.21941900    
   3.01999998       5.22937107    
   3.02999997       5.23932266    
   3.03999996       5.24927092    
   3.04999995       5.25921202    
   3.05999994       5.26915932    
   3.06999993       5.27909899    
   3.07999992       5.28904200    
   3.08999991       5.29897785    
   3.09999990       5.30891991    
   3.10999990       5.31885099    
   3.11999989       5.32878637    
   3.12999988       5.33872271    
   3.13999987       5.34865332    
   3.14999986       5.35858583    
   3.15999985       5.36851692    
   3.16999984       5.37844276    
   3.17999983       5.38837290    
   3.18999982       5.39829683    
   3.19999981       5.40822124    
   3.21000004       5.41814613    
   3.22000003       5.42806339    
   3.23000002       5.43798304    
   3.24000001       5.44790316    
   3.25000000       5.45782185    
   3.25999999       5.46773767    
   3.26999998       5.47765732    
   3.27999997       5.48756933    
   3.28999996       5.49748230    
   3.29999995       5.50739241    
   3.30999994       5.51730251    
   3.31999993       5.52721310    
   3.32999992       5.53712416    
   3.33999991       5.54702759    
   3.34999990       5.55693531    
   3.35999990       5.56684065    
   3.36999989       5.57674074    
   3.37999988       5.58664703    
   3.38999987       5.59654808    
   3.39999986       5.60644960    
   3.40999985       5.61635017    
   3.41999984       5.62624931    
   3.42999983       5.63614368    
   3.43999982       5.64604187    
   3.44999981       5.65593672    
   3.46000004       5.66583157    
   3.47000003       5.67572403    
   3.48000002       5.68561697    
   3.49000001       5.69550896    
   3.50000000       5.70539951    
   3.50999999       5.71528673    
