   9.99999978E-03   5.55245904E-03
   1.99999996E-02  0.100771151    
   2.99999993E-02  0.276882768    
   3.99999991E-02  0.463074744    
   4.99999970E-02  0.632571161    
   5.99999987E-02  0.781150818    
   7.00000003E-02  0.911489666    
   7.99999982E-02   1.02468050    
   8.99999961E-02   1.12371421    
   9.99999940E-02   1.21238089    
  0.109999999       1.29068160    
  0.119999997       1.36300230    
  0.129999995       1.42830992    
  0.140000001       1.48751783    
  0.149999991       1.54109573    
  0.159999996       1.59175110    
  0.170000002       1.63945520    
  0.179999992       1.68265617    
  0.189999998       1.72455454    
  0.199999988       1.76353979    
  0.209999993       1.80029690    
  0.219999999       1.83606398    
  0.229999989       1.86982512    
  0.239999995       1.90104032    
  0.250000000       1.93292189    
  0.259999990       1.96361244    
  0.269999981       1.99092793    
  0.280000001       2.01731706    
  0.289999992       2.04566431    
  0.299999982       2.07326221    
  0.310000002       2.09810638    
  0.319999993       2.12067080    
  0.329999983       2.14260769    
  0.340000004       2.16668129    
  0.349999994       2.19133878    
  0.359999985       2.21487904    
  0.370000005       2.23674250    
  0.379999995       2.25678873    
  0.389999986       2.27532101    
  0.399999976       2.29339337    
  0.409999996       2.31320071    
  0.419999987       2.33381772    
  0.429999977       2.35448456    
  0.439999998       2.37479711    
  0.449999988       2.39447069    
  0.459999979       2.41329765    
  0.469999999       2.43113256    
  0.479999989       2.44790268    
  0.489999980       2.46365023    
  0.500000000       2.47867775    
  0.509999990       2.49434018    
  0.519999981       2.51071095    
  0.529999971       2.52744150    
  0.539999962       2.54436111    
  0.550000012       2.56135726    
  0.560000002       2.57829857    
  0.569999993       2.59514832    
  0.579999983       2.61182308    
  0.589999974       2.62825704    
  0.599999964       2.64439845    
  0.610000014       2.66018939    
  0.620000005       2.67557859    
  0.629999995       2.69051623    
  0.639999986       2.70497012    
  0.649999976       2.71890306    
  0.659999967       2.73230481    
  0.669999957       2.74528909    
  0.680000007       2.75845909    
  0.689999998       2.77184725    
  0.699999988       2.78539538    
  0.709999979       2.79905272    
  0.719999969       2.81279492    
  0.729999959       2.82659626    
  0.740000010       2.84043503    
  0.750000000       2.85429835    
  0.759999990       2.86817622    
  0.769999981       2.88205552    
  0.779999971       2.89592147    
  0.789999962       2.90976930    
  0.799999952       2.92359066    
  0.810000002       2.93737793    
  0.819999993       2.95112157    
  0.829999983       2.96481609    
  0.839999974       2.97845197    
  0.849999964       2.99202538    
  0.859999955       3.00552797    
  0.870000005       3.01894927    
  0.879999995       3.03228474    
  0.889999986       3.04553199    
  0.899999976       3.05867243    
  0.909999967       3.07170439    
  0.919999957       3.08462024    
  0.930000007       3.09741092    
  0.939999998       3.11006689    
  0.949999988       3.12258124    
  0.959999979       3.13494110    
  0.969999969       3.14714360    
  0.979999959       3.15917444    
  0.989999950       3.17102361    
   1.00000000       3.18268323    
   1.00999999       3.19424176    
   1.01999998       3.20580697    
   1.02999997       3.21738887    
   1.03999996       3.22898221    
   1.04999995       3.24058604    
   1.05999994       3.25219822    
   1.06999993       3.26381540    
   1.07999992       3.27543664    
   1.09000003       3.28705907    
   1.10000002       3.29868150    
   1.11000001       3.31029963    
   1.12000000       3.32191944    
   1.13000000       3.33352947    
   1.13999999       3.34514403    
   1.14999998       3.35674477    
   1.15999997       3.36834455    
   1.16999996       3.37993741    
   1.17999995       3.39152598    
   1.18999994       3.40310192    
   1.19999993       3.41467404    
   1.20999992       3.42623734    
   1.22000003       3.43779278    
   1.23000002       3.44934440    
   1.24000001       3.46088266    
   1.25000000       3.47241402    
   1.25999999       3.48393774    
   1.26999998       3.49542904    
   1.27999997       3.50695992    
   1.28999996       3.51845860    
   1.29999995       3.52994919    
   1.30999994       3.54142857    
   1.31999993       3.55290294    
   1.32999992       3.56436563    
   1.33999991       3.57582045    
   1.35000002       3.58726692    
   1.36000001       3.59870481    
   1.37000000       3.61013198    
   1.38000000       3.62155223    
   1.38999999       3.63296342    
   1.39999998       3.64436460    
   1.40999997       3.65575624    
   1.41999996       3.66714168    
   1.42999995       3.67851138    
   1.43999994       3.68987608    
   1.44999993       3.70122957    
   1.45999992       3.71257353    
   1.46999991       3.72390938    
   1.48000002       3.73523355    
   1.49000001       3.74655008    
   1.50000000       3.75785327    
   1.50999999       3.76914597    
   1.51999998       3.78042793    
   1.52999997       3.79170299    
   1.53999996       3.80296350    
   1.54999995       3.81421590    
   1.55999994       3.82545590    
   1.56999993       3.83668232    
   1.57999992       3.84789896    
   1.58999991       3.85910559    
   1.59999990       3.87029791    
   1.61000001       3.88148403    
   1.62000000       3.89264941    
   1.63000000       3.90380883    
   1.63999999       3.91495061    
   1.64999998       3.92608356    
   1.65999997       3.93720102    
   1.66999996       3.94830751    
   1.67999995       3.95940137    
   1.68999994       3.97047567    
   1.69999993       3.98154330    
   1.70999992       3.99259233    
   1.71999991       4.00362778    
   1.73000002       4.01463079    
   1.74000001       4.02565622    
   1.75000000       4.03664780    
   1.75999999       4.04762650    
   1.76999998       4.05858469    
   1.77999997       4.06953096    
   1.78999996       4.08046198    
   1.79999995       4.09137440    
   1.80999994       4.10227013    
   1.81999993       4.11315012    
   1.82999992       4.12401342    
   1.83999991       4.13485241    
   1.84999990       4.14568377    
   1.86000001       4.15649557    
   1.87000000       4.16728640    
   1.88000000       4.17805433    
   1.88999999       4.18880796    
   1.89999998       4.19954443    
   1.90999997       4.21026182    
   1.91999996       4.22095633    
   1.92999995       4.23163128    
   1.93999994       4.24229002    
   1.94999993       4.25292015    
   1.95999992       4.26353788    
   1.96999991       4.27412605    
   1.97999990       4.28469896    
   1.99000001       4.29524803    
   2.00000000       4.30577421    
   2.00999999       4.31627512    
   2.01999998       4.32675838    
   2.02999997       4.33722544    
   2.03999996       4.34767914    
   2.04999995       4.35811949    
   2.05999994       4.36855555    
   2.06999993       4.37898016    
   2.07999992       4.38939953    
   2.08999991       4.39980745    
   2.09999990       4.41021204    
   2.10999990       4.42060423    
   2.11999989       4.43098974    
   2.12999988       4.44137716    
   2.13999987       4.45175219    
   2.14999986       4.46212053    
   2.15999985       4.47248077    
   2.16999984       4.48283815    
   2.18000007       4.49319267    
   2.19000006       4.50353718    
   2.20000005       4.51387644    
   2.21000004       4.52421093    
   2.22000003       4.53453779    
   2.23000002       4.54486084    
   2.24000001       4.55517769    
   2.25000000       4.56548786    
   2.25999999       4.57579327    
   2.26999998       4.58609438    
   2.27999997       4.59639072    
   2.28999996       4.60668230    
   2.29999995       4.61696768    
   2.30999994       4.62724924    
   2.31999993       4.63752651    
   2.32999992       4.64779711    
   2.33999991       4.65806341    
   2.34999990       4.66832352    
   2.35999990       4.67858505    
   2.36999989       4.68883324    
   2.37999988       4.69908428    
   2.38999987       4.70932722    
   2.39999986       4.71956635    
   2.40999985       4.72980452    
   2.41999984       4.74003458    
   2.42999983       4.75026035    
   2.44000006       4.76048374    
   2.45000005       4.77070189    
   2.46000004       4.78091717    
   2.47000003       4.79112959    
   2.48000002       4.80133533    
   2.49000001       4.81153965    
   2.50000000       4.82174349    
   2.50999999       4.83193684    
   2.51999998       4.84213114    
   2.52999997       4.85232067    
   2.53999996       4.86250687    
   2.54999995       4.87268734    
   2.55999994       4.88286734    
   2.56999993       4.89304399    
   2.57999992       4.90321445    
   2.58999991       4.91338921    
   2.59999990       4.92355251    
   2.60999990       4.93371677    
   2.61999989       4.94387579    
   2.62999988       4.95403481    
   2.63999987       4.96418667    
   2.64999986       4.97433710    
   2.65999985       4.98448849    
   2.66999984       4.99463511    
   2.67999983       5.00477934    
   2.69000006       5.01492071    
   2.70000005       5.02505112    
   2.71000004       5.03519106    
   2.72000003       5.04532528    
   2.73000002       5.05545521    
   2.74000001       5.06558132    
   2.75000000       5.07563257    
   2.75999999       5.08582926    
   2.76999998       5.09594917    
   2.77999997       5.10607147    
   2.78999996       5.11618567    
   2.79999995       5.12629747    
   2.80999994       5.13640833    
   2.81999993       5.14651823    
   2.82999992       5.15662336    
   2.83999991       5.16672707    
   2.84999990       5.17682981    
   2.85999990       5.18693018    
   2.86999989       5.19702864    
   2.87999988       5.20712519    
   2.88999987       5.21722174    
   2.89999986       5.22731066    
   2.90999985       5.23740005    
   2.91999984       5.24749231    
   2.92999983       5.25757551    
   2.93999982       5.26766300    
   2.95000005       5.27774286    
   2.96000004       5.28782558    
   2.97000003       5.29790401    
   2.98000002       5.30798054    
   2.99000001       5.31805372    
   3.00000000       5.32812738    
   3.00999999       5.33820343    
   3.01999998       5.34827185    
   3.02999997       5.35833883    
   3.03999996       5.36840725    
   3.04999995       5.37847042    
   3.05999994       5.38853598    
   3.06999993       5.39859915    
   3.07999992       5.40865564    
   3.08999991       5.41871881    
   3.09999990       5.42877722    
   3.10999990       5.43883085    
   3.11999989       5.44888783    
   3.12999988       5.45893908    
   3.13999987       5.46898890    
   3.14999986       5.47904158    
   3.15999985       5.48908854    
   3.16999984       5.49913502    
   3.17999983       5.50918484    
   3.18999982       5.51922703    
   3.19999981       5.52926826    
   3.21000004       5.53930807    
   3.22000003       5.54934931    
   3.23000002       5.55938959    
   3.24000001       5.56942606    
   3.25000000       5.57946253    
   3.25999999       5.58950043    
   3.26999998       5.59953022    
   3.27999997       5.60956240    
   3.28999996       5.61959410    
   3.29999995       5.62962389    
   3.30999994       5.63965559    
   3.31999993       5.64968157    
   3.32999992       5.65970659    
   3.33999991       5.66973305    
   3.34999990       5.67975330    
   3.35999990       5.68977928    
   3.36999989       5.69980097    
   3.37999988       5.70981932    
   3.38999987       5.71984053    
   3.39999986       5.72985411    
   3.40999985       5.73987293    
   3.41999984       5.74988842    
   3.42999983       5.75990343    
   3.43999982       5.76991749    
   3.44999981       5.77992678    
   3.46000004       5.78993893    
   3.47000003       5.79995203    
   3.48000002       5.80996084    
   3.49000001       5.81996536    
   3.50000000       5.82997704    
   3.50999999       5.83998156    
