   9.99999978E-03   4.51035947E-02
   1.99999996E-02  0.303886056    
   2.99999993E-02  0.579381108    
   3.99999991E-02  0.806193650    
   4.99999970E-02  0.986235857    
   5.99999987E-02   1.13072503    
   7.00000003E-02   1.25167632    
   7.99999982E-02   1.35250175    
   8.99999961E-02   1.43870437    
   9.99999940E-02   1.51431143    
  0.109999999       1.58060479    
  0.119999997       1.64088964    
  0.129999995       1.69506025    
  0.140000001       1.74428689    
  0.149999991       1.78879714    
  0.159999996       1.83051419    
  0.170000002       1.86984944    
  0.179999992       1.90603709    
  0.189999998       1.94059014    
  0.199999988       1.97324860    
  0.209999993       2.00403023    
  0.219999999       2.03369164    
  0.229999989       2.06241083    
  0.239999995       2.08890438    
  0.250000000       2.11544228    
  0.259999990       2.14154816    
  0.269999981       2.16532588    
  0.280000001       2.18808866    
  0.289999992       2.21189332    
  0.299999982       2.23540521    
  0.310000002       2.25714850    
  0.319999993       2.27729678    
  0.329999983       2.29680562    
  0.340000004       2.31750059    
  0.349999994       2.33863163    
  0.359999985       2.35902667    
  0.370000005       2.37832046    
  0.379999995       2.39642406    
  0.389999986       2.41351771    
  0.399999976       2.43017983    
  0.409999996       2.44788909    
  0.419999987       2.46610689    
  0.429999977       2.48430967    
  0.439999998       2.50223517    
  0.449999988       2.51970053    
  0.459999979       2.53658819    
  0.469999999       2.55281878    
  0.479999989       2.56835103    
  0.489999980       2.58322501    
  0.500000000       2.59761572    
  0.509999990       2.61239791    
  0.519999981       2.62763715    
  0.529999971       2.64308929    
  0.539999962       2.65863132    
  0.550000012       2.67417264    
  0.560000002       2.68966031    
  0.569999993       2.70503807    
  0.579999983       2.72026086    
  0.589999974       2.73529601    
  0.599999964       2.75010920    
  0.610000014       2.76466846    
  0.620000005       2.77895188    
  0.629999995       2.79292274    
  0.639999986       2.80657339    
  0.649999976       2.81988716    
  0.659999967       2.83286142    
  0.669999957       2.84557033    
  0.680000007       2.85842180    
  0.689999998       2.87142992    
  0.699999988       2.88454032    
  0.709999979       2.89771390    
  0.719999969       2.91093111    
  0.729999959       2.92417264    
  0.740000010       2.93742681    
  0.750000000       2.95067716    
  0.759999990       2.96391869    
  0.769999981       2.97714305    
  0.779999971       2.99033928    
  0.789999962       3.00350952    
  0.799999952       3.01664090    
  0.810000002       3.02973390    
  0.819999993       3.04278183    
  0.829999983       3.05577850    
  0.839999974       3.06872535    
  0.849999964       3.08161139    
  0.859999955       3.09444332    
  0.870000005       3.10720301    
  0.879999995       3.11989641    
  0.889999986       3.13251472    
  0.899999976       3.14505625    
  0.909999967       3.15751624    
  0.919999957       3.16989136    
  0.930000007       3.18217683    
  0.939999998       3.19436574    
  0.949999988       3.20645475    
  0.959999979       3.21844220    
  0.969999969       3.23031783    
  0.979999959       3.24207997    
  0.989999950       3.25372648    
   1.00000000       3.26524854    
   1.00999999       3.27671528    
   1.01999998       3.28820515    
   1.02999997       3.29971385    
   1.03999996       3.31123018    
   1.04999995       3.32276058    
   1.05999994       3.33429360    
   1.06999993       3.34582973    
   1.07999992       3.35736442    
   1.09000003       3.36889672    
   1.10000002       3.38042593    
   1.11000001       3.39194536    
   1.12000000       3.40345883    
   1.13000000       3.41496730    
   1.13999999       3.42646265    
   1.14999998       3.43794513    
   1.15999997       3.44942832    
   1.16999996       3.46089387    
   1.17999995       3.47234964    
   1.18999994       3.48379898    
   1.19999993       3.49523139    
   1.20999992       3.50665522    
   1.22000003       3.51806903    
   1.23000002       3.52947164    
   1.24000001       3.54086280    
   1.25000000       3.55224371    
   1.25999999       3.56361079    
   1.26999998       3.57497263    
   1.27999997       3.58631825    
   1.28999996       3.59765649    
   1.29999995       3.60898161    
   1.30999994       3.62029648    
   1.31999993       3.63160253    
   1.32999992       3.64289427    
   1.33999991       3.65418100    
   1.35000002       3.66545463    
   1.36000001       3.67671943    
   1.37000000       3.68797374    
   1.38000000       3.69921803    
   1.38999999       3.71045113    
   1.39999998       3.72167492    
   1.40999997       3.73288822    
   1.41999996       3.74409389    
   1.42999995       3.75528598    
   1.43999994       3.76647091    
   1.44999993       3.77764559    
   1.45999992       3.78881121    
   1.46999991       3.79996514    
   1.48000002       3.81110859    
   1.49000001       3.82224536    
   1.50000000       3.83336949    
   1.50999999       3.84448409    
   1.51999998       3.85559058    
   1.52999997       3.86668396    
   1.53999996       3.87776971    
   1.54999995       3.88884306    
   1.55999994       3.89990735    
   1.56999993       3.91096425    
   1.57999992       3.92200899    
   1.58999991       3.93304157    
   1.59999990       3.94406366    
   1.61000001       3.95508027    
   1.62000000       3.96608257    
   1.63000000       3.97707129    
   1.63999999       3.98804188    
   1.64999998       3.99902534    
   1.65999997       4.00998449    
   1.66999996       4.02093220    
   1.67999995       4.03187180    
   1.68999994       4.04279661    
   1.69999993       4.05371428    
   1.70999992       4.06461668    
   1.71999991       4.07550621    
   1.73000002       4.08639097    
   1.74000001       4.09725666    
   1.75000000       4.10811758    
   1.75999999       4.11895990    
   1.76999998       4.12979460    
   1.77999997       4.14061403    
   1.78999996       4.15142441    
   1.79999995       4.16221952    
   1.80999994       4.17300272    
   1.81999993       4.18377876    
   1.82999992       4.19453526    
   1.83999991       4.20527840    
   1.84999990       4.21601105    
   1.86000001       4.22673082    
   1.87000000       4.23743677    
   1.88000000       4.24812031    
   1.88999999       4.25880671    
   1.89999998       4.26946926    
   1.90999997       4.28011656    
   1.91999996       4.29075861    
   1.92999995       4.30137587    
   1.93999994       4.31198454    
   1.94999993       4.32257986    
   1.95999992       4.33315420    
   1.96999991       4.34371758    
   1.97999990       4.35426426    
   1.99000001       4.36479330    
   2.00000000       4.37531137    
   2.00999999       4.38581371    
   2.01999998       4.39631224    
   2.02999997       4.40679884    
   2.03999996       4.41728258    
   2.04999995       4.42776442    
   2.05999994       4.43824100    
   2.06999993       4.44871140    
   2.07999992       4.45917654    
   2.08999991       4.46963739    
   2.09999990       4.48009491    
   2.10999990       4.49054909    
   2.11999989       4.50099707    
   2.12999988       4.51144361    
   2.13999987       4.52188444    
   2.14999986       4.53231907    
   2.15999985       4.54274940    
   2.16999984       4.55317211    
   2.18000007       4.56359482    
   2.19000006       4.57401228    
   2.20000005       4.58442211    
   2.21000004       4.59482956    
   2.22000003       4.60522556    
   2.23000002       4.61562300    
   2.24000001       4.62601328    
   2.25000000       4.63640404    
   2.25999999       4.64678526    
   2.26999998       4.65716219    
   2.27999997       4.66753578    
   2.28999996       4.67790174    
   2.29999995       4.68826437    
   2.30999994       4.69862461    
   2.31999993       4.70897865    
   2.32999992       4.71932745    
   2.33999991       4.72967386    
   2.34999990       4.74000978    
   2.35999990       4.75034952    
   2.36999989       4.76068211    
   2.37999988       4.77101040    
   2.38999987       4.78133345    
   2.39999986       4.79165316    
   2.40999985       4.80196428    
   2.41999984       4.81227732    
   2.42999983       4.82258463    
   2.44000006       4.83289003    
   2.45000005       4.84318829    
   2.46000004       4.85348368    
   2.47000003       4.86377096    
   2.48000002       4.87406015    
   2.49000001       4.88434601    
   2.50000000       4.89462757    
   2.50999999       4.90490150    
   2.51999998       4.91517401    
   2.52999997       4.92544222    
   2.53999996       4.93571043    
   2.54999995       4.94597101    
   2.55999994       4.95622969    
   2.56999993       4.96648884    
   2.57999992       4.97674322    
   2.58999991       4.98699045    
   2.59999990       4.99723768    
   2.60999990       5.00747871    
   2.61999989       5.01772022    
   2.62999988       5.02795553    
   2.63999987       5.03819418    
   2.64999986       5.04842138    
   2.65999985       5.05865049    
   2.66999984       5.06887579    
   2.67999983       5.07909870    
   2.69000006       5.08932066    
   2.70000005       5.09953594    
   2.71000004       5.10974979    
   2.72000003       5.11996222    
   2.73000002       5.13016987    
   2.74000001       5.14037991    
   2.75000000       5.15058374    
   2.75999999       5.16078281    
   2.76999998       5.17098284    
   2.77999997       5.18117762    
   2.78999996       5.19137573    
   2.79999995       5.20156240    
   2.80999994       5.21175623    
   2.81999993       5.22194481    
   2.82999992       5.23213148    
   2.83999991       5.24231148    
   2.84999990       5.25249386    
   2.85999990       5.26267195    
   2.86999989       5.27285004    
   2.87999988       5.28302383    
   2.88999987       5.29319525    
   2.89999986       5.30336332    
   2.90999985       5.31353569    
   2.91999984       5.32370138    
   2.92999983       5.33386469    
   2.93999982       5.34402895    
   2.95000005       5.35418749    
   2.96000004       5.36434412    
   2.97000003       5.37450409    
   2.98000002       5.38465643    
   2.99000001       5.39481306    
   3.00000000       5.40495920    
   3.00999999       5.41511202    
   3.01999998       5.42526197    
   3.02999997       5.43540525    
   3.03999996       5.44554949    
   3.04999995       5.45569086    
   3.05999994       5.46582985    
   3.06999993       5.47596979    
   3.07999992       5.48610926    
   3.08999991       5.49624634    
   3.09999990       5.50637817    
   3.10999990       5.51651001    
   3.11999989       5.52664232    
   3.12999988       5.53676987    
   3.13999987       5.54689932    
   3.14999986       5.55702496    
   3.15999985       5.56715298    
   3.16999984       5.57727242    
   3.17999983       5.58739948    
   3.18999982       5.59751606    
   3.19999981       5.60763931    
   3.21000004       5.61775017    
   3.22000003       5.62786722    
   3.23000002       5.63798332    
   3.24000001       5.64809847    
   3.25000000       5.65821171    
   3.25999999       5.66832352    
   3.26999998       5.67843390    
   3.27999997       5.68853951    
   3.28999996       5.69864702    
   3.29999995       5.70875263    
   3.30999994       5.71886063    
   3.31999993       5.72895575    
   3.32999992       5.73905897    
   3.33999991       5.74916553    
   3.34999990       5.75926018    
   3.35999990       5.76935577    
   3.36999989       5.77945614    
   3.37999988       5.78955030    
   3.38999987       5.79964828    
   3.39999986       5.80973816    
   3.40999985       5.81983042    
   3.41999984       5.82992315    
   3.42999983       5.84000874    
   3.43999982       5.85010242    
   3.44999981       5.86018610    
   3.46000004       5.87027264    
   3.47000003       5.88035965    
   3.48000002       5.89044476    
   3.49000001       5.90052462    
   3.50000000       5.91060829    
   3.50999999       5.92068863    
