   9.99999978E-03  0.404938608    
   1.99999996E-02  0.914963543    
   2.99999993E-02   1.20895457    
   3.99999991E-02   1.40075338    
   4.99999970E-02   1.53467250    
   5.99999987E-02   1.63417709    
   7.00000003E-02   1.71652246    
   7.99999982E-02   1.78307712    
   8.99999961E-02   1.84011388    
   9.99999940E-02   1.88977289    
  0.109999999       1.93378890    
  0.119999997       1.97377622    
  0.129999995       2.01012707    
  0.140000001       2.04384685    
  0.149999991       2.07473397    
  0.159999996       2.10389662    
  0.170000002       2.13150930    
  0.179999992       2.15777445    
  0.189999998       2.18274832    
  0.199999988       2.20683241    
  0.209999993       2.22976303    
  0.219999999       2.25194025    
  0.229999989       2.27381635    
  0.239999995       2.29438353    
  0.250000000       2.31465769    
  0.259999990       2.33490896    
  0.269999981       2.35407376    
  0.280000001       2.37246752    
  0.289999992       2.39111257    
  0.299999982       2.40978098    
  0.310000002       2.42765069    
  0.319999993       2.44469476    
  0.329999983       2.46125150    
  0.340000004       2.47817278    
  0.349999994       2.49536157    
  0.359999985       2.51220751    
  0.370000005       2.52852321    
  0.379999995       2.54425168    
  0.389999986       2.55946112    
  0.399999976       2.57436538    
  0.409999996       2.58969069    
  0.419999987       2.60525155    
  0.429999977       2.62076759    
  0.439999998       2.63610888    
  0.449999988       2.65118980    
  0.459999979       2.66596985    
  0.469999999       2.68041039    
  0.479999989       2.69450855    
  0.489999980       2.70828509    
  0.500000000       2.72180128    
  0.509999990       2.73549414    
  0.519999981       2.74941158    
  0.529999971       2.76340938    
  0.539999962       2.77741456    
  0.550000012       2.79138017    
  0.560000002       2.80527568    
  0.569999993       2.81907845    
  0.579999983       2.83276820    
  0.589999974       2.84633327    
  0.599999964       2.85975933    
  0.610000014       2.87304235    
  0.620000005       2.88616943    
  0.629999995       2.89913344    
  0.639999986       2.91193557    
  0.649999976       2.92456770    
  0.659999967       2.93703580    
  0.669999957       2.94937778    
  0.680000007       2.96182036    
  0.689999998       2.97435188    
  0.699999988       2.98692727    
  0.709999979       2.99953008    
  0.719999969       3.01213312    
  0.729999959       3.02473021    
  0.740000010       3.03730941    
  0.750000000       3.04986811    
  0.759999990       3.06239247    
  0.769999981       3.07488990    
  0.779999971       3.08735037    
  0.789999962       3.09977055    
  0.799999952       3.11215305    
  0.810000002       3.12449765    
  0.819999993       3.13679838    
  0.829999983       3.14905381    
  0.839999974       3.16127133    
  0.849999964       3.17343664    
  0.859999955       3.18556142    
  0.870000005       3.19763613    
  0.879999995       3.20966411    
  0.889999986       3.22164416    
  0.899999976       3.23357439    
  0.909999967       3.24545503    
  0.919999957       3.25728154    
  0.930000007       3.26905966    
  0.939999998       3.28078151    
  0.949999988       3.29244828    
  0.959999979       3.30406189    
  0.969999969       3.31561613    
  0.979999959       3.32711411    
  0.989999950       3.33855200    
   1.00000000       3.34992886    
   1.00999999       3.36129618    
   1.01999998       3.37269568    
   1.02999997       3.38411593    
   1.03999996       3.39554882    
   1.04999995       3.40698791    
   1.05999994       3.41842532    
   1.06999993       3.42986083    
   1.07999992       3.44129252    
   1.09000003       3.45271301    
   1.10000002       3.46412849    
   1.11000001       3.47552824    
   1.12000000       3.48691916    
   1.13000000       3.49829531    
   1.13999999       3.50965905    
   1.14999998       3.52100754    
   1.15999997       3.53234339    
   1.16999996       3.54366422    
   1.17999995       3.55496883    
   1.18999994       3.56626058    
   1.19999993       3.57753682    
   1.20999992       3.58880639    
   1.22000003       3.60004663    
   1.23000002       3.61128020    
   1.24000001       3.62250113    
   1.25000000       3.63370609    
   1.25999999       3.64489841    
   1.26999998       3.65607715    
   1.27999997       3.66724658    
   1.28999996       3.67839766    
   1.29999995       3.68954039    
   1.30999994       3.70066738    
   1.31999993       3.71178317    
   1.32999992       3.72288895    
   1.33999991       3.73398161    
   1.35000002       3.74506235    
   1.36000001       3.75613332    
   1.37000000       3.76719236    
   1.38000000       3.77824163    
   1.38999999       3.78927684    
   1.39999998       3.80030298    
   1.40999997       3.81131935    
   1.41999996       3.82232690    
   1.42999995       3.83332253    
   1.43999994       3.84431005    
   1.44999993       3.85528731    
   1.45999992       3.86625576    
   1.46999991       3.87721205    
   1.48000002       3.88815999    
   1.49000001       3.89909863    
   1.50000000       3.91002584    
   1.50999999       3.92094898    
   1.51999998       3.93185878    
   1.52999997       3.94276261    
   1.53999996       3.95365620    
   1.54999995       3.96454120    
   1.55999994       3.97541666    
   1.56999993       3.98628473    
   1.57999992       3.99714375    
   1.58999991       4.00799465    
   1.59999990       4.01883698    
   1.61000001       4.02967215    
   1.62000000       4.04049826    
   1.63000000       4.05131626    
   1.63999999       4.06212473    
   1.64999998       4.07292271    
   1.65999997       4.08371353    
   1.66999996       4.09448957    
   1.67999995       4.10527420    
   1.68999994       4.11603975    
   1.69999993       4.12680054    
   1.70999992       4.13755131    
   1.71999991       4.14829588    
   1.73000002       4.15903091    
   1.74000001       4.16975737    
   1.75000000       4.18047571    
   1.75999999       4.19118643    
   1.76999998       4.20188904    
   1.77999997       4.21258068    
   1.78999996       4.22326612    
   1.79999995       4.23394489    
   1.80999994       4.24461651    
   1.81999993       4.25527430    
   1.82999992       4.26592827    
   1.83999991       4.27657557    
   1.84999990       4.28721142    
   1.86000001       4.29783964    
   1.87000000       4.30845833    
   1.88000000       4.31907034    
   1.88999999       4.32967472    
   1.89999998       4.34026957    
   1.90999997       4.35085201    
   1.91999996       4.36143208    
   1.92999995       4.37199879    
   1.93999994       4.38256025    
   1.94999993       4.39311552    
   1.95999992       4.40365839    
   1.96999991       4.41419363    
   1.97999990       4.42471981    
   1.99000001       4.43523788    
   2.00000000       4.44575167    
   2.00999999       4.45625591    
   2.01999998       4.46676826    
   2.02999997       4.47728205    
   2.03999996       4.48780060    
   2.04999995       4.49831772    
   2.05999994       4.50883961    
   2.06999993       4.51935816    
   2.07999992       4.52987432    
   2.08999991       4.54039001    
   2.09999990       4.55090570    
   2.10999990       4.56142330    
   2.11999989       4.57193184    
   2.12999988       4.58244085    
   2.13999987       4.59294844    
   2.14999986       4.60344982    
   2.15999985       4.61395121    
   2.16999984       4.62444687    
   2.18000007       4.63493919    
   2.19000006       4.64542866    
   2.20000005       4.65591288    
   2.21000004       4.66639090    
   2.22000003       4.67686939    
   2.23000002       4.68734217    
   2.24000001       4.69781113    
   2.25000000       4.70827532    
   2.25999999       4.71873379    
   2.26999998       4.72919035    
   2.27999997       4.73964167    
   2.28999996       4.75009060    
   2.29999995       4.76053333    
   2.30999994       4.77096987    
   2.31999993       4.78140306    
   2.32999992       4.79183292    
   2.33999991       4.80225897    
   2.34999990       4.81267834    
   2.35999990       4.82309628    
   2.36999989       4.83350754    
   2.37999988       4.84391832    
   2.38999987       4.85432339    
   2.39999986       4.86472130    
   2.40999985       4.87511587    
   2.41999984       4.88550758    
   2.42999983       4.89589739    
   2.44000006       4.90628529    
   2.45000005       4.91666222    
   2.46000004       4.92703819    
   2.47000003       4.93741179    
   2.48000002       4.94778347    
   2.49000001       4.95814610    
   2.50000000       4.96850681    
   2.50999999       4.97886181    
   2.51999998       4.98921919    
   2.52999997       4.99957180    
   2.53999996       5.00992155    
   2.54999995       5.02026320    
   2.55999994       5.03060389    
   2.56999993       5.04094219    
   2.57999992       5.05127239    
   2.58999991       5.06160641    
   2.59999990       5.07193232    
   2.60999990       5.08225822    
   2.61999989       5.09257841    
   2.62999988       5.10289383    
   2.63999987       5.11321163    
   2.64999986       5.12352228    
   2.65999985       5.13383198    
   2.66999984       5.14413738    
   2.67999983       5.15443993    
   2.69000006       5.16474247    
   2.70000005       5.17503977    
   2.71000004       5.18533564    
   2.72000003       5.19563055    
   2.73000002       5.20591450    
   2.74000001       5.21620321    
   2.75000000       5.22648907    
   2.75999999       5.23676920    
   2.76999998       5.24704790    
   2.77999997       5.25732613    
   2.78999996       5.26760006    
   2.79999995       5.27786827    
   2.80999994       5.28814173    
   2.81999993       5.29840803    
   2.82999992       5.30867100    
   2.83999991       5.31893349    
   2.84999990       5.32919741    
   2.85999990       5.33945322    
   2.86999989       5.34970617    
   2.87999988       5.35996199    
   2.88999987       5.37021208    
   2.89999986       5.38046265    
   2.90999985       5.39070988    
   2.91999984       5.40095377    
   2.92999983       5.41119480    
   2.93999982       5.42143250    
   2.95000005       5.43167830    
   2.96000004       5.44191551    
   2.97000003       5.45215034    
   2.98000002       5.46238089    
   2.99000001       5.47261667    
   3.00000000       5.48284435    
   3.00999999       5.49306965    
   3.01999998       5.50329876    
   3.02999997       5.51352215    
   3.03999996       5.52374029    
   3.04999995       5.53396463    
   3.05999994       5.54418087    
   3.06999993       5.55439425    
   3.07999992       5.56461573    
   3.08999991       5.57482338    
   3.09999990       5.58503771    
   3.10999990       5.59524679    
   3.11999989       5.60545635    
   3.12999988       5.61566448    
   3.13999987       5.62587023    
   3.14999986       5.63606930    
   3.15999985       5.64627552    
   3.16999984       5.65647840    
   3.17999983       5.66667604    
   3.18999982       5.67687273    
   3.19999981       5.68706846    
   3.21000004       5.69726419    
   3.22000003       5.70745707    
   3.23000002       5.71764612    
   3.24000001       5.72783470    
   3.25000000       5.73802328    
   3.25999999       5.74821424    
   3.26999998       5.75839758    
   3.27999997       5.76858664    
   3.28999996       5.77876520    
   3.29999995       5.78895044    
   3.30999994       5.79912996    
   3.31999993       5.80930805    
   3.32999992       5.81948519    
   3.33999991       5.82966518    
   3.34999990       5.83983755    
   3.35999990       5.85001040    
   3.36999989       5.86018372    
   3.37999988       5.87035513    
   3.38999987       5.88052750    
   3.39999986       5.89069653    
   3.40999985       5.90086269    
   3.41999984       5.91103125    
   3.42999983       5.92119312    
   3.43999982       5.93136024    
   3.44999981       5.94152212    
   3.46000004       5.95168734    
   3.47000003       5.96184731    
   3.48000002       5.97200441    
   3.49000001       5.98216248    
   3.50000000       5.99231958    
   3.50999999       6.00247478    
