   9.99999978E-03  0.296072572    
   1.99999996E-02  0.781884730    
   2.99999993E-02   1.08860731    
   3.99999991E-02   1.29464209    
   4.99999970E-02   1.44090974    
   5.99999987E-02   1.55057216    
   7.00000003E-02   1.64093316    
   7.99999982E-02   1.71416414    
   8.99999961E-02   1.77666175    
   9.99999940E-02   1.83101165    
  0.109999999       1.87897992    
  0.119999997       1.92246747    
  0.129999995       1.96184659    
  0.140000001       1.99817920    
  0.149999991       2.03133750    
  0.159999996       2.06254721    
  0.170000002       2.09206080    
  0.179999992       2.11996818    
  0.189999998       2.14643860    
  0.199999988       2.17190766    
  0.209999993       2.19608402    
  0.219999999       2.21941900    
  0.229999989       2.24239779    
  0.239999995       2.26389074    
  0.250000000       2.28511906    
  0.259999990       2.30629468    
  0.269999981       2.32619166    
  0.280000001       2.34525537    
  0.289999992       2.36467624    
  0.299999982       2.38408732    
  0.310000002       2.40256119    
  0.319999993       2.42009735    
  0.329999983       2.43710661    
  0.340000004       2.45459032    
  0.349999994       2.47237039    
  0.359999985       2.48975205    
  0.370000005       2.50651956    
  0.379999995       2.52261400    
  0.389999986       2.53812075    
  0.399999976       2.55330253    
  0.409999996       2.56898546    
  0.419999987       2.58493924    
  0.429999977       2.60085559    
  0.439999998       2.61657810    
  0.449999988       2.63201118    
  0.459999979       2.64710236    
  0.469999999       2.66180873    
  0.479999989       2.67612696    
  0.489999980       2.69007421    
  0.500000000       2.70373297    
  0.509999990       2.71759367    
  0.519999981       2.73171210    
  0.529999971       2.74592876    
  0.539999962       2.76016378    
  0.550000012       2.77436113    
  0.560000002       2.78849149    
  0.569999993       2.80252576    
  0.579999983       2.81643772    
  0.589999974       2.83022094    
  0.599999964       2.84384966    
  0.610000014       2.85731339    
  0.620000005       2.87060976    
  0.629999995       2.88372159    
  0.639999986       2.89664507    
  0.649999976       2.90938091    
  0.659999967       2.92192769    
  0.669999957       2.93432736    
  0.680000007       2.94683361    
  0.689999998       2.95943832    
  0.699999988       2.97209883    
  0.709999979       2.98478556    
  0.719999969       2.99748373    
  0.729999959       3.01017618    
  0.740000010       3.02286005    
  0.750000000       3.03552079    
  0.759999990       3.04815555    
  0.769999981       3.06075931    
  0.779999971       3.07333207    
  0.789999962       3.08586287    
  0.799999952       3.09835720    
  0.810000002       3.11081171    
  0.819999993       3.12321973    
  0.829999983       3.13558698    
  0.839999974       3.14790773    
  0.849999964       3.16018081    
  0.859999955       3.17240667    
  0.870000005       3.18458128    
  0.879999995       3.19670653    
  0.889999986       3.20877910    
  0.899999976       3.22079635    
  0.909999967       3.23276067    
  0.919999957       3.24466634    
  0.930000007       3.25651526    
  0.939999998       3.26830459    
  0.949999988       3.28003430    
  0.959999979       3.29169822    
  0.969999969       3.30330181    
  0.979999959       3.31483364    
  0.989999950       3.32630229    
   1.00000000       3.33769917    
   1.00999999       3.34908199    
   1.01999998       3.36049628    
   1.02999997       3.37192774    
   1.03999996       3.38337517    
   1.04999995       3.39482594    
   1.05999994       3.40627933    
   1.06999993       3.41773152    
   1.07999992       3.42917776    
   1.09000003       3.44061708    
   1.10000002       3.45204902    
   1.11000001       3.46346831    
   1.12000000       3.47487664    
   1.13000000       3.48627353    
   1.13999999       3.49765730    
   1.14999998       3.50902820    
   1.15999997       3.52038360    
   1.16999996       3.53172612    
   1.17999995       3.54305530    
   1.18999994       3.55436897    
   1.19999993       3.56567001    
   1.20999992       3.57695770    
   1.22000003       3.58822989    
   1.23000002       3.59948993    
   1.24000001       3.61073589    
   1.25000000       3.62196708    
   1.25999999       3.63318777    
   1.26999998       3.64439368    
   1.27999997       3.65558696    
   1.28999996       3.66676831    
   1.29999995       3.67793703    
   1.30999994       3.68909383    
   1.31999993       3.70023847    
   1.32999992       3.71136832    
   1.33999991       3.72249174    
   1.35000002       3.73360181    
   1.36000001       3.74470353    
   1.37000000       3.75579214    
   1.38000000       3.76686645    
   1.38999999       3.77793264    
   1.39999998       3.78898811    
   1.40999997       3.80003715    
   1.41999996       3.81107163    
   1.42999995       3.82209849    
   1.43999994       3.83311415    
   1.44999993       3.84411788    
   1.45999992       3.85511494    
   1.46999991       3.86610246    
   1.48000002       3.87707925    
   1.49000001       3.88804746    
   1.50000000       3.89900756    
   1.50999999       3.90995383    
   1.51999998       3.92089605    
   1.52999997       3.93182826    
   1.53999996       3.94274735    
   1.54999995       3.95366096    
   1.55999994       3.96455598    
   1.56999993       3.97546053    
   1.57999992       3.98634672    
   1.58999991       3.99722433    
   1.59999990       4.00809479    
   1.61000001       4.01895523    
   1.62000000       4.02980566    
   1.63000000       4.04064894    
   1.63999999       4.05148268    
   1.64999998       4.06230927    
   1.65999997       4.07312250    
   1.66999996       4.08393145    
   1.67999995       4.09473038    
   1.68999994       4.10552549    
   1.69999993       4.11630154    
   1.70999992       4.12707424    
   1.71999991       4.13784361    
   1.73000002       4.14859724    
   1.74000001       4.15934563    
   1.75000000       4.17008114    
   1.75999999       4.18081474    
   1.76999998       4.19153547    
   1.77999997       4.20224857    
   1.78999996       4.21295357    
   1.79999995       4.22364378    
   1.80999994       4.23432922    
   1.81999993       4.24500895    
   1.82999992       4.25567627    
   1.83999991       4.26633358    
   1.84999990       4.27698851    
   1.86000001       4.28762436    
   1.87000000       4.29825687    
   1.88000000       4.30886984    
   1.88999999       4.31949377    
   1.89999998       4.33010054    
   1.90999997       4.34069920    
   1.91999996       4.35128021    
   1.92999995       4.36185551    
   1.93999994       4.37242365    
   1.94999993       4.38298178    
   1.95999992       4.39353323    
   1.96999991       4.40407276    
   1.97999990       4.41459799    
   1.99000001       4.42511988    
   2.00000000       4.43563175    
   2.00999999       4.44613934    
   2.01999998       4.45664692    
   2.02999997       4.46715546    
   2.03999996       4.47767019    
   2.04999995       4.48818398    
   2.05999994       4.49869394    
   2.06999993       4.50920868    
   2.07999992       4.51971769    
   2.08999991       4.53022718    
   2.09999990       4.54073191    
   2.10999990       4.55123949    
   2.11999989       4.56174374    
   2.12999988       4.57223988    
   2.13999987       4.58274031    
   2.14999986       4.59323597    
   2.15999985       4.60372257    
   2.16999984       4.61420822    
   2.18000007       4.62468719    
   2.19000006       4.63516521    
   2.20000005       4.64564228    
   2.21000004       4.65610743    
   2.22000003       4.66657639    
   2.23000002       4.67703772    
   2.24000001       4.68749619    
   2.25000000       4.69794989    
   2.25999999       4.70839739    
   2.26999998       4.71884060    
   2.27999997       4.72928190    
   2.28999996       4.73971939    
   2.29999995       4.75014544    
   2.30999994       4.76055908    
   2.31999993       4.77099371    
   2.32999992       4.78141642    
   2.33999991       4.79183006    
   2.34999990       4.80223560    
   2.35999990       4.81264639    
   2.36999989       4.82304335    
   2.37999988       4.83343935    
   2.38999987       4.84383392    
   2.39999986       4.85422230    
   2.40999985       4.86460686    
   2.41999984       4.87498522    
   2.42999983       4.88536215    
   2.44000006       4.89573574    
   2.45000005       4.90610743    
   2.46000004       4.91646767    
   2.47000003       4.92683077    
   2.48000002       4.93718672    
   2.49000001       4.94754076    
   2.50000000       4.95789385    
   2.50999999       4.96823835    
   2.51999998       4.97857761    
   2.52999997       4.98892069    
   2.53999996       4.99925852    
   2.54999995       5.00958681    
   2.55999994       5.01991701    
   2.56999993       5.03024244    
   2.57999992       5.04056215    
   2.58999991       5.05088329    
   2.59999990       5.06119871    
   2.60999990       5.07151079    
   2.61999989       5.08182144    
   2.62999988       5.09212923    
   2.63999987       5.10242653    
   2.64999986       5.11272717    
   2.65999985       5.12303019    
   2.66999984       5.13332319    
   2.67999983       5.14361382    
   2.69000006       5.15390396    
   2.70000005       5.16419411    
   2.71000004       5.17447424    
   2.72000003       5.18475437    
   2.73000002       5.19503069    
   2.74000001       5.20530939    
   2.75000000       5.21557999    
   2.75999999       5.22585154    
   2.76999998       5.23611832    
   2.77999997       5.24638319    
   2.78999996       5.25664616    
   2.79999995       5.26690531    
   2.80999994       5.27716446    
   2.81999993       5.28742075    
   2.82999992       5.29767513    
   2.83999991       5.30792475    
   2.84999990       5.31817198    
   2.85999990       5.32841969    
   2.86999989       5.33866405    
   2.87999988       5.34890175    
   2.88999987       5.35914469    
   2.89999986       5.36938238    
   2.90999985       5.37961960    
   2.91999984       5.38985109    
   2.92999983       5.40008640    
   2.93999982       5.41031551    
   2.95000005       5.42054272    
   2.96000004       5.43076897    
   2.97000003       5.44099331    
   2.98000002       5.45121336    
   2.99000001       5.46143818    
   3.00000000       5.47165203    
   3.00999999       5.48186970    
   3.01999998       5.49208450    
   3.02999997       5.50229740    
   3.03999996       5.51250744    
   3.04999995       5.52271652    
   3.05999994       5.53292227    
   3.06999993       5.54313135    
   3.07999992       5.55333090    
   3.08999991       5.56353521    
   3.09999990       5.57373381    
   3.10999990       5.58393717    
   3.11999989       5.59413195    
   3.12999988       5.60432863    
   3.13999987       5.61452293    
   3.14999986       5.62471676    
   3.15999985       5.63491106    
   3.16999984       5.64509487    
   3.17999983       5.65528440    
   3.18999982       5.66547298    
   3.19999981       5.67565203    
   3.21000004       5.68584108    
   3.22000003       5.69602013    
   3.23000002       5.70620108    
   3.24000001       5.71637726    
   3.25000000       5.72655535    
   3.25999999       5.73673296    
   3.26999998       5.74690533    
   3.27999997       5.75708342    
   3.28999996       5.76741123    
   3.29999995       5.77742624    
   3.30999994       5.78759384    
   3.31999993       5.79776144    
   3.32999992       5.80792856    
   3.33999991       5.81809330    
   3.34999990       5.82826138    
   3.35999990       5.83842421    
   3.36999989       5.84858847    
   3.37999988       5.85874605    
   3.38999987       5.86890411    
   3.39999986       5.87906265    
   3.40999985       5.88921881    
   3.41999984       5.89937687    
   3.42999983       5.90953159    
   3.43999982       5.91968250    
   3.44999981       5.92983913    
   3.46000004       5.93998814    
   3.47000003       5.95013618    
   3.48000002       5.96028852    
   3.49000001       5.97043419    
   3.50000000       5.98057699    
   3.50999999       5.99072456    
