   9.99999978E-03  0.158107460    
   1.99999996E-02  0.570794582    
   2.99999993E-02  0.882455409    
   3.99999991E-02   1.10575724    
   4.99999970E-02   1.27005625    
   5.99999987E-02   1.39584661    
   7.00000003E-02   1.49947095    
   7.99999982E-02   1.58412218    
   8.99999961E-02   1.65614092    
   9.99999940E-02   1.71881688    
  0.109999999       1.77387452    
  0.119999997       1.82373273    
  0.129999995       1.86865842    
  0.140000001       1.90979922    
  0.149999991       1.94716001    
  0.159999996       1.98220050    
  0.170000002       2.01528120    
  0.179999992       2.04621458    
  0.189999998       2.07557297    
  0.199999988       2.10364437    
  0.209999993       2.13018131    
  0.219999999       2.15574646    
  0.229999989       2.18080425    
  0.239999995       2.20406222    
  0.250000000       2.22713780    
  0.259999990       2.25006938    
  0.269999981       2.27135992    
  0.280000001       2.29171586    
  0.289999992       2.31264877    
  0.299999982       2.33349228    
  0.310000002       2.35312319    
  0.319999993       2.37159204    
  0.329999983       2.38947749    
  0.340000004       2.40806484    
  0.349999994       2.42699409    
  0.359999985       2.44541550    
  0.370000005       2.46305966    
  0.379999995       2.47986650    
  0.389999986       2.49593735    
  0.399999976       2.51164436    
  0.409999996       2.52802610    
  0.419999987       2.54475546    
  0.429999977       2.56145048    
  0.439999998       2.57792282    
  0.449999988       2.59405088    
  0.459999979       2.60975552    
  0.469999999       2.62498403    
  0.479999989       2.63972521    
  0.489999980       2.65399909    
  0.500000000       2.66792154    
  0.509999990       2.68211150    
  0.519999981       2.69661832    
  0.529999971       2.71126199    
  0.539999962       2.72594333    
  0.550000012       2.74060416    
  0.560000002       2.75519538    
  0.569999993       2.76968169    
  0.579999983       2.78404188    
  0.589999974       2.79824615    
  0.599999964       2.81227326    
  0.610000014       2.82611084    
  0.620000005       2.83973598    
  0.629999995       2.85314012    
  0.639999986       2.86631179    
  0.649999976       2.87924266    
  0.659999967       2.89193869    
  0.669999957       2.90445065    
  0.680000007       2.91707778    
  0.689999998       2.92982507    
  0.699999988       2.94264245    
  0.709999979       2.95549989    
  0.719999969       2.96838093    
  0.729999959       2.98126483    
  0.740000010       2.99414277    
  0.750000000       3.00700617    
  0.759999990       3.01985145    
  0.769999981       3.03266597    
  0.779999971       3.04545498    
  0.789999962       3.05820370    
  0.799999952       3.07091379    
  0.810000002       3.08358669    
  0.819999993       3.09621429    
  0.829999983       3.10879588    
  0.839999974       3.12132597    
  0.849999964       3.13380861    
  0.859999955       3.14623523    
  0.870000005       3.15860915    
  0.879999995       3.17085576    
  0.889999986       3.18318057    
  0.899999976       3.19537616    
  0.909999967       3.20750308    
  0.919999957       3.21954536    
  0.930000007       3.23156190    
  0.939999998       3.24348164    
  0.949999988       3.25533009    
  0.959999979       3.26710534    
  0.969999969       3.27879667    
  0.979999959       3.29040861    
  0.989999950       3.30193520    
   1.00000000       3.31337333    
   1.00999999       3.32478452    
   1.01999998       3.33622479    
   1.02999997       3.34768414    
   1.03999996       3.35915709    
   1.04999995       3.37063575    
   1.05999994       3.38211608    
   1.06999993       3.39359689    
   1.07999992       3.40507483    
   1.09000003       3.41654539    
   1.10000002       3.42801094    
   1.11000001       3.43946624    
   1.12000000       3.45091271    
   1.13000000       3.46234512    
   1.13999999       3.47377110    
   1.14999998       3.48518109    
   1.15999997       3.49658084    
   1.16999996       3.50796604    
   1.17999995       3.51933813    
   1.18999994       3.53070045    
   1.19999993       3.54204845    
   1.20999992       3.55338049    
   1.22000003       3.56470180    
   1.23000002       3.57601237    
   1.24000001       3.58730865    
   1.25000000       3.59859157    
   1.25999999       3.60986137    
   1.26999998       3.62112164    
   1.27999997       3.63236809    
   1.28999996       3.64360285    
   1.29999995       3.65482450    
   1.30999994       3.66603494    
   1.31999993       3.67723799    
   1.32999992       3.68842697    
   1.33999991       3.69960380    
   1.35000002       3.71077132    
   1.36000001       3.72192502    
   1.37000000       3.73306918    
   1.38000000       3.74420452    
   1.38999999       3.75532889    
   1.39999998       3.76644421    
   1.40999997       3.77754688    
   1.41999996       3.78863978    
   1.42999995       3.79972529    
   1.43999994       3.81079769    
   1.44999993       3.82183766    
   1.45999992       3.83291483    
   1.46999991       3.84395862    
   1.48000002       3.85499406    
   1.49000001       3.86601830    
   1.50000000       3.87703395    
   1.50999999       3.88804007    
   1.51999998       3.89903593    
   1.52999997       3.91002297    
   1.53999996       3.92100000    
   1.54999995       3.93196845    
   1.55999994       3.94292641    
   1.56999993       3.95387769    
   1.57999992       3.96481800    
   1.58999991       3.97574663    
   1.59999990       3.98666811    
   1.61000001       3.99758101    
   1.62000000       4.00848198    
   1.63000000       4.01937819    
   1.63999999       4.03025818    
   1.64999998       4.04113722    
   1.65999997       4.05199909    
   1.66999996       4.06285477    
   1.67999995       4.07370090    
   1.68999994       4.08453894    
   1.69999993       4.09536409    
   1.70999992       4.10618448    
   1.71999991       4.11698961    
   1.73000002       4.12778759    
   1.74000001       4.13857555    
   1.75000000       4.14935637    
   1.75999999       4.16012335    
   1.76999998       4.17088175    
   1.77999997       4.18163586    
   1.78999996       4.19237041    
   1.79999995       4.20309830    
   1.80999994       4.21381569    
   1.81999993       4.22452354    
   1.82999992       4.23522520    
   1.83999991       4.24590969    
   1.84999990       4.25658989    
   1.86000001       4.26725388    
   1.87000000       4.27791119    
   1.88000000       4.28854847    
   1.88999999       4.29919529    
   1.89999998       4.30981922    
   1.90999997       4.32043076    
   1.91999996       4.33103609    
   1.92999995       4.34162474    
   1.93999994       4.35220575    
   1.94999993       4.36277390    
   1.95999992       4.37333632    
   1.96999991       4.38387775    
   1.97999990       4.39441681    
   1.99000001       4.40494061    
   2.00000000       4.41545105    
   2.00999999       4.42595768    
   2.01999998       4.43646145    
   2.02999997       4.44696474    
   2.03999996       4.45746517    
   2.04999995       4.46796989    
   2.05999994       4.47846794    
   2.06999993       4.48896360    
   2.07999992       4.49946165    
   2.08999991       4.50995398    
   2.09999990       4.52044630    
   2.10999990       4.53093338    
   2.11999989       4.54142141    
   2.12999988       4.55190086    
   2.13999987       4.56237316    
   2.14999986       4.57284832    
   2.15999985       4.58332109    
   2.16999984       4.59378719    
   2.18000007       4.60424709    
   2.19000006       4.61470318    
   2.20000005       4.62515450    
   2.21000004       4.63560438    
   2.22000003       4.64604998    
   2.23000002       4.65648842    
   2.24000001       4.66692686    
   2.25000000       4.67735481    
   2.25999999       4.68778372    
   2.26999998       4.69820261    
   2.27999997       4.70862007    
   2.28999996       4.71903276    
   2.29999995       4.72944069    
   2.30999994       4.73984385    
   2.31999993       4.75024366    
   2.32999992       4.76063824    
   2.33999991       4.77103186    
   2.34999990       4.78141689    
   2.35999990       4.79180050    
   2.36999989       4.80217552    
   2.37999988       4.81255054    
   2.38999987       4.82292128    
   2.39999986       4.83328295    
   2.40999985       4.84364462    
   2.41999984       4.85400581    
   2.42999983       4.86435843    
   2.44000006       4.87470722    
   2.45000005       4.88505459    
   2.46000004       4.89539051    
   2.47000003       4.90573025    
   2.48000002       4.91606379    
   2.49000001       4.92639256    
   2.50000000       4.93671942    
   2.50999999       4.94704342    
   2.51999998       4.95736456    
   2.52999997       4.96768093    
   2.53999996       4.97799349    
   2.54999995       4.98829794    
   2.55999994       4.99860573    
   2.56999993       5.00891113    
   2.57999992       5.01920748    
   2.58999991       5.02950191    
   2.59999990       5.03979588    
   2.60999990       5.05008650    
   2.61999989       5.06037426    
   2.62999988       5.07065439    
   2.63999987       5.08093452    
   2.64999986       5.09120941    
   2.65999985       5.10148478    
   2.66999984       5.11175823    
   2.67999983       5.12202644    
   2.69000006       5.13229132    
   2.70000005       5.14255524    
   2.71000004       5.15281582    
   2.72000003       5.16307068    
   2.73000002       5.17332506    
   2.74000001       5.18357706    
   2.75000000       5.19383240    
   2.75999999       5.20407534    
   2.76999998       5.21432066    
   2.77999997       5.22456598    
   2.78999996       5.23480558    
   2.79999995       5.24504042    
   2.80999994       5.25527763    
   2.81999993       5.26551151    
   2.82999992       5.27574062    
   2.83999991       5.28596878    
   2.84999990       5.29619884    
   2.85999990       5.30641937    
   2.86999989       5.31663990    
   2.87999988       5.32685852    
   2.88999987       5.33707857    
   2.89999986       5.34729338    
   2.90999985       5.35750437    
   2.91999984       5.36771774    
   2.92999983       5.37792587    
   2.93999982       5.38813591    
   2.95000005       5.39833498    
   2.96000004       5.40854168    
   2.97000003       5.41874218    
   2.98000002       5.42894316    
   2.99000001       5.43914080    
   3.00000000       5.44933558    
   3.00999999       5.45952797    
   3.01999998       5.46972227    
   3.02999997       5.47991276    
   3.03999996       5.49009991    
   3.04999995       5.50028372    
   3.05999994       5.51047230    
   3.06999993       5.52065372    
   3.07999992       5.53083801    
   3.08999991       5.54101801    
   3.09999990       5.55119753    
   3.10999990       5.56136894    
   3.11999989       5.57155275    
   3.12999988       5.58172321    
   3.13999987       5.59189320    
   3.14999986       5.60206270    
   3.15999985       5.61223364    
   3.16999984       5.62240076    
   3.17999983       5.63256979    
   3.18999982       5.64273167    
   3.19999981       5.65289593    
   3.21000004       5.66305876    
   3.22000003       5.67321730    
   3.23000002       5.68337297    
   3.24000001       5.69353151    
   3.25000000       5.70369053    
   3.25999999       5.71384144    
   3.26999998       5.72399712    
   3.27999997       5.73414803    
   3.28999996       5.74429655    
   3.29999995       5.75444460    
   3.30999994       5.76459503    
   3.31999993       5.77473736    
   3.32999992       5.78488779    
   3.33999991       5.79503107    
   3.34999990       5.80517292    
   3.35999990       5.81531620    
   3.36999989       5.82545328    
   3.37999988       5.83559370    
   3.38999987       5.84573030    
   3.39999986       5.85586786    
   3.40999985       5.86599922    
   3.41999984       5.87613678    
   3.42999983       5.88627148    
   3.43999982       5.89639854    
   3.44999981       5.90653038    
   3.46000004       5.91666222    
   3.47000003       5.92679071    
   3.48000002       5.93691826    
   3.49000001       5.94704056    
   3.50000000       5.95717096    
   3.50999999       5.96729422    
