   9.99999978E-03   8.43715370E-02
   1.99999996E-02  0.416540116    
   2.99999993E-02  0.715135515    
   3.99999991E-02  0.944253564    
   4.99999970E-02   1.11927569    
   5.99999987E-02   1.25639391    
   7.00000003E-02   1.37005651    
   7.99999982E-02   1.46380782    
   8.99999961E-02   1.54366374    
   9.99999940E-02   1.61338341    
  0.109999999       1.67451549    
  0.119999997       1.72995281    
  0.129999995       1.77979648    
  0.140000001       1.82522261    
  0.149999991       1.86635792    
  0.159999996       1.90489221    
  0.170000002       1.94124377    
  0.179999992       1.97492933    
  0.189999998       2.00698185    
  0.199999988       2.03744292    
  0.209999993       2.06618142    
  0.219999999       2.09385419    
  0.229999989       2.12081957    
  0.239999995       2.14574599    
  0.250000000       2.17059231    
  0.259999990       2.19516134    
  0.269999981       2.21774507    
  0.280000001       2.23933411    
  0.289999992       2.26172996    
  0.299999982       2.28394151    
  0.310000002       2.30465651    
  0.319999993       2.32399797    
  0.329999983       2.34271693    
  0.340000004       2.36237288    
  0.349999994       2.38241649    
  0.359999985       2.40184522    
  0.370000005       2.42033172    
  0.379999995       2.43780518    
  0.389999986       2.45440459    
  0.399999976       2.47060442    
  0.409999996       2.48766255    
  0.419999987       2.50514793    
  0.429999977       2.52260542    
  0.439999998       2.53981256    
  0.449999988       2.55661750    
  0.459999979       2.57291818    
  0.469999999       2.58865619    
  0.479999989       2.60380006    
  0.489999980       2.61838555    
  0.500000000       2.63255382    
  0.509999990       2.64704728    
  0.519999981       2.66192722    
  0.529999971       2.67698264    
  0.539999962       2.69209933    
  0.550000012       2.70720696    
  0.560000002       2.72224927    
  0.569999993       2.73718834    
  0.579999983       2.75198174    
  0.589999974       2.76660728    
  0.599999964       2.78102851    
  0.610000014       2.79523087    
  0.620000005       2.80918312    
  0.629999995       2.82287335    
  0.639999986       2.83628607    
  0.649999976       2.84941411    
  0.659999967       2.86225128    
  0.669999957       2.87486482    
  0.680000007       2.88761044    
  0.689999998       2.90049076    
  0.699999988       2.91345668    
  0.709999979       2.92647791    
  0.719999969       2.93952870    
  0.729999959       2.95259690    
  0.740000010       2.96566701    
  0.750000000       2.97872639    
  0.759999990       2.99177313    
  0.769999981       3.00479555    
  0.779999971       3.01779127    
  0.789999962       3.03075409    
  0.799999952       3.04367590    
  0.810000002       3.05656171    
  0.819999993       3.06940269    
  0.829999983       3.08219242    
  0.839999974       3.09493494    
  0.849999964       3.10761881    
  0.859999955       3.12024808    
  0.870000005       3.13281703    
  0.879999995       3.14532042    
  0.889999986       3.15775895    
  0.899999976       3.17012715    
  0.909999967       3.18242240    
  0.919999957       3.19464231    
  0.930000007       3.20678115    
  0.939999998       3.21883726    
  0.949999988       3.23080778    
  0.959999979       3.24268436    
  0.969999969       3.25447011    
  0.979999959       3.26615691    
  0.989999950       3.27774358    
   1.00000000       3.28922319    
   1.00999999       3.30066252    
   1.01999998       3.31212974    
   1.02999997       3.32361031    
   1.03999996       3.33510804    
   1.04999995       3.34661198    
   1.05999994       3.35812092    
   1.06999993       3.36962843    
   1.07999992       3.38113856    
   1.09000003       3.39264178    
   1.10000002       3.40413594    
   1.11000001       3.41562819    
   1.12000000       3.42710757    
   1.13000000       3.43858075    
   1.13999999       3.45003748    
   1.14999998       3.46148825    
   1.15999997       3.47292876    
   1.16999996       3.48435593    
   1.17999995       3.49577141    
   1.18999994       3.50718355    
   1.19999993       3.51856709    
   1.20999992       3.52994847    
   1.22000003       3.54131818    
   1.23000002       3.55267167    
   1.24000001       3.56401658    
   1.25000000       3.57534981    
   1.25999999       3.58667111    
   1.26999998       3.59798050    
   1.27999997       3.60927939    
   1.28999996       3.62056541    
   1.29999995       3.63183928    
   1.30999994       3.64310479    
   1.31999993       3.65435886    
   1.32999992       3.66559982    
   1.33999991       3.67683363    
   1.35000002       3.68805456    
   1.36000001       3.69926453    
   1.37000000       3.71046472    
   1.38000000       3.72165537    
   1.38999999       3.73283625    
   1.39999998       3.74400473    
   1.40999997       3.75516558    
   1.41999996       3.76631379    
   1.42999995       3.77745533    
   1.43999994       3.78858304    
   1.44999993       3.79970264    
   1.45999992       3.81081581    
   1.46999991       3.82191348    
   1.48000002       3.83300257    
   1.49000001       3.84408450    
   1.50000000       3.85515499    
   1.50999999       3.86621523    
   1.51999998       3.87726760    
   1.52999997       3.88830829    
   1.53999996       3.89933968    
   1.54999995       3.91036057    
   1.55999994       3.92137551    
   1.56999993       3.93237734    
   1.57999992       3.94337058    
   1.58999991       3.95435166    
   1.59999990       3.96532750    
   1.61000001       3.97628975    
   1.62000000       3.98724198    
   1.63000000       3.99818587    
   1.63999999       4.00911808    
   1.64999998       4.02004004    
   1.65999997       4.03095675    
   1.66999996       4.04185343    
   1.67999995       4.05275154    
   1.68999994       4.06362867    
   1.69999993       4.07450104    
   1.70999992       4.08536291    
   1.71999991       4.09621096    
   1.73000002       4.10705137    
   1.74000001       4.11788321    
   1.75000000       4.12869930    
   1.75999999       4.13950443    
   1.76999998       4.15030432    
   1.77999997       4.16108894    
   1.78999996       4.17186451    
   1.79999995       4.18262482    
   1.80999994       4.19337702    
   1.81999993       4.20411539    
   1.82999992       4.21484327    
   1.83999991       4.22555971    
   1.84999990       4.23626280    
   1.86000001       4.24695826    
   1.87000000       4.25763655    
   1.88000000       4.26830006    
   1.88999999       4.27896500    
   1.89999998       4.28960752    
   1.90999997       4.30023956    
   1.91999996       4.31086063    
   1.92999995       4.32146311    
   1.93999994       4.33205652    
   1.94999993       4.34264183    
   1.95999992       4.35320854    
   1.96999991       4.36376047    
   1.97999990       4.37430286    
   1.99000001       4.38482809    
   2.00000000       4.39534569    
   2.00999999       4.40585232    
   2.01999998       4.41634893    
   2.02999997       4.42684555    
   2.03999996       4.43733740    
   2.04999995       4.44782925    
   2.05999994       4.45831680    
   2.06999993       4.46880198    
   2.07999992       4.47928238    
   2.08999991       4.48975658    
   2.09999990       4.50023460    
   2.10999990       4.51070642    
   2.11999989       4.52116585    
   2.12999988       4.53163338    
   2.13999987       4.54209185    
   2.14999986       4.55254364    
   2.15999985       4.56299925    
   2.16999984       4.57344103    
   2.18000007       4.58388138    
   2.19000006       4.59431744    
   2.20000005       4.60475016    
   2.21000004       4.61517477    
   2.22000003       4.62559700    
   2.23000002       4.63601446    
   2.24000001       4.64643097    
   2.25000000       4.65683889    
   2.25999999       4.66724205    
   2.26999998       4.67764568    
   2.27999997       4.68803740    
   2.28999996       4.69842577    
   2.29999995       4.70881224    
   2.30999994       4.71919584    
   2.31999993       4.72957230    
   2.32999992       4.73994541    
   2.33999991       4.75031090    
   2.34999990       4.76067352    
   2.35999990       4.77103329    
   2.36999989       4.78139257    
   2.37999988       4.79173994    
   2.38999987       4.80208683    
   2.39999986       4.81242657    
   2.40999985       4.82276011    
   2.41999984       4.83310270    
   2.42999983       4.84342957    
   2.44000006       4.85375738    
   2.45000005       4.86407852    
   2.46000004       4.87439442    
   2.47000003       4.88470745    
   2.48000002       4.89502192    
   2.49000001       4.90532970    
   2.50000000       4.91563082    
   2.50999999       4.92593098    
   2.51999998       4.93622732    
   2.52999997       4.94652128    
   2.53999996       4.95681000    
   2.54999995       4.96709681    
   2.55999994       4.97737551    
   2.56999993       4.98765755    
   2.57999992       4.99793291    
   2.58999991       5.00820255    
   2.59999990       5.01847410    
   2.60999990       5.02874136    
   2.61999989       5.03900623    
   2.62999988       5.04926300    
   2.63999987       5.05952024    
   2.64999986       5.06977749    
   2.65999985       5.08002472    
   2.66999984       5.09027338    
   2.67999983       5.10051966    
   2.69000006       5.11076307    
   2.70000005       5.12100267    
   2.71000004       5.13124084    
   2.72000003       5.14147520    
   2.73000002       5.15170622    
   2.74000001       5.16193676    
   2.75000000       5.17216539    
   2.75999999       5.18238926    
   2.76999998       5.19260931    
   2.77999997       5.20282984    
   2.78999996       5.21304989    
   2.79999995       5.22326231    
   2.80999994       5.23347378    
   2.81999993       5.24368620    
   2.82999992       5.25389433    
   2.83999991       5.26409674    
   2.84999990       5.27430201    
   2.85999990       5.28450251    
   2.86999989       5.29470015    
   2.87999988       5.30489683    
   2.88999987       5.31509161    
   2.89999986       5.32528591    
   2.90999985       5.33547497    
   2.91999984       5.34565258    
   2.92999983       5.35585308    
   2.93999982       5.36603594    
   2.95000005       5.37621880    
   2.96000004       5.38640118    
   2.97000003       5.39658070    
   2.98000002       5.40675879    
   2.99000001       5.41693354    
   3.00000000       5.42710400    
   3.00999999       5.43727827    
   3.01999998       5.44745064    
   3.02999997       5.45761681    
   3.03999996       5.46778107    
   3.04999995       5.47794819    
   3.05999994       5.48810911    
   3.06999993       5.49827051    
   3.07999992       5.50842810    
   3.08999991       5.51859045    
   3.09999990       5.52874231    
   3.10999990       5.53889751    
   3.11999989       5.54905367    
   3.12999988       5.55920458    
   3.13999987       5.56935406    
   3.14999986       5.57950068    
   3.15999985       5.58965158    
   3.16999984       5.59979534    
   3.17999983       5.60994244    
   3.18999982       5.62007904    
   3.19999981       5.63022041    
   3.21000004       5.64035940    
   3.22000003       5.65049505    
   3.23000002       5.66063499    
   3.24000001       5.67077208    
   3.25000000       5.68090582    
   3.25999999       5.69103384    
   3.26999998       5.70116901    
   3.27999997       5.71129847    
   3.28999996       5.72142839    
   3.29999995       5.73159552    
   3.30999994       5.74168491    
   3.31999993       5.75180626    
   3.32999992       5.76193237    
   3.33999991       5.77204943    
   3.34999990       5.78217173    
   3.35999990       5.79229307    
   3.36999989       5.80240965    
   3.37999988       5.81253004    
   3.38999987       5.82264376    
   3.39999986       5.83275795    
   3.40999985       5.84286928    
   3.41999984       5.85298395    
   3.42999983       5.86309385    
   3.43999982       5.87320852    
   3.44999981       5.88331461    
   3.46000004       5.89342260    
   3.47000003       5.90353012    
   3.48000002       5.91363716    
   3.49000001       5.92373848    
   3.50000000       5.93384123    
   3.50999999       5.94394445    
